#c 0 1 0 1 0 1 0 1 0 1 0 1 0 1 0 1 0 1 0 1 0 1 0 1 0 1 0 1 0 1 0
2 2 3 5 12 22
13 14 1 7 9 11 13 15 17 19 21 23 25 27 29 0 2 4 6 8 10 14 16 18 20 24 26 28 30
#c 0 1 0 0 0 0 0 1 0 1 0 1 1 1 0 1 0 1 0 1 0 1 1 1 0 1 0 1 0 1 0
#c 0 1 0 0 0 0 0 1 0 1 0 1 1 1 0 1 0 1 0 1 0 1 1 1 0 1 0 1 0 1 0
#c 0 1 0 0 0 0 0 1 0 1 0 1 1 1 0 1 0 1 0 1 0 1 1 1 0 1 0 1 0 1 0
#c 0 1 0 0 0 0 0 1 0 1 0 1 1 1 0 1 0 1 0 1 0 1 1 1 0 1 0 1 0 1 0
#c 0 1 0 0 0 0 0 1 0 1 0 1 1 1 0 1 0 1 0 1 0 1 1 1 0 1 0 1 0 1 0
8 8 3 0 2 18 20 14 5 4 19 25 13 7 12 1 27 9
8 7 6 8 10 16 24 26 28 30 11 15 17 21 23 29 22
#c 0 1 0 0 0 0 0 1 0 1 0 1 1 1 0 1 0 1 0 1 0 1 1 1 0 1 0 1 0 1 0
#c 0 1 0 0 0 0 0 1 0 1 0 1 1 1 0 1 0 1 0 1 0 1 1 1 0 1 0 1 0 1 0
#c 0 1 0 0 0 0 0 1 0 1 0 1 1 1 0 1 0 1 0 1 0 1 1 1 0 1 0 1 0 1 0
6 5 21 19 15 23 22 9 20 6 4 14 5
9 11 1 7 11 13 17 25 27 29 12 0 2 8 10 16 18 24 26 28 30 3
#c 0 1 0 0 1 1 1 1 0 0 0 1 1 1 1 0 0 1 0 0 1 0 0 0 0 1 0 1 0 1 0
#c 0 1 0 0 1 1 1 1 0 0 0 1 1 1 1 0 0 1 0 0 1 0 0 0 0 1 0 1 0 1 0
#c 0 1 0 0 1 1 1 1 0 0 0 1 1 1 1 0 0 1 0 0 1 0 0 0 0 1 0 1 0 1 0
#c 0 1 0 0 1 1 1 1 0 0 0 1 1 1 1 0 0 1 0 0 1 0 0 0 0 1 0 1 0 1 0
#c 0 1 0 0 1 1 1 1 0 0 0 1 1 1 1 0 0 1 0 0 1 0 0 0 0 1 0 1 0 1 0
8 8 23 22 0 24 2 26 18 30 6 7 25 17 29 27 20 14
9 6 8 10 16 28 3 21 19 15 9 1 11 13 12 4 5
#c 0 1 0 0 1 1 1 1 0 0 0 1 1 1 1 0 0 1 0 0 1 0 0 0 0 1 0 1 0 1 0
4 4 27 1 12 11 10 16 30 22
10 13 7 13 17 25 29 20 6 4 14 5 0 2 8 18 24 26 28 3 21 19 15 23 9
#c 0 1 0 0 1 1 1 1 0 0 0 1 1 1 1 0 0 1 0 0 1 0 0 0 0 1 0 1 0 1 0
1 3 16 29 6 14
16 11 0 2 8 10 18 24 26 28 30 3 21 19 15 23 22 9 1 7 11 13 17 25 27 12 20 4 5
#c 0 1 0 0 1 1 1 1 0 0 0 1 1 1 1 0 0 1 0 0 1 0 0 0 0 1 0 1 0 1 0
#c 0 1 0 0 1 1 1 1 0 0 0 1 1 1 1 0 0 1 0 0 1 0 0 0 0 1 0 1 0 1 0
#c 0 1 0 0 1 1 1 1 0 0 0 1 1 1 1 0 0 1 0 0 1 0 0 0 0 1 0 1 0 1 0
#c 0 1 0 0 1 1 1 1 0 0 0 1 1 1 1 0 0 1 0 0 1 0 0 0 0 1 0 1 0 1 0
#c 0 1 0 0 1 1 1 1 0 0 0 1 1 1 1 0 0 1 0 0 1 0 0 0 0 1 0 1 0 1 0
#c 0 1 0 0 1 1 1 1 0 0 0 1 1 1 1 0 0 1 0 0 1 0 0 0 0 1 0 1 0 1 0
5 5 3 2 24 23 8 4 1 13 20 7
12 9 0 10 16 18 26 28 30 21 19 15 22 9 11 17 25 27 29 12 6 14 5
#c 0 1 0 0 1 1 1 1 0 0 0 1 1 1 1 0 0 1 0 0 1 0 0 0 0 1 0 1 0 1 0
#c 0 1 0 0 1 1 1 1 0 0 0 1 1 1 1 0 0 1 0 0 1 0 0 0 0 1 0 1 0 1 0
5 5 30 16 23 9 10 13 5 29 11 6
12 9 0 2 8 18 24 26 28 3 21 19 15 22 1 7 17 25 27 12 20 4 14
#c 0 1 0 0 1 1 1 1 0 0 0 1 1 1 1 0 0 1 0 0 1 0 0 0 0 1 0 1 0 1 0
#c 0 1 0 0 1 1 1 1 0 0 0 1 1 1 1 0 0 1 0 0 1 0 0 0 0 1 0 1 0 1 0
#c 0 1 0 0 1 1 1 1 0 0 0 1 1 1 1 0 0 1 0 0 1 0 0 0 0 1 0 1 0 1 0
#c 0 1 0 0 1 1 1 1 0 0 0 1 1 1 1 0 0 1 0 0 1 0 0 0 0 1 0 1 0 1 0
3 3 30 9 2 17 11 25
14 11 0 8 10 16 18 24 26 28 3 21 19 15 23 22 1 7 13 27 29 12 20 6 4 14 5
#c 0 1 0 0 1 1 1 1 0 0 0 1 1 1 1 0 0 1 0 0 1 0 0 0 0 1 0 1 0 1 0
6 6 5 27 29 13 11 20 16 10 9 22 0 8
8 11 1 7 17 25 12 6 4 14 2 18 24 26 28 30 3 21 19 15 23
#c 0 1 0 0 1 1 1 1 0 0 0 1 1 1 1 0 0 1 0 0 1 0 0 0 0 1 0 1 0 1 0
5 5 18 2 23 30 22 14 13 6 25 20
12 9 0 8 10 16 24 26 28 3 21 19 15 9 1 7 11 17 27 29 12 4 5
#c 0 1 0 0 1 1 1 1 0 0 0 1 1 1 1 0 0 1 0 0 1 0 0 0 0 1 0 1 0 1 0
1 3 14 28 2 30
13 14 1 7 11 13 17 25 27 29 12 20 6 4 5 0 8 10 16 18 24 26 3 21 19 15 23 22 9
#c 0 1 1 0 1 1 1 1 0 0 0 1 1 1 0 0 0 1 0 0 1 0 0 0 0 1 0 1 1 1 1
7 7 18 21 9 14 15 19 23 27 4 6 2 1 29 30
8 9 0 8 10 16 24 26 3 22 7 11 13 17 25 12 20 5 28
#c 0 1 1 0 1 1 1 1 0 0 0 1 1 1 0 0 0 1 0 0 1 0 0 0 0 1 0 1 1 1 1
#c 0 1 1 0 1 1 1 1 0 0 0 1 1 1 0 0 0 1 0 0 1 0 0 0 0 1 0 1 1 1 1
#c 0 1 1 0 1 1 1 1 0 0 0 1 1 1 0 0 0 1 0 0 1 0 0 0 0 1 0 1 1 1 1
#c 0 1 1 0 1 1 1 1 0 0 0 1 1 1 0 0 0 1 0 0 1 0 0 0 0 1 0 1 1 1 1
4 4 8 19 26 23 17 5 11 29
11 12 0 10 16 18 24 3 21 15 22 9 14 1 7 13 25 27 12 20 6 4 28 2 30
#c 0 1 1 0 1 1 1 1 0 0 0 1 1 1 0 0 0 1 0 0 1 0 0 0 0 1 0 1 1 1 1
#c 0 1 1 0 1 1 1 1 0 0 0 1 1 1 0 0 0 1 0 0 1 0 0 0 0 1 0 1 1 1 1
#c 0 1 1 0 1 1 1 1 0 0 0 1 1 1 0 0 0 1 0 0 1 0 0 0 0 1 0 1 1 1 1
4 4 11 7 6 12 16 21 9 15
12 11 1 13 17 25 27 29 20 4 5 28 2 30 0 8 10 18 24 26 3 19 23 22 14
#c 0 1 1 0 1 1 1 1 0 0 0 1 1 1 0 0 0 1 0 0 1 0 0 0 0 1 0 1 1 1 1
#c 0 1 1 0 1 1 1 1 0 0 0 1 1 1 0 0 0 1 0 0 1 0 0 0 0 1 0 1 1 1 1
#c 0 1 1 0 1 1 1 1 0 0 0 1 1 1 0 0 0 1 0 0 1 0 0 0 0 1 0 1 1 1 1
#c 0 1 1 0 1 1 1 1 0 0 0 1 1 1 0 0 0 1 0 0 1 0 0 0 0 1 0 1 1 1 1
7 7 28 17 5 7 4 30 29 16 18 21 0 3 24 26
9 8 1 11 13 25 27 12 20 6 2 8 10 19 15 23 22 9 14
#c 0 1 1 0 1 1 1 1 0 0 0 1 1 1 0 0 0 1 0 0 1 0 0 0 0 1 0 1 1 1 1
#c 0 1 1 0 1 1 1 1 0 0 0 1 1 1 0 0 0 1 0 0 1 0 0 0 0 1 0 1 1 1 1
5 7 12 11 13 4 2 14 26 3 10 16 21 15
11 8 1 7 17 25 27 29 20 6 5 28 30 0 8 18 24 19 23 22 9
#c 0 1 1 0 1 1 1 1 0 0 0 1 1 1 0 0 0 1 0 0 1 0 0 0 0 1 0 1 1 1 1
#c 0 1 1 0 1 1 1 1 0 0 0 1 1 1 0 0 0 1 0 0 1 0 0 0 0 1 0 1 1 1 1
1 1 30 26
15 14 1 7 11 13 17 25 27 29 12 20 6 4 5 28 2 0 8 10 16 18 24 3 21 19 15 23 22 9 14
#c 0 1 1 0 1 1 1 1 0 0 0 1 1 1 0 0 0 1 0 0 1 0 0 0 0 1 0 1 1 1 1
7 7 26 16 10 14 0 18 21 27 2 20 1 13 28 30
8 9 8 24 3 19 15 23 22 9 7 11 17 25 29 12 6 4 5
#c 0 1 1 0 1 1 1 1 0 0 0 1 1 1 0 0 0 1 0 0 1 0 0 0 0 1 0 1 1 1 1
#c 0 1 1 0 1 1 1 1 0 0 0 1 1 1 0 0 0 1 0 0 1 0 0 0 0 1 0 1 1 1 1
#c 0 1 1 0 1 1 1 1 0 0 0 1 1 1 0 0 0 1 0 0 1 0 0 0 0 1 0 1 1 1 1
#c 0 1 1 0 1 1 1 1 0 0 0 1 1 1 0 0 0 1 0 0 1 0 0 0 0 1 0 1 1 1 1
#c 0 1 1 0 1 1 1 1 0 0 0 1 1 1 0 0 0 1 0 0 1 0 0 0 0 1 0 1 1 1 1
#c 0 1 1 0 1 1 1 1 0 0 0 1 1 1 0 0 0 1 0 0 1 0 0 0 0 1 0 1 1 1 1
#c 0 1 1 0 1 1 1 1 0 0 0 1 1 1 0 0 0 1 0 0 1 0 0 0 0 1 0 1 1 1 1
#c 0 1 1 0 1 1 1 1 0 0 0 1 1 1 0 0 0 1 0 0 1 0 0 0 0 1 0 1 1 1 1
#c 0 1 1 0 1 1 1 1 0 0 0 1 1 1 0 0 0 1 0 0 1 0 0 0 0 1 0 1 1 1 1
#c 0 1 1 0 1 1 1 1 0 0 0 1 1 1 0 0 0 1 0 0 1 0 0 0 0 1 0 1 1 1 1
5 5 16 0 15 24 3 7 12 13 28 2
10 11 8 10 18 26 21 19 23 22 9 14 1 11 17 25 27 29 20 6 4 5 30
#c 0 1 1 0 1 1 1 1 0 0 0 1 1 1 0 0 0 1 0 0 1 0 0 0 0 1 0 1 1 1 1
7 7 29 11 5 20 28 2 7 15 10 16 3 18 8 9
9 8 1 13 17 25 27 12 6 4 30 0 24 26 21 19 23 22 14
#c 0 1 0 1 1 0 1 0 1 1 1 0 1 1 0 1 1 1 1 0 0 0 0 0 0 1 0 1 0 0 1
#c 0 1 0 1 1 0 1 0 1 1 1 0 1 1 0 1 1 1 1 0 0 0 0 0 0 1 0 1 0 0 1
#c 0 1 0 1 1 0 1 0 1 1 1 0 1 1 0 1 1 1 1 0 0 0 0 0 0 1 0 1 0 0 1
4 6 20 24 0 5 16 27 9 30 15 18
11 10 26 21 19 23 22 14 29 11 28 2 7 1 13 17 25 12 6 4 10 3 8
#c 0 1 0 1 1 0 1 0 1 1 1 0 1 1 0 1 1 1 1 0 0 0 0 0 0 1 0 1 0 0 1
6 6 4 16 27 10 25 12 26 28 7 24 22 21
10 9 1 13 17 6 30 15 3 18 8 9 0 19 23 14 29 11 5 20 2
#c 0 1 0 1 1 0 1 0 1 1 1 0 1 1 0 1 1 1 1 0 0 0 0 0 0 1 0 1 0 0 1
6 6 26 11 24 0 20 2 10 27 25 30 15 4
9 10 21 19 23 22 14 29 5 28 7 1 13 17 12 6 16 3 18 8 9
#c 0 1 0 1 1 0 1 0 1 1 1 0 1 1 0 1 1 1 1 0 0 0 0 0 0 1 0 1 0 0 1
#c 0 1 0 1 1 0 1 0 1 1 1 0 1 1 0 1 1 1 1 0 0 0 0 0 0 1 0 1 0 0 1
#c 0 1 0 1 1 0 1 0 1 1 1 0 1 1 0 1 1 1 1 0 0 0 0 0 0 1 0 1 0 0 1
#c 0 1 0 1 1 0 1 0 1 1 1 0 1 1 0 1 1 1 1 0 0 0 0 0 0 1 0 1 0 0 1
6 5 29 26 21 19 2 23 18 9 16 15 17
9 11 0 24 22 14 11 5 20 28 7 1 13 25 27 12 6 4 30 10 3 8
#c 0 1 0 1 1 0 1 0 1 1 1 0 1 1 0 1 1 1 1 0 0 0 0 0 0 1 0 1 0 0 1
8 8 9 15 12 4 6 16 8 30 29 22 20 21 0 26 19 24
8 7 1 13 17 25 27 10 3 18 23 14 11 5 28 2 7
#c 0 1 0 1 1 0 1 0 1 1 1 0 1 1 0 1 1 1 1 0 0 0 0 0 0 1 0 1 0 0 1
#c 0 1 0 1 1 0 1 0 1 1 1 0 1 1 0 1 1 1 1 0 0 0 0 0 0 1 0 1 0 0 1
7 7 9 1 17 13 15 25 27 0 5 7 28 21 14 19
9 8 12 6 4 30 10 16 3 18 8 24 26 23 22 29 11 20 2
#c 0 1 0 1 1 0 1 0 1 1 1 0 1 1 0 1 1 1 1 0 0 0 0 0 0 1 0 1 0 0 1
5 5 24 29 20 14 28 1 15 18 30 17
10 11 0 26 21 19 23 22 11 5 2 7 13 25 27 12 6 4 10 16 3 8 9
#c 0 1 0 1 1 0 1 0 1 1 1 0 1 1 0 1 1 1 1 0 0 0 0 0 0 1 0 1 0 0 1
1 1 17 11
15 14 1 13 25 27 12 6 4 30 15 10 16 3 18 8 9 0 24 26 21 19 23 22 14 29 5 20 28 2 7
#c 0 1 0 1 1 0 1 0 1 1 1 0 1 1 0 1 1 1 1 0 0 0 0 0 0 1 0 1 0 0 1
#c 0 1 0 1 1 0 1 0 1 1 1 0 1 1 0 1 1 1 1 0 0 0 0 0 0 1 0 1 0 0 1
#c 0 1 0 1 1 0 1 0 1 1 1 0 1 1 0 1 1 1 1 0 0 0 0 0 0 1 0 1 0 0 1
#c 0 1 0 1 1 0 1 0 1 1 1 0 1 1 0 1 1 1 1 0 0 0 0 0 0 1 0 1 0 0 1
#c 0 1 0 1 1 0 1 0 1 1 1 0 1 1 0 1 1 1 1 0 0 0 0 0 0 1 0 1 0 0 1
#c 0 1 0 1 1 0 1 0 1 1 1 0 1 1 0 1 1 1 1 0 0 0 0 0 0 1 0 1 0 0 1
#c 0 1 0 1 1 0 1 0 1 1 1 0 1 1 0 1 1 1 1 0 0 0 0 0 0 1 0 1 0 0 1
#c 0 1 0 1 1 0 1 0 1 1 1 0 1 1 0 1 1 1 1 0 0 0 0 0 0 1 0 1 0 0 1
1 1 25 0
15 14 1 13 17 27 12 6 4 30 15 10 16 3 18 8 9 24 26 21 19 23 22 14 29 11 5 20 28 2 7
#c 0 1 0 1 1 0 1 0 1 1 1 0 1 1 0 1 1 1 1 0 0 0 0 0 0 1 0 1 0 0 1
7 8 0 29 19 28 14 21 22 16 30 1 15 3 4 10 25
8 8 24 26 23 11 5 20 2 7 13 17 27 12 6 18 8 9
#c 0 1 0 1 1 0 1 0 1 1 1 0 1 1 0 1 1 1 1 0 0 0 0 0 0 1 0 1 0 0 1
7 7 12 25 13 3 16 27 30 26 2 19 21 0 29 28
9 8 1 17 6 4 15 10 18 8 9 24 23 22 14 11 5 20 7
#c 0 1 0 1 1 0 1 0 1 1 1 0 1 1 0 1 1 1 1 0 0 0 0 0 0 1 0 1 0 0 1
1 1 29 4
14 15 0 24 26 21 19 23 22 14 11 5 20 28 2 7 1 13 17 25 27 12 6 30 15 10 16 3 18 8 9
#c 0 1 0 1 1 0 1 0 1 1 1 0 1 1 0 1 1 1 1 0 0 0 0 0 0 1 0 1 0 0 1
1 1 27 0
15 14 1 13 17 25 12 6 4 30 15 10 16 3 18 8 9 24 26 21 19 23 22 14 29 11 5 20 28 2 7
#c 0 1 0 1 1 0 1 0 1 1 1 0 1 1 0 1 1 1 1 0 0 0 0 0 0 1 0 1 0 0 1
2 2 19 21 4 15
13 14 0 24 26 23 22 14 29 11 5 20 28 2 7 1 13 17 25 27 12 6 30 10 16 3 18 8 9
#c 0 1 0 1 1 0 1 0 1 1 1 0 1 1 0 1 1 1 1 0 0 0 0 0 0 1 0 1 0 0 1
3 3 25 1 27 24 7 19
13 12 13 17 12 6 4 30 15 10 16 3 18 8 9 0 26 21 23 22 14 29 11 5 20 28 2
#c 0 1 0 1 1 0 1 0 1 1 1 0 1 1 0 1 1 1 1 0 0 0 0 0 0 1 0 1 0 0 1
#c 0 1 0 1 1 0 1 0 1 1 1 0 1 1 0 1 1 1 1 0 0 0 0 0 0 1 0 1 0 0 1
7 7 6 27 18 4 12 9 13 19 21 26 20 22 2 0
9 8 1 17 25 30 15 10 16 3 8 24 23 14 29 11 5 28 7
#c 0 1 0 1 1 0 1 0 1 1 1 0 1 1 0 1 1 1 1 0 0 0 0 0 0 1 0 1 0 0 1
#c 0 1 0 1 1 0 1 0 1 1 1 0 1 1 0 1 1 1 1 0 0 0 0 0 0 1 0 1 0 0 1
3 3 6 4 3 11 0 24
13 12 1 13 17 25 27 12 30 15 10 16 18 8 9 26 21 19 23 22 14 29 5 20 28 2 7
#c 0 1 0 1 1 0 1 0 1 1 1 0 1 1 0 1 1 1 1 0 0 0 0 0 0 1 0 1 0 0 1
7 7 24 20 11 26 19 28 5 10 12 8 17 30 18 15
8 9 0 21 23 22 14 29 2 7 1 13 25 27 6 4 16 3 9
#c 0 1 0 1 1 0 1 0 1 1 1 0 1 1 0 1 1 1 1 0 0 0 0 0 0 1 0 1 0 0 1
#c 0 1 0 1 1 0 1 0 1 1 1 0 1 1 0 1 1 1 1 0 0 0 0 0 0 1 0 1 0 0 1
2 2 20 5 27 30
13 14 0 24 26 21 19 23 22 14 29 11 28 2 7 1 13 17 25 12 6 4 15 10 16 3 18 8 9
#c 0 1 0 1 1 0 1 0 1 1 1 0 1 1 0 1 1 1 1 0 0 0 0 0 0 1 0 1 0 0 1
3 3 12 30 15 2 26 5
13 12 1 13 17 25 27 6 4 10 16 3 18 8 9 0 24 21 19 23 22 14 29 11 20 28 7
#c 0 1 0 1 1 0 1 0 1 1 1 0 1 1 0 1 1 1 1 0 0 0 0 0 0 1 0 1 0 0 1
#c 0 1 0 1 1 0 1 0 1 1 1 0 1 1 0 1 1 1 1 0 0 0 0 0 0 1 0 1 0 0 1
#c 0 1 0 1 1 0 1 0 1 1 1 0 1 1 0 1 1 1 1 0 0 0 0 0 0 1 0 1 0 0 1
#c 0 1 0 1 1 0 1 0 1 1 1 0 1 1 0 1 1 1 1 0 0 0 0 0 0 1 0 1 0 0 1
3 2 6 17 25 21 2
13 13 1 13 27 12 4 30 15 10 16 3 18 8 9 0 24 26 19 23 22 14 29 11 5 20 28 7
#c 0 1 0 1 1 0 1 0 1 1 1 0 1 1 0 1 1 1 1 0 0 0 0 0 0 1 0 1 0 0 1
#c 0 1 0 1 1 0 1 0 1 1 1 0 1 1 0 1 1 1 1 0 0 0 0 0 0 1 0 1 0 0 1
2 1 15 6 7
14 14 1 13 17 25 27 12 4 30 10 16 3 18 8 9 0 24 26 21 19 23 22 14 29 11 5 20 28 2
#c 0 1 0 1 1 0 1 0 1 1 1 0 1 1 0 1 1 1 1 0 0 0 0 0 0 1 0 1 0 0 1
#c 0 1 0 1 1 0 1 0 1 1 1 0 1 1 0 1 1 1 1 0 0 0 0 0 0 1 0 1 0 0 1
2 2 12 13 29 22
14 13 1 17 25 27 6 4 30 15 10 16 3 18 8 9 0 24 26 21 19 23 14 11 5 20 28 2 7
#c 0 1 0 1 1 0 1 0 1 1 1 0 1 1 0 1 1 1 1 0 0 0 0 0 0 1 0 1 0 0 1
#c 0 1 0 1 1 0 1 0 1 1 1 0 1 1 0 1 1 1 1 0 0 0 0 0 0 1 0 1 0 0 1
6 6 9 27 12 16 17 18 2 28 14 0 22 11
10 9 1 13 25 6 4 30 15 10 3 8 24 26 21 19 23 29 5 20 7
#c 0 1 0 1 1 0 1 0 1 1 1 0 1 1 0 1 1 1 1 0 0 0 0 0 0 1 0 1 0 0 1
#c 0 1 0 1 1 0 1 0 1 1 1 0 1 1 0 1 1 1 1 0 0 0 0 0 0 1 0 1 0 0 1
#c 0 1 0 1 1 0 1 0 1 1 1 0 1 1 0 1 1 1 1 0 0 0 0 0 0 1 0 1 0 0 1
4 5 0 21 29 2 13 10 4 9 12
11 11 24 26 19 23 22 14 11 5 20 28 7 1 17 25 27 6 30 15 16 3 18 8
#c 0 1 0 1 1 0 1 0 1 1 1 0 1 1 0 1 1 1 1 0 0 0 0 0 0 1 0 1 0 0 1
1 1 30 0
15 14 1 13 17 25 27 12 6 4 15 10 16 3 18 8 9 24 26 21 19 23 22 14 29 11 5 20 28 2 7
#c 0 1 0 1 1 0 1 0 1 1 1 0 1 1 0 1 1 1 1 0 0 0 0 0 0 1 0 1 0 0 1
#c 0 1 0 1 1 0 1 0 1 1 1 0 1 1 0 1 1 1 1 0 0 0 0 0 0 1 0 1 0 0 1
#c 0 1 0 1 1 0 1 0 1 1 1 0 1 1 0 1 1 1 1 0 0 0 0 0 0 1 0 1 0 0 1
6 6 19 2 21 0 22 11 25 16 15 9 8 17
9 10 24 26 23 14 29 5 20 28 7 1 13 27 12 6 4 30 10 3 18
#c 0 1 0 1 1 0 1 0 1 1 1 0 1 1 0 1 1 1 1 0 0 0 0 0 0 1 0 1 0 0 1
8 8 10 18 13 9 27 30 12 4 20 0 22 26 19 11 28 29
8 7 1 17 25 6 15 16 3 8 24 21 23 14 5 2 7
#c 0 1 0 1 1 0 1 0 1 1 1 0 1 1 0 1 1 1 1 0 0 0 0 0 0 1 0 1 0 0 1
#c 0 1 0 1 1 0 1 0 1 1 1 0 1 1 0 1 1 1 1 0 0 0 0 0 0 1 0 1 0 0 1
2 2 6 30 20 0
14 13 1 13 17 25 27 12 4 15 10 16 3 18 8 9 24 26 21 19 23 22 14 29 11 5 28 2 7
#c 0 1 0 1 1 0 1 0 1 1 1 0 1 1 0 1 1 1 1 0 0 0 0 0 0 1 0 1 0 0 1
#c 0 1 0 1 1 0 1 0 1 1 1 0 1 1 0 1 1 1 1 0 0 0 0 0 0 1 0 1 0 0 1
3 3 6 3 15 28 5 0
13 12 1 13 17 25 27 12 4 30 10 16 18 8 9 24 26 21 19 23 22 14 29 11 20 2 7
#c 0 1 0 1 1 0 1 0 1 1 1 0 1 1 0 1 1 1 1 0 0 0 0 0 0 1 0 1 0 0 1
#c 0 1 0 1 1 0 1 0 1 1 1 0 1 1 0 1 1 1 1 0 0 0 0 0 0 1 0 1 0 0 1
#c 0 1 0 1 1 0 1 0 1 1 1 0 1 1 0 1 1 1 1 0 0 0 0 0 0 1 0 1 0 0 1
1 1 7 27
14 15 0 24 26 21 19 23 22 14 29 11 5 20 28 2 1 13 17 25 12 6 4 30 15 10 16 3 18 8 9
#c 0 1 0 1 1 0 1 0 1 1 1 0 1 1 0 1 1 1 1 0 0 0 0 0 0 1 0 1 0 0 1
#c 0 1 0 1 1 0 1 0 1 1 1 0 1 1 0 1 1 1 1 0 0 0 0 0 0 1 0 1 0 0 1
#c 0 1 0 1 1 0 1 0 1 1 1 0 1 1 0 1 1 1 1 0 0 0 0 0 0 1 0 1 0 0 1
2 4 15 8 2 23 26 29
14 11 1 13 17 25 27 12 6 4 30 10 16 3 18 9 0 24 21 19 22 14 11 5 20 28 7
#c 0 1 0 1 1 0 1 0 1 1 1 0 1 1 0 1 1 1 1 0 0 0 0 0 0 1 0 1 0 0 1
4 4 20 7 29 28 18 9 15 6
11 12 0 24 26 21 19 23 22 14 11 5 2 1 13 17 25 27 12 4 30 10 16 3 8
#c 0 1 0 1 1 0 1 0 1 1 1 0 1 1 0 1 1 1 1 0 0 0 0 0 0 1 0 1 0 0 1
6 6 18 8 4 25 27 16 20 2 0 28 24 29
10 9 1 13 17 12 6 30 15 10 3 9 26 21 19 23 22 14 11 5 7
#c 0 1 0 1 1 0 1 0 1 1 1 0 1 1 0 1 1 1 1 0 0 0 0 0 0 1 0 1 0 0 1
5 5 14 20 0 29 21 17 1 25 15 13
10 11 24 26 19 23 22 11 5 28 2 7 27 12 6 4 30 10 16 3 18 8 9
#c 0 1 0 1 1 0 1 0 1 1 1 0 1 1 0 1 1 1 1 0 0 0 0 0 0 1 0 1 0 0 1
6 6 30 25 9 15 1 17 29 24 7 11 21 26
10 9 13 27 12 6 4 10 16 3 18 8 0 19 23 22 14 5 20 28 2
#c 0 1 0 1 1 0 1 0 1 1 1 0 1 1 0 1 1 1 1 0 0 0 0 0 0 1 0 1 0 0 1
5 5 5 2 14 22 21 18 10 30 9 25
10 11 0 24 26 19 23 29 11 20 28 7 1 13 17 27 12 6 4 15 16 3 8
#c 0 1 0 1 1 0 1 0 1 1 1 0 1 1 0 1 1 1 1 0 0 0 0 0 0 1 0 1 0 0 1
4 4 17 12 27 6 21 5 23 29
12 11 1 13 25 4 30 15 10 16 3 18 8 9 0 24 26 19 22 14 11 20 28 2 7
#c 0 1 0 1 1 0 1 0 1 1 1 0 1 1 0 1 1 1 1 0 0 0 0 0 0 1 0 1 0 0 1
2 2 23 20 27 15
13 14 0 24 26 21 19 22 14 29 11 5 28 2 7 1 13 17 25 12 6 4 30 10 16 3 18 8 9
#c 0 1 0 1 1 0 1 0 1 1 1 0 1 1 0 1 1 1 1 0 0 0 0 0 0 1 0 1 0 0 1
#c 0 1 0 1 1 0 1 0 1 1 1 0 1 1 0 1 1 1 1 0 0 0 0 0 0 1 0 1 0 0 1
3 3 11 7 20 18 8 17
12 13 0 24 26 21 19 23 22 14 29 5 28 2 1 13 25 27 12 6 4 30 15 10 16 3 9
#c 0 1 0 1 1 0 1 0 1 1 1 0 1 1 0 1 1 1 1 0 0 0 0 0 0 1 0 1 0 0 1
3 5 15 13 25 24 0 14 7 11
13 10 1 17 27 12 6 4 30 10 16 3 18 8 9 26 21 19 23 22 29 5 20 28 2
#c 0 1 0 1 1 0 1 0 1 1 1 0 1 1 0 1 1 1 1 0 0 0 0 0 0 1 0 1 0 0 1
1 1 20 3
14 15 0 24 26 21 19 23 22 14 29 11 5 28 2 7 1 13 17 25 27 12 6 4 30 15 10 16 18 8 9
#c 0 1 0 1 1 0 1 0 1 1 1 0 1 1 0 1 1 1 1 0 0 0 0 0 0 1 0 1 0 0 1
#c 0 1 0 1 1 0 1 0 1 1 1 0 1 1 0 1 1 1 1 0 0 0 0 0 0 1 0 1 0 0 1
6 6 19 22 26 29 7 0 4 12 9 30 8 15
9 10 24 21 23 14 11 5 20 28 2 1 13 17 25 27 6 10 16 3 18
#c 0 1 0 1 1 0 1 0 1 1 1 0 1 1 0 1 1 1 1 0 0 0 0 0 0 1 0 1 0 0 1
#c 0 1 0 1 1 0 1 0 1 1 1 0 1 1 0 1 1 1 1 0 0 0 0 0 0 1 0 1 0 0 1
#c 0 1 0 1 1 0 1 0 1 1 1 0 1 1 0 1 1 1 1 0 0 0 0 0 0 1 0 1 0 0 1
0 1 0 1 1 0 1 0 1 1 1 0 1 1 0 1 1 1 1 0 0 0 0 0 0 1 0 1 0 0 1
