#c 0 1 2 3 4 5 6 7 8 0 1 2 3 4 5 6 7 8 0 1 2 3 4 5 6 7 8 0 1 2 3 4 5 6 7 8 0 1 2 3 4 5 6
2 2 10 19 23 32
3 3 1 28 37 5 14 41
#c 0 1 2 3 4 5 6 7 8 0 1 2 3 4 5 6 7 8 0 1 2 3 4 5 6 7 8 0 1 2 3 4 5 6 7 8 0 1 2 3 4 5 6
2 2 20 29 9 27
3 3 2 11 38 0 18 36
#c 0 1 2 3 4 5 6 7 8 0 1 2 3 4 5 6 7 8 0 1 2 3 4 5 6 7 8 0 1 2 3 4 5 6 7 8 0 1 2 3 4 5 6
1 1 21 9
4 4 3 12 30 39 0 18 27 36
#c 0 1 2 3 4 5 6 7 8 0 1 2 3 4 5 6 7 8 0 1 2 3 4 5 6 7 8 0 1 2 3 4 5 6 7 8 0 1 2 3 4 5 6
1 2 22 36 0
4 3 4 13 31 40 9 18 27
#c 0 1 2 3 4 5 6 7 8 0 1 2 3 4 5 6 7 8 0 1 2 3 4 5 6 7 8 0 1 2 3 4 5 6 7 8 0 1 2 3 4 5 6
1 1 14 18
4 4 5 23 32 41 0 9 27 36
#c 0 1 2 3 4 5 6 7 8 0 1 2 3 4 5 6 7 8 0 1 2 3 4 5 6 7 8 0 1 2 3 4 5 6 7 8 0 1 2 3 4 5 6
1 1 6 38
4 4 15 24 33 42 2 11 20 29
#c 0 1 2 3 4 5 2 7 8 0 1 2 3 4 5 6 7 8 0 1 2 3 4 5 6 7 8 0 1 2 3 4 5 6 7 8 0 1 6 3 4 5 6
2 2 25 16 21 30
2 3 7 34 3 12 39
#c 0 1 2 3 4 5 2 7 8 0 1 2 3 4 5 6 7 8 0 1 2 3 4 5 6 7 8 0 1 2 3 4 5 6 7 8 0 1 6 3 4 5 6
2 2 8 26 42 33
2 3 17 35 15 24 38
#c 0 1 2 3 4 5 2 7 8 0 1 2 3 4 5 6 7 8 0 1 2 3 4 5 6 7 8 0 1 2 3 4 5 6 7 8 0 1 6 3 4 5 6
2 2 0 9 11 29
3 3 18 27 36 2 20 6
#c 2 1 2 3 4 5 2 7 8 2 1 0 3 4 5 6 7 8 0 1 2 3 4 5 6 7 8 0 1 0 3 4 5 6 7 8 0 1 6 3 4 5 6
2 2 37 10 12 3
3 3 1 19 28 21 30 39
#c 2 1 2 1 4 5 2 7 8 2 3 0 1 4 5 6 7 8 0 1 2 3 4 5 6 7 8 0 1 0 3 4 5 6 7 8 0 3 6 3 4 5 6
2 2 2 0 1 3
3 3 20 6 9 19 28 12
#c 1 2 1 2 4 5 2 7 8 2 3 0 1 4 5 6 7 8 0 1 2 3 4 5 6 7 8 0 1 0 3 4 5 6 7 8 0 3 6 3 4 5 6
2 2 21 10 4 22
3 3 30 39 37 13 31 40
#c 1 2 1 2 4 5 2 7 8 2 3 0 1 4 5 6 7 8 0 1 2 3 4 5 6 7 8 0 1 0 3 4 5 6 7 8 0 3 6 3 4 5 6
1 2 13 21 39
4 3 4 22 31 40 30 37 10
#c 1 2 1 2 4 5 2 7 8 2 3 0 1 4 5 6 7 8 0 1 2 3 4 5 6 7 8 0 1 0 3 4 5 6 7 8 0 3 6 3 4 5 6
2 2 41 23 18 27
3 3 5 14 32 36 11 29
#c 1 2 1 2 4 5 2 7 8 2 3 0 1 4 5 6 7 8 0 1 2 3 4 5 6 7 8 0 1 0 3 4 5 6 7 8 0 3 6 3 4 5 6
2 3 42 24 35 26 17
3 1 15 33 38 8
#c 1 2 1 2 4 5 2 7 8 2 3 0 1 4 5 6 7 8 0 1 2 3 4 5 6 7 8 0 1 0 3 4 5 6 7 8 0 3 6 3 4 5 6
1 1 25 22
3 4 7 16 34 4 13 31 40
#c 1 2 1 2 4 5 2 7 8 2 3 0 1 4 5 6 7 8 0 1 2 3 7 5 6 4 8 0 1 0 3 4 5 6 7 8 0 3 6 3 4 5 6
1 1 35 33
3 4 8 17 26 15 24 42 38
#c 1 2 1 2 4 5 2 7 8 2 3 0 1 4 5 6 7 8 0 1 2 3 7 5 6 4 8 0 1 0 3 4 5 6 7 8 0 3 6 3 4 5 6
1 1 29 34
4 3 18 27 36 11 7 16 22
#c 1 2 1 2 4 5 2 7 8 2 3 0 1 4 5 6 7 8 0 1 2 3 7 5 6 4 8 0 1 7 3 4 5 6 0 8 0 3 6 3 4 5 6
#c 1 2 1 2 4 5 2 7 8 2 3 0 1 4 5 6 7 8 0 1 2 3 7 5 6 4 8 0 1 7 3 4 5 6 0 8 0 3 6 3 4 5 6
1 1 1 30
4 4 20 6 9 3 21 39 37 10
#c 1 3 1 2 4 5 2 7 8 2 3 0 1 4 5 6 7 8 0 1 2 3 7 5 6 4 8 0 1 7 2 4 5 6 0 8 0 3 6 3 4 5 6
1 1 10 20
4 4 21 39 37 1 6 9 3 30
#c 1 3 1 2 4 5 2 7 8 2 3 0 1 4 5 6 7 8 0 1 2 3 7 5 6 4 8 0 1 7 2 4 5 6 0 8 0 3 6 3 4 5 6
2 2 13 31 35 8
3 2 4 40 25 17 26
#c 1 3 1 2 4 5 2 7 4 2 3 0 1 8 5 6 7 8 0 1 2 3 7 5 6 4 8 0 1 7 2 8 5 6 0 4 0 3 6 3 4 5 6
2 2 5 32 3 30
3 3 14 23 41 20 6 9
#c 1 3 1 5 4 2 2 7 4 2 3 0 1 8 5 6 7 8 0 1 2 3 7 5 6 4 8 0 1 7 5 8 2 6 0 4 0 3 6 3 4 5 6
2 2 24 15 11 34
3 3 33 42 38 18 27 36
#c 1 3 1 5 4 2 2 7 4 2 3 0 1 8 5 6 7 8 0 1 2 3 7 5 6 4 8 0 1 7 5 8 2 6 0 4 0 3 6 3 4 5 6
1 1 29 9
3 4 7 16 22 20 6 5 32
#c 1 3 1 5 4 2 2 7 4 2 3 0 1 8 5 6 7 8 0 1 2 3 7 5 6 4 8 0 1 7 5 8 2 6 0 4 0 3 6 3 4 5 6
2 2 26 17 34 27
2 3 13 31 18 36 11
#c 1 3 1 5 4 2 2 7 4 2 3 0 1 8 5 6 7 8 0 1 2 3 7 5 6 4 8 0 1 7 5 8 2 6 0 4 0 3 6 3 4 5 6
1 1 18 16
4 3 27 36 11 34 7 22 29
#c 1 3 1 5 4 2 2 7 4 2 3 0 1 8 5 6 7 8 0 1 2 3 7 5 6 4 8 0 1 7 5 8 2 6 0 4 0 3 6 3 4 5 6
1 1 2 18
4 4 19 28 12 0 27 36 11 34
#c 1 3 1 5 4 2 2 7 4 2 3 0 1 8 5 6 7 8 0 1 2 3 7 5 6 4 8 0 1 7 5 8 2 6 0 4 0 3 6 3 4 5 6
2 2 32 5 8 4
3 3 20 6 9 40 25 35
#c 1 3 1 5 4 2 2 7 4 2 3 0 1 8 5 6 7 8 0 1 2 3 7 5 6 4 8 0 1 7 5 8 2 6 0 4 0 3 6 3 4 5 6
#c 1 3 1 5 4 2 2 7 4 2 3 0 1 8 5 6 7 8 0 1 2 3 7 5 6 4 8 0 1 7 5 8 2 6 0 4 0 3 6 3 4 5 6
2 2 35 4 20 6
3 3 40 25 8 9 5 32
#c 1 3 1 5 4 2 2 7 4 2 3 0 1 8 5 6 7 8 0 1 2 3 7 5 6 4 8 0 1 7 5 8 2 6 0 4 0 3 6 3 4 5 6
1 1 3 32
4 4 14 23 41 30 20 6 9 5
#c 1 3 1 2 4 2 2 7 4 2 3 0 1 8 5 6 7 8 0 1 2 3 7 5 6 4 8 0 1 7 5 8 5 6 0 4 0 3 6 3 4 5 6
2 2 38 33 18 11
3 3 15 24 42 27 36 34
#c 1 3 1 2 4 2 2 7 4 2 3 0 1 8 5 6 7 8 0 1 2 3 7 5 6 4 8 0 1 7 5 8 5 6 0 4 0 3 6 3 4 5 6
1 1 29 36
3 4 7 16 22 18 27 11 34
#c 1 3 1 2 4 2 2 7 4 2 3 0 1 8 5 6 7 8 0 1 2 3 7 5 6 4 8 0 1 7 5 8 5 6 0 4 0 3 6 3 4 5 6
1 2 31 20 9
3 3 17 26 13 6 5 3
#c 1 3 1 2 4 2 2 7 4 8 3 0 1 8 5 6 7 8 0 1 8 3 7 5 6 4 8 0 1 7 5 2 5 6 0 4 0 3 6 3 4 5 6
2 2 11 36 23 14
3 3 18 27 34 41 30 32
#c 1 3 1 2 4 2 2 7 4 8 3 0 1 8 5 6 7 8 0 1 8 3 7 5 6 4 8 0 1 7 5 2 5 6 0 4 0 3 6 3 4 5 6
1 1 2 29
4 3 19 28 12 0 7 16 22
#c 1 3 7 2 4 2 2 7 4 8 3 0 1 8 5 6 7 8 0 1 8 3 7 5 6 4 8 0 1 1 5 2 5 6 0 4 0 3 6 3 4 5 6
1 1 5 32
3 4 6 3 31 14 23 41 30
#c 1 3 7 2 4 2 2 7 4 8 3 0 1 8 5 6 7 8 0 1 8 3 7 5 6 4 8 0 1 1 5 2 5 6 0 4 0 3 6 3 4 5 6
1 3 1 31 3 6
4 1 21 39 37 10 5
#c 1 3 7 2 4 2 2 7 4 8 3 0 1 8 5 6 7 8 0 1 8 3 7 5 6 4 8 0 1 1 5 2 5 6 0 4 0 3 6 3 4 5 6
2 2 8 35 20 9
3 3 4 40 25 17 26 13
#c 1 3 7 2 4 2 2 7 8 4 3 0 1 8 5 6 7 8 0 1 4 3 7 5 6 4 8 0 1 1 5 2 5 6 0 8 0 3 6 3 4 5 6
#c 1 3 7 2 4 2 2 7 8 4 3 0 1 8 5 6 7 8 0 1 4 3 7 5 6 4 8 0 1 1 5 2 5 6 0 8 0 3 6 3 4 5 6
2 2 33 42 13 35
3 3 15 24 38 17 26 8
#c 1 3 7 2 4 2 2 7 8 4 3 0 1 6 5 6 7 8 0 1 4 3 7 5 6 4 8 0 1 1 5 2 5 8 0 6 0 3 6 3 4 5 8
2 1 2 7 12
2 4 16 22 19 28 0 29
#c 1 3 7 2 4 2 2 7 8 4 3 0 1 6 5 6 7 8 0 1 4 3 7 5 6 4 8 0 1 1 5 2 5 8 0 6 0 3 6 3 4 5 8
2 2 33 42 13 24
3 3 17 26 8 15 38 35
#c 1 3 7 2 4 2 2 7 8 4 3 0 1 6 5 6 7 8 0 1 4 3 7 5 6 4 8 0 1 1 5 2 5 8 0 6 0 3 6 3 4 5 8
1 1 27 39
4 4 18 36 11 34 21 37 10 1
#c 1 3 7 2 4 2 2 7 8 4 3 0 1 6 5 6 7 8 0 1 4 3 7 5 6 4 8 0 1 1 5 2 5 8 0 6 0 3 6 3 4 5 8
1 1 0 16
4 3 19 28 12 29 7 22 2
#c 1 3 7 2 4 2 2 7 8 4 3 0 1 6 5 6 7 8 0 1 4 3 7 5 6 4 8 0 1 1 5 2 5 8 0 6 0 3 6 3 4 5 8
#c 1 3 7 2 4 2 2 7 8 4 3 0 1 6 5 6 7 8 0 1 4 3 7 5 6 4 8 0 1 1 5 2 5 8 0 6 0 3 6 3 4 5 8
2 2 39 21 25 9
3 3 37 10 1 4 40 20
#c 1 3 7 2 4 2 2 7 8 4 3 0 1 6 5 6 7 8 0 1 4 3 7 5 6 4 8 0 1 1 5 2 5 8 0 6 0 3 6 3 4 5 8
#c 1 3 7 2 4 2 2 7 8 4 3 0 1 6 5 6 7 8 0 1 4 3 7 5 6 4 8 0 1 1 5 2 5 8 0 6 0 3 6 3 4 5 8
2 2 41 30 16 2
3 2 14 23 32 7 22
#c 1 3 7 2 4 2 2 7 8 4 3 0 1 6 5 6 7 8 0 1 4 3 7 5 6 4 8 0 1 1 5 2 5 8 0 6 0 3 6 3 4 5 8
1 2 15 0 28
4 3 24 38 13 35 19 12 29
#c 1 3 7 2 4 2 2 7 8 4 3 0 1 6 5 6 7 8 0 1 4 3 7 5 6 4 8 0 1 1 5 2 5 8 0 6 0 3 6 3 4 5 8
2 1 7 16 4
2 4 22 2 40 25 20 9
#c 1 3 7 2 4 2 2 7 8 4 3 0 1 6 5 6 7 8 0 1 4 3 7 5 6 4 8 0 1 1 5 2 5 8 0 6 0 3 6 3 4 5 8
2 1 17 33 9
3 4 26 8 42 4 40 25 20
#c 1 3 7 2 4 2 2 7 8 4 3 0 1 6 5 6 7 8 0 1 4 3 7 5 6 4 8 0 1 1 5 2 5 8 0 6 0 3 6 3 4 5 8
#c 1 3 7 2 4 2 2 7 8 4 3 0 1 6 5 6 7 8 0 1 4 3 7 5 6 4 8 0 1 1 5 2 5 8 0 6 0 3 6 3 4 5 8
2 2 12 29 25 9
3 3 19 28 0 4 40 20
#c 1 3 7 2 4 2 2 7 8 4 3 0 1 6 5 6 7 8 0 1 4 3 7 5 6 4 8 0 1 1 5 2 5 8 0 6 0 3 6 3 4 5 8
#c 1 3 7 2 4 2 2 7 8 4 3 0 1 6 5 6 7 8 0 1 4 3 7 5 6 4 8 0 1 1 5 2 5 8 0 6 0 3 6 3 4 5 8
1 1 21 34
4 4 39 37 10 1 18 27 36 11
#c 1 3 7 2 4 2 2 7 8 4 3 0 1 6 5 6 7 8 0 1 4 3 7 5 6 4 8 0 1 1 5 2 5 8 0 6 0 3 6 3 4 5 8
1 1 25 34
4 4 4 40 20 9 18 27 36 11
#c 1 3 7 2 4 2 2 7 8 4 3 0 1 6 5 6 7 8 0 1 4 3 7 5 6 4 8 0 1 1 5 2 5 8 0 6 0 3 6 3 4 5 8
#c 1 3 7 2 4 2 2 7 8 4 3 0 1 6 5 6 7 8 0 1 4 3 7 5 6 4 8 0 1 1 5 2 5 8 0 6 0 3 6 3 4 5 8
2 2 15 38 7 2
3 2 24 13 35 16 22
#c 1 3 7 2 4 2 2 7 8 4 3 0 1 6 5 6 7 8 0 1 4 3 7 5 6 4 8 0 1 1 5 2 5 8 0 6 0 3 6 3 4 5 8
2 2 7 2 20 25
2 3 16 22 4 40 9
#c 1 3 7 2 4 2 2 7 8 4 3 0 1 6 5 6 7 8 0 1 4 3 7 5 6 4 8 0 1 1 5 2 5 8 0 6 0 3 6 3 4 5 8
2 2 42 33 23 14
3 3 17 26 8 41 30 32
#c 1 3 7 2 4 2 2 7 8 4 3 0 1 6 8 6 7 8 0 1 4 3 7 8 6 4 8 0 1 1 5 2 5 5 0 6 0 3 6 3 4 5 5
2 2 34 36 5 6
3 2 18 27 11 3 31
#c 1 3 7 2 4 2 2 7 8 4 3 0 1 6 8 6 7 8 0 1 4 3 7 8 6 4 8 0 1 1 5 2 5 5 0 6 0 3 6 3 4 5 5
1 2 0 17 8
4 3 19 28 12 29 26 23 14
#c 1 3 7 2 4 2 2 7 8 4 3 0 1 6 8 6 7 8 0 1 4 3 7 8 6 4 8 0 1 1 5 2 5 5 0 6 0 3 6 3 4 5 5
1 1 31 25
3 4 6 5 3 4 40 20 9
#c 1 3 7 2 4 2 2 7 8 4 3 0 1 6 8 6 7 8 0 1 4 3 7 8 6 4 8 0 1 1 5 2 5 5 0 6 0 3 6 3 4 5 5
1 1 37 3
4 3 21 39 10 1 6 5 31
#c 1 3 7 2 4 2 2 7 8 4 3 0 1 6 8 6 7 8 0 1 4 3 7 8 6 4 8 0 1 1 5 2 5 5 0 6 0 3 6 3 4 5 5
#c 1 3 7 2 4 2 2 7 8 4 3 0 1 6 8 6 7 8 0 1 4 3 7 8 6 4 8 0 1 1 5 2 5 5 0 6 0 3 6 3 4 5 5
2 2 41 42 26 8
3 3 30 32 33 17 23 14
#c 1 3 7 2 4 2 2 7 8 4 3 0 1 6 8 6 7 8 0 1 4 3 7 8 6 4 8 0 1 1 5 2 5 5 0 6 0 3 6 3 4 5 5
1 2 24 9 25
4 3 15 38 13 35 4 40 20
#c 1 3 7 2 4 2 2 7 8 4 3 0 1 6 8 6 7 8 0 1 4 3 7 8 6 4 8 0 1 1 5 2 5 5 0 6 0 3 6 3 4 5 5
2 2 2 7 25 40
2 3 16 22 4 20 9
#c 1 3 7 2 4 2 2 7 8 4 3 0 1 6 8 6 7 8 0 1 4 3 7 8 6 4 8 0 1 1 5 2 5 5 0 6 0 3 6 3 4 5 5
2 2 8 14 35 38
3 3 17 26 23 15 24 13
#c 1 3 7 2 4 2 2 7 8 4 3 0 1 6 8 6 7 8 0 1 4 3 7 8 6 4 8 0 1 1 5 2 5 5 0 6 0 3 6 3 4 5 5
2 2 18 11 22 7
3 2 27 36 34 16 2
#c 1 3 7 2 4 2 2 7 8 4 3 0 1 6 8 6 7 8 0 1 4 3 7 8 6 4 8 0 1 1 5 2 5 5 0 6 0 3 6 3 4 5 5
1 1 12 10
4 4 19 28 0 29 21 39 37 1
#c 1 3 7 2 4 2 2 7 8 4 3 0 1 6 8 6 7 8 0 1 4 3 7 8 6 4 8 0 1 1 5 2 5 5 0 6 0 3 6 3 4 5 5
2 2 31 5 23 14
2 3 6 3 17 26 8
#c 1 3 7 2 4 2 2 7 8 4 3 0 1 6 8 6 7 8 0 1 4 3 7 8 6 4 8 0 1 1 5 2 5 5 0 6 0 3 6 3 4 5 5
1 1 1 6
4 3 21 39 37 10 5 3 31
#c 1 3 7 2 4 2 2 7 8 4 3 0 1 6 8 6 7 8 0 1 4 3 7 8 6 4 8 0 1 1 5 2 5 5 0 6 0 3 6 3 4 5 5
1 1 4 13
4 4 40 25 20 9 15 24 38 35
#c 1 3 7 2 6 2 2 7 8 4 3 0 1 4 8 6 7 8 0 1 4 3 7 8 6 4 8 0 1 1 5 2 5 5 0 6 0 3 6 3 4 5 5
#c 1 3 7 2 6 2 2 7 8 4 3 0 1 4 8 6 7 8 0 1 4 3 7 8 6 4 8 0 1 1 5 2 5 5 0 6 0 3 6 3 4 5 5
1 2 38 5 6
4 2 15 24 35 4 3 31
#c 1 3 7 2 6 2 2 7 8 4 3 0 1 4 8 6 7 8 0 1 4 3 7 8 6 4 8 0 1 1 5 2 5 5 0 6 0 3 6 3 4 5 5
2 2 16 22 10 21
2 3 7 2 39 37 1
#c 1 3 7 2 6 2 2 7 8 4 3 0 1 4 8 6 7 8 0 1 4 3 7 8 6 4 8 0 1 1 5 2 5 5 0 6 0 3 6 3 4 5 5
1 1 26 4
4 4 17 8 23 14 15 24 38 35
#c 1 3 7 2 8 2 2 7 8 4 3 0 1 4 8 6 7 8 0 1 4 3 7 8 6 4 6 0 1 1 5 2 5 5 0 6 0 3 6 3 4 5 5
2 2 27 36 21 39
3 3 18 11 34 37 10 1
#c 1 3 7 2 8 2 2 7 8 4 3 0 1 4 8 6 7 8 0 1 4 3 7 8 6 4 6 0 1 1 5 2 5 5 0 6 0 3 6 3 4 5 5
2 2 19 29 31 5
3 2 28 12 0 6 3
#c 1 3 7 2 8 2 2 7 8 4 3 0 1 4 8 6 7 8 0 1 4 3 7 8 6 4 6 0 1 1 5 2 5 5 0 6 0 3 6 3 4 5 5
2 2 6 3 0 29
2 3 5 31 19 28 12
#c 1 3 7 2 8 2 2 7 8 4 3 0 1 4 8 6 7 8 0 1 4 3 7 8 6 4 6 0 1 1 5 2 5 5 0 6 0 3 6 3 4 5 5
2 2 10 21 3 5
3 2 39 37 1 6 31
#c 1 3 7 2 8 2 2 7 8 4 3 0 1 4 8 6 7 8 0 1 4 3 7 8 6 4 6 0 1 1 5 2 5 5 0 6 0 3 6 3 4 5 5
1 2 20 6 31
4 2 40 25 9 13 5 3
#c 1 3 7 2 8 2 2 7 8 4 3 0 1 4 8 6 7 8 0 1 4 3 7 8 6 4 6 0 1 1 5 2 5 5 0 6 0 3 6 3 4 5 5
2 2 30 42 21 37
3 3 41 32 33 39 10 1
#c 1 3 7 2 8 2 2 7 8 4 3 0 1 4 8 6 7 8 0 1 4 3 7 8 6 4 6 0 1 1 5 2 5 5 0 6 0 3 6 3 4 5 5
2 2 24 15 41 30
3 3 38 35 26 32 42 33
#c 1 3 7 2 8 2 2 7 8 4 3 0 1 4 8 6 7 8 0 1 4 3 7 8 6 4 6 0 1 1 5 2 5 5 0 6 0 3 6 3 4 5 5
1 1 22 31
3 3 7 16 2 6 5 3
#c 1 3 7 2 8 2 2 7 8 4 3 0 1 4 8 6 7 8 0 1 4 3 7 8 6 4 6 0 1 1 5 2 5 5 0 6 0 3 6 3 4 5 5
1 3 23 31 3 6
4 1 17 8 14 4 5
#c 1 3 7 2 8 2 2 7 8 4 3 0 1 4 8 6 7 8 0 1 4 3 7 8 6 4 6 0 1 1 5 2 5 5 0 6 0 3 6 3 4 5 5
1 1 36 22
4 3 18 27 11 34 7 16 2
#c 1 3 7 2 8 2 2 7 8 4 3 0 1 4 8 6 7 8 0 1 4 3 0 8 6 4 6 0 1 1 5 2 5 5 0 6 7 3 6 3 4 5 5
2 2 29 28 35 15
3 3 19 12 0 24 38 26
#c 1 3 7 2 8 2 2 7 8 4 3 0 1 4 8 6 7 8 0 1 4 3 0 8 6 4 6 0 1 1 5 2 5 5 0 6 7 3 6 3 4 5 5
2 2 3 6 17 23
2 3 5 31 8 14 4
#c 1 3 7 8 8 2 8 7 8 4 3 0 1 4 8 6 7 2 0 1 4 3 0 2 6 4 6 0 1 1 5 2 5 5 0 6 7 3 6 3 4 5 5
1 1 21 7
4 3 39 37 10 1 16 2 36
#c 1 3 7 8 8 2 8 7 8 4 3 0 1 4 8 6 7 2 0 1 4 3 0 2 6 4 6 0 1 1 5 2 5 5 0 6 7 3 6 3 4 5 5
2 3 25 20 28 19 29
3 2 40 9 13 12 0
#c 1 3 7 8 8 2 8 7 8 4 3 0 1 4 8 6 7 2 0 1 4 3 0 2 6 4 6 0 1 1 5 2 5 5 0 6 7 3 6 3 4 5 5
#c 1 3 7 8 8 2 8 7 8 4 3 0 1 4 8 6 7 2 0 1 4 3 0 2 6 4 6 0 1 1 5 2 5 5 0 6 7 3 6 3 4 5 5
2 2 35 15 9 13
3 3 24 38 26 40 25 20
#c 1 3 7 8 8 2 8 7 8 4 3 0 1 4 8 6 7 2 0 1 4 3 0 2 6 4 6 0 1 1 5 2 5 5 0 6 7 3 6 3 4 5 5
1 1 2 38
3 4 7 16 36 15 24 35 26
#c 1 3 7 8 8 2 8 7 8 4 3 0 1 4 8 6 7 2 0 1 4 3 0 2 6 4 6 0 1 1 5 2 5 5 0 6 7 3 6 3 4 5 5
1 1 14 12
4 4 8 4 3 6 19 28 0 29
#c 1 3 7 8 8 2 8 7 8 4 3 0 1 4 8 6 7 2 0 1 4 3 0 2 6 4 6 0 1 1 5 2 5 5 0 6 7 3 6 3 4 5 5
1 1 11 26
4 4 18 27 34 22 15 24 38 35
#c 1 3 7 8 8 2 8 7 8 4 3 0 1 4 8 6 7 2 0 1 4 3 0 2 6 4 6 0 1 1 5 2 5 5 0 6 7 3 6 3 4 5 5
1 1 19 17
4 3 28 12 0 29 5 31 23
#c 1 3 7 8 8 2 8 7 8 4 3 0 1 4 8 6 7 2 0 1 4 3 0 2 6 4 6 0 1 1 5 2 5 5 0 6 7 3 6 3 4 5 5
1 1 17 38
3 4 5 31 23 15 24 35 26
#c 1 3 7 8 8 2 8 7 8 4 3 0 1 4 8 6 7 2 0 1 4 3 0 2 6 4 6 0 1 1 5 2 5 5 0 6 7 3 6 3 4 5 5
2 2 21 1 42 33
3 3 39 37 10 41 30 32
#c 1 5 7 8 8 2 8 7 8 4 3 0 1 4 8 6 7 2 0 1 4 5 0 2 6 4 6 0 1 1 5 2 5 3 0 6 7 3 6 3 4 5 3
1 1 9 17
4 3 40 25 20 13 5 31 23
#c 1 5 7 8 8 2 8 7 8 4 3 0 1 4 8 6 7 2 0 1 4 5 0 2 6 4 6 0 1 1 5 2 5 3 0 6 7 3 6 3 4 5 3
2 2 32 30 40 13
3 3 41 21 1 25 20 9
#c 1 5 7 8 8 2 8 7 8 4 3 0 1 4 8 6 7 2 0 1 4 5 0 2 6 4 6 0 1 1 5 2 5 3 0 6 7 3 6 3 4 5 3
1 1 26 16
4 3 15 24 38 35 7 2 36
#c 1 5 7 8 8 2 8 7 8 4 3 0 1 4 8 6 6 2 0 1 4 5 0 2 6 4 7 0 1 1 5 2 5 3 0 6 7 3 6 3 4 5 3
1 1 36 28
3 4 7 2 26 19 12 0 29
#c 1 5 7 8 8 2 8 7 8 4 3 0 1 4 8 6 6 2 0 1 4 5 0 2 6 4 7 0 7 1 5 2 5 3 0 6 1 3 6 3 4 5 3
1 1 4 36
4 4 8 14 3 6 19 12 0 29
#c 1 5 7 8 8 2 8 7 8 4 3 0 1 4 8 6 6 2 0 1 4 5 0 2 6 4 7 0 7 1 5 2 5 3 0 6 1 3 6 3 4 5 3
2 2 34 27 42 10
3 3 18 11 22 39 37 33
#c 1 5 7 8 8 2 8 7 8 4 3 0 1 4 8 6 6 2 0 1 4 5 0 2 6 4 7 0 7 1 5 2 5 3 0 6 1 3 6 3 4 5 3
#c 1 5 7 8 8 2 8 7 8 4 3 0 1 4 8 6 6 2 0 1 4 5 0 2 6 4 7 0 7 1 5 2 5 3 0 6 1 3 6 3 4 5 3
1 1 23 7
3 3 5 31 17 2 26 28
#c 1 5 7 8 8 2 8 7 8 4 3 0 1 4 8 6 6 2 0 1 4 5 0 2 6 4 7 0 7 1 5 2 5 3 0 6 1 3 6 3 4 5 3
1 1 39 0
4 4 37 10 42 33 19 12 29 36
#c 1 5 7 8 8 2 8 7 8 4 3 0 1 4 8 6 6 2 0 1 4 5 0 2 6 4 7 0 7 1 5 2 5 3 0 6 1 3 6 3 4 5 3
2 2 25 40 8 14
3 3 20 9 13 4 3 6
#c 1 5 7 8 8 2 8 7 8 4 3 0 1 4 8 6 6 2 0 1 4 5 0 2 6 4 7 0 7 1 5 2 5 3 0 6 1 3 6 3 4 5 3
2 2 21 41 27 34
3 3 30 32 1 18 11 22
#c 1 5 7 8 8 2 8 7 8 4 3 0 1 4 8 6 6 2 0 1 4 5 0 2 6 4 7 0 7 1 5 2 5 3 0 6 1 3 6 3 4 5 3
1 1 35 9
4 4 15 24 38 16 40 25 20 13
#c 1 5 7 8 8 2 8 7 8 6 3 0 1 4 8 6 6 2 0 1 4 5 0 2 6 4 7 0 7 1 5 2 5 3 0 4 1 3 6 3 4 5 3
1 1 26 6
3 4 7 2 28 8 14 4 3
#c 1 5 7 8 8 2 8 7 8 6 3 0 1 4 8 6 6 2 0 1 4 5 0 2 6 4 7 0 7 1 5 2 5 3 0 4 1 3 6 3 4 5 3
2 2 6 4 18 11
3 3 8 14 3 27 34 22
#c 1 5 7 8 8 2 8 7 8 6 3 0 1 4 8 6 6 2 0 1 4 5 0 2 6 4 7 0 7 1 5 2 5 3 0 4 1 3 6 3 4 5 3
2 4 18 22 15 16 9 24
3 1 27 11 34 38
#c 1 5 7 8 8 2 8 7 8 6 3 0 1 4 8 6 6 2 0 1 4 5 0 2 6 4 7 0 7 1 5 2 5 3 0 4 1 3 6 3 4 5 3
1 1 12 21
4 4 19 0 29 36 41 30 32 1
#c 1 5 7 8 8 2 8 7 8 6 3 0 1 4 8 6 6 2 0 1 4 5 0 2 6 4 7 0 7 1 5 2 5 3 0 4 1 3 6 3 4 5 3
#c 1 5 7 8 8 2 8 7 8 6 3 0 1 4 8 6 6 2 0 1 4 5 0 2 6 4 7 0 7 1 5 2 5 3 0 4 1 3 6 3 4 5 3
1 1 10 28
4 3 39 37 42 33 7 2 26
#c 1 5 7 8 8 2 8 7 8 6 3 0 1 4 8 6 6 2 0 1 4 5 0 2 6 4 7 0 7 1 5 2 5 3 0 4 1 3 6 3 4 5 3
1 1 40 31
4 3 25 20 13 35 5 17 23
#c 1 5 7 8 8 2 8 7 8 6 3 0 1 4 8 6 6 2 0 1 4 5 0 2 6 4 7 0 7 1 5 2 5 3 0 4 1 3 6 3 4 5 3
1 1 30 34
4 4 41 32 21 1 18 27 11 22
#c 1 5 7 8 8 2 8 7 8 6 3 0 1 4 8 6 6 2 0 1 4 5 0 2 6 4 7 0 7 1 5 2 5 3 0 4 1 3 6 3 4 5 3
2 2 15 9 26 28
3 2 24 38 16 7 2
#c 1 5 7 8 8 2 8 7 8 6 3 0 1 4 8 6 6 2 0 1 4 5 0 2 6 4 7 0 7 1 5 2 5 3 0 4 1 3 6 3 4 5 3
2 2 7 2 3 8
2 3 26 28 14 4 6
#c 1 5 7 8 8 2 8 7 8 6 3 0 1 4 8 6 6 2 0 1 4 5 0 2 6 4 7 0 7 1 5 2 5 3 0 4 1 3 6 3 4 5 3
1 1 4 15
4 4 8 14 3 6 24 38 16 9
#c 1 5 7 8 8 2 8 7 8 6 3 0 1 4 8 6 6 2 0 1 4 5 0 2 6 4 7 0 7 1 5 2 5 3 0 4 1 3 6 3 4 5 3
1 1 27 26
4 3 18 11 34 22 7 2 28
#c 1 5 7 8 8 2 8 7 8 6 3 0 1 4 8 6 6 2 0 1 4 5 0 2 6 4 7 0 7 1 5 2 5 3 0 4 1 3 6 3 4 5 3
2 2 36 0 3 4
3 3 19 12 29 8 14 6
#c 8 5 7 1 1 2 8 7 8 6 3 0 1 4 8 6 6 2 0 1 4 5 0 2 6 4 7 0 7 1 5 2 5 3 0 4 8 3 6 3 4 5 3
#c 8 5 7 1 1 2 8 7 8 6 3 0 1 4 8 6 6 2 0 1 4 5 0 2 6 4 7 0 7 1 5 2 5 3 0 4 8 3 6 3 4 5 3
2 2 37 33 3 19
3 3 39 10 42 12 29 4
#c 8 5 7 1 1 2 8 7 8 6 3 0 1 4 8 6 6 2 0 1 4 5 0 2 6 4 7 0 7 1 5 2 5 3 0 4 8 3 6 3 4 5 3
2 2 25 13 8 0
3 3 40 20 35 14 6 36
#c 8 5 7 1 1 2 8 7 8 6 3 0 1 4 8 6 6 2 0 1 4 5 0 2 6 4 7 0 7 1 5 2 5 3 0 4 8 3 6 3 4 5 3
2 2 21 32 16 38
3 3 41 30 1 15 24 9
#c 8 5 7 1 1 2 8 7 8 6 3 0 1 4 8 6 6 2 0 1 4 5 0 2 6 4 7 0 7 1 5 2 5 3 0 4 8 3 6 3 4 5 3
#c 8 5 7 1 1 2 8 7 8 6 3 0 1 4 8 6 6 2 0 1 4 5 0 2 6 4 7 0 7 1 5 2 5 3 0 4 8 3 6 3 4 5 3
1 1 28 35
3 4 7 2 26 40 25 20 13
#c 8 5 7 1 1 2 8 7 8 6 3 0 1 4 8 6 6 2 0 1 4 5 0 2 6 4 7 0 7 1 5 2 5 3 0 4 8 3 6 3 4 5 3
1 1 14 5
4 3 8 6 36 0 31 17 23
#c 8 5 7 1 1 2 8 7 8 6 3 0 1 4 8 6 6 2 0 1 4 5 0 2 6 4 7 0 7 1 5 2 5 3 0 4 8 3 6 3 4 5 3
#c 8 5 7 1 1 2 8 7 8 6 3 0 1 4 8 6 6 2 0 1 4 5 0 2 6 4 7 0 7 1 5 2 5 3 0 4 8 3 6 3 4 5 3
#c 8 5 7 1 1 2 8 7 8 6 3 0 1 4 8 6 6 2 0 1 4 5 0 2 6 4 7 0 7 1 5 2 5 3 0 4 8 3 6 3 4 5 3
#c 8 5 7 1 1 2 8 7 8 6 3 0 1 4 8 6 6 2 0 1 4 5 0 2 6 4 7 0 7 1 5 2 5 3 0 4 8 3 6 3 4 5 3
1 2 33 21 1
4 3 39 37 10 42 41 30 32
#c 8 3 7 1 1 2 8 7 8 6 3 0 1 4 8 6 6 2 0 1 4 3 0 2 6 4 7 0 7 1 5 2 5 5 0 4 8 3 6 3 4 5 3
1 1 25 10
4 5 40 20 13 35 39 37 42 21 1
#c 8 3 7 1 1 2 8 7 8 6 3 0 1 4 8 6 6 2 0 1 4 3 0 2 6 4 7 0 7 1 5 2 5 5 0 4 8 3 6 3 4 5 3
2 2 33 30 29 3
2 3 41 32 19 12 4
#c 8 3 7 1 1 2 8 7 8 6 3 0 1 4 8 6 6 2 0 1 4 3 0 2 6 4 7 0 7 1 5 2 5 5 0 4 8 3 6 3 4 5 3
#c 8 3 7 1 1 2 8 7 8 6 3 0 1 4 8 6 6 2 0 1 4 3 0 2 6 4 7 0 7 1 5 2 5 5 0 4 8 3 6 3 4 5 3
2 2 7 26 25 35
2 3 2 28 40 20 13
#c 8 3 7 1 1 2 8 7 8 6 3 0 1 4 8 6 6 2 0 1 4 3 0 2 6 4 7 0 7 1 5 2 5 5 0 4 8 3 6 3 4 5 3
2 2 14 0 37 1
3 4 8 6 36 39 10 42 21
#c 8 3 7 1 1 2 8 7 8 6 3 0 1 4 8 6 6 2 0 1 4 3 0 2 6 4 7 0 7 1 5 2 5 5 0 4 8 3 6 3 4 5 3
2 3 34 18 16 38 24
3 2 27 11 22 15 9
#c 8 3 7 1 1 2 8 7 8 6 3 0 1 4 8 6 6 2 0 1 4 3 0 2 6 4 7 0 7 1 5 2 5 5 0 4 8 3 6 3 4 5 3
1 1 3 10
4 5 19 12 29 4 39 37 42 21 1
#c 8 3 7 1 1 2 8 7 8 6 3 0 1 4 8 6 6 2 0 1 4 3 0 2 6 4 7 0 7 1 5 2 5 5 0 4 8 3 6 3 4 5 3
1 1 5 7
3 3 31 17 23 2 26 28
#c 8 3 7 1 1 2 8 7 8 6 3 0 1 4 8 6 6 2 0 1 4 3 0 2 6 4 7 0 7 1 5 2 5 5 0 4 8 3 6 3 4 5 3
1 1 21 20
5 4 39 37 10 42 1 40 25 13 35
#c 8 3 7 1 1 2 8 7 8 6 3 0 1 4 8 6 6 2 0 1 4 3 0 2 6 4 7 0 7 1 5 2 5 5 0 4 8 3 6 3 4 5 3
2 2 20 35 12 3
3 3 40 25 13 19 29 4
#c 8 3 7 1 1 2 8 7 8 6 3 0 1 4 8 6 6 2 0 1 4 3 0 2 6 4 7 0 7 1 5 2 5 5 0 4 8 3 6 3 4 5 3
1 1 33 25
3 4 41 30 32 40 20 13 35
#c 8 3 7 1 1 2 8 7 8 6 3 0 1 4 8 6 6 2 0 1 4 3 0 2 6 4 7 0 7 1 5 2 5 5 0 4 8 3 6 3 4 5 3
2 2 38 24 27 18
3 3 15 16 9 11 34 22
#c 8 3 7 1 1 2 8 7 8 6 3 0 1 4 8 6 6 2 0 1 4 3 0 2 6 4 7 0 7 1 5 2 5 5 0 4 8 3 6 3 4 5 3
1 1 26 20
3 4 7 2 28 40 25 13 35
#c 8 3 7 1 1 2 8 7 8 6 3 0 1 4 8 6 6 2 0 1 4 3 0 2 6 4 7 0 7 1 5 2 5 5 0 4 8 3 6 3 4 5 3
2 2 8 6 31 5
3 2 14 36 0 17 23
#c 8 3 7 1 1 2 8 7 8 6 3 0 1 4 8 6 6 2 0 1 4 3 0 2 6 4 7 0 7 1 5 2 5 5 0 4 8 3 6 3 4 5 3
2 3 18 11 29 19 12
3 2 27 34 22 3 4
#c 8 3 7 1 1 2 8 7 8 6 3 0 1 4 8 6 6 2 0 1 4 3 0 2 6 4 7 0 7 1 5 2 5 5 0 4 8 3 6 3 4 5 3
2 2 19 12 25 40
3 3 29 3 4 20 13 35
#c 8 3 7 1 1 2 8 7 8 6 3 0 1 4 8 6 6 2 0 1 4 3 0 2 6 4 7 0 7 1 5 2 5 5 0 4 8 3 6 3 4 5 3
2 2 5 23 32 33
2 2 31 17 41 30
#c 8 3 7 1 1 2 8 7 8 6 3 0 1 4 8 6 6 2 0 1 4 3 0 2 6 4 7 0 7 1 5 2 5 5 0 4 8 3 6 3 4 5 3
3 3 37 21 10 25 40 35
3 2 39 42 1 20 13
#c 8 3 7 1 1 2 8 7 8 6 3 0 1 4 8 6 6 2 0 1 4 3 0 2 6 4 7 0 7 1 5 2 5 5 0 4 8 3 6 3 4 5 3
1 1 40 12
4 4 25 20 13 35 19 29 3 4
#c 8 3 7 1 1 2 8 7 8 6 3 0 1 4 8 6 6 2 0 1 4 3 0 2 6 4 7 0 7 1 5 2 5 5 0 4 8 3 6 3 4 5 3
1 1 32 24
3 4 41 30 33 15 38 16 9
#c 8 3 7 1 1 2 8 7 8 6 3 0 1 4 8 6 6 2 0 1 4 3 0 2 6 4 7 0 7 1 5 2 5 5 0 4 8 3 6 3 4 5 3
1 1 24 40
4 4 15 38 16 9 25 20 13 35
#c 8 3 7 1 1 2 8 7 8 6 3 0 1 4 8 6 6 2 0 1 4 3 0 2 6 4 7 0 7 1 5 2 5 5 0 4 8 3 6 3 4 5 3
2 4 26 7 6 36 14 8
2 1 2 28 0
#c 8 3 7 1 1 2 8 7 8 6 3 0 1 4 8 6 6 2 0 1 4 3 0 2 6 4 7 0 7 1 5 2 5 5 0 4 8 3 6 3 4 5 3
1 1 0 35
4 4 8 14 6 36 40 25 20 13
#c 8 3 7 1 1 2 8 7 8 6 3 0 1 4 8 6 6 2 0 1 4 3 0 2 6 4 7 0 7 1 5 2 5 5 0 4 8 3 6 3 4 5 3
#c 8 3 7 1 1 2 8 7 8 6 3 0 1 4 8 6 6 2 0 1 4 3 0 2 6 4 7 0 7 1 5 2 5 5 0 4 8 3 6 3 4 5 3
1 1 19 33
4 3 12 29 3 4 41 30 32
#c 8 3 7 1 1 2 8 7 8 6 3 0 1 4 8 6 6 2 0 1 4 3 0 2 6 4 7 0 7 1 5 2 5 5 0 4 8 3 6 3 4 5 3
2 2 5 17 8 0
2 3 31 23 14 6 36
#c 8 3 7 1 1 2 8 7 8 6 3 0 1 4 8 6 6 2 0 1 4 3 0 2 6 4 7 0 7 1 5 2 5 5 0 4 8 3 6 3 4 5 3
2 2 39 21 8 36
4 3 37 10 42 1 14 6 0
#c 8 3 7 1 1 2 8 7 8 6 3 0 1 4 8 6 6 2 0 1 4 3 0 2 6 4 7 0 7 1 5 2 5 5 0 4 8 3 6 3 4 5 3
1 1 13 29
4 4 40 25 20 35 19 12 3 4
#c 8 3 7 1 1 2 8 7 8 6 3 0 1 4 8 6 6 2 0 1 4 3 0 2 6 4 7 0 7 1 5 2 5 5 0 4 8 3 6 3 4 5 3
1 1 32 42
3 5 41 30 33 39 37 10 21 1
#c 8 3 7 1 1 2 8 7 8 6 3 0 1 4 8 6 6 2 0 1 4 3 0 2 6 4 7 0 7 1 5 2 5 5 0 4 8 3 6 3 4 5 3
2 2 38 24 37 42
3 4 15 16 9 39 10 21 1
#c 8 3 7 1 1 2 8 7 8 6 3 0 1 4 8 6 6 2 0 1 4 3 0 2 6 4 7 0 7 1 5 2 5 5 0 4 8 3 6 3 4 5 3
1 1 2 23
3 3 7 26 28 5 31 17
#c 8 3 7 1 1 2 8 7 8 6 3 0 1 4 8 6 6 2 0 1 4 3 0 2 6 4 7 0 7 1 5 2 5 5 0 4 8 3 6 3 4 5 3
2 2 0 8 38 9
3 3 14 6 36 15 24 16
#c 8 3 7 1 1 2 8 7 8 6 3 0 1 4 8 6 6 2 0 1 4 3 0 2 6 4 7 0 7 1 5 2 5 5 0 4 8 3 6 3 4 5 3
2 1 27 34 2
3 3 18 11 22 7 26 28
#c 8 3 7 1 1 2 8 7 8 6 3 0 1 4 8 6 6 2 0 1 4 3 0 2 6 4 7 0 7 1 5 2 5 5 0 4 8 3 6 3 4 5 3
1 1 29 11
4 4 19 12 3 4 18 27 34 22
#c 8 3 7 1 1 2 8 7 8 6 3 0 1 4 8 6 6 2 0 1 4 3 0 2 6 4 7 0 7 1 5 2 5 5 0 4 8 3 6 3 4 5 3
1 1 17 2
3 3 5 31 23 7 26 28
#c 8 3 7 1 1 2 8 7 8 6 3 0 1 4 8 6 6 2 0 1 4 3 0 2 6 4 7 0 7 1 5 2 5 5 0 4 8 3 6 3 4 5 3
3 3 21 1 42 20 40 25
3 2 39 37 10 13 35
#c 8 3 7 1 1 2 8 7 8 6 3 0 1 4 8 6 6 2 0 1 4 3 0 2 6 4 7 0 7 1 5 2 5 5 0 4 8 3 6 3 4 5 3
#c 8 3 7 1 1 2 8 7 8 6 3 0 1 4 8 6 6 2 0 1 4 3 0 2 6 4 7 0 7 1 5 2 5 5 0 4 8 3 6 3 4 5 3
1 1 32 31
3 3 41 30 33 5 17 23
#c 8 3 7 1 1 2 8 7 8 6 3 0 1 4 8 6 6 2 0 1 4 3 0 2 6 4 7 0 7 1 5 2 5 5 0 4 8 3 6 3 4 5 3
2 2 16 9 10 39
3 4 15 24 38 37 42 21 1
#c 8 3 7 1 1 2 8 7 8 6 3 0 1 4 8 6 6 2 0 1 4 3 0 2 6 4 7 0 7 1 5 2 5 5 0 4 8 3 6 3 4 5 3
2 2 2 28 12 3
2 3 7 26 19 29 4
#c 8 3 7 1 1 2 8 7 8 6 3 0 1 4 8 6 6 2 0 1 4 3 0 2 6 4 7 0 7 1 5 2 5 5 0 4 8 3 6 3 4 5 3
1 1 36 7
4 3 8 14 6 0 2 26 28
#c 8 3 7 1 1 2 8 7 8 6 3 0 1 4 8 6 6 2 0 1 4 3 0 2 6 4 7 0 7 1 5 2 5 5 0 4 8 3 6 3 4 5 3
2 4 27 22 19 12 29 3
3 1 18 11 34 4
#c 8 3 7 1 1 2 8 7 8 6 3 0 1 4 8 6 6 2 0 1 4 3 0 2 6 4 7 0 7 1 5 2 5 5 0 4 8 3 6 3 4 5 3
1 1 19 16
4 4 12 29 3 4 15 24 38 9
#c 8 3 7 1 1 2 8 7 8 6 3 0 1 4 8 6 6 2 0 1 4 3 0 2 6 4 7 0 7 1 5 2 5 5 0 4 8 3 6 3 4 5 3
1 1 5 0
3 4 31 17 23 8 14 6 36
#c 8 3 7 1 1 2 8 7 8 6 3 0 1 4 8 6 6 2 0 1 4 3 0 2 6 4 7 0 7 1 5 2 5 5 0 4 8 3 6 3 4 5 3
1 1 10 15
5 4 39 37 42 21 1 24 38 16 9
#c 8 3 7 1 1 2 8 7 8 6 3 0 1 4 8 6 6 2 0 1 4 3 0 2 6 4 7 0 7 1 5 2 5 5 0 4 8 3 6 3 4 5 3
1 1 35 2
4 3 40 25 20 13 7 26 28
#c 8 3 4 1 1 2 8 7 8 6 3 0 1 4 8 6 6 2 0 1 4 3 0 2 6 4 7 0 7 1 5 2 5 5 0 7 8 3 6 3 4 5 3
1 1 41 31
3 3 30 32 33 5 17 23
#c 8 3 4 1 1 2 8 7 8 6 3 0 1 4 8 6 6 2 0 1 4 3 0 2 6 4 7 0 7 1 5 2 5 5 0 7 8 3 6 3 4 5 3
1 1 16 33
4 3 15 24 38 9 41 30 32
#c 8 3 4 1 1 2 8 7 8 6 3 0 1 4 8 6 6 2 0 1 4 3 0 2 6 4 7 0 7 1 5 2 5 5 0 7 8 3 6 3 4 5 3
1 1 28 0
3 4 7 26 35 8 14 6 36
#c 8 3 4 1 1 2 8 7 8 6 3 0 1 4 8 6 6 2 0 1 4 3 0 2 6 4 7 0 7 1 5 2 5 5 0 7 8 3 6 3 4 5 3
2 2 8 6 34 27
3 3 14 36 0 18 11 22
#c 8 3 4 1 1 2 8 7 8 6 3 0 1 4 8 6 6 2 0 1 4 3 0 2 6 4 7 0 7 1 5 2 5 5 0 7 8 3 6 3 4 5 3
2 1 11 27 30
3 3 18 34 22 41 32 33
#c 8 3 4 1 1 2 8 7 8 6 3 0 1 4 8 6 6 2 0 1 4 3 0 2 6 4 7 0 7 1 5 2 5 5 0 7 8 3 6 3 4 5 3
2 2 3 29 37 1
3 4 19 12 4 39 10 42 21
#c 8 3 4 1 1 2 8 7 8 6 3 0 1 4 8 6 6 2 0 1 4 3 0 2 6 4 7 0 7 1 5 2 5 5 0 7 8 3 6 3 4 5 3
2 2 31 23 22 18
2 3 5 17 27 11 34
#c 8 3 4 1 1 2 8 7 8 6 3 0 1 4 8 6 6 2 0 1 4 3 0 2 6 4 7 0 7 1 5 2 5 5 0 7 8 3 6 3 4 5 3
3 3 10 37 39 30 33 41
3 1 42 21 1 32
#c 8 3 4 1 1 2 8 7 8 6 3 0 1 4 8 6 6 2 0 1 4 3 0 2 6 4 7 0 7 1 5 2 5 5 0 7 8 3 6 3 4 5 3
1 1 2 36
4 4 40 25 20 13 8 14 6 0
#c 8 3 4 1 1 2 8 7 8 6 3 0 1 4 8 6 6 2 0 1 4 3 0 2 6 4 7 0 7 1 5 2 5 5 0 7 8 3 6 3 4 5 3
2 2 41 32 38 16
2 3 30 33 15 24 9
#c 8 3 4 1 1 2 8 7 8 6 3 0 1 4 8 6 6 2 0 1 4 3 0 2 6 4 7 0 7 1 5 2 5 5 0 7 8 3 6 3 4 5 3
2 2 9 24 13 2
3 3 15 38 16 40 25 20
#c 8 3 6 1 1 2 8 7 8 4 3 0 1 6 8 6 6 2 0 1 4 3 0 2 4 4 7 0 7 1 5 2 5 5 0 7 8 3 6 3 4 5 3
1 1 7 1
3 5 26 28 35 39 37 10 42 21
#c 8 3 6 1 1 2 8 7 8 4 3 0 1 6 8 6 6 2 0 1 4 3 0 2 4 4 7 0 7 1 5 2 5 5 0 7 8 3 6 3 4 5 3
#c 8 3 6 1 1 2 8 7 8 4 3 0 1 6 8 6 6 2 0 1 4 3 0 2 4 4 7 0 7 1 5 2 5 5 0 7 8 3 6 3 4 5 3
2 2 11 22 14 6
3 3 18 27 34 8 36 0
#c 8 3 6 1 1 2 8 7 8 4 3 0 1 6 8 6 6 2 0 1 4 3 0 2 4 4 7 0 7 1 5 2 5 5 0 7 8 3 6 3 4 5 3
1 1 29 7
4 3 19 12 3 4 26 28 35
#c 8 3 6 1 1 2 8 7 8 4 3 0 1 6 8 6 6 2 0 1 4 3 0 2 4 4 7 0 7 1 5 2 5 5 0 7 8 3 6 3 4 5 3
2 4 23 5 13 38 2 15
2 1 31 17 16
#c 8 3 6 1 1 2 8 7 8 4 3 0 1 6 8 6 6 2 0 1 4 3 0 2 4 4 7 0 7 1 5 2 5 5 0 7 8 3 6 3 4 5 3
3 2 37 42 1 29 4
3 3 39 10 21 19 12 3
#c 8 3 6 1 1 2 8 7 8 4 3 0 1 6 8 6 6 2 0 1 4 3 0 2 4 4 7 0 7 1 5 2 5 5 0 7 8 3 6 3 4 5 3
1 1 25 35
4 3 40 20 9 24 7 26 28
#c 8 3 6 1 1 2 8 7 8 4 3 0 1 6 8 6 6 2 0 1 4 3 0 2 4 4 7 0 7 1 5 2 5 5 0 7 8 3 6 3 4 5 3
1 1 32 14
3 4 41 30 33 8 6 36 0
#c 8 3 6 1 1 2 8 7 8 4 3 0 1 6 8 6 6 2 0 1 4 3 0 2 4 4 7 0 7 1 5 2 5 5 0 7 8 3 6 3 4 5 3
2 2 13 15 12 4
3 3 38 16 2 19 29 3
#c 8 3 6 1 1 2 8 7 8 4 3 0 1 6 8 6 6 2 0 1 4 3 0 2 4 4 7 0 7 1 5 2 5 5 0 7 8 3 6 3 4 5 3
1 1 35 11
3 4 7 26 28 18 27 34 22
#c 8 3 6 1 1 2 8 7 8 4 3 0 1 6 8 6 6 2 0 1 4 3 0 2 4 4 7 0 7 1 5 2 5 5 0 7 8 3 6 3 4 5 3
1 1 14 15
4 4 8 6 36 0 38 16 13 2
#c 8 3 6 1 1 2 8 7 8 4 3 0 1 6 8 6 6 2 0 1 4 3 0 2 4 4 7 0 7 1 5 2 5 5 0 7 8 3 6 3 4 5 3
1 1 34 8
4 4 18 27 11 22 14 6 36 0
#c 8 3 6 1 1 2 8 7 8 4 3 0 1 6 8 6 6 2 0 1 4 3 0 2 4 4 7 0 7 1 5 2 5 5 0 7 8 3 6 3 4 5 3
2 2 29 19 26 7
3 2 12 3 4 28 35
#c 8 3 6 1 1 2 8 7 8 4 3 0 1 6 8 6 6 2 0 1 4 3 0 2 4 4 7 0 7 1 5 2 5 5 0 7 8 3 6 3 4 5 3
2 2 23 31 20 40
2 3 5 17 25 9 24
#c 8 3 6 1 1 2 8 7 8 4 3 0 1 6 8 6 6 2 0 1 4 3 0 2 4 4 7 0 7 1 5 2 5 5 0 7 8 3 6 3 4 5 3
2 2 39 21 14 6
4 3 37 10 42 1 8 36 0
#c 8 3 6 1 1 2 8 7 8 4 3 0 1 6 8 6 6 2 0 1 4 3 0 2 4 4 7 0 7 1 5 2 5 5 0 7 8 3 6 3 4 5 3
1 2 20 28 26
4 2 40 25 9 24 7 35
#c 8 3 6 1 1 2 8 7 8 4 3 0 1 6 8 6 6 2 0 1 4 3 0 2 4 4 7 0 7 1 5 2 5 5 0 7 8 3 6 3 4 5 3
2 2 30 33 34 27
2 3 41 32 18 11 22
#c 8 3 6 1 1 2 8 7 8 4 3 0 1 6 8 6 6 2 0 1 4 3 0 2 4 4 7 0 7 1 5 2 5 5 0 7 8 3 6 3 4 5 3
2 4 2 38 42 10 1 39
3 2 15 16 13 37 21
#c 8 3 6 1 1 2 8 7 8 4 3 0 1 6 8 6 6 2 0 1 4 3 0 2 4 4 7 0 7 1 5 2 5 5 0 7 8 3 6 3 4 5 3
3 4 7 26 28 15 38 16 13
#c 8 3 7 1 1 2 8 7 8 4 3 0 1 6 8 6 6 2 0 1 4 3 0 2 4 4 7 0 7 1 5 2 5 5 0 6 8 3 6 3 4 5 3
2 2 36 14 3 29
3 3 8 6 0 19 12 4
#c 8 3 7 1 1 2 8 7 8 4 3 0 1 6 8 6 6 2 0 1 4 3 0 2 4 4 7 0 7 1 5 2 5 5 0 6 8 3 6 3 4 5 3
1 1 27 40
4 4 18 11 34 22 25 20 9 24
#c 8 3 7 1 1 2 8 7 8 4 3 0 1 6 8 6 6 2 0 1 4 3 0 2 4 4 7 0 7 1 5 2 5 5 0 6 8 3 6 3 4 5 3
2 2 29 3 9 25
3 3 19 12 4 40 20 24
#c 8 3 7 1 1 2 8 7 8 4 3 0 1 6 8 6 6 2 0 1 4 3 0 2 4 4 7 0 7 1 5 2 5 5 0 6 8 3 6 3 4 5 3
#c 8 3 7 1 1 2 8 7 8 4 3 0 1 6 8 6 6 2 0 1 4 3 0 2 4 4 7 0 7 1 5 2 5 5 0 6 8 3 6 3 4 5 3
1 1 37 32
5 3 39 10 42 21 1 41 30 33
#c 8 3 7 1 1 2 8 7 8 4 3 0 1 6 8 6 6 2 0 1 4 3 0 2 4 4 7 0 7 1 5 2 5 5 0 6 8 3 6 3 4 5 3
2 1 20 9 2
3 3 40 25 24 7 26 28
#c 8 3 7 1 1 2 8 7 8 4 3 0 1 6 8 6 6 2 0 1 4 3 0 2 4 4 7 0 7 1 5 2 5 5 0 6 8 3 6 3 4 5 3
#c 8 3 7 1 1 2 8 7 8 4 3 0 1 6 8 6 6 2 0 1 4 3 0 2 4 4 7 0 7 1 5 2 5 5 0 6 8 3 6 3 4 5 3
2 2 13 16 23 31
3 2 15 38 35 5 17
#c 8 3 7 1 1 2 8 7 8 4 3 0 1 6 8 6 6 2 0 1 4 3 0 2 4 4 7 0 7 1 5 2 5 5 0 6 8 3 6 3 4 5 3
2 2 7 26 33 32
2 2 28 2 41 30
#c 8 3 7 1 1 2 8 7 8 4 3 0 1 6 8 6 6 2 0 1 4 3 0 2 4 4 7 0 7 1 5 2 5 5 0 6 8 3 6 3 4 5 3
2 1 8 14 7
3 3 6 36 0 26 28 2
#c 8 3 7 1 1 2 8 7 8 4 3 0 1 6 8 6 6 2 0 1 4 3 0 2 4 4 7 0 7 1 5 2 5 5 0 6 8 3 6 3 4 5 3
2 2 22 11 7 28
3 2 18 27 34 26 2
#c 8 3 7 1 1 2 8 7 8 4 3 0 1 6 8 6 6 2 0 1 4 3 0 2 4 4 7 0 7 1 5 2 5 5 0 6 8 3 6 3 4 5 3
4 3 19 12 29 3 7 28 2
#c 8 3 7 1 1 2 8 7 8 4 3 0 1 6 8 6 6 2 0 1 4 3 0 2 4 4 7 0 7 1 5 2 5 5 0 6 8 3 6 3 4 5 3
2 2 17 23 11 27
2 3 5 31 18 34 22
#c 8 3 7 1 1 2 8 7 8 4 3 0 1 6 8 6 6 2 0 1 4 3 0 2 4 4 7 0 7 1 5 2 5 5 0 6 8 3 6 3 4 5 3
3 3 37 10 21 17 23 31
3 1 39 42 1 5
#c 8 3 7 1 1 2 8 7 8 4 3 0 1 6 8 6 6 2 0 1 4 3 0 2 4 4 7 0 7 1 5 2 5 5 0 6 8 3 6 3 4 5 3
2 2 40 25 31 5
3 2 20 9 24 17 23
#c 8 3 7 1 1 2 8 7 8 4 3 0 1 6 8 6 6 2 0 1 4 3 0 2 4 4 7 0 7 1 5 2 5 5 0 6 8 3 6 3 4 5 3
1 1 30 16
3 4 41 32 33 15 38 13 35
#c 8 3 7 1 1 2 8 7 8 4 3 0 1 6 8 6 6 2 0 1 4 3 0 2 4 4 7 0 7 1 5 2 5 5 0 6 8 3 6 3 4 5 3
1 1 35 23
4 3 15 38 16 13 5 31 17
#c 8 3 7 1 1 2 8 7 8 4 3 0 1 6 8 6 6 2 0 1 4 3 0 2 4 4 7 0 7 1 5 2 5 5 0 6 8 3 6 3 4 5 3
1 1 28 22
3 4 7 26 2 18 27 11 34
#c 8 3 7 1 1 2 8 7 8 4 3 0 1 6 8 6 6 2 0 1 4 3 0 2 4 4 7 0 7 1 5 2 5 5 0 6 8 3 6 3 4 5 3
2 2 14 6 40 24
3 3 8 36 0 25 20 9
#c 8 3 7 1 1 2 8 7 8 4 3 0 1 6 8 6 6 2 0 1 4 3 0 2 4 4 7 0 7 1 5 2 5 5 0 6 8 3 6 3 4 5 3
1 1 11 5
4 3 18 27 34 22 31 17 23
#c 8 3 7 1 1 0 8 7 8 4 3 2 1 6 8 6 6 2 0 1 4 3 0 2 4 4 7 0 7 1 5 2 5 5 0 6 8 3 6 3 4 5 3
1 1 4 21
4 5 19 12 29 3 39 37 10 42 1
#c 8 3 7 1 3 0 8 7 8 4 3 2 1 6 8 6 6 2 0 1 4 1 0 2 4 4 7 0 7 1 5 2 5 5 0 6 8 3 6 3 4 5 3
2 1 17 23 30
2 3 31 11 41 32 33
#c 8 3 7 1 3 0 8 7 8 4 3 2 1 6 8 6 6 2 0 1 4 1 0 2 4 4 7 0 7 1 5 2 5 5 0 6 8 3 6 3 4 5 3
1 1 1 16
5 4 39 37 10 42 4 15 38 13 35
#c 8 3 7 1 3 0 8 7 8 4 3 2 1 6 8 6 6 2 0 1 4 1 0 2 4 4 7 0 7 1 5 2 5 5 0 6 8 3 6 3 4 5 3
1 3 25 29 3 21
4 2 40 20 9 24 19 12
#c 8 3 7 1 3 0 8 7 8 4 3 2 1 6 8 6 6 2 0 1 4 1 0 2 4 4 7 0 7 1 5 2 5 5 0 6 8 3 6 3 4 5 3
2 3 33 30 1 39 4
2 3 41 32 37 10 42
#c 8 3 7 1 3 0 8 7 8 4 3 2 1 6 8 6 6 2 0 1 4 1 0 2 4 4 7 0 7 1 5 2 5 5 0 6 8 3 6 3 4 5 3
2 2 13 16 24 20
3 3 15 38 35 40 25 9
#c 8 3 7 1 3 0 8 7 8 4 3 2 1 6 8 6 6 2 0 1 4 1 0 2 4 4 7 0 7 1 5 2 5 5 0 6 8 3 6 3 4 5 3
2 2 26 2 8 0
2 3 7 28 14 6 36
#c 8 3 7 1 3 0 8 7 8 4 3 2 1 6 8 6 6 2 0 1 4 1 0 2 4 4 7 0 7 1 5 2 5 5 0 6 8 3 6 3 4 5 3
1 1 8 32
4 3 14 6 36 0 41 30 33
#c 8 3 7 1 3 0 8 7 8 4 3 2 1 6 8 6 6 2 0 1 4 1 0 2 4 4 7 0 7 1 5 2 5 5 0 6 8 3 6 3 4 5 3
2 2 22 34 19 29
8 3 7 1 3 0 8 7 8 4 3 2 1 6 8 6 6 2 0 1 4 1 0 2 4 4 7 0 7 1 5 2 5 5 0 6 8 3 6 3 4 5 3
