#c 0 1 2 3 4 5 6 7 8 9 0 1 2 3 4 5 6 7 8 9 0 1 2 3 4 5 6 7 8 9 0 1 2 3 4 5 6 7 8 9 0 1
1 1 1 17
4 3 11 21 31 41 7 27 37
#c 0 7 2 3 4 5 6 7 8 9 0 1 2 3 4 5 6 1 8 9 0 1 2 3 4 5 6 7 8 9 0 1 2 3 4 5 6 7 8 9 0 1
2 2 32 12 38 8
2 2 2 22 18 28
#c 0 7 2 3 4 5 6 7 2 9 0 1 8 3 4 5 6 1 8 9 0 1 2 3 4 5 6 7 8 9 0 1 8 3 4 5 6 7 2 9 0 1
2 1 3 23 14
2 3 13 33 4 24 34
#c 0 7 2 3 4 5 6 7 2 9 0 1 8 3 4 5 6 1 8 9 0 1 2 3 4 5 6 7 8 9 0 1 8 3 4 5 6 7 2 9 0 1
2 1 14 24 18
2 3 4 34 28 32 12
#c 0 7 2 3 4 5 6 7 2 9 0 1 8 3 4 5 6 1 8 9 0 1 2 3 4 5 6 7 8 9 0 1 8 3 4 5 6 7 2 9 0 1
1 1 25 6
3 3 5 15 35 16 26 36
#c 0 7 2 3 4 5 5 7 2 9 0 1 8 3 4 5 6 1 8 9 0 1 2 3 4 6 6 7 8 9 0 1 8 3 4 5 6 7 2 9 0 1
#c 0 7 2 3 4 5 5 7 2 9 0 1 8 3 4 5 6 1 8 9 0 1 2 3 4 6 6 7 8 9 0 1 8 3 4 5 6 7 2 9 0 1
#c 0 7 2 3 4 5 5 7 2 9 0 1 8 3 4 5 6 1 8 9 0 1 2 3 4 6 6 7 8 9 0 1 8 3 4 5 6 7 2 9 0 1
1 1 18 26
3 3 28 32 12 16 36 25
#c 0 7 2 3 4 5 5 7 2 9 0 1 8 3 4 5 6 1 8 9 0 1 2 3 4 6 6 7 8 9 0 1 8 3 4 5 6 7 2 9 0 1
1 1 19 40
3 4 9 29 39 0 10 20 30
#c 0 7 2 3 4 5 5 7 2 9 0 1 8 3 4 5 6 1 8 9 0 1 2 3 4 6 6 7 8 9 0 1 8 3 4 5 6 7 2 9 0 1
1 1 30 3
4 3 0 10 20 40 13 23 33
#c 0 7 2 0 4 5 5 7 2 9 0 1 8 3 4 5 6 1 8 9 0 1 2 3 4 6 6 7 8 9 3 1 8 3 4 5 6 7 2 9 0 1
2 2 31 11 30 33
3 2 21 41 17 13 23
#c 0 7 2 0 4 5 5 7 2 9 0 3 8 3 4 5 6 1 8 9 0 1 2 3 4 6 6 7 8 9 1 3 8 1 4 5 6 7 2 9 0 1
1 1 2 25
3 3 22 38 8 16 26 36
#c 0 7 2 0 4 5 5 7 2 9 0 3 8 3 4 5 6 1 8 9 0 1 2 3 4 6 6 7 8 9 1 3 8 1 4 5 6 7 2 9 0 1
1 1 11 12
3 3 13 23 31 18 28 32
#c 0 7 2 0 4 5 5 7 2 9 0 3 8 3 4 5 6 1 8 9 0 1 2 3 4 6 6 7 8 9 1 3 8 1 4 5 6 7 2 9 0 1
1 1 14 18
3 3 4 24 34 28 32 12
#c 0 7 2 0 4 5 5 7 2 9 0 3 8 3 4 5 6 1 8 9 0 1 2 3 4 6 6 7 8 9 1 3 8 1 4 5 6 7 2 9 0 1
2 2 5 35 31 13
2 2 15 6 23 11
#c 0 7 2 0 4 5 5 7 2 9 0 3 8 3 4 5 6 1 8 9 0 1 2 3 4 6 6 7 8 9 1 3 8 1 4 5 6 7 2 9 0 1
2 2 25 16 40 3
2 3 26 36 0 10 20
#c 0 7 2 0 4 5 5 7 2 9 0 3 8 3 4 5 6 1 8 9 0 1 2 3 4 6 6 7 8 9 1 3 8 1 4 5 6 7 2 9 0 1
1 1 7 11
3 3 27 37 1 13 23 31
#c 0 7 2 0 4 5 5 3 2 9 0 7 8 3 4 5 6 1 8 9 0 1 2 3 4 6 6 7 8 9 1 3 8 1 4 5 6 7 2 9 0 1
1 1 28 20
3 4 18 32 12 0 10 40 3
#c 0 7 2 0 4 5 5 3 2 9 0 7 8 3 4 5 6 1 8 9 0 1 2 3 4 6 6 7 8 9 1 3 8 1 4 5 6 7 2 9 0 1
1 1 9 14
3 3 19 29 39 4 24 34
#c 0 7 2 0 4 5 5 3 2 4 0 7 8 3 9 5 6 1 8 9 0 1 2 3 4 6 6 7 8 9 1 3 8 1 4 5 6 7 2 9 0 1
#c 0 7 2 0 4 5 5 3 2 4 0 7 8 3 9 5 6 1 8 9 0 1 2 3 4 6 6 7 8 9 1 3 8 1 4 5 6 7 2 9 0 1
2 2 33 21 8 22
3 2 41 17 30 2 38
#c 0 7 2 0 4 5 5 3 1 4 0 7 8 3 9 5 6 1 8 9 0 2 1 3 4 6 6 7 8 9 1 3 8 2 4 5 6 7 2 9 0 1
2 1 38 21 36
2 3 2 33 16 26 25
#c 0 7 2 0 4 5 5 3 1 4 0 7 8 3 9 5 6 1 8 9 0 2 1 3 4 6 6 7 8 9 1 3 8 2 4 5 6 7 2 9 0 1
1 1 7 32
3 3 13 23 31 18 28 12
#c 0 7 2 0 4 5 5 8 1 4 0 7 8 3 9 5 6 1 8 9 0 2 1 3 4 6 6 7 8 9 1 3 3 2 4 5 6 7 2 9 0 1
1 1 34 12
3 3 4 24 9 18 28 7
#c 0 7 2 0 4 5 5 8 1 4 0 7 8 3 9 5 6 1 8 9 0 2 1 3 4 6 6 7 8 9 1 3 3 2 4 5 6 7 2 9 0 1
2 1 35 6 18
2 3 5 15 28 12 7
#c 0 7 2 0 4 5 5 8 1 4 0 7 8 3 9 5 6 1 8 9 0 2 1 3 4 6 6 7 8 9 1 3 3 2 4 5 6 7 2 9 0 1
1 1 36 29
3 3 16 26 25 19 39 14
#c 0 7 2 0 4 5 5 8 1 4 0 7 8 3 9 5 6 1 8 9 0 2 1 3 4 6 6 7 8 9 1 3 3 2 4 5 6 7 2 9 0 1
2 1 37 27 18
2 3 1 11 28 12 7
#c 0 7 2 0 4 5 5 8 1 4 0 7 8 3 9 5 6 1 8 9 0 2 1 3 4 6 6 7 8 9 1 3 3 2 4 5 6 7 2 9 0 1
1 1 12 33
3 3 18 28 7 2 38 21
#c 0 7 2 0 4 5 5 8 1 4 0 7 8 3 9 5 6 1 8 9 0 2 1 3 4 6 6 7 8 9 1 3 3 2 4 5 6 7 2 9 0 1
#c 0 7 2 0 4 5 5 8 1 4 0 7 8 3 9 5 6 1 8 9 0 2 1 3 4 6 6 7 8 9 1 3 3 2 4 5 6 7 2 9 0 1
1 1 3 27
4 3 0 10 20 40 37 1 11
#c 0 7 2 0 4 5 5 8 1 4 0 7 8 3 9 5 6 1 8 9 0 2 1 3 4 6 6 7 8 9 1 3 3 2 4 5 6 7 2 9 0 1
1 2 22 25 26
4 2 41 17 30 8 16 36
#c 0 7 2 0 4 5 5 8 1 4 0 7 8 3 9 5 6 1 8 9 0 2 1 3 4 6 6 7 8 9 1 3 3 2 4 5 6 7 2 9 0 1
1 1 21 19
3 3 2 38 33 29 39 14
#c 0 7 2 0 4 5 5 8 1 4 0 7 8 3 9 5 6 1 8 2 0 9 1 3 4 6 6 7 8 9 1 3 3 2 4 5 6 7 2 9 0 1
1 1 31 14
3 3 13 23 32 29 39 21
#c 0 7 2 0 4 5 5 8 1 4 0 7 8 3 9 5 6 1 8 2 0 9 1 3 4 6 6 7 8 9 1 3 3 2 4 5 6 7 2 9 0 1
1 1 34 38
3 3 4 24 9 2 33 19
#c 0 7 2 0 4 5 5 8 1 4 0 7 8 3 9 5 6 1 8 2 0 9 1 3 4 6 6 7 8 9 1 3 3 2 4 5 6 7 2 9 0 1
1 1 5 16
3 3 15 35 6 26 36 25
#c 0 7 2 0 4 5 5 8 1 4 0 7 8 3 9 5 6 1 8 2 0 9 1 3 4 6 6 7 8 9 1 3 3 2 4 5 6 7 2 9 0 1
2 1 16 25 12
2 3 26 36 18 28 7
#c 0 7 2 0 4 5 5 8 1 4 0 7 8 3 9 5 6 1 8 2 0 9 1 3 4 6 6 7 8 9 1 3 3 2 4 5 6 7 2 9 0 1
2 3 1 27 19 38 2
2 1 37 11 33
#c 0 2 7 0 4 5 5 8 1 4 0 7 8 3 9 5 6 1 8 7 0 9 1 3 4 6 6 2 8 9 1 3 3 2 4 5 6 7 7 9 0 1
1 1 12 23
3 3 18 28 7 13 31 32
#c 0 2 7 0 4 5 5 8 1 4 0 7 8 3 9 5 6 1 8 7 0 9 1 3 4 6 6 2 8 9 1 3 3 2 4 5 6 7 7 9 0 1
1 3 21 36 25 16
3 1 29 39 14 26
#c 0 2 7 0 4 5 5 8 1 4 0 7 8 3 9 5 6 1 8 7 0 9 1 3 4 6 6 2 8 9 1 3 3 2 4 5 6 7 7 9 0 1
2 2 0 40 38 19
3 3 10 20 3 37 11 2
#c 7 2 7 0 4 5 5 8 1 4 0 7 8 3 9 5 6 1 8 0 0 9 1 3 4 6 6 2 8 9 1 3 3 2 4 5 6 7 0 9 7 1
1 2 30 19 10
4 3 41 17 8 22 20 3 38
#c 7 2 7 0 4 5 5 8 1 4 0 7 8 3 9 5 6 1 8 0 0 9 1 3 4 6 6 2 8 9 1 3 3 2 4 5 6 7 0 9 7 1
1 1 1 8
2 4 33 27 41 17 30 22
#c 7 2 7 0 4 5 5 8 1 4 0 7 8 3 9 5 6 1 8 0 0 9 1 3 4 6 6 2 8 9 1 3 3 2 4 5 6 7 0 9 7 1
1 2 13 28 7
3 2 23 31 32 18 12
#c 7 2 7 0 4 5 5 8 1 4 0 7 8 3 9 5 6 1 8 0 0 9 1 3 4 6 6 2 8 9 1 3 3 2 4 5 6 7 0 9 7 1
1 1 4 23
3 3 24 34 9 13 31 32
#c 7 2 7 0 4 5 5 8 1 4 0 7 8 3 9 5 6 1 8 0 0 9 1 3 4 6 6 2 8 9 1 3 3 2 4 5 6 7 0 9 7 1
1 1 35 17
3 4 5 15 6 41 30 8 22
#c 7 2 7 0 4 5 5 8 1 4 0 7 8 3 9 5 6 1 8 0 0 9 1 3 4 6 6 2 8 9 1 3 3 2 4 5 6 7 0 9 7 1
2 1 16 26 35
2 3 36 25 5 15 6
#c 7 2 7 0 4 5 5 8 1 4 0 7 8 3 9 5 6 1 8 0 0 9 1 3 4 6 6 2 8 9 1 3 3 2 4 5 6 7 0 9 7 1
1 1 40 30
4 4 37 11 2 0 41 17 8 22
#c 7 2 7 0 4 5 5 8 1 4 0 7 8 3 9 5 6 1 8 0 0 9 1 3 4 6 6 2 8 9 1 3 3 2 4 5 6 7 0 9 7 1
#c 7 2 7 0 4 5 5 8 1 4 0 7 8 3 9 5 6 1 8 0 0 9 1 3 4 6 6 2 8 9 1 3 3 2 4 5 6 7 0 9 7 1
1 1 29 15
3 3 39 14 21 5 35 6
#c 7 2 7 0 4 5 5 8 1 4 0 7 8 3 9 9 6 1 8 0 0 9 1 3 4 6 6 2 8 5 1 3 3 2 4 5 6 7 0 9 7 1
2 2 19 20 0 2
3 3 10 3 38 37 11 40
#c 7 2 7 0 4 5 5 8 1 4 0 7 8 3 9 9 6 1 8 0 0 9 1 3 4 6 6 2 8 5 1 3 3 2 4 5 6 7 0 9 7 1
2 2 30 22 27 33
3 1 41 17 8 1
#c 7 2 7 0 4 5 5 8 1 4 0 7 8 3 9 9 6 1 8 0 0 9 1 3 4 6 6 2 8 5 1 3 3 2 4 5 6 7 0 9 7 1
1 1 33 23
2 3 1 27 13 31 32
#c 7 2 7 0 4 5 5 8 1 4 0 7 8 3 9 9 6 1 8 0 0 9 1 3 4 6 6 2 8 5 1 3 3 2 4 5 6 7 0 9 7 1
1 1 31 29
3 3 13 23 32 5 35 6
#c 7 2 7 0 4 5 5 8 1 4 0 7 8 3 9 9 6 1 8 0 0 9 1 3 4 6 6 2 8 5 1 3 3 2 4 5 6 7 0 9 7 1
1 1 9 27
3 2 4 24 34 33 1
#c 7 2 7 0 4 5 5 8 1 4 0 7 8 3 9 9 6 1 8 0 0 9 1 3 4 6 6 2 8 5 1 3 3 2 4 5 6 7 0 9 7 1
1 1 29 4
3 3 5 35 6 24 34 9
#c 7 2 7 0 4 5 5 8 1 4 0 7 8 3 9 9 6 1 8 0 0 9 1 3 4 6 6 2 8 5 1 3 3 2 4 5 6 7 0 9 7 1
2 1 26 16 41
2 4 36 25 17 30 8 22
#c 7 2 7 0 4 5 5 8 1 4 0 7 8 3 9 9 6 1 8 0 0 9 1 3 4 6 6 2 8 5 1 3 3 2 4 5 6 7 0 9 7 1
1 2 40 21 15
4 2 37 11 2 0 39 14
#c 7 2 7 0 4 5 5 8 1 4 0 7 8 3 9 9 6 1 8 0 0 9 1 3 4 6 6 2 8 5 1 3 3 2 4 5 6 7 0 9 7 1
2 2 28 12 38 19
2 3 18 7 10 20 3
#c 7 2 7 0 4 5 5 8 1 4 0 7 8 3 9 9 6 1 8 0 0 9 1 3 4 6 6 2 8 5 1 3 3 2 4 5 6 7 0 9 7 1
2 2 39 21 31 23
2 2 14 15 13 32
#c 7 2 7 0 4 5 5 8 1 4 0 7 8 3 9 9 6 1 8 0 0 9 1 3 4 6 6 2 8 5 1 3 3 2 4 5 6 7 0 9 7 1
2 2 38 10 7 18
3 2 20 3 19 28 12
#c 7 2 7 0 4 5 5 0 1 4 8 7 8 3 9 9 6 1 0 0 0 9 1 3 4 6 6 2 8 5 1 3 3 2 4 5 6 7 8 9 7 1
1 1 17 20
4 4 41 30 8 22 3 19 7 18
#c 7 2 7 0 4 5 5 0 1 4 8 7 8 3 9 9 6 1 0 0 0 9 1 3 4 6 6 2 8 5 1 3 3 2 4 5 6 7 8 9 7 1
1 1 33 31
2 3 1 27 13 23 32
#c 7 2 7 0 4 5 5 0 1 4 8 7 8 3 9 9 6 1 0 0 0 9 1 3 4 6 6 2 8 5 1 3 3 2 4 5 6 7 8 9 7 1
1 1 13 26
3 3 23 31 32 16 36 25
#c 7 2 7 0 4 5 5 0 1 4 8 7 8 3 9 9 6 1 0 0 0 9 1 3 4 6 6 2 8 5 1 3 3 2 4 5 6 7 8 9 7 1
2 2 4 9 29 6
2 2 24 34 5 35
#c 7 2 7 0 5 5 4 0 1 5 8 7 8 3 9 9 6 1 0 0 0 9 1 3 4 6 6 2 8 4 1 3 3 2 4 5 6 7 8 9 7 1
2 3 35 4 21 39 14
2 1 5 9 15
#c 7 2 7 0 5 5 4 0 1 5 8 7 8 3 9 9 6 1 0 0 0 9 1 3 4 6 6 2 8 4 1 3 3 2 4 5 6 7 8 9 7 1
2 2 16 36 10 28
2 2 26 25 12 38
#c 7 2 7 0 5 5 4 0 1 5 8 7 8 3 9 9 6 1 0 0 0 9 1 3 4 6 6 2 8 4 1 3 3 2 4 5 6 7 8 9 7 1
1 1 37 3
4 4 11 2 0 40 20 19 7 18
#c 7 2 7 0 5 5 4 0 1 5 8 7 8 3 9 9 6 1 0 0 0 9 1 3 4 6 6 2 8 4 1 3 3 2 4 5 6 7 8 9 7 1
1 1 38 18
3 4 28 12 10 20 3 19 7
#c 7 2 7 0 5 5 4 0 1 5 8 7 8 3 9 9 6 1 0 0 0 9 1 3 4 6 6 2 8 4 1 3 3 2 4 5 6 7 8 9 7 1
1 1 39 10
3 3 14 21 15 28 12 38
#c 7 2 7 0 5 5 4 0 1 5 8 7 8 3 9 9 6 1 0 0 0 9 1 3 4 6 6 2 8 4 1 3 3 2 4 5 6 7 8 9 7 1
4 3 20 3 19 18 13 23 31
#c 7 2 7 0 5 5 4 3 1 5 8 7 8 3 9 9 6 1 0 0 0 9 1 3 4 6 6 2 8 4 1 3 0 2 4 5 6 7 8 9 7 1
1 1 8 20
4 4 41 17 30 22 3 19 18 32
#c 7 2 7 0 5 5 4 3 1 5 8 7 8 3 9 9 6 1 0 0 0 9 1 3 4 6 6 2 8 4 1 3 0 2 4 5 6 7 8 9 7 1
#c 7 2 7 0 5 5 4 3 1 5 8 7 8 3 9 9 6 1 0 0 0 9 1 3 4 6 6 2 8 4 1 3 0 2 4 5 6 7 8 9 7 1
1 1 7 4
3 3 13 23 31 5 35 9
#c 7 2 7 0 5 5 4 3 1 5 8 7 8 3 9 9 6 1 0 0 0 9 1 3 4 6 6 2 8 4 1 3 0 2 4 5 6 7 8 9 7 1
2 2 24 34 25 26
2 2 29 6 16 36
#c 7 2 7 0 5 5 4 3 1 5 8 7 8 3 9 9 6 1 0 0 0 9 1 3 6 4 4 2 8 4 1 3 0 2 6 5 6 7 8 9 7 1
#c 7 2 7 0 5 5 4 3 1 5 8 7 8 3 9 9 6 1 0 0 0 9 1 3 6 4 4 2 8 4 1 3 0 2 6 5 6 7 8 9 7 1
2 2 24 34 2 37
2 3 16 36 11 0 40
#c 7 2 7 0 5 5 4 3 1 5 8 7 8 3 9 9 6 1 0 0 0 9 1 3 6 4 4 2 8 4 1 3 0 2 6 5 6 7 8 9 7 1
1 1 40 18
4 4 37 11 2 0 20 3 19 32
#c 7 2 7 0 5 5 4 3 1 5 8 7 8 3 9 9 6 1 0 0 0 9 1 3 6 4 4 2 8 4 1 3 0 2 6 5 6 7 8 9 7 1
2 2 12 28 17 41
2 3 38 10 30 8 22
#c 7 2 7 0 5 5 4 3 1 5 8 7 8 3 9 9 6 1 0 0 0 9 1 3 6 4 4 2 8 4 1 3 0 2 6 5 6 7 8 9 7 1
2 2 21 14 13 7
2 2 39 15 23 31
#c 7 2 7 0 5 5 4 3 1 5 8 7 8 3 9 9 6 1 0 0 0 9 1 3 6 4 4 2 8 4 1 3 0 2 6 5 6 7 8 9 7 1
1 1 20 9
4 3 3 19 18 32 5 35 4
#c 7 2 7 0 5 5 4 3 1 5 8 7 8 3 9 9 6 1 0 0 0 9 1 3 6 4 4 2 8 4 1 3 0 2 6 5 6 7 8 9 7 1
2 2 17 22 18 3
3 3 41 30 8 20 19 32
#c 7 2 7 0 5 5 4 3 1 5 8 7 8 3 9 9 6 1 0 0 0 9 1 3 6 4 4 2 8 4 1 3 0 2 6 5 6 7 8 9 7 1
1 1 33 2
2 4 1 27 37 11 0 40
#c 7 2 7 0 5 5 4 3 1 5 8 7 8 3 9 9 6 1 0 0 0 9 1 3 6 4 4 2 8 4 1 3 0 2 6 5 6 7 8 9 7 1
1 2 31 21 15
3 2 13 23 7 39 14
#c 7 2 7 0 5 5 4 3 1 5 8 7 8 3 9 9 6 1 0 0 0 9 1 3 6 4 4 2 8 4 1 3 0 2 6 5 6 7 8 9 7 1
1 1 6 4
3 3 29 25 26 5 35 9
#c 7 2 7 0 5 5 4 3 1 5 8 7 8 3 9 9 6 1 0 0 0 9 1 3 6 4 4 2 8 4 1 3 0 2 6 5 6 7 8 9 7 1
2 2 4 9 33 1
2 1 5 35 27
#c 7 2 7 0 5 5 4 3 1 5 8 7 8 3 9 9 6 1 0 0 0 9 1 3 6 4 4 2 8 4 1 3 0 2 6 5 6 7 8 9 7 1
#c 7 2 7 0 5 5 4 3 1 5 8 7 8 3 9 9 6 1 0 0 0 9 1 3 6 4 4 2 8 4 1 3 0 2 6 5 6 7 8 9 7 1
2 2 0 11 7 31
3 2 37 2 40 13 23
#c 7 2 7 0 5 5 4 3 1 5 8 7 8 3 9 9 6 1 0 0 0 9 1 3 6 4 4 2 8 4 1 3 0 2 6 5 6 7 8 9 7 1
1 1 10 20
3 4 28 12 38 3 19 18 32
#c 7 2 7 0 5 5 4 3 1 5 8 7 8 3 9 9 6 1 0 0 0 9 1 3 6 4 4 2 8 4 1 3 0 2 6 5 6 7 8 9 7 1
1 1 21 32
3 4 39 14 15 20 3 19 18
#c 7 2 7 0 5 5 4 3 1 5 8 7 8 3 9 9 6 1 0 0 0 9 1 3 6 4 4 2 8 4 1 3 0 2 6 5 6 7 8 9 7 1
1 1 3 15
4 3 20 19 18 32 39 14 21
#c 7 2 7 0 5 5 4 3 1 5 8 7 8 3 9 9 6 1 0 0 0 9 1 3 6 4 4 2 8 4 1 3 0 2 6 5 6 7 8 9 7 1
1 3 22 38 12 28
4 1 41 17 30 8 10
#c 7 2 7 0 5 5 4 3 1 5 8 7 8 3 9 9 6 1 0 0 0 9 1 3 6 4 4 2 8 4 1 3 0 2 6 5 6 7 8 9 7 1
1 1 27 39
2 3 33 1 14 21 15
#c 7 2 7 0 5 5 4 3 1 5 8 7 8 3 9 9 6 1 0 0 0 9 1 3 6 4 4 2 8 4 1 3 0 2 6 5 6 7 8 9 7 1
1 1 23 28
3 3 13 31 7 12 38 10
#c 7 2 7 0 5 5 4 3 1 5 8 7 8 3 9 9 6 1 0 0 0 9 1 3 6 4 4 2 8 4 1 3 0 2 6 5 6 7 8 9 7 1
2 2 6 26 13 31
2 2 29 25 23 7
#c 7 2 7 0 5 5 4 3 1 5 8 7 8 3 9 9 6 1 0 0 0 9 1 3 6 4 4 2 8 4 1 3 0 2 6 5 6 7 8 9 7 1
2 2 35 9 16 36
2 2 5 4 24 34
#c 7 2 7 0 5 5 4 3 1 5 8 7 8 3 9 9 6 1 0 0 0 9 1 3 6 4 4 2 8 4 1 3 0 2 6 5 6 7 8 9 7 1
1 1 16 19
3 4 36 24 34 20 3 18 32
#c 7 2 7 0 5 5 4 3 1 5 8 7 8 3 9 9 6 1 0 0 0 9 1 3 6 4 4 2 8 4 1 3 0 2 6 5 6 7 8 9 7 1
1 1 2 19
4 4 37 11 0 40 20 3 18 32
#c 7 2 7 0 5 5 4 3 1 5 8 7 8 3 9 9 6 1 0 0 0 9 1 3 6 4 4 2 8 4 1 3 0 2 6 5 6 7 8 9 7 1
2 2 28 10 32 19
2 3 12 38 20 3 18
#c 7 2 7 0 5 5 4 3 1 5 8 7 8 3 9 9 6 1 0 0 0 9 1 3 6 4 4 2 8 4 1 3 0 2 6 5 6 7 8 9 7 1
2 2 39 21 41 30
2 3 14 15 17 8 22
#c 7 2 7 0 5 5 4 3 1 5 8 7 8 3 9 9 6 1 0 0 0 9 1 3 6 4 4 2 8 4 1 3 0 2 6 5 6 7 8 9 7 1
#c 7 2 7 0 5 5 4 3 1 5 8 7 8 3 9 9 6 1 0 0 0 9 1 3 6 4 4 2 8 4 1 3 0 2 6 5 6 7 8 9 7 1
1 1 41 10
4 3 17 30 8 22 28 12 38
#c 7 2 7 0 5 5 4 3 1 5 8 7 8 3 9 9 6 1 0 0 0 9 1 3 6 4 4 2 8 4 1 3 0 2 6 5 6 7 8 9 7 1
1 1 1 40
2 4 33 27 37 11 2 0
#c 7 2 7 0 5 5 4 3 1 5 8 7 8 3 9 9 6 1 0 0 0 9 1 3 6 4 4 2 8 4 1 3 0 2 6 5 6 7 8 9 7 1
1 1 7 20
3 4 13 23 31 3 19 18 32
#c 7 2 7 0 5 5 4 3 1 5 8 7 8 3 9 9 6 1 0 0 0 9 1 3 6 4 4 2 8 4 1 3 0 2 6 5 6 7 8 9 7 1
3 3 6 25 26 5 35 9
#c 7 2 7 0 5 5 4 3 1 5 8 7 8 3 9 9 6 1 0 0 0 9 1 3 6 4 4 2 8 4 1 3 0 2 6 5 6 7 8 9 7 1
#c 7 2 7 0 5 5 4 3 1 5 8 7 8 3 9 9 6 1 0 0 0 9 1 3 6 4 4 2 8 4 1 3 0 2 6 5 6 7 8 9 7 1
#c 7 2 7 0 5 5 4 3 1 5 8 7 8 3 9 9 6 1 0 0 0 9 1 3 6 4 4 2 8 4 1 3 0 2 6 5 6 7 8 9 7 1
1 1 37 33
4 2 11 2 0 40 1 27
#c 7 2 7 0 5 5 4 3 1 5 8 7 8 3 9 9 6 1 0 0 0 9 1 3 6 4 4 2 8 4 1 3 0 2 6 5 6 7 8 9 7 1
1 1 38 6
3 3 28 12 10 29 25 26
#c 7 2 7 0 5 5 4 3 1 5 8 7 8 3 9 9 6 1 0 0 0 9 1 3 6 4 4 2 8 4 1 3 0 2 6 5 6 7 8 9 7 1
2 2 15 14 12 38
2 2 39 21 28 10
#c 7 2 7 0 5 5 4 3 1 5 8 7 9 3 8 8 6 1 0 0 0 9 1 3 6 4 4 2 8 4 1 3 0 2 6 5 6 7 9 9 7 1
2 3 32 18 40 11 2
3 2 20 3 19 37 0
#c 7 2 7 0 5 5 4 3 1 5 8 7 9 3 8 8 6 1 0 0 0 9 1 3 6 4 4 2 8 4 1 3 0 2 6 5 6 7 9 9 7 1
2 2 17 41 27 1
3 1 30 8 22 33
#c 7 2 7 0 5 5 4 3 1 5 8 7 9 3 8 8 6 1 0 0 0 9 1 3 6 4 4 2 8 4 1 3 0 2 6 5 6 7 9 9 7 1
1 1 33 32
2 4 1 27 20 3 19 18
#c 7 2 7 0 5 5 4 3 1 5 8 7 9 3 8 8 6 1 0 0 0 9 1 3 6 4 4 2 8 4 1 3 0 2 6 5 6 7 9 9 7 1
1 1 23 21
3 3 13 31 7 39 12 38
#c 7 2 7 0 5 5 4 3 1 5 8 7 9 3 8 8 6 1 0 0 0 9 1 3 6 4 4 2 8 4 1 3 0 2 6 5 6 7 9 9 7 1
7 2 7 0 5 5 4 3 1 5 8 7 9 3 8 8 6 1 0 0 0 9 1 3 6 4 4 2 8 4 1 3 0 2 6 5 6 7 9 9 7 1
