#c 0 1 0 1 0 1 0 1 0 1 0 1 0 1 0 1 0 1 0 1 0 1 0 1 0 1 0 1 0 1 0 1 0 1 0 1 0 1 0 1 0 1 0 1 0 1 0 1 0 1 0 1 0 1 0 1 0 1 0 1 0 1 0 1 0
#c 0 1 0 1 0 1 0 1 0 1 0 1 0 1 0 1 0 1 0 1 0 1 0 1 0 1 0 1 0 1 0 1 0 1 0 1 0 1 0 1 0 1 0 1 0 1 0 1 0 1 0 1 0 1 0 1 0 1 0 1 0 1 0 1 0
#c 0 1 0 1 0 1 0 1 0 1 0 1 0 1 0 1 0 1 0 1 0 1 0 1 0 1 0 1 0 1 0 1 0 1 0 1 0 1 0 1 0 1 0 1 0 1 0 1 0 1 0 1 0 1 0 1 0 1 0 1 0 1 0 1 0
#c 0 1 0 1 0 1 0 1 0 1 0 1 0 1 0 1 0 1 0 1 0 1 0 1 0 1 0 1 0 1 0 1 0 1 0 1 0 1 0 1 0 1 0 1 0 1 0 1 0 1 0 1 0 1 0 1 0 1 0 1 0 1 0 1 0
9 9 2 62 16 60 24 0 58 12 52 19 1 57 15 51 21 47 17 23
24 23 4 6 8 10 14 18 20 22 26 28 30 32 34 36 38 40 42 44 46 48 50 54 56 64 3 5 7 9 11 13 25 27 29 31 33 35 37 39 41 43 45 49 53 55 59 61 63
#c 0 1 0 1 0 1 0 1 0 1 0 1 0 1 0 1 0 1 0 1 0 1 0 1 0 1 0 1 0 1 0 1 0 1 0 1 0 1 0 1 0 1 0 1 0 1 0 1 0 1 0 1 0 1 0 1 0 1 0 1 0 1 0 1 0
#c 0 1 0 1 0 1 0 1 0 1 0 1 0 1 0 1 0 1 0 1 0 1 0 1 0 1 0 1 0 1 0 1 0 1 0 1 0 1 0 1 0 1 0 1 0 1 0 1 0 1 0 1 0 1 0 1 0 1 0 1 0 1 0 1 0
#c 0 1 0 1 0 1 0 1 0 1 0 1 0 1 0 1 0 1 0 1 0 1 0 1 0 1 0 1 0 1 0 1 0 1 0 1 0 1 0 1 0 1 0 1 0 1 0 1 0 1 0 1 0 1 0 1 0 1 0 1 0 1 0 1 0
8 8 19 5 43 55 13 37 45 1 52 16 36 0 24 50 28 34
24 25 3 7 9 11 15 17 21 23 25 27 29 31 33 35 39 41 47 49 51 53 57 59 61 63 2 4 6 8 10 12 14 18 20 22 26 30 32 38 40 42 44 46 48 54 56 58 60 62 64
#c 1 0 0 1 0 0 0 1 0 1 0 1 0 0 0 1 1 1 0 0 0 1 0 1 1 1 0 1 1 1 0 1 0 1 1 1 1 0 0 1 0 1 0 0 0 0 0 1 0 1 1 1 1 1 0 0 0 1 0 1 0 1 0 1 0
#c 1 0 0 1 0 0 0 1 0 1 0 1 0 0 0 1 1 1 0 0 0 1 0 1 1 1 0 1 1 1 0 1 0 1 1 1 1 0 0 1 0 1 0 0 0 0 0 1 0 1 1 1 1 1 0 0 0 1 0 1 0 1 0 1 0
#c 1 0 0 1 0 0 0 1 0 1 0 1 0 0 0 1 1 1 0 0 0 1 0 1 1 1 0 1 1 1 0 1 0 1 1 1 1 0 0 1 0 1 0 0 0 0 0 1 0 1 1 1 1 1 0 0 0 1 0 1 0 1 0 1 0
16 16 46 60 4 48 54 45 62 19 42 38 12 58 1 30 43 64 39 36 61 52 3 51 11 25 47 21 50 49 7 33 16 27
17 16 2 6 8 10 14 18 20 22 26 32 40 44 56 5 55 13 37 9 15 17 23 29 31 35 41 53 57 59 63 0 24 28 34
#c 1 0 0 1 0 0 0 1 0 1 0 1 0 0 0 1 1 1 0 0 0 1 0 1 1 1 0 1 1 1 0 1 0 1 1 1 1 0 0 1 0 1 0 0 0 0 0 1 0 1 1 1 1 1 0 0 0 1 0 1 0 1 0 1 0
#c 1 0 0 1 0 0 0 1 0 1 0 1 0 0 0 1 1 1 0 0 0 1 0 1 1 1 0 1 1 1 0 1 0 1 1 1 1 0 0 1 0 1 0 0 0 0 0 1 0 1 1 1 1 1 0 0 0 1 0 1 0 1 0 1 0
#c 1 0 0 1 0 0 0 1 0 1 0 1 0 0 0 1 1 1 0 0 0 1 0 1 1 1 0 1 1 1 0 1 0 1 1 1 1 0 0 1 0 1 0 0 0 0 0 1 0 1 1 1 1 1 0 0 0 1 0 1 0 1 0 1 0
1 1 16 26
31 32 3 7 9 11 15 17 21 23 25 27 29 31 33 35 39 41 47 49 51 53 57 59 61 63 52 36 0 24 50 28 34 2 4 6 8 10 12 14 18 20 22 30 32 38 40 42 44 46 48 54 56 58 60 62 64 19 5 43 55 13 37 45 1
#c 1 0 0 1 0 0 0 1 0 1 0 1 0 0 0 1 1 1 0 0 0 1 0 1 1 1 0 1 1 1 0 1 0 1 1 1 1 0 0 1 0 1 0 0 0 0 0 1 0 1 1 1 1 1 0 0 0 1 0 1 0 1 0 1 0
#c 1 0 0 1 0 0 0 1 0 1 0 1 0 0 0 1 1 1 0 0 0 1 0 1 1 1 0 1 1 1 0 1 0 1 1 1 1 0 0 1 0 1 0 0 0 0 0 1 0 1 1 1 1 1 0 0 0 1 0 1 0 1 0 1 0
#c 1 0 0 1 0 0 0 1 0 1 0 1 0 0 0 1 1 1 0 0 0 1 0 1 1 1 0 1 1 1 0 1 0 1 1 1 1 0 0 1 0 1 0 0 0 0 0 1 0 1 1 1 1 1 0 0 0 1 0 1 0 1 0 1 0
#c 1 0 0 1 0 0 0 1 0 1 0 1 0 0 0 1 1 1 0 0 0 1 0 1 1 1 0 1 1 1 0 1 0 1 1 1 1 0 0 1 0 1 0 0 0 0 0 1 0 1 1 1 1 1 0 0 0 1 0 1 0 1 0 1 0
3 3 9 33 52 13 19 14
29 30 3 7 11 15 17 21 23 25 27 29 31 35 39 41 47 49 51 53 57 59 61 63 16 36 0 24 50 28 34 2 4 6 8 10 12 18 20 22 26 30 32 38 40 42 44 46 48 54 56 58 60 62 64 5 43 55 37 45 1
#c 1 0 0 1 0 0 0 1 0 1 0 1 0 0 0 1 1 1 0 0 0 1 0 1 1 1 0 1 1 1 0 1 0 1 1 1 1 0 0 1 0 1 0 0 0 0 0 1 0 1 1 1 1 1 0 0 0 1 0 1 0 1 0 1 0
6 8 48 42 55 46 26 56 31 33 50 51 36 53 39 59
27 24 2 4 6 8 10 12 14 18 20 22 30 32 38 40 44 54 58 60 62 64 19 5 43 13 37 45 1 3 7 9 11 15 17 21 23 25 27 29 35 41 47 49 57 61 63 52 16 0 24 28 34
#c 1 0 0 1 0 0 0 1 0 1 0 1 0 0 0 1 1 1 0 0 0 1 0 1 1 1 0 1 1 1 0 1 0 1 1 1 1 0 0 1 0 1 0 0 0 0 0 1 0 1 1 1 1 1 0 0 0 1 0 1 0 1 0 1 0
#c 1 0 0 1 0 0 0 1 0 1 0 1 0 0 0 1 1 1 0 0 0 1 0 1 1 1 0 1 1 1 0 1 0 1 1 1 1 0 0 1 0 1 0 0 0 0 0 1 0 1 1 1 1 1 0 0 0 1 0 1 0 1 0 1 0
4 4 30 14 54 8 53 15 63 47
29 28 2 4 6 10 12 18 20 22 26 32 38 40 42 44 46 48 56 58 60 62 64 19 5 43 55 13 37 45 1 3 7 9 11 17 21 23 25 27 29 31 33 35 39 41 49 51 57 59 61 52 16 36 0 24 50 28 34
#c 1 0 0 1 0 0 0 1 0 1 0 1 0 0 0 1 1 1 0 0 0 1 0 1 1 1 0 1 1 1 0 1 0 1 1 1 1 0 0 1 0 1 0 0 0 0 0 1 0 1 1 1 1 1 0 0 0 1 0 1 0 1 0 1 0
12 11 29 31 21 57 27 0 7 63 11 23 17 59 4 2 13 42 54 60 6 64 30 26 58
20 22 3 9 15 25 33 35 39 41 47 49 51 53 61 52 16 36 24 50 28 34 8 10 12 14 18 20 22 32 38 40 44 46 48 56 62 19 5 43 55 37 45 1
#c 1 0 0 1 0 0 0 1 0 1 0 1 0 0 0 1 1 1 0 0 0 1 0 1 1 1 0 1 1 1 0 1 0 1 1 1 1 0 0 1 0 1 0 0 0 0 0 1 0 1 1 1 1 1 0 0 0 1 0 1 0 1 0 1 0
2 2 22 40 51 33
31 30 2 4 6 8 10 12 14 18 20 26 30 32 38 42 44 46 48 54 56 58 60 62 64 19 5 43 55 13 37 45 1 3 7 9 11 15 17 21 23 25 27 29 31 35 39 41 47 49 53 57 59 61 63 52 16 36 0 24 50 28 34
#c 1 0 0 1 0 0 0 1 0 1 0 1 0 0 0 1 1 1 0 0 0 1 1 1 1 1 0 1 1 1 0 1 0 0 1 1 1 0 0 1 1 1 0 0 0 0 0 1 0 1 1 0 1 1 0 0 0 1 0 1 0 1 0 1 0
#c 1 0 0 1 0 0 0 1 0 1 0 1 0 0 0 1 1 1 0 0 0 1 1 1 1 1 0 1 1 1 0 1 0 0 1 1 1 0 0 1 1 1 0 0 0 0 0 1 0 1 1 0 1 1 0 0 0 1 0 1 0 1 0 1 0
#c 1 0 0 1 0 0 0 1 0 1 0 1 0 0 0 1 1 1 0 0 0 1 1 1 1 1 0 1 1 1 0 1 0 0 1 1 1 0 0 1 1 1 0 0 0 0 0 1 0 1 1 0 1 1 0 0 0 1 0 1 0 1 0 1 0
14 16 47 11 28 53 17 15 3 25 52 41 57 39 29 23 51 14 20 30 37 48 19 4 42 8 5 10 1 56 55 26
18 17 7 9 21 27 31 35 49 59 61 63 16 36 0 24 50 34 22 40 2 6 12 18 32 38 44 46 54 58 60 62 64 43 13 45 33
#c 1 0 0 1 0 0 0 1 0 1 0 1 0 0 0 1 1 1 0 0 0 1 1 1 1 1 0 1 1 1 0 1 0 0 1 1 1 0 0 1 1 1 0 0 0 0 0 1 0 1 1 0 1 1 0 0 0 1 0 1 0 1 0 1 0
#c 1 0 0 1 0 0 0 1 0 1 0 1 0 0 0 1 1 1 0 0 0 1 1 1 1 1 0 1 1 1 0 1 0 0 1 1 1 0 0 1 1 1 0 0 0 0 0 1 0 1 1 0 1 1 0 0 0 1 0 1 0 1 0 1 0
#c 1 0 0 1 0 0 0 1 0 1 0 1 0 0 0 1 1 1 0 0 0 1 1 1 1 1 0 1 1 1 0 1 0 0 1 1 1 0 0 1 1 1 0 0 0 0 0 1 0 1 1 0 1 1 0 0 0 1 0 1 0 1 0 1 0
11 11 56 19 44 60 20 8 10 26 1 5 37 21 39 57 47 22 52 35 53 49 63 34
22 21 2 4 6 12 14 18 30 32 38 42 46 48 54 58 62 64 43 55 13 45 51 33 3 7 9 11 15 17 23 25 27 29 31 41 59 61 16 36 0 24 50 28 40
#c 1 0 0 1 0 0 0 1 0 1 0 1 0 0 0 1 1 1 0 0 0 1 1 1 1 1 0 1 1 1 0 1 0 0 1 1 1 0 0 1 1 1 0 0 0 0 0 1 0 1 1 0 1 1 0 0 0 1 0 1 0 1 0 1 0
11 11 61 34 16 15 11 52 24 29 7 25 41 10 62 12 43 19 1 44 33 32 56 54
21 22 3 9 17 21 23 27 31 35 39 47 49 53 57 59 63 36 0 50 28 22 40 2 4 6 8 14 18 20 26 30 38 42 46 48 58 60 64 5 55 13 37 45 51
#c 1 0 0 1 0 0 0 1 0 1 0 1 0 0 0 1 1 1 0 0 0 1 1 1 1 1 0 1 1 1 0 1 0 0 1 1 1 0 0 1 1 1 0 0 0 0 0 1 0 1 1 0 1 1 0 0 0 1 0 1 0 1 0 1 0
9 9 12 37 62 8 46 14 51 4 42 39 28 52 36 41 61 47 22 31
24 23 2 6 10 18 20 26 30 32 38 44 48 54 56 58 60 64 19 5 43 55 13 45 1 33 3 7 9 11 15 17 21 23 25 27 29 35 49 53 57 59 63 16 0 24 50 34 40
#c 1 0 0 1 0 0 0 1 0 1 0 1 0 0 0 1 1 1 0 0 0 1 1 1 1 1 0 1 1 1 0 1 0 0 1 1 1 0 0 1 1 1 0 0 0 0 0 1 0 1 1 0 1 1 0 0 0 1 0 1 0 1 0 1 0
5 5 40 15 3 34 47 13 18 6 20 26
27 28 7 9 11 17 21 23 25 27 29 31 35 39 41 49 53 57 59 61 63 52 16 36 0 24 50 28 22 2 4 8 10 12 14 30 32 38 42 44 46 48 54 56 58 60 62 64 19 5 43 55 37 45 1 51 33
#c 1 0 0 1 0 0 0 1 0 1 0 1 0 0 0 1 1 1 0 0 0 1 1 1 1 1 0 1 1 1 0 1 0 0 1 1 1 0 0 1 1 1 0 0 0 0 0 1 0 1 1 0 1 1 0 0 0 1 0 1 0 1 0 1 0
10 9 55 26 46 45 13 19 42 43 4 6 47 27 9 17 11 16 53 22 28
23 23 2 8 10 12 14 18 20 30 32 38 44 48 54 56 58 60 62 64 5 37 1 51 33 3 7 15 21 23 25 29 31 35 39 41 49 57 59 61 63 52 36 0 24 50 34 40
#c 1 0 0 1 0 0 0 1 0 1 0 1 0 0 0 1 1 1 0 0 0 1 1 1 1 1 0 1 1 1 0 1 0 0 1 1 1 0 0 1 1 1 0 0 0 0 0 1 0 1 1 0 1 1 0 0 0 1 0 1 0 1 0 1 0
#c 1 0 0 1 0 0 0 1 0 1 0 1 0 0 0 1 1 1 0 0 0 1 1 1 1 1 0 1 1 1 0 1 0 0 1 1 1 0 0 1 1 1 0 0 0 0 0 1 0 1 1 0 1 1 0 0 0 1 0 1 0 1 0 1 0
4 4 60 6 37 2 29 23 59 16
29 28 4 8 10 12 14 18 20 26 30 32 38 42 44 46 48 54 56 58 62 64 19 5 43 55 13 45 1 51 33 3 7 9 11 15 17 21 25 27 31 35 39 41 47 49 53 57 61 63 52 36 0 24 50 28 34 22 40
#c 1 0 0 1 0 0 0 1 0 1 0 1 0 0 0 1 1 1 0 0 0 1 1 1 1 1 0 1 1 1 0 1 0 0 1 1 1 0 0 1 1 1 0 0 0 0 0 1 0 1 1 0 1 1 0 0 0 1 0 1 0 1 0 1 0
#c 1 0 0 1 0 0 0 1 0 1 0 1 0 0 0 1 1 1 0 0 0 1 1 1 1 1 0 1 1 1 0 1 0 0 1 1 1 0 0 1 1 1 0 0 0 0 0 1 0 1 1 0 1 1 0 0 0 1 0 1 0 1 0 1 0
#c 1 0 0 1 0 0 0 1 0 1 0 1 0 0 0 1 1 1 0 0 0 1 1 1 1 1 0 1 1 1 0 1 0 0 1 1 1 0 0 1 1 1 0 0 0 0 0 1 0 1 1 0 1 1 0 0 0 1 0 1 0 1 0 1 0
14 14 24 23 61 34 15 47 22 57 41 40 0 16 29 36 37 19 18 43 10 32 14 1 56 2 12 44 54 30
18 19 3 7 9 11 17 21 25 27 31 35 39 49 53 59 63 52 50 28 4 6 8 20 26 38 42 46 48 58 60 62 64 5 55 13 45 51 33
#c 1 0 0 1 0 0 0 1 0 1 0 1 0 0 0 1 1 1 0 0 0 1 1 1 1 1 0 1 1 1 0 1 0 0 1 1 1 0 0 1 1 1 0 0 0 0 0 1 0 1 1 0 1 1 0 0 0 1 0 1 0 1 0 1 0
#c 1 0 0 1 0 0 0 1 0 1 0 1 0 0 0 1 1 1 0 0 0 1 1 1 1 1 0 1 1 1 0 1 0 0 1 1 1 0 0 1 1 1 0 0 0 0 0 1 0 1 1 0 1 1 0 0 0 1 0 1 0 1 0 1 0
10 9 3 34 40 57 61 11 23 15 9 24 60 58 51 12 45 4 32 37 19
22 24 7 17 21 25 27 29 31 35 39 41 47 49 53 59 63 52 16 36 0 50 28 22 2 6 8 10 14 18 20 26 30 38 42 44 46 48 54 56 62 64 5 43 55 13 1 33
#c 1 0 0 1 0 0 0 1 0 1 0 1 0 0 0 1 1 1 0 0 0 1 1 1 1 1 0 1 1 1 0 1 0 0 1 1 1 0 0 1 1 1 0 0 0 0 0 1 0 1 1 0 1 1 0 0 0 1 0 1 0 1 0 1 0
#c 1 0 0 1 0 0 0 1 0 1 0 1 0 0 0 1 1 1 0 0 0 1 1 1 1 1 0 1 1 1 0 1 0 0 1 1 1 0 0 1 1 1 0 0 0 0 0 1 0 1 1 0 1 1 0 0 0 1 0 1 0 1 0 1 0
4 4 16 28 52 34 60 55 26 58
28 29 3 7 9 11 15 17 21 23 25 27 29 31 35 39 41 47 49 53 57 59 61 63 36 0 24 50 22 40 2 4 6 8 10 12 14 18 20 30 32 38 42 44 46 48 54 56 62 64 19 5 43 13 37 45 1 51 33
#c 1 0 0 1 0 0 0 1 0 1 0 1 0 0 0 1 1 1 0 0 0 1 1 1 1 1 0 1 1 1 0 1 0 0 1 1 1 0 0 1 1 1 0 0 0 0 0 1 0 1 1 0 1 1 0 0 0 1 0 1 0 1 0 1 0
8 8 33 18 64 46 32 6 43 10 15 47 25 22 0 50 36 53
25 24 2 4 8 12 14 20 26 30 38 42 44 48 54 56 58 60 62 19 5 55 13 37 45 1 51 3 7 9 11 17 21 23 27 29 31 35 39 41 49 57 59 61 63 52 16 24 28 34 40
#c 1 0 0 1 0 0 0 1 0 1 0 1 0 0 0 1 1 1 0 0 0 1 1 1 1 1 0 1 1 1 0 1 0 0 1 1 1 0 0 1 1 1 0 0 0 0 0 1 0 1 1 0 1 1 0 0 0 1 0 1 0 1 0 1 0
#c 1 0 0 1 0 0 0 1 0 1 0 1 0 0 0 1 1 1 0 0 0 1 1 1 1 1 0 1 1 1 0 1 0 0 1 1 1 0 0 1 1 1 0 0 0 0 0 1 0 1 1 0 1 1 0 0 0 1 0 1 0 1 0 1 0
1 1 8 50
32 31 2 4 6 10 12 14 18 20 26 30 32 38 42 44 46 48 54 56 58 60 62 64 19 5 43 55 13 37 45 1 51 33 3 7 9 11 15 17 21 23 25 27 29 31 35 39 41 47 49 53 57 59 61 63 52 16 36 0 24 28 34 22 40
#c 1 0 0 1 0 0 0 1 0 1 0 1 0 0 0 1 1 1 0 0 0 1 1 1 1 1 0 1 1 1 0 1 0 0 1 1 1 0 0 1 1 1 0 0 0 0 0 1 0 1 1 0 1 1 0 0 0 1 0 1 0 1 0 1 0
16 16 34 7 53 27 25 40 17 36 21 16 11 52 57 29 47 39 30 8 10 62 44 12 13 60 5 38 54 18 45 26 46 37
16 17 3 9 15 23 31 35 41 49 59 61 63 0 24 50 28 22 2 4 6 14 20 32 42 48 56 58 64 19 43 55 1 51 33
#c 1 0 0 1 0 1 0 0 1 1 1 0 1 1 0 1 0 0 1 0 0 0 1 1 1 0 1 0 1 0 1 1 0 0 0 1 0 1 1 0 0 1 0 0 1 1 1 0 0 1 1 0 0 0 1 0 0 0 0 1 1 1 1 1 0
15 15 56 64 34 20 32 11 58 7 52 2 40 42 55 33 21 18 31 46 41 50 45 49 44 9 12 3 5 0 26 13
18 17 4 6 14 48 19 43 1 51 53 27 25 17 36 16 57 29 47 39 15 23 35 59 61 63 24 28 22 30 8 10 62 60 38 54 37
#c 1 0 0 1 0 1 0 0 1 1 1 0 1 1 0 1 0 0 1 0 0 0 1 1 1 0 1 0 1 0 1 1 0 0 0 1 0 1 1 0 0 1 0 0 1 1 1 0 0 1 1 0 0 0 1 0 0 0 0 1 1 1 1 1 0
#c 1 0 0 1 0 1 0 0 1 1 1 0 1 1 0 1 0 0 1 0 0 0 1 1 1 0 1 0 1 0 1 1 0 0 0 1 0 1 1 0 0 1 0 0 1 1 1 0 0 1 1 0 0 0 1 0 0 0 0 1 1 1 1 1 0
#c 1 0 0 1 0 1 0 0 1 1 1 0 1 1 0 1 0 0 1 0 0 0 1 1 1 0 1 0 1 0 1 1 0 0 0 1 0 1 1 0 0 1 0 0 1 1 1 0 0 1 1 0 0 0 1 0 0 0 0 1 1 1 1 1 0
1 3 31 42 16 4
31 30 3 9 15 23 35 41 49 59 61 63 0 24 50 28 22 30 8 10 62 44 12 13 60 5 38 54 18 45 26 46 37 2 6 14 20 32 48 56 58 64 19 43 55 1 51 33 34 7 53 27 25 40 17 36 21 11 52 57 29 47 39
#c 1 0 0 1 0 1 0 0 1 1 1 0 1 1 0 1 0 0 1 0 0 0 1 1 1 0 1 0 1 0 1 1 0 0 0 1 0 1 1 0 0 1 0 0 1 1 1 0 0 1 1 0 0 0 1 0 0 0 0 1 1 1 1 1 0
#c 1 0 0 1 0 1 0 0 1 1 1 0 1 1 0 1 0 0 1 0 0 0 1 1 1 0 1 0 1 0 1 1 0 0 0 1 0 1 1 0 0 1 0 0 1 1 1 0 0 1 1 0 0 0 1 0 0 0 0 1 1 1 1 1 0
#c 1 0 0 1 0 1 0 0 1 1 1 0 1 1 0 1 0 0 1 0 0 0 1 1 1 0 1 0 1 0 1 1 0 0 0 1 0 1 1 0 0 1 0 0 1 1 1 0 0 1 1 0 0 0 1 0 0 0 0 1 1 1 1 1 0
#c 1 0 0 1 0 1 0 0 1 1 1 0 1 1 0 1 0 0 1 0 0 0 1 1 1 0 1 0 1 0 1 1 0 0 0 1 0 1 1 0 0 1 0 0 1 1 1 0 0 1 1 0 0 0 1 0 0 0 0 1 1 1 1 1 0
8 8 8 61 59 3 9 31 50 0 17 42 58 7 47 1 25 11
24 25 15 23 35 41 49 63 24 28 22 30 10 62 44 12 13 60 5 38 54 18 45 26 46 37 2 4 6 14 20 32 48 56 64 19 43 55 51 33 34 53 27 40 36 21 16 52 57 29 39
#c 1 0 0 1 0 1 0 0 1 1 1 0 1 1 0 1 0 0 1 0 0 0 1 1 1 0 1 0 1 0 1 1 0 0 0 1 0 1 1 0 0 1 0 0 1 1 1 0 0 1 1 0 0 0 1 0 0 0 0 1 1 1 1 1 0
#c 1 0 0 1 0 1 0 0 1 1 1 0 1 1 0 1 0 0 1 0 0 0 1 1 1 0 1 0 1 0 1 1 0 0 0 1 0 1 1 0 0 1 0 0 1 1 1 0 0 1 1 0 0 0 1 0 0 0 0 1 1 1 1 1 0
#c 1 0 0 1 0 1 0 0 1 1 1 0 1 1 0 1 0 0 1 0 0 0 1 1 1 0 1 0 1 0 1 1 0 0 0 1 0 1 1 0 0 1 0 0 1 1 1 0 0 1 1 0 0 0 1 0 0 0 0 1 1 1 1 1 0
#c 1 0 0 1 0 1 0 0 1 1 1 0 1 1 0 1 0 0 1 0 0 0 1 1 1 0 1 0 1 0 1 1 0 0 0 1 0 1 1 0 0 1 0 0 1 1 1 0 0 1 1 0 0 0 1 0 0 0 0 1 1 1 1 1 0
3 3 18 22 30 14 11 1
29 30 3 9 15 23 31 35 41 49 59 61 63 0 24 50 28 8 10 62 44 12 13 60 5 38 54 45 26 46 37 2 4 6 20 32 42 48 56 58 64 19 43 55 51 33 34 7 53 27 25 40 17 36 21 16 52 57 29 47 39
#c 1 0 0 1 0 1 0 0 1 1 1 0 1 1 0 1 0 0 1 0 0 0 1 1 1 0 1 0 1 0 1 1 0 0 0 1 0 1 1 0 0 1 0 0 1 1 1 0 0 1 1 0 0 0 1 0 0 0 0 1 1 1 1 1 0
4 4 33 56 34 11 49 37 30 54
29 28 2 4 6 14 20 32 42 48 58 64 19 43 55 1 51 7 53 27 25 40 17 36 21 16 52 57 29 47 39 3 9 15 23 31 35 41 59 61 63 0 24 50 28 22 8 10 62 44 12 13 60 5 38 18 45 26 46
#c 1 0 0 1 0 1 0 0 1 1 1 0 1 1 0 1 0 0 1 0 0 0 1 1 1 0 1 0 1 0 1 1 0 0 0 1 0 1 1 0 0 1 0 0 1 1 1 0 0 1 1 0 0 0 1 0 0 0 0 1 1 1 1 1 0
6 6 30 44 9 59 28 35 36 27 16 4 47 58
26 27 3 15 23 31 41 49 61 63 0 24 50 22 8 10 62 12 13 60 5 38 54 18 45 26 46 37 2 6 14 20 32 42 48 56 64 19 43 55 1 51 33 34 7 53 25 40 17 21 11 52 57 29 39
#c 1 0 0 1 0 1 0 0 1 1 1 0 1 1 0 1 0 0 1 0 0 0 1 1 1 0 1 0 1 0 1 1 0 0 0 1 0 1 1 0 0 1 0 0 1 1 1 0 0 1 1 0 0 0 1 0 0 0 0 1 1 1 1 1 0
#c 1 0 0 1 0 1 0 0 1 1 1 0 1 1 0 1 0 0 1 0 0 0 1 1 1 0 1 0 1 0 1 1 0 0 0 1 0 1 1 0 0 1 0 0 1 1 1 0 0 1 1 0 0 0 1 0 0 0 0 1 1 1 1 1 0
#c 1 0 0 1 0 1 0 0 1 1 1 0 1 1 0 1 0 0 1 0 0 0 1 1 1 0 1 0 1 0 1 1 0 0 0 1 0 1 1 0 0 1 0 0 1 1 1 0 0 1 1 0 0 0 1 0 0 0 0 1 1 1 1 1 0
9 9 42 52 14 27 2 58 56 57 21 31 38 50 46 37 62 41 61 12
24 23 4 6 20 32 48 64 19 43 55 1 51 33 34 7 53 25 40 17 36 16 11 29 47 39 3 9 15 23 35 49 59 63 0 24 28 22 30 8 10 44 13 60 5 54 18 45 26
#c 1 0 0 1 0 1 0 0 1 1 1 0 1 1 0 1 0 0 1 0 0 0 1 1 1 0 1 0 1 0 1 1 0 0 0 1 0 1 1 0 0 1 0 0 1 1 1 0 0 1 1 0 0 0 1 0 0 0 0 1 1 1 1 1 0
#c 1 0 0 1 0 1 0 0 1 1 1 0 1 1 0 1 0 0 1 0 0 0 1 1 1 0 1 0 1 0 1 1 0 0 0 1 0 1 1 0 0 1 0 0 1 1 1 0 0 1 1 0 0 0 1 0 0 0 0 1 1 1 1 1 0
12 12 6 36 25 55 4 32 48 17 52 57 40 16 45 26 13 37 24 18 8 22 49 5 3 15
21 20 2 14 20 42 56 58 64 19 43 1 51 33 34 7 53 27 21 11 29 47 39 9 23 31 35 41 59 61 63 0 50 28 30 10 62 44 12 60 38 54 46
#c 1 0 0 1 0 1 0 0 1 1 1 0 1 1 0 1 0 0 1 0 0 0 1 1 1 0 1 0 1 0 1 1 0 0 0 1 0 1 1 0 0 1 0 0 1 1 1 0 0 1 1 0 0 0 1 0 0 0 0 1 1 1 1 1 0
#c 1 0 0 1 0 1 0 0 1 1 1 0 1 1 0 1 0 0 1 0 0 0 1 1 1 0 1 0 1 0 1 1 0 0 0 1 0 1 1 0 0 1 0 0 1 1 1 0 0 1 1 0 0 0 1 0 0 0 0 1 1 1 1 1 0
7 7 51 56 20 43 42 4 36 0 37 9 12 60 38 18
26 25 2 6 14 32 48 58 64 19 55 1 33 34 7 53 27 25 40 17 21 16 11 52 57 29 47 39 3 15 23 31 35 41 49 59 61 63 24 50 28 22 30 8 10 62 44 13 5 54 45 26 46
#c 1 0 0 1 0 1 0 0 1 1 1 0 1 1 0 1 0 0 1 0 0 0 1 1 1 0 1 0 1 0 1 1 0 0 0 1 0 1 1 0 0 1 0 0 1 1 1 0 0 1 1 0 0 0 1 0 0 0 0 1 1 1 1 1 0
1 1 49 36
31 32 3 9 15 23 31 35 41 59 61 63 0 24 50 28 22 30 8 10 62 44 12 13 60 5 38 54 18 45 26 46 37 2 4 6 14 20 32 42 48 56 58 64 19 43 55 1 51 33 34 7 53 27 25 40 17 21 16 11 52 57 29 47 39
#c 1 0 0 1 0 1 0 0 1 1 1 0 1 1 0 1 0 0 1 0 0 0 1 1 1 0 1 0 1 0 1 1 0 0 0 1 1 1 1 0 0 1 0 0 1 1 1 0 0 0 1 0 0 0 1 0 0 0 0 1 1 1 1 1 0
#c 1 0 0 1 0 1 0 0 1 1 1 0 1 1 0 1 0 0 1 0 0 0 1 1 1 0 1 0 1 0 1 1 0 0 0 1 1 1 1 0 0 1 0 0 1 1 1 0 0 0 1 0 0 0 1 0 0 0 0 1 1 1 1 1 0
10 10 44 37 50 63 9 38 28 15 22 30 47 32 33 16 19 52 14 43 6 49
22 23 3 23 31 35 41 59 61 0 24 8 10 62 12 13 60 5 54 18 45 26 46 36 2 4 20 42 48 56 58 64 55 1 51 34 7 53 27 25 40 17 21 11 57 29 39
#c 1 0 0 1 0 1 0 0 1 1 1 0 1 1 0 1 0 0 1 0 0 0 1 1 1 0 1 0 1 0 1 1 0 0 0 1 1 1 1 0 0 1 0 0 1 1 1 0 0 0 1 0 0 0 1 0 0 0 0 1 1 1 1 1 0
#c 1 0 0 1 0 1 0 0 1 1 1 0 1 1 0 1 0 0 1 0 0 0 1 1 1 0 1 0 1 0 1 1 0 0 0 1 1 1 1 0 0 1 0 0 1 1 1 0 0 0 1 0 0 0 1 0 0 0 0 1 1 1 1 1 0
#c 1 0 0 1 0 1 0 0 1 1 1 0 1 1 0 1 0 0 1 0 0 0 1 1 1 0 1 0 1 0 1 1 0 0 0 1 1 1 1 0 0 1 0 0 1 1 1 0 0 0 1 0 0 0 1 0 0 0 0 1 1 1 1 1 0
6 6 58 4 32 2 52 53 23 35 31 26 12 24
27 26 6 14 20 42 48 56 64 19 43 55 1 51 33 34 7 27 25 40 17 21 16 11 57 29 47 39 49 3 9 15 41 59 61 63 0 50 28 22 30 8 10 62 44 13 60 5 38 54 18 45 46 37 36
#c 1 0 0 1 0 1 0 0 1 1 1 0 1 1 0 1 0 0 1 0 0 0 1 1 1 0 1 0 1 0 1 1 0 0 0 1 1 1 1 0 0 1 0 0 1 1 1 0 0 0 1 0 0 0 1 0 0 0 0 1 1 1 1 1 0
#c 1 0 0 1 0 1 0 0 1 1 1 0 1 1 0 1 0 0 1 0 0 0 1 1 1 0 1 0 1 0 1 1 0 0 0 1 1 1 1 0 0 1 0 0 1 1 1 0 0 0 1 0 0 0 1 0 0 0 0 1 1 1 1 1 0
#c 1 0 0 1 0 1 0 0 1 1 1 0 1 1 0 1 0 0 1 0 0 0 1 1 1 0 1 0 1 0 1 1 0 0 0 1 1 1 1 0 0 1 0 0 1 1 1 0 0 0 1 0 0 0 1 0 0 0 0 1 1 1 1 1 0
#c 1 0 0 1 0 1 0 0 1 1 1 0 1 1 0 1 0 0 1 0 0 0 1 1 1 0 1 0 1 0 1 1 0 0 0 1 1 1 1 0 0 1 0 0 1 1 1 0 0 0 1 0 0 0 1 0 0 0 0 1 1 1 1 1 0
#c 1 0 0 1 0 1 0 0 1 1 1 0 1 1 0 1 0 0 1 0 0 0 1 1 1 0 1 0 1 0 1 1 0 0 0 1 1 1 1 0 0 1 0 0 1 1 1 0 0 0 1 0 0 0 1 0 0 0 0 1 1 1 1 1 0
12 12 41 63 37 26 61 18 31 24 0 28 54 50 40 1 52 7 51 4 49 2 11 32 29 56
20 21 3 9 15 23 35 59 22 30 8 10 62 44 12 13 60 5 38 45 46 36 6 14 20 42 48 58 64 19 43 55 33 34 53 27 25 17 21 16 57 47 39
#c 1 0 0 1 0 1 0 0 1 1 1 0 1 1 0 1 0 0 1 0 0 0 1 1 1 0 1 0 1 0 1 1 0 0 0 1 1 1 1 0 0 1 0 0 1 1 1 0 0 0 1 0 0 0 1 0 0 0 0 1 1 1 1 1 0
#c 1 0 0 1 0 1 0 0 1 1 1 0 1 1 0 1 0 0 1 0 0 0 1 1 1 0 1 0 1 0 1 1 0 0 0 1 1 1 1 0 0 1 0 0 1 1 1 0 0 0 1 0 0 0 1 0 0 0 0 1 1 1 1 1 0
#c 1 0 0 1 0 1 0 0 1 1 1 0 1 1 0 1 0 0 1 0 0 0 1 1 1 0 1 0 1 0 1 1 0 0 0 1 1 1 1 0 0 1 0 0 1 1 1 0 0 0 1 0 0 0 1 0 0 0 0 1 1 1 1 1 0
#c 1 0 0 1 0 1 0 0 1 1 1 0 1 1 0 1 0 0 1 0 0 0 1 1 1 0 1 0 1 0 1 1 0 0 0 1 1 1 1 0 0 1 0 0 1 1 1 0 0 0 1 0 0 0 1 0 0 0 0 1 1 1 1 1 0
#c 1 0 0 1 0 1 0 0 1 1 1 0 1 1 0 1 0 0 1 0 0 0 1 1 1 0 1 0 1 0 1 1 0 0 0 1 1 1 1 0 0 1 0 0 1 1 1 0 0 0 1 0 0 0 1 0 0 0 0 1 1 1 1 1 0
#c 1 0 0 1 0 1 0 0 1 1 1 0 1 1 0 1 0 0 1 0 0 0 1 1 1 0 1 0 1 0 1 1 0 0 0 1 1 1 1 0 0 1 0 0 1 1 1 0 0 0 1 0 0 0 1 0 0 0 0 1 1 1 1 1 0
15 15 36 59 23 38 13 37 12 0 41 9 8 62 45 15 28 57 2 48 33 16 52 34 6 25 29 43 47 4 55 39
17 18 3 31 35 61 63 24 50 22 30 10 44 60 5 54 18 26 46 14 20 32 42 56 58 64 19 1 51 7 53 27 40 17 21 11 49
#c 1 0 0 1 0 1 0 0 1 1 1 0 1 1 0 1 0 0 1 0 0 0 1 1 1 0 1 0 1 0 1 1 0 0 0 1 1 1 1 0 0 1 0 0 1 1 1 0 0 0 1 0 0 0 1 0 0 0 0 1 1 1 1 1 0
4 4 11 53 32 43 44 23 60 38
29 28 2 4 6 14 20 42 48 56 58 64 19 55 1 51 33 34 7 27 25 40 17 21 16 52 57 29 47 39 49 3 9 15 31 35 41 59 61 63 0 24 50 28 22 30 8 10 62 12 13 5 54 18 45 26 46 37 36
#c 1 0 0 1 0 1 0 0 1 1 1 0 1 1 0 1 0 0 1 0 0 0 1 1 1 0 1 0 1 0 1 1 0 0 0 1 1 1 1 0 0 1 0 0 1 1 1 0 0 0 1 0 0 0 1 0 0 0 0 1 1 1 1 1 0
16 16 0 30 31 41 18 37 15 5 22 13 61 23 63 59 26 28 52 29 7 19 48 55 20 32 47 58 53 21 2 43 33 6
16 17 3 9 35 24 50 8 10 62 44 12 60 38 54 45 46 36 4 14 42 56 64 1 51 34 27 25 40 17 16 11 57 39 49
#c 1 0 0 1 0 1 0 0 1 1 1 0 1 1 0 1 0 0 1 0 0 0 1 1 1 0 1 0 1 0 1 1 0 0 0 1 1 1 1 0 0 1 0 0 1 1 1 0 0 0 1 0 0 0 1 0 0 0 0 1 1 1 1 1 0
#c 1 0 0 1 0 1 0 0 1 1 1 0 1 1 0 1 0 0 1 0 0 0 1 1 1 0 1 0 1 0 1 1 0 0 0 1 1 1 1 0 0 1 0 0 1 1 1 0 0 0 1 0 0 0 1 0 0 0 0 1 1 1 1 1 0
#c 1 0 0 1 0 1 0 0 1 1 1 0 1 1 0 1 0 0 1 0 0 0 1 1 1 0 1 0 1 0 1 1 0 0 0 1 1 1 1 0 0 1 0 0 1 1 1 0 0 0 1 0 0 0 1 0 0 0 0 1 1 1 1 1 0
8 8 17 34 53 21 11 64 20 2 35 63 30 10 45 36 26 54
25 24 4 6 14 32 42 48 56 58 19 43 55 1 51 33 7 27 25 40 16 52 57 29 47 39 49 3 9 15 23 31 41 59 61 0 24 50 28 22 8 62 44 12 13 60 5 38 18 46 37
#c 1 0 0 1 0 1 0 0 1 1 1 0 1 1 0 1 0 0 1 0 0 0 1 1 1 0 1 0 1 0 1 1 0 0 0 1 1 1 1 0 0 1 0 0 1 1 1 0 0 0 1 0 0 0 1 0 0 0 0 1 1 1 1 1 0
#c 1 0 0 1 0 1 0 0 1 1 1 0 1 1 0 1 0 0 1 0 0 0 1 1 1 0 1 0 1 0 1 1 0 0 0 1 1 1 1 0 0 1 0 0 1 1 1 0 0 0 1 0 0 0 1 0 0 0 0 1 1 1 1 1 0
#c 1 0 0 1 0 1 0 0 1 1 1 0 1 1 0 1 0 0 1 0 0 0 1 1 1 0 1 0 1 0 1 1 0 0 0 1 1 1 1 0 0 1 0 0 1 1 1 0 0 0 1 0 0 0 1 0 0 0 0 1 1 1 1 1 0
7 7 0 13 54 31 36 45 61 2 55 27 58 49 48 21
25 26 3 9 15 23 35 41 59 63 24 50 28 22 30 8 10 62 44 12 60 5 38 18 26 46 37 4 6 14 20 32 42 56 64 19 43 1 51 33 34 7 53 25 40 17 16 11 52 57 29 47 39
#c 1 0 0 1 0 1 0 0 1 1 1 0 1 1 0 1 0 0 1 0 0 0 1 1 1 0 1 0 1 0 1 1 0 0 0 1 1 1 1 0 0 1 0 0 1 1 1 0 0 0 1 0 0 0 1 0 0 0 0 1 1 1 1 1 0
14 14 32 49 48 57 16 2 25 6 52 55 53 51 19 42 50 45 12 5 15 0 61 10 54 8 38 63 37 22
19 18 4 14 20 56 58 64 43 1 33 34 7 27 40 17 21 11 29 47 39 3 9 23 31 35 41 59 24 28 30 62 44 13 60 18 26 46 36
#c 1 0 0 1 0 1 0 0 1 1 1 0 1 1 0 1 0 0 1 0 0 0 1 1 1 0 1 0 1 0 1 1 0 0 0 1 1 1 1 0 0 1 0 0 1 1 1 0 0 0 1 0 0 0 1 0 0 0 0 1 1 1 1 1 0
12 12 60 46 18 13 15 36 10 50 3 8 35 63 16 57 2 4 49 64 11 56 32 42 48 21
20 21 9 23 31 41 59 61 0 24 28 22 30 62 44 12 5 38 54 45 26 37 6 14 20 58 19 43 55 1 51 33 34 7 53 27 25 40 17 52 29 47 39
#c 1 0 1 0 1 1 0 0 0 1 0 1 1 0 0 0 1 0 0 0 0 1 1 1 1 0 1 0 1 0 1 1 1 0 0 0 0 1 1 0 0 1 1 0 1 1 0 0 1 1 0 0 0 0 1 0 1 1 0 1 0 1 1 0 1
#c 1 0 1 0 1 1 0 0 0 1 0 1 1 0 0 0 1 0 0 0 0 1 1 1 1 0 1 0 1 0 1 1 1 0 0 0 0 1 1 0 0 1 1 0 1 1 0 0 1 1 0 0 0 0 1 0 1 1 0 1 0 1 1 0 1
4 5 11 62 5 30 3 20 14 10 53
28 28 9 23 31 41 59 61 0 24 28 22 44 12 38 54 45 26 37 16 57 2 4 49 64 56 32 42 48 21 6 58 19 43 55 1 51 33 34 7 27 25 40 17 52 29 47 39 60 46 18 13 15 36 50 8 35 63
#c 1 0 1 0 1 1 0 0 0 1 0 1 1 0 0 0 1 0 0 0 0 1 1 1 1 0 1 0 1 0 1 1 1 0 0 0 0 1 1 0 0 1 1 0 1 1 0 0 1 1 0 0 0 0 1 0 1 1 0 1 0 1 1 0 1
15 15 15 53 40 34 8 14 18 47 17 46 58 43 33 50 39 31 38 57 28 5 59 4 0 32 56 24 64 16 22 2
18 17 6 20 19 55 1 51 7 27 25 52 29 60 13 36 10 3 35 63 9 23 41 61 30 62 44 12 54 45 26 37 49 11 42 48 21
#c 1 0 1 0 1 1 0 0 0 1 0 1 1 0 0 0 1 0 0 0 0 1 1 1 1 0 1 0 1 0 1 1 1 0 0 0 0 1 1 0 0 1 1 0 1 1 0 0 1 1 0 0 0 0 1 0 1 1 0 1 0 1 1 0 1
#c 1 0 1 0 1 1 0 0 0 1 0 1 1 0 0 0 1 0 0 0 0 1 1 1 1 0 1 0 1 0 1 1 1 0 0 0 0 1 1 0 0 1 1 0 1 1 0 0 1 1 0 0 0 0 1 0 1 1 0 1 0 1 1 0 1
#c 1 0 1 0 1 1 0 0 0 1 0 1 1 0 0 0 1 0 0 0 0 1 1 1 1 0 1 0 1 0 1 1 1 0 0 0 0 1 1 0 0 1 1 0 1 1 0 0 1 1 0 0 0 0 1 0 1 1 0 1 0 1 1 0 1
#c 1 0 1 0 1 1 0 0 0 1 0 1 1 0 0 0 1 0 0 0 0 1 1 1 1 0 1 0 1 0 1 1 1 0 0 0 0 1 1 0 0 1 1 0 1 1 0 0 1 1 0 0 0 0 1 0 1 1 0 1 0 1 1 0 1
10 10 55 39 34 10 20 36 15 46 40 35 2 49 5 41 0 57 12 9 23 32
23 22 6 14 58 19 43 1 51 33 7 53 27 25 17 52 29 47 60 18 13 50 3 8 63 31 59 61 24 28 22 30 62 44 38 54 45 26 37 16 4 64 11 56 42 48 21
#c 1 0 1 0 1 1 0 0 0 1 0 1 1 0 0 0 1 0 0 0 0 1 1 1 1 0 1 0 1 0 1 1 1 0 0 0 0 1 1 0 0 1 1 0 1 1 0 0 1 1 0 0 0 0 1 0 1 1 0 1 0 1 1 0 1
#c 1 0 1 0 1 1 0 0 0 1 0 1 1 0 0 0 1 0 0 0 0 1 1 1 1 0 1 0 1 0 1 1 1 0 0 0 0 1 1 0 0 1 1 0 1 1 0 0 1 1 0 0 0 0 1 0 1 1 0 1 0 1 1 0 1
7 7 47 6 17 39 19 7 51 59 44 23 4 0 42 2
26 25 14 20 58 43 55 1 33 34 53 27 25 40 52 29 60 46 18 13 15 36 10 50 3 8 35 63 9 31 41 61 24 28 22 30 62 12 5 38 54 45 26 37 16 57 49 64 11 56 32 48 21
#c 1 0 1 0 1 1 0 0 0 1 0 1 1 0 0 0 1 0 0 0 0 1 1 1 1 0 1 0 1 0 1 1 1 0 0 0 0 1 1 0 0 1 1 0 1 1 0 0 1 1 0 0 0 0 1 0 1 1 0 1 0 1 1 0 1
9 9 54 22 24 28 9 12 2 56 41 60 33 46 36 20 53 17 25 39
23 24 23 31 59 61 0 30 62 44 5 38 45 26 37 16 57 4 49 64 11 32 42 48 21 6 14 58 19 43 55 1 51 34 7 27 40 52 29 47 18 13 15 10 50 3 8 35 63
#c 1 0 1 0 1 1 0 0 0 1 0 1 1 0 0 0 1 0 0 0 0 1 1 1 1 0 1 0 1 0 1 1 1 0 0 0 0 1 1 0 0 1 1 0 1 1 0 0 1 1 0 0 0 0 1 0 1 1 0 1 0 1 1 0 1
#c 1 0 1 0 1 1 0 0 0 1 0 1 1 0 0 0 1 0 0 0 0 1 1 1 1 0 1 0 1 0 1 1 1 0 0 0 0 1 1 0 0 1 1 0 1 1 0 0 1 1 0 0 0 0 1 0 1 1 0 1 0 1 1 0 1
7 7 30 24 12 9 0 42 31 20 8 15 1 46 19 35
25 26 23 41 59 61 28 22 62 44 5 38 54 45 26 37 16 57 2 4 49 64 11 56 32 48 21 6 14 58 43 55 51 33 34 7 53 27 25 40 17 52 29 47 39 60 18 13 36 10 50 3 63
#c 1 0 1 0 1 1 0 0 0 1 0 1 1 0 0 0 1 0 0 0 0 1 1 1 1 0 1 0 1 0 1 1 1 0 0 0 0 1 1 0 0 1 1 0 1 1 0 0 1 1 0 0 0 0 1 0 1 1 0 1 0 1 1 0 1
#c 1 0 1 0 1 1 0 0 0 1 0 1 1 0 0 0 1 0 0 0 0 1 1 1 1 0 1 0 1 0 1 1 1 0 0 0 0 1 1 0 0 1 1 0 1 1 0 0 1 1 0 0 0 0 1 0 1 1 0 1 0 1 1 0 1
#c 1 0 1 0 1 1 0 0 0 1 0 1 1 0 0 0 1 0 0 0 0 1 1 1 1 0 1 0 1 0 1 1 1 0 0 0 0 1 1 0 0 1 1 0 1 1 0 0 1 1 0 0 0 0 1 0 1 1 0 1 0 1 1 0 1
1 1 20 5
32 31 6 14 58 19 43 55 1 51 33 34 7 53 27 25 40 17 52 29 47 39 60 46 18 13 15 36 10 50 3 8 35 63 9 23 31 41 59 61 0 24 28 22 30 62 44 12 38 54 45 26 37 16 57 2 4 49 64 11 56 32 42 48 21
#c 1 0 1 0 1 1 0 0 0 1 0 1 1 0 0 0 1 0 0 0 0 1 1 1 1 0 1 0 1 0 1 1 1 0 0 0 0 1 1 0 0 1 1 0 1 1 0 0 1 1 0 0 0 0 1 0 1 1 0 1 0 1 1 0 1
12 12 44 57 42 26 64 37 61 49 11 59 30 2 20 58 13 55 15 1 50 14 25 47 19 17
20 21 9 23 31 41 0 24 28 22 62 12 5 38 54 45 16 4 56 32 48 21 6 43 51 33 34 7 53 27 40 52 29 39 60 46 18 36 10 3 8 35 63
#c 1 0 1 0 1 1 0 0 0 1 0 1 1 0 0 0 1 0 0 0 0 1 1 1 1 0 1 0 1 0 1 1 1 0 0 0 0 1 1 0 0 1 1 0 1 1 0 0 1 1 0 0 0 0 1 0 1 1 0 1 0 1 1 0 1
#c 1 0 1 0 1 1 0 0 0 1 0 1 1 0 0 0 1 0 0 0 0 1 1 1 1 0 1 0 1 0 1 1 1 0 0 0 0 1 1 0 0 1 1 0 1 1 0 0 1 1 0 0 0 0 1 0 1 1 0 1 0 1 1 0 1
7 7 11 31 59 49 62 23 41 40 6 15 51 13 55 29
25 26 9 61 0 24 28 22 30 44 12 5 38 54 45 26 37 16 57 2 4 64 56 32 42 48 21 14 20 58 19 43 1 33 34 7 53 27 25 17 52 47 39 60 46 18 36 10 50 3 8 35 63
#c 1 0 1 0 1 1 0 0 0 1 0 1 1 0 0 0 1 0 0 0 0 1 1 1 1 0 1 0 1 0 1 1 1 0 0 0 0 1 1 0 0 1 1 0 1 1 0 0 1 1 0 0 0 0 1 0 1 1 0 1 0 1 1 0 1
#c 1 0 1 0 1 1 0 0 0 1 0 1 1 0 0 0 1 0 0 0 0 1 1 1 1 0 1 0 1 0 1 1 1 0 0 0 0 1 1 0 0 1 1 0 1 1 0 0 1 1 0 0 0 0 1 0 1 1 0 1 0 1 1 0 1
9 9 28 56 61 22 31 2 54 16 37 33 40 51 53 8 43 14 1 15
23 24 9 23 41 59 0 24 30 62 44 12 5 38 45 26 57 4 49 64 11 32 42 48 21 6 20 58 19 55 34 7 27 25 17 52 29 47 39 60 46 18 13 36 10 50 3 35 63
#c 1 0 1 0 1 1 0 0 0 1 0 1 1 0 0 0 1 0 0 0 0 1 1 1 1 0 1 0 1 0 1 1 1 0 0 0 0 1 1 0 0 1 1 0 1 1 0 0 1 1 0 0 0 0 1 0 1 1 0 1 0 1 1 0 1
6 6 15 47 13 20 14 60 45 21 23 42 28 2
27 26 6 58 19 43 55 1 51 33 34 7 53 27 25 40 17 52 29 39 46 18 36 10 50 3 8 35 63 9 31 41 59 61 0 24 22 30 62 44 12 5 38 54 26 37 16 57 4 49 64 11 56 32 48
#c 1 0 1 0 1 1 0 0 0 1 0 1 1 0 0 0 1 0 0 0 0 1 1 1 1 0 1 0 1 0 1 1 1 0 0 0 0 1 1 0 0 1 1 0 1 1 0 0 1 1 0 0 0 0 1 0 1 1 0 1 0 1 1 0 1
#c 1 0 1 0 1 1 0 0 0 1 0 1 1 0 0 0 1 0 0 0 0 1 1 1 1 0 1 0 1 0 1 1 1 0 0 0 0 1 1 0 0 1 1 0 1 1 0 0 1 1 0 0 0 0 1 0 1 1 0 1 0 1 1 0 1
4 4 53 47 13 17 21 45 62 4
29 28 6 14 20 58 19 43 55 1 51 33 34 7 27 25 40 52 29 39 60 46 18 15 36 10 50 3 8 35 63 9 23 31 41 59 61 0 24 28 22 30 44 12 5 38 54 26 37 16 57 2 49 64 11 56 32 42 48
#c 1 0 1 0 1 1 0 0 0 1 0 1 1 0 0 0 1 0 0 0 0 1 1 1 1 0 1 0 1 0 1 1 1 0 0 0 0 1 1 0 0 1 1 0 1 1 0 0 1 1 0 0 0 0 1 0 1 1 0 1 0 1 1 0 1
#c 1 0 1 0 1 1 0 0 0 1 0 1 1 0 0 0 1 0 0 0 0 1 1 1 1 0 1 0 1 0 1 1 1 0 0 0 0 1 1 0 0 1 1 0 1 1 0 0 1 1 0 0 0 0 1 0 1 1 0 1 0 1 1 0 1
14 13 17 7 47 58 52 14 15 55 46 3 63 60 35 51 44 30 59 9 2 61 38 62 31 64 41 26 16
19 19 6 20 19 43 1 33 34 53 27 25 40 29 39 18 13 36 10 50 8 23 0 24 28 22 12 5 54 45 37 57 4 49 11 56 32 42 48 21
#c 1 0 1 0 1 1 0 0 0 1 0 1 1 0 0 0 1 0 0 0 0 1 1 1 1 0 1 0 1 0 1 1 1 0 0 0 0 1 1 0 0 1 1 0 1 1 0 0 1 1 0 0 0 0 1 0 1 1 0 1 0 1 1 0 1
#c 1 0 1 0 1 1 0 0 0 1 0 1 1 0 0 0 1 0 0 0 0 1 1 1 1 0 1 0 1 0 1 1 1 0 0 0 0 1 1 0 0 1 1 0 1 1 0 0 1 1 0 0 0 0 1 0 1 1 0 1 0 1 1 0 1
6 6 13 55 14 25 19 50 4 62 9 48 54 22
27 26 6 20 58 43 1 51 33 34 7 53 27 40 17 52 29 47 39 60 46 18 15 36 10 3 8 35 63 23 31 41 59 61 0 24 28 30 44 12 5 38 45 26 37 16 57 2 49 64 11 56 32 42 21
#c 1 0 1 0 1 1 0 0 0 1 0 1 1 0 0 0 1 0 0 0 0 1 1 1 1 0 1 0 1 0 1 1 1 0 0 0 0 1 1 0 0 1 1 0 1 1 0 0 1 1 0 0 0 0 1 0 1 1 0 1 0 1 1 0 1
#c 1 0 1 0 1 1 0 0 0 1 0 1 1 0 0 0 1 0 0 0 0 1 1 1 1 0 1 0 1 0 1 1 1 0 0 0 0 1 1 0 0 1 1 0 1 1 0 0 1 1 0 0 0 0 1 0 1 1 0 1 0 1 1 0 1
#c 1 0 1 0 1 1 0 0 0 1 0 1 1 0 0 0 1 0 0 0 0 1 1 1 1 0 1 0 1 0 1 1 1 0 0 0 0 1 1 0 0 1 1 0 1 1 0 0 1 1 0 0 0 0 1 0 1 1 0 1 0 1 1 0 1
13 13 57 42 9 22 23 16 56 28 11 61 38 54 30 15 36 7 40 1 47 39 50 14 51 53 55 58
19 20 31 41 59 0 24 62 44 12 5 45 26 37 2 4 49 64 32 48 21 6 20 19 43 33 34 27 25 17 52 29 60 46 18 13 10 3 8 35 63
#c 1 0 1 0 1 1 0 0 0 1 0 1 1 0 0 0 1 0 0 0 0 1 1 1 1 0 1 0 1 0 1 1 1 0 0 0 0 1 1 0 0 1 1 0 1 1 0 0 1 1 0 0 0 0 1 0 1 1 0 1 0 1 1 0 1
9 9 52 40 19 18 1 29 7 60 53 38 21 44 22 61 41 28 5 16
24 23 6 14 20 58 43 55 51 33 34 27 25 17 47 39 46 13 15 36 10 50 3 8 35 63 9 23 31 59 0 24 30 62 12 54 45 26 37 57 2 4 49 64 11 56 32 42 48
#c 1 0 1 0 1 1 0 0 0 1 0 1 1 0 0 0 1 0 0 0 0 1 1 1 1 0 1 0 1 0 1 1 1 0 0 0 0 1 1 0 0 1 1 0 1 1 0 0 1 1 0 0 0 0 1 0 1 1 0 1 0 1 1 0 1
#c 1 0 1 0 1 1 0 0 0 1 0 1 1 0 0 0 1 0 0 0 0 1 1 1 1 0 1 0 1 0 1 1 1 0 0 0 0 1 1 0 0 1 1 0 1 1 0 0 1 1 0 0 0 0 1 0 1 1 0 1 0 1 1 0 1
#c 1 0 1 0 1 1 0 0 0 1 0 1 1 0 0 0 1 0 0 0 0 1 1 1 1 0 1 0 1 0 1 1 1 0 0 0 0 1 1 0 0 1 1 0 1 1 0 0 1 1 0 0 0 0 1 0 1 1 0 1 0 1 1 0 1
#c 1 0 1 0 1 1 0 0 0 1 0 1 1 0 0 0 1 0 0 0 0 1 1 1 1 0 1 0 1 0 1 1 1 0 0 0 0 1 1 0 0 1 1 0 1 1 0 0 1 1 0 0 0 0 1 0 1 1 0 1 0 1 1 0 1
8 8 55 60 36 33 25 20 47 13 62 22 4 12 48 49 24 26
25 24 6 14 58 19 43 1 51 34 7 53 27 40 17 52 29 39 46 18 15 10 50 3 8 35 63 9 23 31 41 59 61 0 28 30 44 5 38 54 45 37 16 57 2 64 11 56 32 42 21
#c 1 0 1 0 1 1 0 0 0 1 0 1 1 0 0 0 1 0 0 0 0 1 1 1 1 0 1 0 1 0 1 1 1 0 0 0 0 1 1 0 0 1 1 0 1 1 0 0 1 1 0 0 0 0 1 0 1 1 0 1 0 1 1 0 1
#c 1 0 1 0 1 1 0 0 0 1 0 1 1 0 0 0 1 0 0 0 0 1 1 1 1 0 1 0 1 0 1 1 1 0 0 0 0 1 1 0 0 1 1 0 1 1 0 0 1 1 0 0 0 0 1 0 1 1 0 1 0 1 1 0 1
14 14 47 33 53 8 10 25 35 39 34 3 46 15 40 14 22 12 64 42 26 23 56 62 28 48 9 2 54 31
19 18 6 20 58 19 43 55 1 51 7 27 17 52 29 60 18 13 36 50 63 41 59 61 0 24 30 44 5 38 45 37 16 57 4 49 11 32 21
#c 1 0 0 1 1 1 0 0 1 0 1 1 0 0 1 1 1 0 0 0 0 1 0 0 1 1 0 0 0 0 1 0 1 1 1 1 0 1 1 1 1 1 0 0 1 1 1 1 0 1 0 0 0 1 0 0 0 1 0 1 0 1 0 0 0
6 5 5 44 4 34 35 25 2 62 23 64 63
26 28 41 59 61 0 24 30 38 45 37 16 57 49 11 32 21 47 33 53 8 10 39 3 46 15 40 14 6 20 58 19 43 55 1 51 7 27 17 52 29 60 18 13 36 50 22 12 42 26 56 28 48 9 54 31
#c 1 0 0 1 1 1 0 0 1 0 1 1 0 0 1 1 1 0 0 0 0 1 0 0 1 1 0 0 0 0 1 0 1 1 1 1 0 1 1 1 1 1 0 0 1 1 1 1 0 1 0 0 0 1 0 0 0 1 0 1 0 1 0 0 0
#c 1 0 0 1 1 1 0 0 1 0 1 1 0 0 1 1 1 0 0 0 0 1 0 0 1 1 0 0 0 0 1 0 1 1 1 1 0 1 1 1 1 1 0 0 1 1 1 1 0 1 0 0 0 1 0 0 0 1 0 1 0 1 0 0 0
#c 1 0 0 1 1 1 0 0 1 0 1 1 0 0 1 1 1 0 0 0 0 1 0 0 1 1 0 0 0 0 1 0 1 1 1 1 0 1 1 1 1 1 0 0 1 1 1 1 0 1 0 0 0 1 0 0 0 1 0 1 0 1 0 0 0
16 16 28 13 22 12 64 62 7 63 42 1 43 50 23 56 29 60 46 45 5 24 59 3 8 49 41 57 34 44 16 35 39 11
17 16 6 20 58 19 55 51 27 17 52 18 36 26 48 9 2 54 31 61 0 30 38 37 4 32 21 47 33 53 10 25 15 40 14
#c 1 0 0 1 1 1 0 0 1 0 1 1 0 0 1 1 1 0 0 0 0 1 0 0 1 1 0 0 0 0 1 0 1 1 1 1 0 1 1 1 1 1 0 0 1 1 1 1 0 1 0 0 0 1 0 0 0 1 0 1 0 1 0 0 0
#c 1 0 0 1 1 1 0 0 1 0 1 1 0 0 1 1 1 0 0 0 0 1 0 0 1 1 0 0 0 0 1 0 1 1 1 1 0 1 1 1 1 1 0 0 1 1 1 1 0 1 0 0 0 1 0 0 0 1 0 1 0 1 0 0 0
8 8 22 13 63 27 29 54 26 50 45 14 38 37 41 53 25 49
25 24 6 20 58 19 43 55 1 51 7 17 52 60 18 36 12 64 42 23 56 62 28 48 9 2 31 59 61 0 24 30 44 5 16 57 4 11 32 21 47 33 8 10 35 39 34 3 46 15 40
#c 1 0 0 1 1 1 0 0 1 0 1 1 0 0 1 1 1 0 0 0 0 1 0 0 1 1 0 0 0 0 1 0 1 1 1 1 0 1 1 1 1 1 0 0 1 1 1 1 0 1 0 0 0 1 0 0 0 1 0 1 0 1 0 0 0
#c 1 0 0 1 1 1 0 0 1 0 1 1 0 0 1 1 1 0 0 0 0 1 0 0 1 1 0 0 0 0 1 0 1 1 1 1 0 1 1 1 1 1 0 0 1 1 1 1 0 1 0 0 0 1 0 0 0 1 0 1 0 1 0 0 0
16 16 20 23 51 28 17 62 55 42 6 36 18 63 1 54 48 26 5 61 53 8 10 40 44 15 41 33 46 4 30 32 14 11
17 16 58 19 43 7 27 52 29 60 13 50 22 12 64 56 9 2 31 59 0 24 38 45 37 16 57 49 21 47 25 35 39 34 3
#c 1 0 0 1 1 1 0 0 1 0 1 1 0 0 1 1 1 0 0 0 0 1 0 0 1 1 0 0 0 0 1 0 1 1 1 1 0 1 1 1 1 1 0 0 1 1 1 1 0 1 0 0 0 1 0 0 0 1 0 1 0 1 0 0 0
#c 1 0 0 1 1 1 0 0 1 0 1 1 0 0 1 1 1 0 0 0 0 1 0 0 1 1 0 0 0 0 1 0 1 1 1 1 0 1 1 1 1 1 0 0 1 1 1 1 0 1 0 0 0 1 0 0 0 1 0 1 0 1 0 0 0
9 9 7 64 29 43 1 60 48 42 62 49 24 16 39 25 37 40 41 35
24 23 6 20 58 19 55 51 27 17 52 18 13 36 50 63 22 12 26 23 56 28 9 2 54 31 59 61 0 30 44 5 38 45 57 4 11 32 21 47 33 53 8 10 34 3 46 15 14
#c 1 0 0 1 1 1 0 0 1 0 1 1 0 0 1 1 1 0 0 0 0 1 0 0 1 1 0 0 0 0 1 0 1 1 1 1 0 1 1 1 1 1 0 0 1 1 1 1 0 1 0 0 0 1 0 0 0 1 0 1 0 1 0 0 0
#c 1 0 0 1 1 1 0 0 1 0 1 1 0 0 1 1 1 0 0 0 0 1 0 0 1 1 0 0 0 0 1 0 1 1 1 1 0 1 1 1 1 1 0 0 1 1 1 1 0 1 0 0 0 1 0 0 0 1 0 1 0 1 0 0 0
10 10 58 17 31 1 18 62 28 51 2 43 53 35 15 11 10 59 46 21 41 24
23 22 6 20 19 55 7 27 52 29 60 13 36 50 63 22 12 64 42 26 23 56 48 9 54 61 0 30 44 5 38 45 37 16 57 4 49 32 47 33 8 25 39 34 3 40 14
#c 1 0 0 1 1 1 0 0 1 0 1 1 0 0 1 1 1 0 0 0 0 1 0 0 1 1 0 0 0 0 1 0 1 1 1 1 0 1 1 1 1 1 0 0 1 1 1 1 0 1 0 0 0 1 0 0 0 1 0 1 0 1 0 0 0
#c 1 0 0 1 1 1 0 0 1 0 1 1 0 0 1 1 1 0 0 0 0 1 0 0 1 1 0 0 0 0 1 0 1 1 1 1 0 1 1 1 1 1 0 0 1 1 1 1 0 1 0 0 0 1 0 0 0 1 0 1 0 1 0 0 0
14 14 50 20 48 43 7 27 12 22 31 58 42 17 56 51 45 33 0 40 38 47 35 49 61 59 30 57 14 16
19 18 6 19 55 1 52 29 60 18 13 36 63 64 26 23 62 28 9 2 54 41 24 44 5 37 4 11 32 21 53 8 10 25 39 34 3 46 15
#c 1 0 0 1 1 1 0 0 1 0 1 1 0 0 1 1 1 0 0 0 0 1 0 0 1 1 0 0 0 0 1 0 1 1 1 1 0 1 1 1 1 1 0 0 1 1 1 1 0 1 0 0 0 1 0 0 0 1 0 1 0 1 0 0 0
#c 1 0 0 1 1 1 0 0 1 0 1 1 0 0 1 1 1 0 0 0 0 1 0 0 1 1 0 0 0 0 1 0 1 1 1 1 0 1 1 1 1 1 0 0 1 1 1 1 0 1 0 0 0 1 0 0 0 1 0 1 0 1 0 0 0
#c 1 0 0 1 1 1 0 0 1 0 1 1 0 0 1 1 1 0 0 0 0 1 0 0 1 1 0 0 0 0 1 0 1 1 1 1 0 1 1 1 1 1 0 0 1 1 1 1 0 1 0 0 0 1 0 0 0 1 0 1 0 1 0 0 0
1 2 53 12 50
31 31 41 59 61 0 24 30 44 5 38 45 37 16 57 4 49 11 32 21 47 33 8 10 25 35 39 34 3 46 15 40 14 6 20 58 19 43 55 1 51 7 27 17 52 29 60 18 13 36 63 22 64 42 26 23 56 62 28 48 9 2 54 31
#c 1 0 0 1 1 1 0 0 1 0 1 1 0 0 1 1 1 0 0 0 0 1 0 0 1 1 0 0 0 0 1 0 1 1 1 1 0 1 1 1 1 1 0 0 1 1 1 1 0 1 0 0 0 1 0 0 0 1 0 1 0 1 0 0 0
#c 1 0 0 1 1 1 0 0 1 0 1 1 0 0 1 1 1 0 0 0 0 1 0 0 1 1 0 0 0 0 1 0 1 1 1 1 0 1 1 1 1 1 0 0 1 1 1 1 0 1 0 0 0 1 0 0 0 1 0 1 0 1 0 0 0
14 14 35 49 32 59 8 16 39 46 11 10 25 21 24 5 62 2 20 28 9 52 26 56 64 63 19 43 50 6
18 19 41 61 0 30 44 38 45 37 57 4 47 33 53 34 3 15 40 14 58 55 1 51 7 27 17 29 60 18 13 36 22 12 42 23 48 54 31
#c 1 0 0 1 1 1 0 0 1 0 1 1 0 0 1 1 1 0 0 0 0 1 0 0 1 1 0 0 0 0 1 0 1 1 1 1 0 1 1 1 1 1 0 0 1 1 1 1 0 1 0 0 0 1 0 0 0 1 0 1 0 1 0 0 0
#c 1 0 0 1 1 1 0 0 1 0 1 1 0 0 1 1 1 0 0 0 0 1 0 0 1 1 0 0 0 0 1 0 1 1 1 1 0 1 1 1 1 1 0 0 1 1 1 1 0 1 0 0 0 1 0 0 0 1 0 1 0 1 0 0 0
#c 1 0 0 1 1 1 0 0 1 0 1 1 0 0 1 1 1 0 0 0 0 1 0 0 1 1 0 0 0 0 1 0 1 1 1 1 0 1 1 1 1 1 0 0 1 1 1 1 0 1 0 0 0 1 0 0 0 1 0 1 0 1 0 0 0
#c 1 0 0 1 1 1 0 0 1 0 1 1 0 0 1 1 1 0 0 0 0 1 0 0 1 1 0 0 0 0 1 0 1 1 1 1 0 1 1 1 1 1 0 0 1 1 1 1 0 1 0 0 0 1 0 0 0 1 0 1 0 1 0 0 0
8 8 14 3 45 47 21 40 44 5 56 36 6 55 54 13 52 18
24 25 41 59 61 0 24 30 38 37 16 57 4 49 11 32 33 53 8 10 25 35 39 34 46 15 20 58 19 43 1 51 7 27 17 29 60 50 63 22 12 64 42 26 23 62 28 48 9 2 31
#c 1 0 0 1 1 1 0 0 1 0 1 1 0 0 1 1 1 0 0 0 0 1 0 0 1 1 0 0 0 0 1 0 1 1 1 1 0 1 1 1 1 1 0 0 1 1 1 1 0 1 0 0 0 1 0 0 0 1 0 1 0 1 0 0 0
#c 1 0 0 1 1 1 0 0 1 0 1 1 0 0 1 1 1 0 0 0 0 1 0 0 1 1 0 0 0 0 1 0 1 1 1 1 0 1 1 1 1 1 0 0 1 1 1 1 0 1 0 0 0 1 0 0 0 1 0 1 0 1 0 0 0
3 3 24 37 4 2 50 43
29 30 41 59 61 0 30 44 5 38 45 16 57 49 11 32 21 47 33 53 8 10 25 35 39 34 3 46 15 40 14 6 20 58 19 55 1 51 7 27 17 52 29 60 18 13 36 63 22 12 64 42 26 23 56 62 28 48 9 54 31
#c 1 0 0 1 1 1 0 0 1 0 1 1 0 0 1 1 1 0 0 0 0 1 0 0 1 1 0 0 0 0 1 0 1 1 1 1 0 1 1 1 1 1 0 0 1 1 1 1 0 1 0 0 0 1 0 0 0 1 0 1 0 1 0 0 0
2 2 26 18 47 59
31 30 6 20 58 19 43 55 1 51 7 27 17 52 29 60 13 36 50 63 22 12 64 42 23 56 62 28 48 9 2 54 31 41 61 0 24 30 44 5 38 45 37 16 57 4 49 11 32 21 33 53 8 10 25 35 39 34 3 46 15 40 14
#c 1 0 0 1 1 1 0 0 1 0 1 1 0 0 1 1 1 0 0 0 0 1 0 0 1 1 0 0 0 0 1 0 1 1 1 1 0 1 1 1 1 1 0 0 1 1 1 1 0 1 0 0 0 1 0 0 0 1 0 1 0 1 0 0 0
#c 1 0 0 1 1 1 0 0 1 0 1 1 0 0 1 1 1 0 0 0 0 1 0 0 1 1 0 0 0 0 1 0 1 1 1 1 0 1 1 1 1 1 0 0 1 1 1 1 0 1 0 0 0 1 0 0 0 1 0 1 0 1 0 0 0
7 5 52 13 17 31 22 26 2 45 16 38 53 8
26 27 6 20 58 19 43 55 1 51 7 27 29 60 18 36 50 63 12 64 42 23 56 62 28 48 9 54 41 59 61 0 24 30 44 5 37 57 4 49 11 32 21 47 33 10 25 35 39 34 3 46 15 40 14
#c 1 0 0 1 1 1 0 0 1 0 1 1 0 0 1 1 1 0 0 0 0 1 0 0 1 1 0 0 0 0 1 0 1 1 1 1 0 1 1 1 1 1 0 0 1 1 1 1 0 1 0 0 0 1 0 0 0 1 0 1 0 1 0 0 0
#c 1 0 0 1 1 1 0 0 1 0 1 1 0 0 1 1 1 0 0 0 0 1 0 0 1 1 0 0 0 0 1 0 1 1 1 1 0 1 1 1 1 1 0 0 1 1 1 1 0 1 0 0 0 1 0 0 0 1 0 1 0 1 0 0 0
#c 1 0 0 1 1 1 0 0 1 0 1 1 0 0 1 1 1 0 0 0 0 1 0 0 1 1 0 0 0 0 1 0 1 1 1 1 0 1 1 1 1 1 0 0 1 1 1 1 0 1 0 0 0 1 0 0 0 1 0 1 0 1 0 0 0
#c 1 0 0 1 1 1 0 0 1 0 1 1 0 0 1 1 1 0 0 0 0 1 0 0 1 1 0 0 0 0 1 0 1 1 1 1 0 1 1 1 1 1 0 0 1 1 1 1 0 1 0 0 0 1 0 0 0 1 0 1 0 1 0 0 0
3 1 31 51 64 61
30 31 6 20 58 19 43 55 1 7 27 17 52 29 60 18 13 36 50 63 22 12 42 26 23 56 62 28 48 9 2 54 41 59 0 24 30 44 5 38 45 37 16 57 4 49 11 32 21 47 33 53 8 10 25 35 39 34 3 46 15 40 14
#c 1 0 0 1 1 1 0 0 1 0 1 1 0 0 1 1 1 0 0 0 0 1 0 0 1 1 0 0 0 0 1 0 1 1 1 1 0 1 1 1 1 1 0 0 1 1 1 1 0 1 0 0 0 1 0 0 0 1 0 1 0 1 0 0 0
3 2 10 5 37 7 42
29 31 41 59 61 0 24 30 44 38 45 16 57 4 49 11 32 21 47 33 53 8 25 35 39 34 3 46 15 40 14 6 20 58 19 43 55 1 51 27 17 52 29 60 18 13 36 50 63 22 12 64 26 23 56 62 28 48 9 2 54 31
#c 1 0 0 1 1 1 0 0 1 0 1 1 0 0 1 1 1 0 0 0 0 1 0 0 1 1 0 0 0 0 1 0 1 1 1 1 0 1 1 1 1 1 0 0 1 1 1 1 0 1 0 0 0 1 0 0 0 1 0 1 0 1 0 0 0
2 2 50 60 4 5
31 30 6 20 58 19 43 55 1 51 7 27 17 52 29 18 13 36 63 22 12 64 42 26 23 56 62 28 48 9 2 54 31 41 59 61 0 24 30 44 38 45 37 16 57 49 11 32 21 47 33 53 8 10 25 35 39 34 3 46 15 40 14
#c 1 0 0 1 1 1 0 0 1 0 1 1 0 0 1 1 1 0 0 0 0 1 0 0 1 1 0 0 0 0 1 0 1 1 1 1 0 1 1 1 1 1 0 0 1 1 1 1 0 1 0 0 0 1 0 0 0 1 0 1 0 1 0 0 0
#c 1 0 0 1 1 1 0 0 1 0 1 1 0 0 1 1 1 0 0 0 0 1 0 0 1 1 0 0 0 0 1 0 1 1 1 1 0 1 1 1 1 1 0 0 1 1 1 1 0 1 0 0 0 1 0 0 0 1 0 1 0 1 0 0 0
#c 1 0 0 1 1 1 0 0 1 0 1 1 0 0 1 1 1 0 0 0 0 1 0 0 1 1 0 0 0 0 1 0 1 1 1 1 0 1 1 1 1 1 0 0 1 1 1 1 0 1 0 0 0 1 0 0 0 1 0 1 0 1 0 0 0
#c 1 0 0 1 1 1 0 0 1 0 1 1 0 0 1 1 1 0 0 0 0 1 0 0 1 1 0 0 0 0 1 0 1 1 1 1 0 1 1 1 1 1 0 0 1 1 1 1 0 1 0 0 0 1 0 0 0 1 0 1 0 1 0 0 0
#c 1 0 0 1 1 1 0 0 1 0 1 1 0 0 1 1 1 0 0 0 0 1 0 0 1 1 0 0 0 0 1 0 1 1 1 1 0 1 1 1 1 1 0 0 1 1 1 1 0 1 0 0 0 1 0 0 0 1 0 1 0 1 0 0 0
#c 1 0 0 1 1 1 0 0 1 0 1 1 0 0 1 1 1 0 0 0 0 1 0 0 1 1 0 0 0 0 1 0 1 1 1 1 0 1 1 1 1 1 0 0 1 1 1 1 0 1 0 0 0 1 0 0 0 1 0 1 0 1 0 0 0
#c 1 0 0 1 1 1 0 0 1 0 1 1 0 0 1 1 1 0 0 0 0 1 0 0 1 1 0 0 0 0 1 0 1 1 1 1 0 1 1 1 1 1 0 0 1 1 1 1 0 1 0 0 0 1 0 0 0 1 0 1 0 1 0 0 0
10 10 39 47 38 61 33 3 53 15 49 8 56 43 28 50 17 36 58 55 19 48
22 23 41 59 0 24 30 44 5 45 37 16 57 4 11 32 21 10 25 35 34 46 40 14 6 20 1 51 7 27 52 29 60 18 13 63 22 12 64 42 26 23 62 9 2 54 31
#c 1 0 0 1 1 1 0 0 1 0 1 1 0 0 1 1 1 0 0 0 0 1 0 0 1 1 0 0 0 0 1 0 1 1 1 1 0 1 1 1 1 1 0 0 1 1 1 1 0 1 0 0 0 1 0 0 0 1 0 1 0 1 0 0 0
#c 1 0 0 1 1 1 0 0 1 0 1 1 0 0 1 1 1 0 0 0 0 1 0 0 1 1 0 0 0 0 1 0 1 1 1 1 0 1 1 1 1 1 0 0 1 1 1 1 0 1 0 0 0 1 0 0 0 1 0 1 0 1 0 0 0
#c 1 0 0 1 1 1 0 0 1 0 1 1 0 0 1 1 1 0 0 0 0 1 0 0 1 1 0 0 0 0 1 0 1 1 1 1 0 1 1 1 1 1 0 0 1 1 1 1 0 1 0 0 0 1 0 0 0 1 0 1 0 1 0 0 0
#c 1 0 0 1 1 1 0 0 1 0 1 1 0 0 1 1 1 0 0 0 0 1 0 0 1 1 0 0 0 0 1 0 1 1 1 1 0 1 1 1 1 1 0 0 1 1 1 1 0 1 0 0 0 1 0 0 0 1 0 1 0 1 0 0 0
#c 1 0 0 1 1 1 0 0 1 0 1 1 0 0 1 1 1 0 0 0 0 1 0 0 1 1 0 0 0 0 1 0 1 1 1 1 0 1 1 1 1 1 0 0 1 1 1 1 0 1 0 0 0 1 0 0 0 1 0 1 0 1 0 0 0
8 8 63 6 29 18 2 26 60 48 21 45 38 57 0 39 3 14
25 24 20 58 19 43 55 1 51 7 27 17 52 13 36 50 22 12 64 42 23 56 62 28 9 54 31 41 59 61 24 30 44 5 37 16 4 49 11 32 47 33 53 8 10 25 35 34 46 15 40
#c 1 0 0 1 1 1 0 0 1 0 1 1 0 0 1 1 1 0 0 0 0 1 0 0 1 1 0 0 0 0 1 0 1 1 1 1 0 1 1 1 1 1 0 0 1 1 1 1 0 1 0 0 0 1 0 0 0 1 0 1 0 1 0 0 0
#c 1 0 0 1 1 1 0 0 1 0 1 1 0 0 1 1 1 0 0 0 0 1 0 0 1 1 0 0 0 0 1 0 1 1 1 1 0 1 1 1 1 1 0 0 1 1 1 1 0 1 0 0 0 1 0 0 0 1 0 1 0 1 0 0 0
1 2 64 39 47
32 30 6 20 58 19 43 55 1 51 7 27 17 52 29 60 18 13 36 50 63 22 12 42 26 23 56 62 28 48 9 2 54 31 41 59 61 0 24 30 44 5 38 45 37 16 57 4 49 11 32 21 33 53 8 10 25 35 34 3 46 15 40 14
#c 1 0 0 1 1 1 0 0 1 0 1 1 0 0 1 1 1 0 0 0 0 1 0 0 1 1 0 0 0 0 1 0 1 1 1 1 0 1 1 1 1 1 0 0 1 1 1 1 0 1 0 0 0 1 0 0 0 1 0 1 0 1 0 0 0
#c 1 0 0 1 1 1 0 0 1 0 1 1 0 0 1 1 1 0 0 0 0 1 0 0 1 1 0 0 0 0 1 0 1 1 1 1 0 1 1 1 1 1 0 0 1 1 1 1 0 1 0 0 0 1 0 0 0 1 0 1 0 1 0 0 0
#c 1 0 0 1 1 1 0 0 1 0 1 1 0 0 1 1 1 0 0 0 0 1 0 0 1 1 0 0 0 0 1 0 1 1 1 1 0 1 1 1 1 1 0 0 1 1 1 1 0 1 0 0 0 1 0 0 0 1 0 1 0 1 0 0 0
16 16 46 41 25 5 21 38 3 37 30 35 16 44 53 11 4 61 28 26 19 52 27 18 13 1 60 22 23 51 12 9 20 2
16 17 59 0 24 45 57 49 32 47 33 8 10 39 34 15 40 14 6 58 43 55 7 17 29 36 50 63 64 42 56 62 48 54 31
#c 1 0 0 1 1 1 0 0 1 0 1 1 0 0 1 1 1 0 0 0 0 1 0 0 1 1 0 0 0 0 1 0 1 1 1 1 0 1 1 1 1 1 0 0 1 1 1 1 0 1 0 0 0 1 0 0 0 1 0 1 0 1 0 0 0
#c 1 0 0 1 1 1 0 0 1 0 1 1 0 0 1 1 1 0 0 0 0 1 0 0 1 1 0 0 0 0 1 0 1 1 1 1 0 1 1 1 1 1 0 0 1 1 1 1 0 1 0 0 0 1 0 0 0 1 0 1 0 1 0 0 0
3 3 21 10 34 26 51 55
29 30 41 59 61 0 24 30 44 5 38 45 37 16 57 4 49 11 32 47 33 53 8 25 35 39 3 46 15 40 14 6 20 58 19 43 1 7 27 17 52 29 60 18 13 36 50 63 22 12 64 42 23 56 62 28 48 9 2 54 31
#c 1 0 0 1 1 1 0 0 1 0 1 1 0 0 1 1 1 0 0 0 0 1 0 0 1 1 0 0 0 0 1 0 1 1 1 1 0 1 1 1 1 1 0 0 1 1 1 1 0 1 0 0 0 1 0 0 0 1 0 1 0 1 0 0 0
#c 1 0 0 1 1 1 0 0 1 0 1 1 0 0 1 1 1 0 0 0 0 1 0 0 1 1 0 0 0 0 1 0 1 1 1 1 0 1 1 1 1 1 0 0 1 1 1 1 0 1 0 0 0 1 0 0 0 1 0 1 0 1 0 0 0
#c 1 0 0 1 1 1 0 0 1 0 1 1 0 0 1 1 1 0 0 0 0 1 0 0 1 1 0 0 0 0 1 0 1 1 1 1 0 1 1 1 1 1 0 0 1 1 1 1 0 1 0 0 0 1 0 0 0 1 0 1 0 1 0 0 0
12 12 2 54 12 27 56 62 60 20 7 18 42 31 34 8 59 41 49 16 45 4 35 37 47 33
21 20 6 58 19 43 55 1 51 17 52 29 13 36 50 63 22 64 26 23 28 48 9 61 0 24 30 44 5 38 57 11 32 21 53 10 25 39 3 46 15 40 14
#c 1 0 1 1 0 1 0 1 0 0 1 1 1 0 1 1 0 0 1 0 1 1 0 0 1 1 0 1 0 0 1 1 1 0 0 0 0 0 1 1 1 0 1 0 1 0 1 0 0 0 0 0 0 1 1 0 1 1 0 0 1 1 1 0 0
2 2 2 32 55 59
30 31 61 0 24 30 44 5 38 57 11 21 53 10 25 39 3 46 15 40 14 54 12 27 56 62 60 20 7 18 42 31 6 58 19 43 1 51 17 52 29 13 36 50 63 22 64 26 23 28 48 9 34 8 41 49 16 45 4 35 37 47 33
#c 1 0 1 1 0 1 0 1 0 0 1 1 1 0 1 1 0 0 1 0 1 1 0 0 1 1 0 1 0 0 1 1 1 0 0 0 0 0 1 1 1 0 1 0 1 0 1 0 0 0 0 0 0 1 1 0 1 1 0 0 1 1 1 0 0
#c 1 0 1 1 0 1 0 1 0 0 1 1 1 0 1 1 0 0 1 0 1 1 0 0 1 1 0 1 0 0 1 1 1 0 0 0 0 0 1 1 1 0 1 0 1 0 1 0 0 0 0 0 0 1 1 0 1 1 0 0 1 1 1 0 0
6 6 25 10 57 42 14 60 43 8 41 6 26 34
26 27 61 0 24 30 44 5 38 11 32 21 53 39 3 46 15 40 2 54 12 27 56 62 20 7 18 31 58 19 55 1 51 17 52 29 13 36 50 63 22 64 23 28 48 9 59 49 16 45 4 35 37 47 33
#c 1 0 1 1 0 1 0 1 0 0 1 1 1 0 1 1 0 0 1 0 1 1 0 0 1 1 0 1 0 0 1 1 1 0 0 0 0 0 1 1 1 0 1 0 1 0 1 0 0 0 0 0 0 1 1 0 1 1 0 0 1 1 1 0 0
1 1 43 44
32 31 6 58 19 55 1 51 17 52 29 13 36 50 63 22 64 26 23 28 48 9 34 8 59 41 49 16 45 4 35 37 47 33 61 0 24 30 5 38 57 11 32 21 53 10 25 39 3 46 15 40 14 2 54 12 27 56 62 60 20 7 18 42 31
#c 1 0 1 1 0 1 0 1 0 0 1 1 1 0 1 1 0 0 1 0 1 1 0 0 1 1 0 1 0 0 1 1 1 0 0 0 0 0 1 1 1 0 1 0 1 0 1 0 0 0 0 0 0 1 1 0 1 1 0 0 1 1 1 0 0
6 6 46 25 38 62 24 44 52 41 19 45 16 29
26 27 61 0 30 5 57 11 32 21 53 10 39 3 15 40 14 2 54 12 27 56 60 20 7 18 42 31 6 58 43 55 1 51 17 13 36 50 63 22 64 26 23 28 48 9 34 8 59 49 4 35 37 47 33
#c 1 0 1 1 0 1 0 1 0 0 1 1 1 0 1 1 0 0 1 0 1 1 0 0 1 1 0 1 0 0 1 1 1 0 0 0 0 0 1 1 1 0 1 0 1 0 1 0 0 0 0 0 0 1 1 0 1 1 0 0 1 1 1 0 0
9 9 48 55 23 64 22 26 16 29 58 31 3 38 39 60 24 40 10 42
24 23 6 19 43 1 51 17 52 13 36 50 63 28 9 34 8 59 41 49 45 4 35 37 47 33 61 0 30 44 5 57 11 32 21 53 25 46 15 14 2 54 12 27 56 62 20 7 18
#c 1 0 1 1 0 1 0 1 0 0 1 1 1 0 1 1 0 0 1 0 1 1 0 0 1 1 0 1 0 0 1 1 1 0 0 0 0 0 1 1 1 0 1 0 1 0 1 0 0 0 0 0 0 1 1 0 1 1 0 0 1 1 1 0 0
1 1 30 59
31 32 61 0 24 44 5 38 57 11 32 21 53 10 25 39 3 46 15 40 14 2 54 12 27 56 62 60 20 7 18 42 31 6 58 19 43 55 1 51 17 52 29 13 36 50 63 22 64 26 23 28 48 9 34 8 41 49 16 45 4 35 37 47 33
#c 1 0 1 1 0 1 0 1 0 0 1 1 1 0 1 1 0 0 1 0 1 1 0 0 1 1 0 1 0 0 1 1 1 0 0 0 0 0 1 1 1 0 1 0 1 0 1 0 0 0 0 0 0 1 1 0 1 1 0 0 1 1 1 0 0
7 7 41 19 16 49 35 28 29 0 24 61 20 38 46 40
26 25 6 58 43 55 1 51 17 52 13 36 50 63 22 64 26 23 48 9 34 8 59 45 4 37 47 33 30 44 5 57 11 32 21 53 10 25 39 3 15 14 2 54 12 27 56 62 60 7 18 42 31
#c 1 0 1 1 0 1 0 1 0 0 1 1 1 0 1 1 0 0 1 0 1 1 0 0 1 1 0 1 0 0 1 1 1 0 0 0 0 0 1 1 1 0 1 0 1 0 1 0 0 0 0 0 0 1 1 0 1 1 0 0 1 1 1 0 0
11 11 11 61 53 5 56 3 27 21 42 39 30 58 51 4 36 34 50 8 47 59 17 64
21 22 0 24 44 38 57 32 10 25 46 15 40 14 2 54 12 62 60 20 7 18 31 6 19 43 55 1 52 29 13 63 22 26 23 28 48 9 41 49 16 45 35 37 33
#c 1 0 1 1 0 1 0 1 0 0 1 1 1 0 1 1 0 0 1 0 1 1 0 0 1 1 0 1 0 0 1 1 1 0 0 0 0 0 1 1 1 0 1 0 1 0 1 0 0 0 0 0 0 1 1 0 1 1 0 0 1 1 1 0 0
3 4 9 51 41 21 42 57 11
30 28 6 58 19 43 55 1 17 52 29 13 36 50 63 22 64 26 23 28 48 34 8 59 49 16 45 4 35 37 47 33 61 0 24 30 44 5 38 32 53 10 25 39 3 46 15 40 14 2 54 12 27 56 62 60 20 7 18 31
#c 1 0 1 1 0 1 0 1 0 0 1 1 1 0 1 1 0 0 1 0 1 1 0 0 1 1 0 1 0 0 1 1 1 0 0 0 0 0 1 1 1 0 1 0 1 0 1 0 0 0 0 0 0 1 1 0 1 1 0 0 1 1 1 0 0
#c 1 0 1 1 0 1 0 1 0 0 1 1 1 0 1 1 0 0 1 0 1 1 0 0 1 1 0 1 0 0 1 1 1 0 0 0 0 0 1 1 1 0 1 0 1 0 1 0 0 0 0 0 0 1 1 0 1 1 0 0 1 1 1 0 0
3 3 59 58 33 15 18 31
30 29 6 19 43 55 1 51 17 52 29 13 36 50 63 22 64 26 23 28 48 9 34 8 41 49 16 45 4 35 37 47 61 0 24 30 44 5 38 57 11 32 21 53 10 25 39 3 46 40 14 2 54 12 27 56 62 60 20 7 42
#c 1 0 1 1 0 1 0 1 0 0 1 1 1 0 1 1 0 0 1 0 1 1 0 0 1 1 0 1 0 0 1 1 1 0 0 0 0 0 1 1 1 0 1 0 1 0 1 0 0 0 0 0 0 1 1 0 1 1 0 0 1 1 1 0 0
#c 1 0 1 1 0 1 0 1 0 0 1 1 1 0 1 1 0 0 1 0 1 1 0 0 1 1 0 1 0 0 1 1 1 0 0 0 0 0 1 1 1 0 1 0 1 0 1 0 0 0 0 0 0 1 1 0 1 1 0 0 1 1 1 0 0
9 9 36 37 8 6 1 48 59 28 35 46 24 21 14 5 32 40 38 39
24 23 58 19 43 55 51 17 52 29 13 50 63 22 64 26 23 9 34 41 49 16 45 4 47 33 61 0 30 44 57 11 53 10 25 3 15 2 54 12 27 56 62 60 20 7 18 42 31
#c 1 0 1 1 0 1 0 1 0 0 1 1 1 0 1 1 0 0 1 0 1 1 0 0 1 1 0 1 0 0 1 1 1 0 0 0 0 0 1 1 1 0 1 0 1 0 1 0 0 0 0 0 0 1 1 0 1 1 0 0 1 1 1 0 0
10 10 62 21 20 2 12 31 27 3 61 46 58 41 13 22 23 43 34 29 26 48
22 23 0 24 30 44 5 38 57 11 32 53 10 25 39 15 40 14 54 56 60 7 18 42 6 19 55 1 51 17 52 36 50 63 64 28 9 8 59 49 16 45 4 35 37 47 33
#c 1 0 1 1 0 1 0 1 0 0 1 1 1 0 1 1 0 0 1 0 1 1 0 0 1 1 0 1 0 0 1 1 1 0 0 0 0 0 1 1 1 0 1 0 1 0 1 0 0 0 0 0 0 1 1 0 1 1 0 0 1 1 1 0 0
#c 1 0 1 1 0 1 0 1 0 0 1 1 1 0 1 1 0 0 1 0 1 1 0 0 1 1 0 1 0 0 1 1 1 0 0 0 0 0 1 1 1 0 1 0 1 0 1 0 0 0 0 0 0 1 1 0 1 1 0 0 1 1 1 0 0
1 3 11 52 59 55
31 30 61 0 24 30 44 5 38 57 32 21 53 10 25 39 3 46 15 40 14 2 54 12 27 56 62 60 20 7 18 42 31 6 58 19 43 1 51 17 29 13 36 50 63 22 64 26 23 28 48 9 34 8 41 49 16 45 4 35 37 47 33
#c 1 0 1 1 0 1 0 1 0 0 1 1 1 0 1 1 0 0 1 0 1 1 0 0 1 1 0 1 0 0 1 1 1 0 0 0 0 0 1 1 1 0 1 0 1 0 1 0 0 0 0 0 0 1 1 0 1 1 0 0 1 1 1 0 0
#c 1 0 1 1 0 1 0 1 0 0 1 1 1 0 1 1 0 0 1 0 1 1 0 0 1 1 0 1 0 0 1 1 1 0 0 0 0 0 1 1 1 0 1 0 1 0 1 0 0 0 0 0 0 1 1 0 1 1 0 0 1 1 1 0 0
3 3 11 27 56 9 51 29
29 30 61 0 24 30 44 5 38 57 32 21 53 10 25 39 3 46 15 40 14 2 54 12 62 60 20 7 18 42 31 6 58 19 43 55 1 17 52 13 36 50 63 22 64 26 23 28 48 34 8 59 41 49 16 45 4 35 37 47 33
#c 1 0 1 1 0 1 0 1 0 0 1 1 1 0 1 1 0 0 1 0 1 1 0 0 1 1 0 1 0 0 1 1 1 0 0 0 0 0 1 1 1 0 1 0 1 0 1 0 0 0 0 0 0 1 1 0 1 1 0 0 1 1 1 0 0
#c 1 0 1 1 0 1 0 1 0 0 1 1 1 0 1 1 0 0 1 0 1 1 0 0 1 1 0 1 0 0 1 1 1 0 0 0 0 0 1 1 1 0 1 0 1 0 1 0 0 0 0 0 0 1 1 0 1 1 0 0 1 1 1 0 0
#c 1 0 1 1 0 1 0 1 0 0 1 1 1 0 1 1 0 0 1 0 1 1 0 0 1 1 0 1 0 0 1 1 1 0 0 0 0 0 1 1 1 0 1 0 1 0 1 0 0 0 0 0 0 1 1 0 1 1 0 0 1 1 1 0 0
6 5 26 33 23 19 48 6 60 30 18 44 40
27 27 58 43 55 1 51 17 52 29 13 36 50 63 22 64 28 9 34 8 59 41 49 16 45 4 35 37 47 61 0 24 5 38 57 11 32 21 53 10 25 39 3 46 15 14 2 54 12 27 56 62 20 7 42 31
#c 1 0 1 1 0 1 0 1 0 0 1 1 1 0 1 1 0 0 1 0 1 1 0 0 1 1 0 1 0 0 1 1 1 0 0 0 0 0 1 1 1 0 1 0 1 0 1 0 0 0 0 0 0 1 1 0 1 1 0 0 1 1 1 0 0
2 2 56 54 22 37
30 31 61 0 24 30 44 5 38 57 11 32 21 53 10 25 39 3 46 15 40 14 2 12 27 62 60 20 7 18 42 31 6 58 19 43 55 1 51 17 52 29 13 36 50 63 64 26 23 28 48 9 34 8 59 41 49 16 45 4 35 47 33
#c 1 0 1 1 0 1 0 1 0 0 1 1 1 0 1 1 0 0 1 0 1 1 0 0 1 1 0 1 0 0 1 1 1 0 0 0 0 0 1 1 1 0 1 0 1 0 1 0 0 0 0 0 0 1 1 0 1 1 0 0 1 1 1 0 0
9 9 64 8 19 33 35 55 41 48 43 2 20 38 32 12 27 54 56 39
24 23 6 58 1 51 17 52 29 13 36 50 63 22 26 23 28 9 34 59 49 16 45 4 37 47 61 0 24 30 44 5 57 11 21 53 10 25 3 46 15 40 14 62 60 7 18 42 31
#c 1 0 1 1 0 1 0 1 0 0 1 1 1 0 1 1 0 0 1 0 1 1 0 0 1 1 0 1 0 0 1 1 1 0 0 0 0 0 1 1 1 0 1 0 1 0 1 0 0 0 0 0 0 1 1 0 1 1 0 0 1 1 1 0 0
16 16 38 56 62 57 61 12 2 42 24 5 3 10 18 44 15 25 34 37 51 49 36 26 58 64 1 19 55 63 4 13 48 43
16 17 0 30 11 32 21 53 39 46 40 14 54 27 60 20 7 31 6 17 52 29 50 22 23 28 9 8 59 41 16 45 35 47 33
#c 1 0 1 1 0 1 0 1 0 0 1 1 1 0 1 1 0 0 1 0 1 1 0 0 1 1 0 1 0 0 1 1 1 0 0 0 0 0 1 1 1 0 1 0 1 0 1 0 0 0 0 0 0 1 1 0 1 1 0 0 1 1 1 0 0
#c 1 0 1 1 0 1 0 1 0 0 1 1 1 0 1 1 0 0 1 0 1 1 0 0 1 1 0 1 0 0 1 1 1 0 0 0 0 0 1 1 1 0 1 0 1 0 1 0 0 0 0 0 0 1 1 0 1 1 0 0 1 1 1 0 0
#c 1 0 1 1 0 1 0 1 0 0 1 1 1 0 1 1 0 0 1 0 1 1 0 0 1 1 0 1 0 0 1 1 1 0 0 0 0 0 1 1 1 0 1 0 1 0 1 0 0 0 0 0 0 1 1 0 1 1 0 0 1 1 1 0 0
11 11 28 6 58 19 34 29 13 55 45 35 52 53 18 27 56 2 11 20 46 32 42 57
22 21 43 1 51 17 36 50 63 22 64 26 23 48 9 8 59 41 49 16 4 37 47 33 61 0 24 30 44 5 38 21 10 25 39 3 15 40 14 54 12 62 60 7 31
#c 1 0 1 1 0 1 0 1 0 0 1 1 1 0 1 1 0 0 1 0 1 1 0 0 1 1 0 1 0 0 1 1 1 0 0 0 0 0 1 1 1 0 1 0 1 0 1 0 0 0 0 0 0 1 1 0 1 1 0 0 1 1 1 0 0
16 16 40 54 61 24 53 57 42 15 21 2 5 32 27 25 39 18 43 55 19 26 23 49 6 16 50 4 52 8 1 47 63 48
16 17 0 30 44 38 11 10 3 46 14 12 56 62 60 20 7 31 58 51 17 29 13 36 22 64 28 9 34 59 41 45 35 37 33
#c 1 0 1 1 0 1 0 1 0 0 1 1 1 0 1 1 0 0 1 0 1 1 0 0 1 1 0 1 0 0 1 1 1 0 0 0 0 0 1 1 1 0 1 0 1 0 1 0 0 0 0 0 0 1 1 0 1 1 0 0 1 1 1 0 0
#c 1 0 1 1 0 1 0 1 0 0 1 1 1 0 1 1 0 0 1 0 1 1 0 0 1 1 0 1 0 0 1 1 1 0 0 0 0 0 1 1 1 0 1 0 1 0 1 0 0 0 0 0 0 1 1 0 1 1 0 0 1 1 1 0 0
9 9 7 54 42 25 21 44 18 38 60 13 52 37 55 43 22 36 19 8
23 24 61 0 24 30 5 57 11 32 53 10 39 3 46 15 40 14 2 12 27 56 62 20 31 6 58 1 51 17 29 50 63 64 26 23 28 48 9 34 59 41 49 16 45 4 35 47 33
#c 1 0 1 1 0 1 0 1 0 0 1 1 1 0 1 1 0 0 1 0 1 1 0 0 1 1 0 1 0 0 1 1 1 0 0 0 0 0 1 1 1 0 1 0 1 0 1 0 0 0 0 0 0 1 1 0 1 1 0 0 1 1 1 0 0
1 3 51 61 7 12
32 29 6 58 19 43 55 1 17 52 29 13 36 50 63 22 64 26 23 28 48 9 34 8 59 41 49 16 45 4 35 37 47 33 0 24 30 44 5 38 57 11 32 21 53 10 25 39 3 46 15 40 14 2 54 27 56 62 60 20 18 42 31
#c 1 0 1 1 0 1 0 1 0 0 1 1 1 0 1 1 0 0 1 0 1 1 0 0 1 1 0 1 0 0 1 1 1 0 0 0 0 0 1 1 1 0 1 0 1 0 1 0 0 0 0 0 0 1 1 0 1 1 0 0 1 1 1 0 0
#c 1 0 1 1 0 1 0 1 0 0 1 1 1 0 1 1 0 0 1 0 1 1 0 0 1 1 0 1 0 0 1 1 1 0 0 0 0 0 1 1 1 0 1 0 1 0 1 0 0 0 0 0 0 1 1 0 1 1 0 0 1 1 1 0 0
16 16 4 59 52 23 16 9 36 64 55 33 51 58 13 1 6 48 10 27 25 18 14 42 12 56 21 5 7 62 20 24 44 11
17 16 19 43 17 29 50 63 22 26 28 34 8 41 49 45 35 37 47 61 0 30 38 57 32 53 39 3 46 15 40 2 54 60 31
#c 1 0 1 1 0 1 0 1 0 0 1 1 1 0 1 1 0 0 1 0 1 1 0 0 1 1 0 1 0 0 1 1 1 0 0 0 0 0 1 1 1 0 1 0 1 0 1 0 0 0 0 0 0 1 1 0 1 1 0 0 1 1 1 0 0
#c 1 0 1 1 0 1 0 1 0 0 1 1 1 0 1 1 0 0 1 0 1 1 0 0 1 1 0 1 0 0 1 1 1 0 0 0 0 0 1 1 1 0 1 0 1 0 1 0 0 0 0 0 0 1 1 0 1 1 0 0 1 1 1 0 0
#c 1 0 1 1 0 1 0 1 0 0 1 1 1 0 1 1 0 0 1 0 1 1 0 0 1 1 0 1 0 0 1 1 1 0 0 0 0 0 1 1 1 0 1 0 1 0 1 0 0 0 0 0 0 1 1 0 1 1 0 0 1 1 1 0 0
4 4 38 62 14 25 50 64 41 13
28 29 61 0 24 30 44 5 57 11 32 21 53 10 39 3 46 15 40 2 54 12 27 56 60 20 7 18 42 31 6 58 19 43 55 1 51 17 52 29 36 63 22 26 23 28 48 9 34 8 59 49 16 45 4 35 37 47 33
#c 1 0 1 1 0 1 0 1 0 0 1 1 1 0 1 1 0 0 1 0 1 1 0 0 1 1 0 1 0 0 1 1 1 0 0 0 0 0 1 1 1 0 1 0 1 0 1 0 0 0 0 0 0 1 1 0 1 1 0 0 1 1 1 0 0
#c 1 0 1 1 0 1 0 1 0 0 1 1 1 0 1 1 0 0 1 0 1 1 0 0 1 1 0 1 0 0 1 1 1 0 0 0 0 0 1 1 1 0 1 0 1 0 1 0 0 0 0 0 0 1 1 0 1 1 0 0 1 1 1 0 0
3 2 60 53 54 47 43
29 31 61 0 24 30 44 5 38 57 11 32 21 10 25 39 3 46 15 40 14 2 12 27 56 62 20 7 18 42 31 6 58 19 55 1 51 17 52 29 13 36 50 63 22 64 26 23 28 48 9 34 8 59 41 49 16 45 4 35 37 33
#c 1 0 1 1 0 1 0 1 0 0 1 1 1 0 1 1 0 0 1 0 1 1 0 0 1 1 0 1 0 0 1 1 1 0 0 0 0 0 1 1 1 0 1 0 1 0 1 0 0 0 0 0 0 1 1 0 1 1 0 0 1 1 1 0 0
#c 1 0 1 1 0 1 0 1 0 0 1 1 1 0 1 1 0 0 1 0 1 1 0 0 1 1 0 1 0 0 1 1 1 0 0 0 0 0 1 1 1 0 1 0 1 0 1 0 0 0 0 0 0 1 1 0 1 1 0 0 1 1 1 0 0
#c 1 0 1 1 0 1 0 1 0 0 1 1 1 0 1 1 0 0 1 0 1 1 0 0 1 1 0 1 0 0 1 1 1 0 0 0 0 0 1 1 1 0 1 0 1 0 1 0 0 0 0 0 0 1 1 0 1 1 0 0 1 1 1 0 0
#c 1 0 1 1 0 1 0 1 0 0 1 1 1 0 1 1 0 0 1 0 1 1 0 0 1 1 0 1 0 0 1 1 1 0 0 0 0 0 1 1 1 0 1 0 1 0 1 0 0 0 0 0 0 1 1 0 1 1 0 0 1 1 1 0 0
#c 1 0 1 1 0 1 0 1 0 0 1 1 1 0 1 1 0 0 1 0 1 1 0 0 1 1 0 1 0 0 1 1 1 0 0 0 0 0 1 1 1 0 1 0 1 0 1 0 0 0 0 0 0 1 1 0 1 1 0 0 1 1 1 0 0
#c 1 0 1 1 0 1 0 1 0 0 1 1 1 0 1 1 0 0 1 0 1 1 0 0 1 1 0 1 0 0 1 1 1 0 0 0 0 0 1 1 1 0 1 0 1 0 1 0 0 0 0 0 0 1 1 0 1 1 0 0 1 1 1 0 0
9 9 12 21 39 14 11 40 32 42 24 49 9 33 26 36 52 19 22 51
23 24 61 0 30 44 5 38 57 53 10 25 3 46 15 2 54 27 56 62 60 20 7 18 31 6 58 43 55 1 17 29 13 50 63 64 23 28 48 34 8 59 41 16 45 4 35 37 47
#c 1 0 1 1 0 1 0 1 0 0 1 1 1 0 1 1 0 0 1 0 1 1 0 0 1 1 0 1 0 0 1 1 1 0 0 0 0 0 1 1 1 0 1 0 1 0 1 0 0 0 0 0 0 1 1 0 1 1 0 0 1 1 1 0 0
16 16 1 43 33 22 34 63 37 55 13 17 35 28 52 19 23 41 39 60 42 54 7 56 27 14 0 3 20 18 57 46 32 53
17 16 6 58 51 29 36 50 64 26 48 9 8 59 49 16 45 4 47 61 24 30 44 5 38 11 21 10 25 15 40 2 12 62 31
#c 1 0 1 1 0 1 0 1 0 0 1 1 1 0 1 1 0 0 1 0 1 1 0 0 1 1 0 1 0 0 1 1 1 0 0 0 0 0 1 1 1 0 1 0 1 0 1 0 0 0 0 0 0 1 1 0 1 1 0 0 1 1 1 0 0
#c 1 0 1 1 0 1 0 1 0 0 1 1 1 0 1 1 0 0 1 0 1 1 0 0 1 1 0 1 0 0 1 1 1 0 0 0 0 0 1 1 1 0 1 0 1 0 1 0 0 0 0 0 0 1 1 0 1 1 0 0 1 1 1 0 0
#c 1 0 1 1 0 1 0 1 0 0 1 1 1 0 1 1 0 0 1 0 1 1 0 0 1 1 0 1 0 0 1 1 1 0 0 0 0 0 1 1 1 0 1 0 1 0 1 0 0 0 0 0 0 1 1 0 1 1 0 0 1 1 1 0 0
#c 1 0 1 1 0 1 0 1 0 0 1 1 1 0 1 1 0 0 1 0 1 1 0 0 1 1 0 1 0 0 1 1 1 0 0 0 0 0 1 1 1 0 1 0 1 0 1 0 0 0 0 0 0 1 1 0 1 1 0 0 1 1 1 0 0
#c 1 0 1 1 0 1 0 1 0 0 1 1 1 0 1 1 0 0 1 0 1 1 0 0 1 1 0 1 0 0 1 1 1 0 0 0 0 0 1 1 1 0 1 0 1 0 1 0 0 0 0 0 0 1 1 0 1 1 0 0 1 1 1 0 0
7 7 57 25 53 21 18 27 54 35 36 22 28 29 4 52
25 26 61 0 24 30 44 5 38 11 32 10 39 3 46 15 40 14 2 12 56 62 60 20 7 42 31 6 58 19 43 55 1 51 17 13 50 63 64 26 23 48 9 34 8 59 41 49 16 45 37 47 33
#c 1 0 1 1 0 1 0 1 0 0 1 1 1 0 1 1 0 0 1 0 1 1 0 0 1 1 0 1 0 0 1 1 1 0 0 0 0 0 1 1 1 0 1 0 1 0 1 0 0 0 0 0 0 1 1 0 1 1 0 0 1 1 1 0 0
16 17 29 8 51 22 59 41 19 55 26 49 43 33 52 23 28 34 42 12 20 14 32 0 18 61 53 57 3 46 60 44 5 21 11
17 15 6 58 1 17 13 36 50 63 64 48 9 16 45 4 35 37 47 24 30 38 10 25 39 15 40 2 54 27 56 62 7 31
#c 1 0 1 1 0 1 0 1 0 0 1 1 1 0 1 1 0 0 1 0 1 1 0 0 1 1 0 1 0 0 1 1 1 0 0 0 0 0 1 1 1 0 1 0 1 0 1 0 0 0 0 0 0 1 1 0 1 1 0 0 1 1 1 0 0
15 15 40 5 27 12 15 24 62 39 61 60 57 21 31 46 10 36 23 13 59 1 47 64 58 8 19 16 35 22 63 49
17 18 0 30 44 38 11 32 53 25 3 14 2 54 56 20 7 18 42 6 43 55 51 17 52 29 50 26 28 48 9 34 41 45 4 37 33
#c 1 0 1 1 0 1 0 1 0 0 1 1 1 0 1 1 0 0 1 0 1 1 0 0 1 1 0 1 0 0 1 1 1 0 0 0 0 0 1 1 1 0 1 0 1 0 1 0 0 0 0 0 0 1 1 0 1 1 0 0 1 1 1 0 0
#c 1 0 1 1 0 1 0 1 0 0 1 1 1 0 1 1 0 0 1 0 1 1 0 0 1 1 0 1 0 0 1 1 1 0 0 0 0 0 1 1 1 0 1 0 1 0 1 0 0 0 0 0 0 1 1 0 1 1 0 0 1 1 1 0 0
15 15 31 40 27 30 38 10 25 54 18 14 62 39 42 20 32 23 19 51 35 9 55 4 29 17 36 22 52 43 49 1
17 18 61 0 24 44 5 57 11 21 53 3 46 15 2 12 56 60 7 6 58 13 50 63 64 26 28 48 34 8 59 41 16 45 37 47 33
#c 1 0 1 1 0 1 0 1 0 0 1 1 1 0 1 1 0 0 1 0 1 1 0 0 1 1 0 1 0 0 1 1 1 0 0 0 0 0 1 1 1 0 1 0 1 0 1 0 0 0 0 0 0 1 1 0 1 1 0 0 1 1 1 0 0
#c 1 0 1 1 0 1 0 1 0 0 1 1 1 0 1 1 0 0 1 0 1 1 0 0 1 1 0 1 0 0 1 1 1 0 0 0 0 0 1 1 1 0 1 0 1 0 1 0 0 0 0 0 0 1 1 0 1 1 0 0 1 1 1 0 0
#c 1 0 1 1 0 1 0 1 0 0 1 1 1 0 1 1 0 0 1 0 1 1 0 0 1 1 0 1 0 0 1 1 1 0 0 0 0 0 1 1 1 0 1 0 1 0 1 0 0 0 0 0 0 1 1 0 1 1 0 0 1 1 1 0 0
#c 1 0 1 1 0 1 0 1 0 0 1 1 1 0 1 1 0 0 1 0 1 1 0 0 1 1 0 1 0 0 1 1 1 0 0 0 0 0 1 1 1 0 1 0 1 0 1 0 0 0 0 0 0 1 1 0 1 1 0 0 1 1 1 0 0
6 6 57 18 39 54 61 11 47 22 49 6 19 35
26 27 0 24 30 44 5 38 32 21 53 10 25 3 46 15 40 14 2 12 27 56 62 60 20 7 42 31 58 43 55 1 51 17 52 29 13 36 50 63 64 26 23 28 48 9 34 8 59 41 16 45 4 37 33
#c 1 0 1 1 0 1 0 1 0 0 1 1 1 0 1 1 0 0 1 0 1 1 0 0 1 1 0 1 0 0 1 1 1 0 0 0 0 0 1 1 1 0 1 0 1 0 1 0 0 0 0 0 0 1 1 0 1 1 0 0 1 1 1 0 0
3 3 63 19 9 40 44 39
30 29 6 58 43 55 1 51 17 52 29 13 36 50 22 64 26 23 28 48 34 8 59 41 49 16 45 4 35 37 47 33 61 0 24 30 5 38 57 11 32 21 53 10 25 3 46 15 14 2 54 12 27 56 62 60 20 7 18 42 31
#c 1 0 1 1 0 1 0 1 0 0 1 1 1 0 1 1 0 0 1 0 1 1 0 0 1 1 0 1 0 0 1 1 1 0 0 0 0 0 1 1 1 0 1 0 1 0 1 0 0 0 0 0 0 1 1 0 1 1 0 0 1 1 1 0 0
13 13 27 7 61 44 2 30 32 3 11 56 14 60 40 23 47 64 49 48 17 36 22 34 19 8 9 35
19 20 0 24 5 38 57 21 53 10 25 39 46 15 54 12 62 20 18 42 31 6 58 43 55 1 51 52 29 13 50 63 26 28 59 41 16 45 4 37 33
#c 1 0 1 1 0 1 0 1 0 0 1 1 1 0 1 1 0 0 1 0 1 1 0 0 1 1 0 1 0 0 1 1 1 0 0 0 0 0 1 1 1 0 1 0 1 0 1 0 0 0 0 0 0 1 1 0 1 1 0 0 1 1 1 0 0
#c 1 0 1 1 0 1 0 1 0 0 1 1 1 0 1 1 0 0 1 0 1 1 0 0 1 1 0 1 0 0 1 1 1 0 0 0 0 0 1 1 1 0 1 0 1 0 1 0 0 0 0 0 0 1 1 0 1 1 0 0 1 1 1 0 0
2 2 5 62 48 16
30 31 61 0 24 30 44 38 57 11 32 21 53 10 25 39 3 46 15 40 14 2 54 12 27 56 60 20 7 18 42 31 6 58 19 43 55 1 51 17 52 29 13 36 50 63 22 64 26 23 28 9 34 8 59 41 49 45 4 35 37 47 33
#c 1 0 1 1 0 1 0 1 0 0 1 1 1 0 1 1 0 0 1 0 1 1 0 0 1 1 0 1 0 0 1 1 1 0 0 0 0 0 1 1 1 0 1 0 1 0 1 0 0 0 0 0 0 1 1 0 1 1 0 0 1 1 1 0 0
#c 1 0 1 1 0 1 0 1 0 0 1 1 1 0 1 1 0 0 1 0 1 1 0 0 1 1 0 1 0 0 1 1 1 0 0 0 0 0 1 1 1 0 1 0 1 0 1 0 0 0 0 0 0 1 1 0 1 1 0 0 1 1 1 0 0
#c 1 0 1 1 0 1 0 1 0 0 1 1 1 0 1 1 0 0 1 0 1 1 0 0 1 1 0 1 0 0 1 1 1 0 0 0 0 0 1 1 1 0 1 0 1 0 1 0 0 0 0 0 0 1 1 0 1 1 0 0 1 1 1 0 0
#c 1 0 1 1 0 1 0 1 0 0 1 1 1 0 1 1 0 0 1 0 1 1 0 0 1 1 0 1 0 0 1 1 1 0 0 0 0 0 1 1 1 0 1 0 1 0 1 0 0 0 0 0 0 1 1 0 1 1 0 0 1 1 1 0 0
#c 1 0 1 1 0 1 0 1 0 0 1 1 1 0 1 1 0 0 1 0 1 1 0 0 1 1 0 1 0 0 1 1 1 0 0 0 0 0 1 1 1 0 1 0 1 0 1 0 0 0 0 0 0 1 1 0 1 1 0 0 1 1 1 0 0
11 11 17 29 23 22 58 64 19 55 63 1 41 18 11 46 31 38 57 15 10 56 20 54
22 21 6 43 51 52 13 36 50 26 28 48 9 34 8 59 49 16 45 4 35 37 47 33 61 0 24 30 44 5 32 21 53 25 39 3 40 14 2 12 27 62 60 7 42
#c 1 0 1 1 0 1 0 1 0 0 1 1 1 0 1 1 0 0 1 0 1 1 0 0 1 1 0 1 0 0 1 1 1 0 0 0 0 0 1 1 1 0 1 0 1 0 1 0 0 0 0 0 0 1 1 0 1 1 0 0 1 1 1 0 0
1 1 57 4
31 32 61 0 24 30 44 5 38 11 32 21 53 10 25 39 3 46 15 40 14 2 54 12 27 56 62 60 20 7 18 42 31 6 58 19 43 55 1 51 17 52 29 13 36 50 63 22 64 26 23 28 48 9 34 8 59 41 49 16 45 35 37 47 33
#c 1 0 1 1 0 1 0 1 0 0 1 1 1 0 1 1 0 0 1 0 1 1 0 0 1 1 0 1 0 0 1 1 1 0 0 0 0 0 1 1 1 0 1 0 1 0 1 0 0 0 0 0 0 1 1 0 1 1 0 0 1 1 1 0 0
#c 1 0 1 1 0 1 0 1 0 0 1 1 1 0 1 1 0 0 1 0 1 1 0 0 1 1 0 1 0 0 1 1 1 0 0 0 0 0 1 1 1 0 1 0 1 0 1 0 0 0 0 0 0 1 1 0 1 1 0 0 1 1 1 0 0
15 15 32 27 25 60 12 10 0 30 21 7 18 57 53 38 61 58 19 6 22 55 63 26 36 9 17 1 33 49 8 4
17 18 24 44 5 11 39 3 46 15 40 14 2 54 56 62 20 42 31 43 51 52 29 13 50 64 23 28 48 34 59 41 16 45 35 37 47
#c 1 0 1 1 0 1 0 1 0 0 1 1 1 0 1 1 0 0 1 0 1 1 0 0 1 1 0 1 0 0 1 1 1 0 0 0 0 0 1 1 1 0 1 0 1 0 1 0 0 0 0 0 0 1 1 0 1 1 0 0 1 1 1 0 0
9 9 29 45 64 23 9 4 41 47 50 40 42 0 30 31 25 61 20 11
24 23 6 58 19 43 55 1 51 17 52 13 36 63 22 26 28 48 34 8 59 49 16 35 37 33 24 44 5 38 57 32 21 53 10 39 3 46 15 14 2 54 12 27 56 62 60 7 18
#c 1 0 1 1 0 1 0 1 0 0 1 1 1 0 1 1 0 0 1 0 1 1 0 0 1 1 0 1 0 0 1 1 1 0 0 0 0 0 1 1 1 0 1 0 1 0 1 0 0 0 0 0 0 1 1 0 1 1 0 0 1 1 1 0 0
#c 1 0 1 1 0 1 0 1 0 0 1 1 1 0 1 1 0 0 1 0 1 1 0 0 1 1 0 1 0 0 1 1 1 0 0 0 0 0 1 1 1 0 1 0 1 0 1 0 0 0 0 0 0 1 1 0 1 1 0 0 1 1 1 0 0
#c 1 0 1 1 0 1 0 1 0 0 1 1 1 0 1 1 0 0 1 0 1 1 0 0 1 1 0 1 0 0 1 1 1 0 0 0 0 0 1 1 1 0 1 0 1 0 1 0 0 0 0 0 0 1 1 0 1 1 0 0 1 1 1 0 0
5 5 14 53 10 42 12 33 26 23 13 8
27 28 61 0 24 30 44 5 38 57 11 32 21 25 39 3 46 15 40 2 54 27 56 62 60 20 7 18 31 6 58 19 43 55 1 51 17 52 29 36 50 63 22 64 28 48 9 34 59 41 49 16 45 4 35 37 47
#c 1 0 1 1 0 1 0 1 0 0 1 1 1 0 1 1 0 0 1 0 1 1 0 0 1 1 0 1 0 0 1 1 1 0 0 0 0 0 1 1 1 0 1 0 1 0 1 0 0 0 0 0 0 1 1 0 1 1 0 0 1 1 1 0 0
13 13 59 16 43 8 19 29 23 36 55 37 48 33 9 38 44 12 53 11 7 25 60 20 14 57 39 54
20 19 6 58 1 51 17 52 13 50 63 22 64 26 28 34 41 49 45 4 35 47 61 0 24 30 5 32 21 10 3 46 15 40 2 27 56 62 18 42 31
#c 1 0 1 1 0 1 0 1 0 0 1 1 1 0 1 1 0 0 1 0 1 1 0 0 1 1 0 1 0 0 1 1 1 0 0 0 0 0 1 1 1 0 1 0 1 0 1 0 0 0 0 0 0 1 1 0 1 1 0 0 1 1 1 0 0
2 2 7 42 34 19
30 31 61 0 24 30 44 5 38 57 11 32 21 53 10 25 39 3 46 15 40 14 2 54 12 27 56 62 60 20 18 31 6 58 43 55 1 51 17 52 29 13 36 50 63 22 64 26 23 28 48 9 8 59 41 49 16 45 4 35 37 47 33
#c 1 0 1 1 0 1 0 1 0 0 1 1 1 0 1 1 0 0 1 0 1 1 0 0 1 1 0 1 0 0 1 1 1 0 0 0 0 0 1 1 1 0 1 0 1 0 1 0 0 0 0 0 0 1 1 0 1 1 0 0 1 1 1 0 0
3 1 43 34 51 18
30 31 6 58 19 55 1 17 52 29 13 36 50 63 22 64 26 23 28 48 9 8 59 41 49 16 45 4 35 37 47 33 61 0 24 30 44 5 38 57 11 32 21 53 10 25 39 3 46 15 40 14 2 54 12 27 56 62 60 20 7 42 31
#c 1 0 1 1 0 1 0 1 0 0 1 1 1 0 1 1 0 0 1 0 1 1 0 0 1 1 0 1 0 0 1 1 1 0 0 0 0 0 1 1 1 0 1 0 1 0 1 0 0 0 0 0 0 1 1 0 1 1 0 0 1 1 1 0 0
#c 1 0 1 1 0 1 0 1 0 0 1 1 1 0 1 1 0 0 1 0 1 1 0 0 1 1 0 1 0 0 1 1 1 0 0 0 0 0 1 1 1 0 1 0 1 0 1 0 0 0 0 0 0 1 1 0 1 1 0 0 1 1 1 0 0
16 16 47 55 59 45 64 34 48 23 63 49 19 4 58 26 22 50 24 0 62 21 42 27 32 31 18 44 11 53 14 54 30 5
17 16 6 43 1 51 17 52 29 13 36 28 9 8 41 16 35 37 33 61 38 57 10 25 39 3 46 15 40 2 12 56 60 20 7
#c 1 0 1 1 0 1 0 1 0 0 1 1 1 0 1 1 0 0 1 0 1 1 0 0 1 1 0 1 0 0 1 1 1 0 0 0 0 0 1 1 1 0 1 0 1 0 1 0 0 0 0 0 0 1 1 0 1 1 0 0 1 1 1 0 0
14 14 24 18 54 12 46 57 27 39 42 62 44 0 20 31 6 17 47 48 35 50 23 41 1 55 36 26 43 9
18 19 61 30 5 38 11 32 21 53 10 25 3 15 40 14 2 56 60 7 58 19 51 52 29 13 63 22 64 28 34 8 59 49 16 45 4 37 33
#c 1 0 1 1 0 1 0 1 0 0 1 1 1 0 1 1 0 0 1 0 1 1 0 0 1 1 0 1 0 0 1 1 1 0 0 0 0 0 1 1 1 0 1 0 1 0 1 0 0 0 0 0 0 1 1 0 1 1 0 0 1 1 1 0 0
11 13 47 49 55 1 37 51 17 33 26 22 63 21 10 39 5 0 7 18 12 30 62 40 57 24
22 19 6 58 19 43 52 29 13 36 50 64 23 28 48 9 34 8 59 41 16 45 4 35 61 44 38 11 32 53 25 3 46 15 14 2 54 27 56 60 20 42 31
#c 1 0 1 1 0 1 0 1 0 0 1 1 1 0 1 1 0 0 1 0 1 1 0 0 1 1 0 1 0 0 1 1 1 0 0 0 0 0 1 1 1 0 1 0 1 0 1 0 0 0 0 0 0 1 1 0 1 1 0 0 1 1 1 0 0
#c 1 0 1 1 0 1 0 1 0 0 1 1 1 0 1 1 0 0 1 0 1 1 0 0 1 1 0 1 0 0 1 1 1 0 0 0 0 0 1 1 1 0 1 0 1 0 1 0 0 0 0 0 0 1 1 0 1 1 0 0 1 1 1 0 0
#c 1 0 1 1 0 1 0 1 0 0 1 1 1 0 1 1 0 0 1 0 1 1 0 0 1 1 0 1 0 0 1 1 1 0 0 0 0 0 1 1 1 0 1 0 1 0 1 0 0 0 0 0 0 1 1 0 1 1 0 0 1 1 1 0 0
11 11 31 62 3 20 7 56 14 39 40 57 2 55 33 59 47 34 58 43 26 64 8 19
21 22 61 0 24 30 44 5 38 11 32 21 53 10 25 46 15 54 12 27 60 18 42 6 1 51 17 52 29 13 36 50 63 22 23 28 48 9 41 49 16 45 4 35 37
#c 1 0 1 1 0 1 0 1 0 0 1 1 1 0 1 1 0 0 1 0 1 1 0 0 1 1 0 1 0 0 1 1 1 0 0 0 0 0 1 1 1 0 1 0 1 0 1 0 0 0 0 0 0 1 1 0 1 1 0 0 1 1 1 0 0
#c 1 0 1 1 0 1 0 1 0 0 1 1 1 0 1 1 0 0 1 0 1 1 0 0 1 1 0 1 0 0 1 1 1 0 0 0 0 0 1 1 1 0 1 0 1 0 1 0 0 0 0 0 0 1 1 0 1 1 0 0 1 1 1 0 0
1 1 40 52
31 32 61 0 24 30 44 5 38 57 11 32 21 53 10 25 39 3 46 15 14 2 54 12 27 56 62 60 20 7 18 42 31 6 58 19 43 55 1 51 17 29 13 36 50 63 22 64 26 23 28 48 9 34 8 59 41 49 16 45 4 35 37 47 33
#c 1 0 1 1 0 1 0 1 0 0 1 1 1 0 1 1 0 0 1 0 1 1 0 0 1 1 0 1 0 0 1 1 1 0 0 0 0 0 1 1 1 0 1 0 1 0 1 0 0 0 0 0 0 1 1 0 1 1 0 0 1 1 1 0 0
3 3 1 45 13 39 61 11
30 29 6 58 19 43 55 51 17 52 29 36 50 63 22 64 26 23 28 48 9 34 8 59 41 49 16 4 35 37 47 33 0 24 30 44 5 38 57 32 21 53 10 25 3 46 15 40 14 2 54 12 27 56 62 60 20 7 18 42 31
#c 1 0 1 1 0 1 0 1 0 0 1 1 1 0 1 1 0 0 1 0 1 1 0 0 1 1 0 1 0 0 1 1 1 0 0 0 0 0 1 1 1 0 1 0 1 0 1 0 0 0 0 0 0 1 1 0 1 1 0 0 1 1 1 0 0
1 1 32 47
31 32 61 0 24 30 44 5 38 57 11 21 53 10 25 39 3 46 15 40 14 2 54 12 27 56 62 60 20 7 18 42 31 6 58 19 43 55 1 51 17 52 29 13 36 50 63 22 64 26 23 28 48 9 34 8 59 41 49 16 45 4 35 37 33
#c 1 0 1 1 0 1 0 1 0 0 1 1 1 0 1 1 0 0 1 0 1 1 0 0 1 1 0 1 0 0 1 1 1 0 0 0 0 0 1 1 1 0 1 0 1 0 1 0 0 0 0 0 0 1 1 0 1 1 0 0 1 1 1 0 0
#c 1 0 1 1 0 1 0 1 0 0 1 1 1 0 1 1 0 0 1 0 1 1 0 0 1 1 0 1 0 0 1 1 1 0 0 0 0 0 1 1 1 0 1 0 1 0 1 0 0 0 0 0 0 1 1 0 1 1 0 0 1 1 1 0 0
#c 1 0 1 1 0 1 0 1 0 0 1 1 1 0 1 1 0 0 1 0 1 1 0 0 1 1 0 1 0 0 1 1 1 0 0 0 0 0 1 1 1 0 1 0 1 0 1 0 0 0 0 0 0 1 1 0 1 1 0 0 1 1 1 0 0
4 4 47 17 9 19 53 32 21 10
29 28 6 58 43 55 1 51 52 29 13 36 50 63 22 64 26 23 28 48 34 8 59 41 49 16 45 4 35 37 33 61 0 24 30 44 5 38 57 11 25 39 3 46 15 40 14 2 54 12 27 56 62 60 20 7 18 42 31
#c 1 0 1 1 0 1 0 1 0 0 1 1 1 0 1 1 0 0 1 0 1 1 0 0 1 1 0 1 0 0 1 1 1 0 0 0 0 0 1 1 1 0 1 0 1 0 1 0 0 0 0 0 0 1 1 0 1 1 0 0 1 1 1 0 0
5 4 24 42 25 12 10 34 17 45 9
27 29 61 0 30 44 5 38 57 11 32 21 53 39 3 46 15 40 14 2 54 27 56 62 60 20 7 18 31 6 58 19 43 55 1 51 52 29 13 36 50 63 22 64 26 23 28 48 8 59 41 49 16 4 35 37 47 33
#c 1 0 1 1 0 1 0 1 0 0 1 1 1 0 1 1 0 0 1 0 1 1 0 0 1 1 0 1 0 0 1 1 1 0 0 0 0 0 1 1 1 0 1 0 1 0 1 0 0 0 0 0 0 1 1 0 1 1 0 0 1 1 1 0 0
11 12 50 9 34 17 35 1 47 22 52 59 45 15 61 54 14 57 10 31 0 42 21 53 62
22 20 6 58 19 43 55 51 29 13 36 63 64 26 23 28 48 8 41 49 16 4 37 33 24 30 44 5 38 11 32 25 39 3 46 40 2 12 27 56 60 20 7 18
#c 1 0 1 1 0 1 0 1 0 0 1 1 1 0 1 1 0 0 1 0 1 1 0 0 1 1 0 1 0 0 1 1 1 0 0 0 0 0 1 1 1 0 1 0 1 0 1 0 0 0 0 0 0 1 1 0 1 1 0 0 1 1 1 0 0
7 7 53 31 61 57 11 0 15 52 28 26 47 1 50 13
25 26 24 30 44 5 38 32 21 10 25 39 3 46 40 14 2 54 12 27 56 62 60 20 7 18 42 6 58 19 43 55 51 17 29 36 63 22 64 23 48 9 34 8 59 41 49 16 45 4 35 37 33
#c 1 0 1 1 0 1 0 1 0 0 1 1 1 0 1 1 0 0 1 0 1 1 0 0 1 1 0 1 0 0 1 1 1 0 0 0 0 0 1 1 1 0 1 0 1 0 1 0 0 0 0 0 0 1 1 0 1 1 0 0 1 1 1 0 0
6 6 33 59 43 64 28 23 44 18 32 5 2 27
27 26 6 58 19 55 1 51 17 52 29 13 36 50 63 22 26 48 9 34 8 41 49 16 45 4 35 37 47 61 0 24 30 38 57 11 21 53 10 25 39 3 46 15 40 14 54 12 56 62 60 20 7 42 31
#c 1 0 1 1 0 1 0 1 0 0 1 1 1 0 1 1 0 0 1 0 1 1 0 0 1 1 0 1 0 0 1 1 1 0 0 0 0 0 1 1 1 0 1 0 1 0 1 0 0 0 0 0 0 1 1 0 1 1 0 0 1 1 1 0 0
6 8 24 7 27 18 12 30 16 6 55 50 8 63 22 23
26 25 61 0 44 5 38 57 11 32 21 53 10 25 39 3 46 15 40 14 2 54 56 62 60 20 42 31 58 19 43 1 51 17 52 29 13 36 64 26 28 48 9 34 59 41 49 45 4 35 37 47 33
#c 1 0 1 1 0 1 0 1 0 0 1 1 1 0 1 1 0 0 1 0 1 1 0 0 1 1 0 1 0 0 1 1 1 0 0 0 0 0 1 1 1 0 1 0 1 0 1 0 0 0 0 0 0 1 1 0 1 1 0 0 1 1 1 0 0
13 14 28 1 35 33 16 4 51 59 64 58 26 6 9 12 42 3 56 38 32 7 61 14 10 44 18 11 27
20 18 19 43 55 17 52 29 13 36 50 63 22 23 48 34 8 41 49 45 37 47 0 24 30 5 57 21 53 25 39 46 15 40 2 54 62 60 20 31
#c 1 0 1 1 0 1 0 1 0 0 1 1 1 0 1 1 0 0 1 0 1 1 0 0 1 1 0 1 0 0 1 1 1 0 0 0 0 0 1 1 1 0 1 0 1 0 1 0 0 0 0 0 0 1 1 0 1 1 0 0 1 1 1 0 0
#c 1 0 1 1 0 1 0 1 0 0 1 1 1 0 1 1 0 0 1 0 1 1 0 0 1 1 0 1 0 0 1 1 1 0 0 0 0 0 1 1 1 0 1 0 1 0 1 0 0 0 0 0 0 1 1 0 1 1 0 0 1 1 1 0 0
#c 1 0 1 1 0 1 0 1 0 0 1 1 1 0 1 1 0 0 1 0 1 1 0 0 1 1 0 1 0 0 1 1 1 0 0 0 0 0 1 1 1 0 1 0 1 0 1 0 0 0 0 0 0 1 1 0 1 1 0 0 1 1 1 0 0
#c 1 0 1 1 0 1 0 1 0 0 1 1 1 0 1 1 0 0 1 0 1 1 0 0 1 1 0 1 0 0 1 1 1 0 0 0 0 0 1 1 1 0 1 0 1 0 1 0 0 0 0 0 0 1 1 0 1 1 0 0 1 1 1 0 0
6 6 64 26 59 4 63 50 7 3 61 2 40 42
27 26 6 58 19 43 55 1 51 17 52 29 13 36 22 23 28 48 9 34 8 41 49 16 45 35 37 47 33 0 24 30 44 5 38 57 11 32 21 53 10 25 39 46 15 14 54 12 27 56 62 60 20 18 31
#c 1 0 1 1 0 1 0 1 0 0 1 1 1 0 1 1 0 0 1 0 1 1 0 0 1 1 0 1 0 0 1 1 1 0 0 0 0 0 1 1 1 0 1 0 1 0 1 0 0 0 0 0 0 1 1 0 1 1 0 0 1 1 1 0 0
10 10 44 42 31 30 24 14 7 32 25 54 35 16 33 48 37 23 50 28 17 34
22 23 61 0 5 38 57 11 21 53 10 39 3 46 15 40 2 12 27 56 62 60 20 18 6 58 19 43 55 1 51 52 29 13 36 63 22 64 26 9 8 59 41 49 45 4 47
#c 1 0 1 1 0 1 0 1 0 0 1 1 1 0 1 1 0 0 1 0 1 1 0 0 1 1 0 1 0 0 1 1 1 0 0 0 0 0 1 1 1 0 1 0 1 0 1 0 0 0 0 0 0 1 1 0 1 1 0 0 1 1 1 0 0
5 5 1 17 34 4 58 40 56 27 24 54
28 27 6 19 43 55 51 52 29 13 36 50 63 22 64 26 23 28 48 9 8 59 41 49 16 45 35 37 47 33 61 0 30 44 5 38 57 11 32 21 53 10 25 39 3 46 15 14 2 12 62 60 20 7 18 42 31
#c 1 0 1 1 0 1 0 1 0 0 1 1 1 0 1 1 0 0 1 0 1 1 0 0 1 1 0 1 0 0 1 1 1 0 0 0 0 0 1 1 1 0 1 0 1 0 1 0 0 0 0 0 0 1 1 0 1 1 0 0 1 1 1 0 0
#c 1 0 1 1 0 1 0 1 0 0 1 1 1 0 1 1 0 0 1 0 1 1 0 0 1 1 0 1 0 0 1 1 1 0 0 0 0 0 1 1 1 0 1 0 1 0 1 0 0 0 0 0 0 1 1 0 1 1 0 0 1 1 1 0 0
14 14 43 52 50 9 29 28 34 58 59 33 51 63 37 26 0 62 40 38 15 27 46 57 60 61 21 54 7 3
19 18 6 19 55 1 17 13 36 22 64 23 48 8 41 49 16 45 4 35 47 24 30 44 5 11 32 53 10 25 39 14 2 12 56 20 18 42 31
#c 0 0 1 0 0 1 0 0 0 1 1 1 1 0 1 0 0 0 1 0 1 0 0 0 1 1 1 0 1 1 1 1 1 1 1 0 0 1 0 1 0 0 1 1 1 0 0 0 0 0 1 1 1 1 0 0 1 0 1 1 0 0 0 1 0
#c 0 0 1 0 0 1 0 0 0 1 1 1 1 0 1 0 0 0 1 0 1 0 0 0 1 1 1 0 1 1 1 1 1 1 1 0 0 1 0 1 0 0 1 1 1 0 0 0 0 0 1 1 1 1 0 0 1 0 1 1 0 0 0 1 0
4 4 27 15 60 4 51 63 30 9
29 28 6 19 55 1 17 13 36 22 64 23 48 8 41 49 16 45 35 47 0 62 40 38 46 57 61 21 54 7 3 24 44 5 11 32 53 10 25 39 14 2 12 56 20 18 42 31 43 52 50 29 28 34 58 59 33 37 26
#c 0 0 1 0 0 1 0 0 0 1 1 1 1 0 1 0 0 0 1 0 1 0 0 0 1 1 1 0 1 1 1 1 1 1 1 0 0 1 0 1 0 0 1 1 1 0 0 0 0 0 1 1 1 1 0 0 1 0 1 1 0 0 0 1 0
6 6 50 53 39 37 24 33 55 13 27 19 17 41
26 27 30 44 5 11 32 10 25 14 2 12 56 20 18 42 31 43 52 9 29 28 34 58 59 51 63 26 6 1 36 22 64 23 48 8 49 16 45 4 35 47 0 62 40 38 15 46 57 60 61 21 54 7 3
#c 0 0 1 0 0 1 0 0 0 1 1 1 1 0 1 0 0 0 1 0 1 0 0 0 1 1 1 0 1 1 1 1 1 1 1 0 0 1 0 1 0 0 1 1 1 0 0 0 0 0 1 1 1 1 0 0 1 0 1 1 0 0 0 1 0
#c 0 0 1 0 0 1 0 0 0 1 1 1 1 0 1 0 0 0 1 0 1 0 0 0 1 1 1 0 1 1 1 1 1 1 1 0 0 1 0 1 0 0 1 1 1 0 0 0 0 0 1 1 1 1 0 0 1 0 1 1 0 0 0 1 0
#c 0 0 1 0 0 1 0 0 0 1 1 1 1 0 1 0 0 0 1 0 1 0 0 0 1 1 1 0 1 1 1 1 1 1 1 0 0 1 0 1 0 0 1 1 1 0 0 0 0 0 1 1 1 1 0 0 1 0 1 1 0 0 0 1 0
#c 0 0 1 0 0 1 0 0 0 1 1 1 1 0 1 0 0 0 1 0 1 0 0 0 1 1 1 0 1 1 1 1 1 1 1 0 0 1 0 1 0 0 1 1 1 0 0 0 0 0 1 1 1 1 0 0 1 0 1 1 0 0 0 1 0
#c 0 0 1 0 0 1 0 0 0 1 1 1 1 0 1 0 0 0 1 0 1 0 0 0 1 1 1 0 1 1 1 1 1 1 1 0 0 1 0 1 0 0 1 1 1 0 0 0 0 0 1 1 1 1 0 0 1 0 1 1 0 0 0 1 0
13 13 4 61 19 46 35 47 36 60 49 0 40 13 48 43 2 9 32 33 34 26 28 63 42 58 51 52
20 19 6 55 1 17 22 64 23 8 41 16 45 62 38 15 27 57 21 54 7 3 24 30 44 5 11 53 10 25 39 14 12 56 20 18 31 50 29 59 37
#c 0 0 1 0 0 1 0 0 0 1 1 1 1 0 1 0 0 0 1 0 1 0 0 0 1 1 1 0 1 1 1 1 1 1 1 0 0 1 0 1 0 0 1 1 1 0 0 0 0 0 1 1 1 1 0 0 1 0 1 1 0 0 0 1 0
6 6 20 53 51 31 9 14 38 15 23 27 16 47
26 27 24 30 44 5 11 32 10 25 39 2 12 56 18 42 43 52 50 29 28 34 58 59 33 63 37 26 6 19 55 1 17 13 36 22 64 48 8 41 49 45 4 35 0 62 40 46 57 60 61 21 54 7 3
#c 0 0 1 0 0 1 0 0 0 1 1 1 1 0 1 0 0 0 1 0 1 0 0 0 1 1 1 0 1 1 1 1 1 1 1 0 0 1 0 1 0 0 1 1 1 0 0 0 0 0 1 1 1 1 0 0 1 0 1 1 0 0 0 1 0
#c 0 0 1 0 0 1 0 0 0 1 1 1 1 0 1 0 0 0 1 0 1 0 0 0 1 1 1 0 1 1 1 1 1 1 1 0 0 1 0 1 0 0 1 1 1 0 0 0 0 0 1 1 1 1 0 0 1 0 1 1 0 0 0 1 0
#c 0 0 1 0 0 1 0 0 0 1 1 1 1 0 1 0 0 0 1 0 1 0 0 0 1 1 1 0 1 1 1 1 1 1 1 0 0 1 0 1 0 0 1 1 1 0 0 0 0 0 1 1 1 1 0 0 1 0 1 1 0 0 0 1 0
3 3 45 19 60 29 34 39
30 29 6 55 1 17 13 36 22 64 23 48 8 41 49 16 4 35 47 0 62 40 38 15 27 46 57 61 21 54 7 3 24 30 44 5 11 32 53 10 25 14 2 12 56 20 18 42 31 43 52 50 9 28 58 59 33 51 63 37 26
#c 0 0 1 0 0 1 0 0 0 1 1 1 1 0 1 0 0 0 1 0 1 0 0 0 1 1 1 0 1 1 1 1 1 1 1 0 0 1 0 1 0 0 1 1 1 0 0 0 0 0 1 1 1 1 0 0 1 0 1 1 0 0 0 1 0
3 2 43 58 56 8 55
29 31 24 30 44 5 11 32 53 10 25 39 14 2 12 20 18 42 31 52 50 9 29 28 34 59 33 51 63 37 26 6 19 1 17 13 36 22 64 23 48 41 49 16 45 4 35 47 0 62 40 38 15 27 46 57 60 61 21 54 7 3
#c 0 0 1 0 0 1 0 0 0 1 1 1 1 0 1 0 0 0 1 0 1 0 0 0 1 1 1 0 1 1 1 1 1 1 1 0 0 1 0 1 0 0 1 1 1 0 0 0 0 0 1 1 1 1 0 0 1 0 1 1 0 0 0 1 0
2 2 46 4 44 9
31 30 6 19 55 1 17 13 36 22 64 23 48 8 41 49 16 45 35 47 0 62 40 38 15 27 57 60 61 21 54 7 3 24 30 5 11 32 53 10 25 39 14 2 12 56 20 18 42 31 43 52 50 29 28 34 58 59 33 51 63 37 26
#c 0 0 1 0 0 1 0 0 0 1 1 1 1 0 1 0 0 0 1 0 1 0 0 0 1 1 1 0 1 1 1 1 1 1 1 0 0 1 0 1 0 0 1 1 1 0 0 0 0 0 1 1 1 1 0 0 1 0 1 1 0 0 0 1 0
2 2 44 29 3 54
30 31 24 30 5 11 32 53 10 25 39 14 2 12 56 20 18 42 31 43 52 50 9 28 34 58 59 33 51 63 37 26 6 19 55 1 17 13 36 22 64 23 48 8 41 49 16 45 4 35 47 0 62 40 38 15 27 46 57 60 61 21 7
#c 0 0 1 0 0 1 0 0 0 1 1 1 1 0 1 0 0 0 1 0 1 0 0 0 1 1 1 0 1 1 1 1 1 1 1 0 0 1 0 1 0 0 1 1 1 0 0 0 0 0 1 1 1 1 0 0 1 0 1 1 0 0 0 1 0
#c 0 0 1 0 0 1 0 0 0 1 1 1 1 0 1 0 0 0 1 0 1 0 0 0 1 1 1 0 1 1 1 1 1 1 1 0 0 1 0 1 0 0 1 1 1 0 0 0 0 0 1 1 1 1 0 0 1 0 1 1 0 0 0 1 0
9 9 50 30 51 9 56 10 26 29 43 45 48 62 1 55 47 0 19 38
23 24 24 44 5 11 32 53 25 39 14 2 12 20 18 42 31 52 28 34 58 59 33 63 37 6 17 13 36 22 64 23 8 41 49 16 4 35 40 15 27 46 57 60 61 21 54 7 3
#c 0 0 1 0 0 1 0 0 0 1 1 1 1 0 1 0 0 0 1 0 1 0 0 0 1 1 1 0 1 1 1 1 1 1 1 0 0 1 0 1 0 0 1 1 1 0 0 0 0 0 1 1 1 1 0 0 1 0 1 1 0 0 0 1 0
7 7 55 19 6 61 17 8 62 59 43 44 2 9 33 32
26 25 1 13 36 22 64 23 48 41 49 16 45 4 35 47 0 40 38 15 27 46 57 60 21 54 7 3 24 30 5 11 53 10 25 39 14 12 56 20 18 42 31 52 50 29 28 34 58 51 63 37 26
#c 0 0 1 0 0 1 0 0 0 1 1 1 1 0 1 0 0 0 1 0 1 0 0 0 1 1 1 0 1 1 1 1 1 1 1 0 0 1 0 1 0 0 1 1 1 0 0 0 0 0 1 1 1 1 0 0 1 0 1 1 0 0 0 1 0
13 14 25 5 37 32 29 34 24 33 44 30 10 58 50 16 40 49 38 27 47 60 19 46 36 57 1 62 41
19 19 11 53 39 14 2 12 56 20 18 42 31 43 52 9 28 59 51 63 26 6 55 17 13 22 64 23 48 8 45 4 35 0 15 61 21 54 7 3
#c 0 0 1 0 0 1 0 0 0 1 1 1 1 0 1 0 0 0 1 0 1 0 0 0 1 1 1 0 1 1 1 1 1 1 1 0 0 1 0 1 0 0 1 1 1 0 0 0 0 0 1 1 1 1 0 0 1 0 1 1 0 0 0 1 0
6 6 64 35 22 4 8 0 52 2 14 51 44 58
27 26 6 19 55 1 17 13 36 23 48 41 49 16 45 47 62 40 38 15 27 46 57 60 61 21 54 7 3 24 30 5 11 32 53 10 25 39 12 56 20 18 42 31 43 50 9 29 28 34 59 33 63 37 26
#c 0 0 1 0 0 1 0 0 0 1 1 1 1 0 1 0 0 0 1 0 1 0 0 0 1 1 1 0 1 1 1 1 1 1 1 0 0 1 0 1 0 0 1 1 1 0 0 0 0 0 1 1 1 1 0 0 1 0 1 1 0 0 0 1 0
#c 0 0 1 0 0 1 0 0 0 1 1 1 1 0 1 0 0 0 1 0 1 0 0 0 1 1 1 0 1 1 1 1 1 1 1 0 0 1 0 1 0 0 1 1 1 0 0 0 0 0 1 1 1 1 0 0 1 0 1 1 0 0 0 1 0
3 3 49 46 6 31 37 33
30 29 19 55 1 17 13 36 22 64 23 48 8 41 16 45 4 35 47 0 62 40 38 15 27 57 60 61 21 54 7 3 24 30 44 5 11 32 53 10 25 39 14 2 12 56 20 18 42 43 52 50 9 29 28 34 58 59 51 63 26
#c 0 0 1 0 0 1 0 0 0 1 1 1 1 0 1 0 0 0 1 0 1 0 0 0 1 1 1 0 1 1 1 1 1 1 1 0 0 1 0 1 0 0 1 1 1 0 0 0 0 0 1 1 1 1 0 0 1 0 1 1 0 0 0 1 0
#c 0 0 1 0 0 1 0 0 0 1 1 1 1 0 1 0 0 0 1 0 1 0 0 0 1 1 1 0 1 1 1 1 1 1 1 0 0 1 0 1 0 0 1 1 1 0 0 0 0 0 1 1 1 1 0 0 1 0 1 1 0 0 0 1 0
#c 0 0 1 0 0 1 0 0 0 1 1 1 1 0 1 0 0 0 1 0 1 0 0 0 1 1 1 0 1 1 1 1 1 1 1 0 0 1 0 1 0 0 1 1 1 0 0 0 0 0 1 1 1 1 0 0 1 0 1 1 0 0 0 1 0
16 14 56 34 33 29 51 63 52 30 32 39 20 59 53 50 2 14 21 7 47 40 46 13 38 54 6 57 61 35 1 0
16 19 24 44 5 11 10 25 12 18 42 31 43 9 28 58 37 26 19 55 17 36 22 64 23 48 8 41 49 16 45 4 62 15 27 60 3
#c 0 0 1 0 0 1 0 0 0 1 1 1 1 0 1 0 0 0 1 0 1 0 0 0 1 1 1 0 1 1 1 1 1 1 1 0 0 1 0 1 0 0 1 1 1 0 0 0 0 0 1 1 1 1 0 0 1 0 1 1 0 0 0 1 0
1 1 0 5
32 31 6 19 55 1 17 13 36 22 64 23 48 8 41 49 16 45 4 35 47 62 40 38 15 27 46 57 60 61 21 54 7 3 24 30 44 11 32 53 10 25 39 14 2 12 56 20 18 42 31 43 52 50 9 29 28 34 58 59 33 51 63 37 26
#c 0 0 1 0 0 1 0 0 0 1 1 1 1 0 1 0 0 0 1 0 1 0 0 0 1 1 1 0 1 1 1 1 1 1 1 0 0 1 0 1 0 0 1 1 1 0 0 0 0 0 1 1 1 1 0 0 1 0 1 1 0 0 0 1 0
2 2 50 33 17 8
30 31 24 30 44 5 11 32 53 10 25 39 14 2 12 56 20 18 42 31 43 52 9 29 28 34 58 59 51 63 37 26 6 19 55 1 13 36 22 64 23 48 41 49 16 45 4 35 47 0 62 40 38 15 27 46 57 60 61 21 54 7 3
#c 0 0 1 0 0 1 0 0 0 1 1 1 1 0 1 0 0 0 1 0 1 0 0 0 1 1 1 0 1 1 1 1 1 1 1 0 0 1 0 1 0 0 1 1 1 0 0 0 0 0 1 1 1 1 0 0 1 0 1 1 0 0 0 1 0
16 16 27 38 64 47 6 45 17 49 19 13 1 21 36 3 23 0 53 28 9 43 50 44 20 37 52 39 10 11 51 18 12 29
17 16 55 22 48 8 41 16 4 35 62 40 15 46 57 60 61 54 7 24 30 5 32 25 14 2 56 42 31 34 58 59 33 63 26
#c 0 0 1 0 0 1 0 0 0 1 1 1 1 0 1 0 0 0 1 0 1 0 0 0 1 1 1 0 1 1 1 1 1 1 1 0 0 1 0 1 0 0 1 1 1 0 0 0 0 0 1 1 1 1 0 0 1 0 1 1 0 0 0 1 0
9 9 63 12 5 18 11 32 43 28 34 40 54 3 27 15 41 0 23 17
23 24 24 30 44 53 10 25 39 14 2 56 20 42 31 52 50 9 29 58 59 33 51 37 26 6 19 55 1 13 36 22 64 48 8 49 16 45 4 35 47 62 38 46 57 60 61 21 7
#c 0 0 1 0 0 1 0 0 0 1 1 1 1 0 1 0 0 0 1 0 1 0 0 0 1 1 1 0 1 1 1 1 1 1 1 0 0 1 0 1 0 0 1 1 1 0 0 0 0 0 1 1 1 1 0 0 1 0 1 1 0 0 0 1 0
#c 0 0 1 0 0 1 0 0 0 1 1 1 1 0 1 0 0 0 1 0 1 0 0 0 1 1 1 0 1 1 1 1 1 1 1 0 0 1 0 1 0 0 1 1 1 0 0 0 0 0 1 1 1 1 0 0 1 0 1 1 0 0 0 1 0
#c 0 0 1 0 0 1 0 0 0 1 1 1 1 0 1 0 0 0 1 0 1 0 0 0 1 1 1 0 1 1 1 1 1 1 1 0 0 1 0 1 0 0 1 1 1 0 0 0 0 0 1 1 1 1 0 0 1 0 1 1 0 0 0 1 0
#c 0 0 1 0 0 1 0 0 0 1 1 1 1 0 1 0 0 0 1 0 1 0 0 0 1 1 1 0 1 1 1 1 1 1 1 0 0 1 0 1 0 0 1 1 1 0 0 0 0 0 1 1 1 1 0 0 1 0 1 1 0 0 0 1 0
#c 0 0 1 0 0 1 0 0 0 1 1 1 1 0 1 0 0 0 1 0 1 0 0 0 1 1 1 0 1 1 1 1 1 1 1 0 0 1 0 1 0 0 1 1 1 0 0 0 0 0 1 1 1 1 0 0 1 0 1 1 0 0 0 1 0
#c 0 0 1 0 0 1 0 0 0 1 1 1 1 0 1 0 0 0 1 0 1 0 0 0 1 1 1 0 1 1 1 1 1 1 1 0 0 1 0 1 0 0 1 1 1 0 0 0 0 0 1 1 1 1 0 0 1 0 1 1 0 0 0 1 0
#c 0 0 1 0 0 1 0 0 0 1 1 1 1 0 1 0 0 0 1 0 1 0 0 0 1 1 1 0 1 1 1 1 1 1 1 0 0 1 0 1 0 0 1 1 1 0 0 0 0 0 1 1 1 1 0 0 1 0 1 1 0 0 0 1 0
#c 0 0 1 0 0 1 0 0 0 1 1 1 1 0 1 0 0 0 1 0 1 0 0 0 1 1 1 0 1 1 1 1 1 1 1 0 0 1 0 1 0 0 1 1 1 0 0 0 0 0 1 1 1 1 0 0 1 0 1 1 0 0 0 1 0
3 3 29 31 50 23 22 36
29 30 24 30 44 5 11 32 53 10 25 39 14 2 12 56 20 18 42 43 52 9 28 34 58 59 33 51 63 37 26 6 19 55 1 17 13 64 48 8 41 49 16 45 4 35 47 0 62 40 38 15 27 46 57 60 61 21 54 7 3
#c 0 0 1 0 0 1 0 0 0 1 1 1 1 0 1 0 0 0 1 0 1 0 0 0 1 1 1 0 1 1 1 1 1 1 1 0 0 1 0 1 0 0 1 1 1 0 0 0 0 0 1 1 1 1 0 0 1 0 1 1 0 0 0 1 0
13 13 36 8 17 7 57 46 41 45 55 27 62 6 48 44 18 10 20 63 12 2 58 59 14 9 53 42
20 19 19 1 13 22 64 23 49 16 4 35 47 0 40 38 15 60 61 21 54 3 24 30 5 11 32 25 39 56 31 43 52 50 29 28 34 33 51 37 26
#c 0 0 1 0 0 1 0 0 0 1 1 1 1 0 1 0 0 0 1 0 1 0 0 0 1 1 1 0 1 1 1 1 1 1 1 0 0 1 0 1 0 0 1 1 1 0 0 0 0 0 1 1 1 1 0 0 1 0 1 1 0 0 0 1 0
1 1 10 19
31 32 24 30 44 5 11 32 53 25 39 14 2 12 56 20 18 42 31 43 52 50 9 29 28 34 58 59 33 51 63 37 26 6 55 1 17 13 36 22 64 23 48 8 41 49 16 45 4 35 47 0 62 40 38 15 27 46 57 60 61 21 54 7 3
#c 0 0 1 0 0 1 0 0 0 1 1 1 1 0 1 0 0 0 1 0 1 0 0 0 1 1 1 0 1 1 1 1 1 1 1 0 0 1 0 1 0 0 1 1 1 0 0 0 0 0 1 1 1 1 0 0 1 0 1 1 0 0 0 1 0
12 13 23 3 1 41 16 55 47 8 7 46 54 61 34 2 30 26 32 10 39 18 50 9 37 42 12
21 19 6 19 17 13 36 22 64 48 49 45 4 35 0 62 40 38 15 27 57 60 21 24 44 5 11 53 25 14 56 20 31 43 52 29 28 58 59 33 51 63
#c 0 0 1 0 0 1 0 0 0 1 1 1 1 0 1 0 0 0 1 0 1 0 0 0 1 1 1 0 1 1 1 1 1 1 1 0 0 1 0 1 0 0 1 1 1 0 0 0 0 0 1 1 1 1 0 0 1 0 1 1 0 0 0 1 0
#c 0 0 1 0 0 1 0 0 0 1 1 1 1 0 1 0 0 0 1 0 1 0 0 0 1 1 1 0 1 1 1 1 1 1 1 0 0 1 0 1 0 0 1 1 1 0 0 0 0 0 1 1 1 1 0 0 1 0 1 1 0 0 0 1 0
16 16 57 47 13 45 54 22 64 21 41 0 27 49 4 6 36 40 59 25 58 11 10 50 12 31 9 42 24 43 28 20 5 34
17 16 19 55 1 17 23 48 8 16 35 62 38 15 46 60 61 7 3 30 44 32 53 39 14 2 56 18 52 29 33 51 63 37 26
#c 0 0 1 0 0 1 0 0 0 1 1 1 1 0 1 0 0 0 1 0 1 0 0 0 1 1 1 0 1 1 1 1 1 1 1 0 0 1 0 1 0 0 1 1 1 0 0 0 0 0 1 1 1 1 0 0 1 0 1 1 0 0 0 1 0
#c 0 0 1 0 0 1 0 0 0 1 1 1 1 0 1 0 0 0 1 0 1 0 0 0 1 1 1 0 1 1 1 1 1 1 1 0 0 1 0 1 0 0 1 1 1 0 0 0 0 0 1 1 1 1 0 0 1 0 1 1 0 0 0 1 0
#c 0 0 1 0 0 1 0 0 0 1 1 1 1 0 1 0 0 0 1 0 1 0 0 0 1 1 1 0 1 1 1 1 1 1 1 0 0 1 0 1 0 0 1 1 1 0 0 0 0 0 1 1 1 1 0 0 1 0 1 1 0 0 0 1 0
6 6 14 52 18 29 53 12 19 62 3 41 40 21
26 27 24 30 44 5 11 32 10 25 39 2 56 20 42 31 43 50 9 28 34 58 59 33 51 63 37 26 6 55 1 17 13 36 22 64 23 48 8 49 16 45 4 35 47 0 38 15 27 46 57 60 61 54 7
#c 0 0 1 0 0 1 0 0 0 1 1 1 1 0 1 0 0 0 1 0 1 0 0 0 1 1 1 0 1 1 1 1 1 1 1 0 0 1 0 1 0 0 1 1 1 0 0 0 0 0 1 1 1 1 0 0 1 0 1 1 0 0 0 1 0
#c 0 0 1 0 0 1 0 0 0 1 1 1 1 0 1 0 0 0 1 0 1 0 0 0 1 1 1 0 1 1 1 1 1 1 1 0 0 1 0 1 0 0 1 1 1 0 0 0 0 0 1 1 1 1 0 0 1 0 1 1 0 0 0 1 0
12 12 26 24 37 52 20 9 25 31 29 12 63 10 15 35 0 55 8 60 38 54 13 47 46 36
20 21 30 44 5 11 32 53 39 14 2 56 18 42 43 50 28 34 58 59 33 51 6 19 1 17 22 64 23 48 41 49 16 45 4 62 40 27 57 61 21 7 3
#c 0 0 1 0 0 1 0 0 0 1 1 1 1 0 1 0 0 0 1 0 1 0 0 0 1 1 1 0 1 1 1 1 1 1 1 0 0 1 0 1 0 0 1 1 1 0 0 0 0 0 1 1 1 1 0 0 1 0 1 1 0 0 0 1 0
8 8 4 62 23 16 35 40 46 7 42 31 56 5 24 11 12 63
25 24 6 19 55 1 17 13 36 22 64 48 8 41 49 45 47 0 38 15 27 57 60 61 21 54 3 30 44 32 53 10 25 39 14 2 20 18 43 52 50 9 29 28 34 58 59 33 51 37 26
#c 0 0 1 0 0 1 0 0 0 1 1 1 1 0 1 0 0 0 1 0 1 0 0 0 1 1 1 0 1 1 1 1 1 1 1 0 0 1 0 1 0 0 1 1 1 0 0 0 0 0 1 1 1 1 0 0 1 0 1 1 0 0 0 1 0
13 13 25 12 18 20 24 30 32 53 2 29 59 58 63 49 15 60 48 61 54 35 27 3 16 40 4 17
19 20 44 5 11 10 39 14 56 42 31 43 52 50 9 28 34 33 51 37 26 6 19 55 1 13 36 22 64 23 8 41 45 47 0 62 38 46 57 21 7
#c 0 0 1 0 0 1 0 0 0 1 1 1 1 0 1 0 0 0 1 0 1 0 0 0 1 1 1 0 1 1 1 1 1 1 1 0 0 1 0 1 0 0 1 1 1 0 0 0 0 0 1 1 1 1 0 0 1 0 1 1 0 0 0 1 0
#c 0 0 1 0 0 1 0 0 0 1 1 1 1 0 1 0 0 0 1 0 1 0 0 0 1 1 1 0 1 1 1 1 1 1 1 0 0 1 0 1 0 0 1 1 1 0 0 0 0 0 1 1 1 1 0 0 1 0 1 1 0 0 0 1 0
1 1 50 1
31 32 24 30 44 5 11 32 53 10 25 39 14 2 12 56 20 18 42 31 43 52 9 29 28 34 58 59 33 51 63 37 26 6 19 55 17 13 36 22 64 23 48 8 41 49 16 45 4 35 47 0 62 40 38 15 27 46 57 60 61 21 54 7 3
#c 0 0 1 0 0 1 0 0 0 1 1 1 1 0 1 0 0 0 1 0 1 0 0 0 1 1 1 0 1 1 1 1 1 1 1 0 0 1 0 1 0 0 1 1 1 0 0 0 0 0 1 1 1 1 0 0 1 0 1 1 0 0 0 1 0
5 3 60 17 55 23 3 32 20 43
28 29 6 19 1 13 36 22 64 48 8 41 49 16 45 4 35 47 0 62 40 38 15 27 46 57 61 21 54 7 24 30 44 5 11 53 10 25 39 14 2 12 56 18 42 31 52 50 9 29 28 34 58 59 33 51 63 37 26
#c 0 0 1 0 0 1 0 0 0 1 1 1 1 0 1 0 0 0 1 0 1 0 0 0 1 1 1 0 1 1 1 1 1 1 1 0 0 1 0 1 0 0 1 1 1 0 0 0 0 0 1 1 1 1 0 0 1 0 1 1 0 0 0 1 0
3 3 50 29 44 60 45 13
29 30 24 30 5 11 32 53 10 25 39 14 2 12 56 20 18 42 31 43 52 9 28 34 58 59 33 51 63 37 26 6 19 55 1 17 36 22 64 23 48 8 41 49 16 4 35 47 0 62 40 38 15 27 46 57 61 21 54 7 3
#c 0 0 1 0 0 1 0 0 0 1 1 1 1 0 1 0 0 0 1 0 1 0 0 0 1 1 1 0 1 1 1 1 1 1 1 0 0 1 0 1 0 0 1 1 1 0 0 0 0 0 1 1 1 1 0 0 1 0 1 1 0 0 0 1 0
0 0 1 0 0 1 0 0 0 1 1 1 1 0 1 0 0 0 1 0 1 0 0 0 1 1 1 0 1 1 1 1 1 1 1 0 0 1 0 1 0 0 1 1 1 0 0 0 0 0 1 1 1 1 0 0 1 0 1 1 0 0 0 1 0
