#c 0 1 2 3 4 0 1 2 3 4 0 1 2 3 4 0 1 2 3 4 0 1 2 3 4 0 1 2 3 4 0 1 2 3 4 0 1 2 3 4 0 1 2 3 4 0 1 2 3 4 0 1 2 3 4 0 1 2 3 4 0 1 2 3 4 0 1 2 3 4 0 1 2 3 4 0 1 2 3
8 7 51 11 61 56 36 31 66 71 18 38 28 3 73 13 63
8 9 1 6 16 21 26 41 46 76 8 23 33 43 48 53 58 68 78
#c 0 1 2 3 4 0 1 2 3 4 0 1 2 3 4 0 1 2 3 4 0 1 2 3 4 0 1 2 3 4 0 1 2 3 4 0 1 2 3 4 0 1 2 3 4 0 1 2 3 4 0 1 2 3 4 0 1 2 3 4 0 1 2 3 4 0 1 2 3 4 0 1 2 3 4 0 1 2 3
4 4 47 67 72 7 38 58 53 63
12 12 2 12 17 22 27 32 37 42 52 57 62 77 3 8 13 18 23 28 33 43 48 68 73 78
#c 0 1 2 3 4 0 1 3 3 4 0 1 2 3 4 0 1 2 3 4 0 1 2 3 4 0 1 2 3 4 0 1 2 3 4 0 1 2 2 4 0 1 2 3 4 0 1 3 3 4 0 1 2 2 4 0 1 2 2 4 0 1 2 2 4 0 1 3 3 4 0 1 3 3 4 0 1 2 3
#c 0 1 2 3 4 0 1 3 3 4 0 1 2 3 4 0 1 2 3 4 0 1 2 3 4 0 1 2 3 4 0 1 2 3 4 0 1 2 2 4 0 1 2 3 4 0 1 3 3 4 0 1 2 2 4 0 1 2 2 4 0 1 2 2 4 0 1 3 3 4 0 1 3 3 4 0 1 2 3
5 5 54 24 64 29 9 15 55 5 65 35
10 11 4 14 19 34 39 44 49 59 69 74 0 10 20 25 30 40 45 50 60 70 75
#c 0 1 2 3 4 4 1 3 3 0 0 1 2 3 4 4 1 2 3 4 0 1 2 3 0 0 1 2 3 0 0 1 2 3 4 4 1 2 2 4 0 1 2 3 4 0 1 3 3 4 0 1 2 2 0 4 1 2 2 4 0 1 2 2 0 4 1 3 3 4 0 1 3 3 4 0 1 2 3
#c 0 1 2 3 4 4 1 3 3 0 0 1 2 3 4 4 1 2 3 4 0 1 2 3 0 0 1 2 3 0 0 1 2 3 4 4 1 2 2 4 0 1 2 3 4 0 1 3 3 4 0 1 2 2 0 4 1 2 2 4 0 1 2 2 0 4 1 3 3 4 0 1 3 3 4 0 1 2 3
2 2 71 11 35 44
14 13 1 6 16 21 26 31 36 41 46 51 56 61 66 76 4 14 19 34 39 49 59 69 74 15 55 5 65
#c 0 1 2 3 4 4 1 3 3 0 0 1 2 3 4 4 1 2 3 4 0 1 2 3 0 0 1 2 3 0 0 1 2 3 4 4 1 2 2 4 0 1 2 3 4 0 1 3 3 4 0 1 2 2 0 4 1 2 2 4 0 1 2 2 0 4 1 3 3 4 0 1 3 3 4 0 1 2 3
5 4 52 38 57 42 12 16 56 21 71
11 12 2 17 22 27 32 37 62 77 58 53 63 1 6 11 26 31 36 41 46 51 61 66 76
#c 0 1 2 3 4 4 1 3 3 0 0 1 1 3 4 4 2 2 3 4 0 2 2 3 0 0 1 2 3 0 0 1 2 3 4 4 1 2 1 4 0 1 1 3 4 0 1 3 3 4 0 1 1 2 0 4 2 1 2 4 0 1 2 2 0 4 1 3 3 4 0 2 3 3 4 0 1 2 3
8 8 18 3 68 23 78 73 13 8 37 22 16 17 27 32 21 2
8 7 28 33 43 48 47 67 72 7 62 77 58 53 63 56 71
#c 0 1 2 3 4 4 1 3 3 0 0 1 1 3 4 4 2 2 3 4 0 2 2 3 0 0 1 2 3 0 0 1 2 3 4 4 1 2 1 4 0 1 1 3 4 0 1 3 3 4 0 1 1 2 0 4 2 1 2 4 0 1 2 2 0 4 1 3 3 4 0 2 3 3 4 0 1 2 3
1 1 65 32
14 14 4 14 19 34 39 44 49 59 69 74 15 55 5 35 2 17 22 27 37 62 77 58 53 63 16 56 21 71
#c 0 1 2 3 4 4 1 3 3 0 0 1 1 3 4 4 2 2 3 4 0 2 2 3 0 0 1 2 3 0 0 1 2 3 4 4 1 2 1 4 0 1 1 3 4 0 1 3 3 4 0 1 1 2 0 4 2 1 2 4 0 1 2 2 0 4 1 3 3 4 0 2 3 3 4 0 1 2 3
7 7 60 29 45 9 25 64 40 35 5 65 44 55 4 39
9 8 0 10 20 30 50 70 75 54 24 14 19 34 49 59 69 74 15
#c 0 1 2 3 0 0 1 3 3 4 0 1 1 3 4 4 2 2 3 4 0 2 2 3 0 4 1 2 3 4 0 1 2 3 4 0 1 2 1 0 4 1 1 3 0 4 1 3 3 4 0 1 1 2 0 0 2 1 2 4 4 1 2 2 4 0 1 3 3 4 0 2 3 3 4 0 1 2 3
#c 0 1 2 3 0 0 1 3 3 4 0 1 1 3 4 4 2 2 3 4 0 2 2 3 0 4 1 2 3 4 0 1 2 3 4 0 1 2 1 0 4 1 1 3 0 4 1 3 3 4 0 1 1 2 0 0 2 1 2 4 4 1 2 2 4 0 1 3 3 4 0 2 3 3 4 0 1 2 3
6 6 17 62 2 27 63 53 29 25 74 60 19 9
9 9 22 32 37 77 58 16 56 21 71 14 34 49 59 69 15 45 64 40
#c 0 1 4 3 0 0 1 3 3 2 0 1 1 3 4 4 2 4 3 2 0 2 2 3 0 2 1 4 3 2 0 1 2 3 4 0 1 2 1 0 4 1 1 3 0 4 1 3 3 4 0 1 1 4 0 0 2 1 2 4 2 1 4 4 4 0 1 3 3 4 0 2 3 3 2 0 1 2 3
3 5 23 72 73 71 21 25 56 29
13 10 3 8 13 18 28 33 43 48 68 78 47 67 7 22 32 37 77 58 16 74 60 19 9
#c 0 1 4 3 0 0 1 3 3 2 0 1 1 3 4 4 2 4 3 2 0 3 2 2 0 3 1 4 3 3 0 1 2 3 4 0 1 2 1 0 4 1 1 3 0 4 1 3 3 4 0 1 1 4 0 0 3 1 2 4 2 1 4 4 4 0 1 3 3 4 0 3 2 2 2 0 1 2 3
3 3 59 27 64 1 46 6
12 14 14 34 49 69 15 45 40 17 62 2 63 53 11 26 31 36 41 51 61 66 76 52 38 57 42 12
#c 0 1 4 3 0 0 1 3 3 2 0 1 1 3 4 4 2 4 3 2 0 3 2 2 0 3 1 4 3 3 0 1 2 3 4 0 1 2 1 0 4 1 1 3 0 4 1 3 3 4 0 1 1 4 0 0 3 1 2 4 2 1 4 4 4 0 1 3 3 4 0 3 2 2 2 0 1 2 3
2 1 24 39 45
14 14 0 10 20 30 50 70 75 54 35 5 65 44 55 4 14 34 49 59 69 15 64 40 17 62 2 27 63 53
#c 0 1 4 3 0 0 1 3 3 2 0 1 1 3 4 4 2 4 3 2 0 3 2 2 4 3 1 4 3 3 0 1 2 3 4 0 1 2 1 4 4 1 1 3 0 0 1 3 3 4 0 1 1 4 0 0 3 1 2 4 2 1 4 4 4 0 1 3 3 4 0 3 2 2 2 0 1 2 3
3 3 57 52 38 44 0 75
14 12 1 6 11 26 31 36 41 46 51 61 66 76 42 12 10 20 30 50 70 54 35 5 65 55 4 45
#c 0 1 4 3 0 0 1 3 3 2 0 1 1 3 4 4 2 4 3 2 0 3 2 2 4 3 1 4 3 3 0 1 2 3 4 0 1 2 1 4 4 1 1 3 0 0 1 3 3 4 0 1 1 4 0 0 3 1 2 4 2 1 4 4 4 0 1 3 3 4 0 3 2 2 2 0 1 2 3
4 4 73 58 23 74 3 7 71 48
9 14 22 32 37 77 16 60 19 9 72 8 13 18 28 33 43 68 78 47 67 21 25 56 29
#c 0 1 4 3 0 0 1 3 3 2 0 1 1 3 4 4 2 4 3 2 0 3 2 2 4 3 1 4 3 3 0 1 2 3 4 0 1 2 1 4 4 1 1 3 0 0 1 3 3 4 0 1 1 4 0 0 3 1 2 4 2 1 4 4 4 0 1 3 3 4 0 3 2 2 2 0 1 2 3
3 3 33 68 7 52 6 41
15 14 3 8 13 18 28 43 48 78 47 67 71 21 25 56 29 1 11 26 31 36 46 51 61 66 76 38 57 42 12
#c 0 1 4 3 0 0 1 3 3 2 0 1 1 3 4 4 2 4 3 2 0 3 2 2 4 3 1 4 3 3 0 1 2 3 4 0 1 2 1 4 4 1 1 3 0 0 1 3 3 4 0 1 1 4 0 0 3 1 2 4 2 1 4 4 4 0 1 3 3 4 0 3 2 2 2 0 1 2 3
3 3 24 27 62 6 26 38
13 14 14 34 49 59 69 15 64 40 17 2 63 53 39 1 11 31 36 41 46 51 61 66 76 52 57 42 12
#c 0 1 4 3 0 0 1 3 3 2 0 1 1 3 4 4 2 4 3 2 0 3 2 2 4 3 1 4 3 3 0 1 2 3 4 0 1 2 1 4 4 1 1 3 0 0 1 3 3 4 0 1 1 4 0 0 3 1 2 4 2 1 4 4 4 0 1 3 3 4 0 3 2 2 2 0 1 2 3
1 1 50 63
14 15 0 10 20 30 70 75 54 35 5 65 44 55 4 45 14 34 49 59 69 15 64 40 17 62 2 27 53 24 39
#c 0 1 4 3 0 0 1 3 3 2 0 1 1 3 4 4 2 4 3 2 0 3 2 2 4 3 1 4 3 3 0 1 2 3 4 0 1 2 1 4 4 1 1 3 0 0 1 3 3 4 0 1 1 4 0 0 3 1 2 4 2 1 4 4 4 0 1 3 3 4 0 3 2 2 2 0 1 2 3
6 6 11 42 36 51 38 31 21 56 43 48 67 3
11 12 1 6 26 41 46 61 66 76 52 57 12 8 13 18 28 33 68 78 47 7 71 25 29
#c 0 1 4 3 0 0 1 3 3 2 0 1 1 3 4 4 2 4 3 2 0 3 2 2 4 3 1 4 3 3 0 1 2 3 4 0 1 2 1 4 4 1 1 3 0 0 1 3 3 4 0 1 1 4 0 0 3 1 2 4 2 1 4 4 4 0 1 3 3 4 0 3 2 2 2 0 1 2 3
5 5 9 60 23 22 32 4 20 10 65 45
8 10 37 77 58 16 74 19 72 73 0 30 50 70 75 54 35 5 44 55
#c 0 1 4 3 0 0 1 3 3 2 0 1 1 3 4 4 2 4 3 2 0 3 2 2 4 3 1 4 3 3 0 1 2 3 4 0 1 2 1 4 4 1 1 3 0 0 1 3 3 4 0 1 1 4 0 0 3 1 2 4 2 1 4 4 4 0 1 3 3 4 0 3 2 2 2 0 1 2 3
4 4 78 21 8 43 75 10 55 5
14 11 3 13 18 28 33 48 68 47 67 7 71 25 56 29 0 20 30 50 70 54 35 65 44 4 45
#c 0 1 4 3 0 3 1 3 0 2 3 1 1 3 4 4 2 4 3 2 0 0 2 2 4 3 1 4 3 3 0 1 2 3 4 0 1 2 1 4 4 1 1 0 0 0 1 3 3 4 0 1 1 4 0 3 3 1 2 4 2 1 4 4 4 0 1 3 3 4 0 3 2 2 2 3 1 2 0
3 1 59 14 63 45
13 14 34 49 69 15 64 40 17 62 2 27 53 24 39 0 20 30 50 70 54 35 65 44 4 78 21 8 43
#c 0 1 4 3 0 3 1 3 0 2 3 1 1 3 0 4 2 4 3 2 0 0 2 2 4 3 1 4 3 3 0 1 2 3 4 0 1 2 1 4 4 1 1 0 0 4 1 3 3 4 0 1 1 4 0 3 3 1 2 0 2 1 4 0 4 0 1 3 3 4 0 3 2 2 2 3 1 2 0
#c 0 1 4 3 0 3 1 3 0 2 3 1 1 3 0 4 2 4 3 2 0 0 2 2 4 3 1 4 3 3 0 1 2 3 4 0 1 2 1 4 4 1 1 0 0 4 1 3 3 4 0 1 1 4 0 3 3 1 2 0 2 1 4 0 4 0 1 3 3 4 0 3 2 2 2 3 1 2 0
4 4 1 31 76 26 35 43 70 65
13 13 6 11 36 41 46 51 61 66 52 38 57 42 12 0 20 30 50 54 44 4 78 21 8 59 14 63
#c 0 0 4 3 0 3 1 3 0 2 3 1 1 3 0 4 2 4 3 2 0 0 2 2 4 3 0 4 3 3 0 0 2 3 4 1 1 2 1 4 4 1 1 1 0 4 1 3 3 4 0 1 1 4 0 3 3 1 2 0 2 1 4 0 4 1 1 3 3 4 1 3 2 2 2 3 0 2 0
5 5 37 74 77 72 58 24 34 64 62 2
8 9 22 32 16 60 19 9 23 73 49 69 15 40 17 27 53 39 45
#c 0 0 4 3 0 3 1 3 0 2 3 1 1 3 0 4 2 4 3 2 0 0 2 2 4 3 0 4 3 3 0 0 2 3 4 1 1 2 1 4 4 1 1 1 0 4 1 3 3 4 0 1 1 4 0 3 3 1 2 0 2 1 4 0 4 1 1 3 3 4 1 3 2 2 2 3 0 2 0
3 3 55 28 67 14 50 26
15 14 3 13 18 33 48 68 47 7 71 25 56 29 75 10 5 0 20 30 54 44 4 78 21 8 59 63 1 31 76
#c 0 0 4 3 0 3 1 3 0 2 3 1 1 3 0 4 2 4 3 2 0 0 2 2 4 3 0 4 3 3 0 0 2 3 4 1 1 2 1 4 4 1 1 1 0 4 1 3 3 4 0 1 1 4 0 3 3 1 2 0 2 1 4 0 4 1 1 3 3 4 1 3 2 2 2 3 0 2 0
2 2 24 49 43 66
12 15 34 69 15 64 40 17 62 2 27 53 39 45 6 11 36 41 46 51 61 52 38 57 42 12 35 70 65
#c 0 0 4 3 0 3 1 3 0 2 3 1 1 3 0 4 2 4 3 2 0 0 2 2 1 3 0 4 3 3 0 0 2 3 4 1 1 2 1 4 4 1 1 4 0 4 1 3 3 1 0 1 1 4 0 3 3 1 2 0 2 1 4 0 4 1 4 3 3 4 1 3 2 2 2 3 0 2 0
7 5 50 21 20 26 44 30 8 9 16 32 23 77
10 8 0 54 4 78 59 14 63 1 31 76 22 37 58 74 60 19 72 73
#c 0 0 4 3 0 3 1 3 0 2 3 1 1 3 0 4 2 4 3 2 0 0 2 2 1 3 0 4 3 3 0 0 2 3 4 1 1 2 1 4 4 1 1 4 0 4 1 3 3 1 0 1 1 4 0 3 3 1 2 0 2 1 4 0 4 1 4 3 3 4 1 3 2 2 2 3 0 2 0
7 7 11 42 36 38 65 12 35 2 66 34 69 43 15 45
10 7 6 41 46 51 61 52 57 70 24 49 64 40 17 62 27 53 39
#c 0 0 4 3 0 3 1 3 0 2 3 1 1 3 0 4 2 4 3 2 0 0 2 2 1 3 0 4 3 3 0 0 2 3 4 1 1 2 1 4 4 1 1 4 0 4 1 3 3 1 0 1 1 4 0 3 3 1 2 0 2 1 4 0 4 1 4 3 3 4 1 3 2 2 2 3 0 2 0
6 5 23 22 73 58 32 37 26 78 1 8 76
7 12 77 16 74 60 19 9 72 0 20 30 50 54 44 4 21 59 14 63 31
#c 0 0 4 3 0 3 1 3 0 2 3 1 1 3 0 4 2 4 3 2 0 0 2 2 1 3 0 4 3 3 0 0 2 3 4 1 1 2 1 4 4 1 1 4 0 4 1 3 3 1 0 1 1 4 0 3 3 1 2 0 2 1 4 0 4 1 4 3 3 4 1 3 2 2 2 3 0 2 0
2 2 33 3 26 8
16 15 13 18 28 48 68 47 67 7 71 25 56 29 75 10 55 5 0 20 30 50 54 44 4 78 21 59 14 63 1 31 76
#c 0 0 4 3 0 3 1 3 0 2 3 1 1 3 0 4 2 4 3 2 0 0 2 2 1 3 0 4 3 3 0 0 2 3 4 1 1 2 1 4 4 1 1 4 0 4 1 3 3 1 0 1 1 4 0 3 3 1 2 0 2 1 4 0 4 1 4 3 3 4 1 3 2 2 2 3 0 2 0
4 4 34 69 45 27 68 10 28 75
10 14 15 64 40 17 62 2 53 39 43 66 3 13 18 33 48 47 67 7 71 25 56 29 55 5
#c 0 0 4 3 0 3 1 3 0 2 3 1 1 3 0 4 2 4 3 2 0 0 2 2 1 3 0 4 3 3 0 0 2 3 4 1 1 2 1 4 4 1 1 4 0 4 1 3 3 1 0 1 1 4 0 3 3 1 2 0 2 1 4 0 4 1 4 3 3 4 1 3 2 2 2 3 0 2 0
7 7 21 1 44 30 4 50 78 41 38 24 57 70 6 51
10 10 0 20 54 8 59 14 63 31 76 26 11 36 46 61 52 42 12 35 65 49
#c 0 0 4 3 0 3 1 3 0 2 3 1 1 3 0 4 2 4 3 2 0 0 2 2 1 3 0 4 3 3 0 0 2 3 4 1 1 2 1 4 4 1 1 4 0 4 1 3 3 1 0 1 1 4 0 3 3 1 2 0 2 1 4 0 4 1 4 3 3 4 1 3 2 2 2 3 0 2 0
7 7 46 61 38 24 6 41 35 3 67 7 33 75 10 25
10 11 11 36 51 52 57 42 12 70 65 49 13 18 28 48 68 47 71 56 29 55 5
#c 0 0 4 3 0 3 1 3 0 2 3 1 1 3 0 4 2 4 3 2 0 0 2 2 1 3 0 4 3 3 0 0 2 3 4 1 1 2 1 4 4 1 1 4 0 4 1 3 3 1 0 1 1 4 0 3 3 1 2 0 2 1 4 0 4 1 4 3 3 4 1 3 2 2 2 3 0 2 0
#c 0 0 4 3 0 3 1 3 0 2 3 1 1 3 0 4 2 4 3 2 0 0 2 2 1 3 0 4 3 3 0 0 2 3 4 1 1 2 1 4 4 1 1 4 0 4 1 3 3 1 0 1 1 4 0 3 3 1 2 0 2 1 4 0 4 1 4 3 3 4 1 3 2 2 2 3 0 2 0
2 3 75 3 51 24 42
16 14 13 18 28 33 48 68 47 67 7 71 25 56 29 10 55 5 6 11 36 41 46 61 52 38 57 12 35 70 65 49
#c 0 0 4 1 0 3 1 3 0 2 3 1 1 3 0 4 2 4 3 2 0 0 2 2 3 3 0 4 3 3 0 0 2 3 4 1 1 2 1 4 4 1 3 4 0 4 1 3 3 1 0 3 1 4 0 3 3 1 2 0 2 1 4 0 4 1 4 3 3 4 1 3 2 2 2 1 0 2 0
2 2 40 17 12 35
12 14 34 69 15 64 62 2 27 53 39 45 43 66 6 11 36 41 46 61 52 38 57 70 65 49 75 3
#c 0 0 4 1 0 3 1 3 0 2 3 1 4 3 0 4 2 1 3 2 0 0 2 2 3 3 0 4 3 3 0 0 2 3 4 4 1 2 1 4 1 1 3 4 0 4 1 3 3 1 0 3 1 4 0 3 3 1 2 0 2 1 4 0 4 1 4 3 3 4 1 3 2 2 2 1 0 2 0
4 4 78 30 1 44 24 71 13 29
13 15 0 20 50 54 4 21 8 59 14 63 31 76 26 18 28 33 48 68 47 67 7 25 56 10 55 5 51 42
#c 0 0 4 1 0 3 1 3 0 2 3 1 4 3 0 4 2 1 3 2 0 0 2 2 3 3 0 4 3 3 0 0 2 3 4 4 1 2 1 4 1 1 3 4 0 4 1 3 3 1 0 3 1 4 0 3 3 1 2 0 2 1 4 0 4 1 4 3 3 4 1 3 2 2 2 1 0 2 0
2 3 38 57 26 59 54
14 14 6 11 36 41 46 61 52 70 65 49 75 3 40 17 0 20 30 50 44 4 78 21 8 14 63 1 31 76
#c 0 0 4 1 0 3 1 3 0 2 3 1 4 3 0 4 2 1 3 2 0 0 2 2 3 3 0 4 3 3 0 0 2 3 4 4 1 2 1 4 1 1 3 4 0 4 1 3 3 1 0 3 1 4 0 3 3 1 2 0 2 1 4 0 4 1 4 3 3 4 1 3 2 2 2 1 0 2 0
6 6 16 72 23 22 60 37 15 62 64 66 53 34
7 8 32 77 58 74 19 9 73 69 2 27 39 45 43 12 35
#c 0 0 4 1 0 3 1 3 0 2 3 1 4 3 0 2 4 1 3 2 0 0 4 4 3 3 0 4 3 3 0 0 2 3 2 4 1 4 1 4 1 1 3 4 0 4 1 3 3 1 0 3 1 2 0 3 3 1 2 0 4 1 2 0 2 1 2 3 3 4 1 3 4 2 2 1 0 2 0
2 2 25 56 52 17
17 14 13 18 28 33 48 68 47 67 7 71 29 10 55 5 51 24 42 6 11 36 41 46 61 38 57 70 65 49 75 3 40
#c 0 0 4 1 0 3 1 3 0 2 3 1 4 3 0 2 4 1 3 2 0 0 4 4 3 3 0 4 3 3 0 0 2 3 2 4 1 4 1 4 1 1 3 4 0 4 1 3 3 1 0 3 1 2 0 3 3 1 2 0 4 1 2 0 2 1 2 3 3 4 1 3 4 2 2 1 0 2 0
5 5 45 22 2 23 60 1 50 44 21 8
9 12 69 27 39 43 12 35 16 72 37 0 20 30 54 4 78 59 14 63 31 76 26
#c 0 4 0 1 0 3 1 3 4 2 3 1 4 3 0 2 4 1 3 2 0 4 0 0 3 3 0 4 3 3 0 0 2 3 2 4 1 4 1 4 1 1 3 4 4 0 1 3 3 1 4 3 1 2 0 3 3 1 2 0 0 1 2 0 2 1 2 3 3 4 1 3 4 2 2 1 0 2 0
3 3 63 78 20 58 66 74
14 10 0 30 54 4 59 14 31 76 26 45 22 2 23 60 32 77 19 9 73 15 62 64 53 34
#c 0 4 0 1 0 3 1 3 4 2 3 1 4 3 0 2 4 1 3 2 0 4 0 0 3 3 0 4 3 3 0 0 2 3 2 4 1 4 1 4 1 1 3 4 4 0 1 3 3 1 4 3 1 2 0 3 3 1 2 0 0 1 2 0 2 1 2 3 3 4 1 3 4 2 2 1 0 2 0
#c 0 4 0 1 0 3 1 3 4 2 3 1 4 3 0 2 4 1 3 2 0 4 0 0 3 3 0 4 3 3 0 0 2 3 2 4 1 4 1 4 1 1 3 4 4 0 1 3 3 1 4 3 1 2 0 3 3 1 2 0 0 1 2 0 2 1 2 3 3 4 1 3 4 2 2 1 0 2 0
2 2 62 53 35 37
11 12 32 77 58 74 19 9 73 15 64 66 34 69 27 39 43 12 16 72 1 50 44 21 8
#c 0 4 0 1 0 3 1 3 4 2 3 1 4 3 0 2 4 1 3 2 0 4 0 0 3 3 0 4 3 3 0 0 2 3 2 2 1 2 1 4 1 1 3 4 4 0 1 3 3 1 4 3 1 4 0 3 3 1 2 0 0 1 4 0 2 1 2 3 3 4 1 3 4 2 2 1 0 2 0
#c 0 4 0 1 0 3 1 3 4 2 3 1 4 3 0 2 4 1 3 2 0 4 0 0 3 3 0 4 3 3 0 0 2 3 2 2 1 2 1 4 1 1 3 4 4 0 1 3 3 1 4 3 1 4 0 3 3 1 2 0 0 1 4 0 2 1 2 3 3 4 1 3 4 2 2 1 0 2 0
7 7 50 21 72 62 39 8 53 78 54 63 45 26 76 30
7 10 69 27 43 12 16 1 44 0 20 4 59 14 31 22 2 23 60
#c 0 4 0 1 0 3 1 3 4 2 3 1 4 3 0 2 4 1 3 2 0 4 0 0 3 3 0 4 3 3 0 0 2 3 2 2 1 2 1 4 1 1 3 4 4 0 1 3 3 1 4 3 1 4 0 3 3 1 2 0 0 1 4 0 2 1 2 3 3 4 1 3 4 2 2 1 0 2 0
#c 0 4 0 1 0 3 1 3 4 2 3 1 4 3 0 2 4 1 3 2 0 4 0 0 3 3 0 4 3 3 0 0 2 3 2 2 1 2 1 4 1 1 3 4 4 0 1 3 3 1 4 3 1 4 0 3 3 1 2 0 0 1 4 0 2 1 2 3 3 4 1 3 4 2 2 1 0 2 0
1 1 41 43
15 13 6 11 36 46 61 52 38 57 70 65 49 75 3 40 17 69 27 39 12 16 72 1 50 44 21 8 62 53
#c 0 4 0 1 0 3 1 3 4 2 3 1 4 3 0 2 4 1 3 2 0 4 0 0 3 3 0 4 3 3 0 0 2 3 2 2 1 2 1 4 1 4 3 1 4 0 1 3 3 1 4 3 1 4 0 3 3 1 2 0 0 1 4 0 2 1 2 3 3 4 1 3 4 2 2 1 0 2 0
#c 0 4 0 1 0 3 1 3 4 2 3 1 4 3 0 2 4 1 3 2 0 4 0 0 3 3 0 4 3 3 0 0 2 3 2 2 1 2 1 4 1 4 3 1 4 0 1 3 3 1 4 3 1 4 0 3 3 1 2 0 0 1 4 0 2 1 2 3 3 4 1 3 4 2 2 1 0 2 0
6 6 33 68 47 13 25 71 53 39 12 72 69 44
13 8 18 28 48 67 7 56 29 10 55 5 51 24 42 27 16 1 50 21 8 62 41
#c 0 4 0 1 0 3 1 3 4 2 3 1 4 3 0 2 4 1 3 2 0 4 0 0 3 3 0 4 3 3 0 0 2 3 2 2 1 2 1 4 1 4 3 1 4 0 1 3 3 1 4 3 1 4 0 3 3 1 2 0 0 1 4 0 2 1 2 3 3 4 1 3 4 2 2 1 0 2 0
#c 0 4 0 1 0 3 1 3 4 2 3 1 4 3 0 2 4 1 3 2 0 4 0 0 3 3 0 4 3 3 0 0 2 3 2 2 1 2 1 4 1 4 3 1 4 0 1 3 3 1 4 3 1 4 0 3 3 1 2 0 0 1 4 0 2 1 2 3 3 4 1 3 4 2 2 1 0 2 0
8 8 30 14 59 0 45 31 4 20 39 44 53 69 16 62 1 21
9 6 54 78 63 76 26 22 2 23 60 27 12 72 50 8 41
#c 0 4 0 1 0 3 1 3 4 2 3 1 4 3 0 2 4 1 3 2 0 4 0 0 3 3 0 4 3 3 0 0 2 3 2 2 1 2 1 4 1 4 3 1 4 0 1 3 3 1 4 3 1 4 0 3 3 1 2 0 0 1 4 0 2 1 2 3 3 4 1 3 4 2 2 1 0 2 0
7 7 46 61 40 38 75 36 70 27 16 8 62 21 50 72
9 7 6 11 52 57 65 49 3 17 43 69 39 12 1 44 53 41
#c 0 4 0 1 0 3 1 3 4 2 3 1 4 3 0 2 4 1 3 2 0 4 0 0 3 3 0 4 3 3 0 0 2 3 2 2 1 2 1 4 1 4 3 1 4 0 1 3 3 1 4 3 1 4 0 3 3 1 2 0 0 1 4 0 2 1 2 3 3 4 1 3 4 2 2 1 0 2 0
1 1 35 70
12 15 32 77 58 74 19 9 73 15 64 66 34 37 6 11 36 46 61 52 38 57 65 49 75 3 40 17 43
#c 0 4 0 1 0 3 1 3 4 2 3 1 4 3 0 2 4 1 3 2 0 4 0 0 3 3 0 4 3 3 0 0 2 3 2 2 1 2 1 4 1 4 3 1 4 0 1 3 3 1 4 3 1 4 0 3 3 1 2 0 0 1 4 0 2 1 2 3 3 4 1 3 4 2 2 1 0 2 0
#c 0 4 0 1 0 3 1 3 4 2 3 1 4 3 0 2 4 1 3 2 0 4 0 0 3 3 0 4 3 3 0 0 2 3 2 2 1 2 1 4 1 4 3 1 4 0 1 3 3 1 4 3 1 4 0 3 3 1 2 0 0 1 4 0 2 1 2 3 3 4 1 3 4 2 2 1 0 2 0
2 2 44 21 24 5
12 17 69 27 39 12 16 72 1 50 8 62 53 41 13 18 28 33 48 68 47 67 7 71 25 56 29 10 55 51 42
#c 0 4 0 1 0 3 1 3 4 2 3 1 4 3 0 2 4 1 3 2 0 4 0 0 3 3 0 4 3 3 0 0 2 3 2 2 1 2 1 4 1 4 3 1 4 0 1 3 3 1 4 3 1 4 0 3 3 1 2 0 0 1 4 0 2 1 2 3 3 4 1 3 4 2 2 1 0 2 0
4 6 78 22 76 30 37 64 35 15 9 77
13 7 0 20 54 4 59 14 63 31 26 45 2 23 60 32 58 74 19 73 66 34
#c 0 4 0 1 0 3 1 3 4 2 3 1 4 3 0 2 4 1 3 2 0 4 0 0 3 3 0 4 3 3 0 0 2 3 2 2 1 2 1 4 1 4 3 1 4 0 1 3 3 1 4 3 1 4 0 3 3 1 2 0 0 1 4 0 2 1 2 3 3 4 1 3 4 2 2 1 0 2 0
#c 0 4 0 1 0 3 1 3 4 2 3 1 4 3 0 2 4 1 3 2 0 4 0 0 3 3 0 4 3 3 0 0 2 3 2 2 1 2 1 4 1 4 3 1 4 0 1 3 3 1 4 3 1 4 0 3 3 1 2 0 0 1 4 0 2 1 2 3 3 4 1 3 4 2 2 1 0 2 0
#c 0 4 0 1 0 3 1 3 4 2 3 1 4 3 0 2 4 1 3 2 0 4 0 0 3 3 0 4 3 3 0 0 2 3 2 2 1 2 1 4 1 4 3 1 4 0 1 3 3 1 4 3 1 4 0 3 3 1 2 0 0 1 4 0 2 1 2 3 3 4 1 3 4 2 2 1 0 2 0
7 8 13 28 48 10 5 55 24 31 54 78 2 20 23 76 45
12 9 18 33 68 47 67 7 71 25 56 29 51 42 0 30 4 59 14 63 26 22 60
#c 0 4 0 1 0 3 1 3 4 2 3 1 4 3 0 2 4 1 3 2 0 4 0 0 3 3 0 4 3 3 0 0 2 3 2 2 1 2 1 4 1 4 3 1 4 0 1 3 3 1 4 3 1 4 0 3 3 1 2 0 0 1 4 0 2 1 2 3 3 4 1 3 4 2 2 1 0 2 0
7 7 8 27 39 41 50 72 69 20 63 76 4 14 54 22
7 10 12 16 1 44 21 62 53 0 30 78 59 31 26 45 2 23 60
#c 0 4 0 1 0 3 1 3 4 2 3 1 4 3 0 2 4 1 3 2 0 4 0 0 3 3 0 4 3 3 0 0 2 3 2 2 1 2 1 4 1 4 3 1 4 0 1 3 3 1 4 3 1 4 0 3 3 1 2 0 0 1 4 0 2 1 2 3 3 4 1 3 4 2 2 1 0 2 0
2 2 78 31 6 40
15 14 0 20 30 54 4 59 14 63 76 26 45 22 2 23 60 11 36 46 61 52 38 57 70 65 49 75 3 17 43
#c 0 4 0 1 0 3 1 3 4 2 3 1 4 3 0 2 4 1 3 2 0 4 0 0 3 3 0 4 3 3 0 0 2 3 2 2 1 2 1 4 1 4 3 1 4 0 1 3 3 1 4 3 1 4 0 3 3 1 2 0 0 1 4 0 2 1 2 3 3 4 1 3 4 2 2 1 0 2 0
4 4 57 43 65 17 64 74 9 58
12 9 6 11 36 46 61 52 38 70 49 75 3 40 32 77 19 73 15 66 34 35 37
#c 0 4 0 1 0 3 1 3 4 2 3 1 4 3 0 2 4 1 3 2 0 4 0 0 3 3 0 4 3 3 0 0 2 3 2 2 1 2 1 4 1 4 3 1 4 0 1 3 3 1 4 3 1 4 0 3 3 1 2 0 0 1 4 0 2 1 2 3 3 4 1 3 4 2 2 1 0 2 0
3 3 74 37 32 18 10 33
10 16 77 58 19 9 73 15 64 66 34 35 13 28 48 68 47 67 7 71 25 56 29 55 5 51 24 42
#c 0 4 0 1 0 3 1 3 4 2 3 1 4 3 0 2 4 1 3 2 0 4 0 0 3 3 0 4 3 3 0 0 2 3 2 2 1 2 1 4 1 4 3 1 4 0 1 3 3 1 4 3 1 4 0 3 3 1 2 0 0 1 4 0 2 1 2 3 3 4 1 3 4 2 2 1 0 2 0
6 6 33 10 28 48 18 7 61 17 65 57 46 3
13 10 13 68 47 67 71 25 56 29 55 5 51 24 42 6 11 36 52 38 70 49 75 40 43
#c 0 4 0 1 0 3 1 3 4 2 3 1 4 3 0 2 4 1 3 2 0 4 0 0 3 3 0 4 3 3 0 0 2 3 2 2 1 2 1 4 1 4 3 1 4 0 1 3 3 1 4 3 1 4 0 3 3 1 2 0 0 1 4 0 2 1 2 3 3 4 1 3 4 2 2 1 0 2 0
7 7 21 39 69 16 1 12 44 43 6 40 3 57 70 17
7 9 27 72 50 8 62 53 41 11 36 46 61 52 38 65 49 75
#c 0 4 0 1 0 3 1 3 4 2 3 1 4 3 0 2 4 1 3 2 0 4 0 0 3 3 0 4 3 3 0 0 2 3 2 2 1 2 1 4 1 4 3 1 4 0 1 3 3 1 4 3 1 4 0 3 3 1 2 0 0 1 4 0 2 1 2 3 3 4 1 3 4 2 2 1 0 2 0
1 1 23 48
16 18 0 20 30 54 4 78 59 14 63 31 76 26 45 22 2 60 13 18 28 33 68 47 67 7 71 25 56 29 10 55 5 51 24 42
#c 0 4 0 1 0 3 1 3 4 2 3 1 4 3 0 2 4 1 3 2 0 4 0 0 3 3 0 4 3 3 0 0 2 3 2 2 1 2 1 4 1 4 3 1 4 0 1 3 3 1 4 3 1 4 0 3 3 1 2 0 0 1 4 0 2 1 2 3 3 4 1 3 4 2 2 1 0 2 0
6 6 57 70 43 11 36 40 34 32 73 77 9 64
10 7 6 46 61 52 38 65 49 75 3 17 58 74 19 15 66 35 37
#c 0 4 0 1 0 3 1 3 4 2 3 1 4 3 0 2 4 1 3 2 0 4 0 0 3 3 0 4 3 3 0 0 2 3 2 2 1 2 1 4 1 4 3 1 4 0 1 3 3 1 4 3 1 4 0 3 3 1 2 0 0 1 4 0 2 1 2 3 3 4 1 3 4 2 2 1 0 2 0
#c 0 4 0 1 0 3 1 3 4 2 3 1 4 3 0 2 4 1 3 2 0 4 0 0 3 3 0 4 3 3 0 0 2 3 2 2 1 2 1 4 1 4 3 1 4 0 1 3 3 1 4 3 1 4 0 3 3 1 2 0 0 1 4 0 2 1 2 3 3 4 1 3 4 2 2 1 0 2 0
6 6 71 25 28 55 24 18 75 3 38 46 61 40
13 10 13 33 48 68 47 67 7 56 29 10 5 51 42 6 11 36 52 57 70 65 49 17 43
#c 0 4 0 1 0 3 1 3 4 2 3 1 4 3 0 2 4 1 3 2 0 4 0 0 3 3 0 4 3 3 0 0 2 3 2 2 1 2 1 4 1 4 3 1 4 0 1 3 3 1 4 3 1 4 0 3 3 1 2 0 0 1 4 0 2 1 2 3 3 4 1 3 4 2 2 1 0 2 0
1 2 41 32 66
13 11 69 27 39 12 16 72 1 50 44 21 8 62 53 77 58 74 19 9 73 15 64 34 35 37
#c 0 4 0 1 0 3 1 3 4 2 3 1 4 3 0 2 4 1 3 2 0 4 0 0 3 3 0 4 3 3 0 0 2 3 2 2 1 2 1 4 1 4 3 1 4 0 1 3 3 1 4 3 1 4 0 3 3 1 2 0 0 1 4 0 2 1 2 3 3 4 1 3 4 2 2 1 0 2 0
6 6 59 26 54 63 0 22 34 37 9 15 64 35
11 7 20 30 4 78 14 31 76 45 2 23 60 32 77 58 74 19 73 66
#c 0 4 0 1 0 3 1 3 4 2 3 1 4 3 0 2 4 1 3 2 0 4 0 0 3 3 0 4 3 3 0 0 2 3 2 2 1 2 1 4 1 4 3 1 4 0 1 3 3 1 4 3 1 4 0 3 3 1 2 0 0 1 4 0 2 1 2 3 3 4 1 3 4 2 2 1 0 2 0
8 8 57 70 11 40 46 49 36 52 22 76 20 0 63 59 30 14
8 9 6 61 38 65 75 3 17 43 54 4 78 31 26 45 2 23 60
#c 0 4 0 1 0 3 1 3 4 2 3 1 4 3 0 2 4 1 3 2 0 4 0 0 3 3 0 4 3 3 0 0 2 3 2 2 1 2 1 4 1 4 3 1 4 0 1 3 3 1 4 3 1 4 0 3 3 1 2 0 0 1 4 0 2 1 2 3 3 4 1 3 4 2 2 1 0 2 0
2 2 74 37 70 17
11 14 32 77 58 19 9 73 15 64 66 34 35 6 11 36 46 61 52 38 57 65 49 75 3 40 43
#c 0 4 0 1 0 3 1 3 4 2 3 1 4 3 0 2 4 1 3 2 0 4 0 0 3 3 0 4 3 3 0 0 2 3 2 2 1 2 1 4 1 4 3 1 4 0 1 3 3 1 4 3 1 4 0 3 3 1 2 0 0 1 4 0 2 1 2 3 3 4 1 3 4 2 2 1 0 2 0
9 9 5 29 13 24 56 71 7 68 55 2 59 31 22 30 45 63 20 26
10 8 18 28 33 48 47 67 25 10 51 42 0 54 4 78 14 76 23 60
#c 0 4 0 1 0 3 1 3 4 2 3 1 4 3 0 2 4 1 3 2 0 4 0 0 3 3 0 4 3 3 0 0 2 3 2 2 1 2 1 4 1 4 3 1 4 0 1 3 3 1 4 3 1 4 0 3 3 1 2 0 0 1 4 0 2 1 2 3 3 4 1 3 4 2 2 1 0 2 0
7 7 8 53 44 27 62 72 12 77 19 9 34 74 37 35
7 6 69 39 16 1 50 21 41 32 58 73 15 64 66
#c 0 4 0 1 0 3 1 3 4 2 3 1 4 3 0 2 4 1 3 2 0 4 0 0 3 3 0 4 3 3 0 0 2 3 2 2 1 2 1 4 1 4 3 1 4 0 1 3 3 1 4 3 1 4 0 3 3 1 2 0 0 1 4 0 2 1 2 3 3 4 1 3 4 2 2 1 0 2 0
7 7 26 14 31 2 59 30 4 49 38 40 61 70 52 6
10 9 0 20 54 78 63 76 45 22 23 60 11 36 46 57 65 75 3 17 43
#c 0 4 0 1 0 3 1 3 4 2 3 1 4 3 0 2 4 1 3 2 0 4 0 0 3 3 0 4 3 3 0 0 2 3 2 2 1 2 1 4 1 4 3 1 4 0 1 3 3 1 4 3 1 4 0 3 3 1 2 0 0 1 4 0 2 1 2 3 3 4 1 3 4 2 2 1 0 2 0
6 6 65 6 70 52 75 43 62 41 72 50 69 8
10 8 11 36 46 61 38 57 49 3 40 17 27 39 12 16 1 44 21 53
#c 0 4 0 1 0 3 4 3 1 2 3 1 4 3 0 2 4 1 3 2 0 4 0 0 3 3 0 4 3 3 0 0 2 3 2 2 1 2 1 4 1 1 3 4 4 0 1 3 3 1 1 3 4 4 0 3 3 1 2 0 0 1 1 0 2 4 2 3 3 1 4 3 1 2 2 4 0 2 0
1 1 9 50
12 15 32 77 58 74 19 73 15 64 66 34 35 37 11 36 46 61 38 57 49 3 40 17 62 41 72 69 8
#c 0 4 0 1 0 3 4 3 1 2 3 1 4 3 0 2 4 1 3 2 0 4 0 0 3 3 0 4 3 3 0 0 2 3 2 2 1 2 1 4 1 1 3 4 4 0 1 3 3 1 1 3 4 4 0 3 3 1 2 0 0 1 1 0 2 4 2 3 3 1 4 3 1 2 2 4 0 2 0
8 8 71 33 18 13 56 51 25 48 78 0 20 54 45 14 63 23
11 9 28 68 47 67 7 29 10 55 5 24 42 30 4 59 31 76 26 22 2 60
#c 0 4 0 1 0 3 4 3 1 2 3 1 4 3 0 2 4 1 3 2 0 4 0 0 3 3 0 4 3 3 0 0 2 3 2 2 1 2 1 4 1 1 3 4 4 0 1 3 3 1 1 3 4 4 0 3 3 1 2 0 0 1 1 0 2 4 2 3 3 1 4 3 1 2 2 4 0 2 0
#c 0 4 0 1 0 3 4 3 1 2 3 1 4 3 0 2 4 1 3 2 0 4 0 0 3 3 0 4 3 3 0 0 2 3 2 2 1 2 1 4 1 1 3 4 4 0 1 3 3 1 1 3 4 4 0 3 3 1 2 0 0 1 1 0 2 4 2 3 3 1 4 3 1 2 2 4 0 2 0
3 4 31 45 26 35 74 66 15
14 9 0 20 30 54 4 78 59 14 63 76 22 2 23 60 32 77 58 19 9 73 64 34 37
#c 0 4 0 1 0 3 4 3 1 2 3 1 4 3 0 2 4 1 3 2 0 4 0 0 3 3 0 4 3 3 0 0 2 3 2 2 1 2 1 4 1 1 3 4 4 0 1 3 3 1 1 3 4 4 0 3 3 1 2 0 0 1 1 0 2 4 2 3 3 1 4 3 1 2 2 4 0 2 0
3 3 57 36 72 0 78 59
13 14 11 46 61 38 49 3 40 17 62 41 50 69 8 20 30 54 4 14 63 31 76 26 45 22 2 23 60
#c 0 4 0 1 0 3 4 3 1 2 3 1 4 3 0 2 4 1 3 2 0 4 0 0 3 3 0 4 3 3 0 0 2 3 2 2 1 2 1 4 1 1 3 4 4 0 1 3 3 1 1 3 4 4 0 3 3 1 2 0 0 1 1 0 2 4 2 3 3 1 4 3 1 2 2 4 0 2 0
1 1 58 50
12 15 32 77 74 19 9 73 15 64 66 34 35 37 11 36 46 61 38 57 49 3 40 17 62 41 72 69 8
#c 0 4 0 1 0 3 4 3 1 2 3 1 4 3 0 2 4 1 3 2 0 4 0 0 3 3 0 4 3 3 0 0 2 3 2 2 1 2 1 4 1 1 3 4 4 0 1 3 3 1 1 3 4 4 0 3 3 1 2 0 0 1 1 0 2 4 2 3 3 1 4 3 1 2 2 4 0 2 0
3 3 47 28 13 63 26 76
16 14 18 33 48 68 67 7 71 25 56 29 10 55 5 51 24 42 0 20 30 54 4 78 59 14 31 45 22 2 23 60
#c 0 4 0 1 0 3 4 3 1 2 3 1 4 0 0 2 4 1 3 2 0 4 0 0 3 3 3 4 0 3 0 0 2 3 2 2 1 2 1 4 1 1 3 4 4 0 1 0 3 1 1 3 4 4 0 3 3 1 2 0 0 1 1 3 2 4 2 3 3 1 4 3 1 2 2 4 3 2 0
1 1 6 73
13 12 27 39 12 16 1 44 21 53 65 70 52 75 43 32 77 58 74 19 9 15 64 66 34 35 37
#c 0 4 0 1 0 3 4 3 1 2 3 1 4 0 0 2 4 1 3 2 0 4 0 0 3 3 3 4 0 3 0 0 2 3 2 2 1 2 1 4 1 1 3 4 4 0 1 0 3 1 1 3 4 4 0 3 3 1 2 0 0 1 1 3 2 4 2 3 3 1 4 3 1 2 2 4 3 2 0
#c 0 4 0 1 0 3 4 3 1 2 3 1 4 0 0 2 4 1 3 2 0 4 0 0 3 3 3 4 0 3 0 0 2 3 2 2 1 2 1 4 1 1 3 4 4 0 1 0 3 1 1 3 4 4 0 3 3 1 2 0 0 1 1 3 2 4 2 3 3 1 4 3 1 2 2 4 3 2 0
6 6 72 17 3 50 36 46 43 12 53 6 65 1
10 8 11 61 38 57 49 40 62 41 69 8 27 39 16 44 21 70 52 75
#c 0 4 0 1 0 3 4 3 1 2 3 1 4 0 0 2 4 1 3 2 0 4 0 0 3 3 3 4 0 3 0 0 2 3 2 2 1 2 1 4 1 1 3 4 4 0 1 0 3 1 1 3 4 4 0 3 3 1 2 0 0 1 1 3 2 4 2 3 3 1 4 3 1 2 2 4 3 2 0
6 6 77 58 32 15 66 35 55 29 68 63 71 7
7 13 74 19 9 73 64 34 37 18 33 48 67 25 56 10 5 51 24 42 26 76
#c 0 4 0 1 0 3 4 3 1 2 3 1 4 0 0 2 4 1 3 2 0 4 0 0 3 3 3 4 0 3 0 0 2 3 2 2 1 2 1 4 1 1 3 4 4 0 1 0 3 1 1 3 4 4 0 3 3 1 2 0 0 1 1 3 2 4 2 3 3 1 4 3 1 2 2 4 3 2 0
9 9 24 29 25 18 10 42 63 68 71 32 73 66 35 74 64 77 19 15
10 4 33 48 67 7 56 55 5 51 26 76 58 9 34 37
#c 0 4 0 1 0 3 4 3 1 2 3 1 4 0 0 2 4 1 3 2 0 4 0 0 3 3 3 4 0 3 0 0 2 3 2 2 1 2 1 4 1 1 3 4 4 0 1 0 3 1 1 3 4 4 0 3 3 1 2 0 0 1 1 3 2 4 2 3 3 1 4 3 1 2 2 4 3 2 0
1 1 16 46
13 15 27 39 12 1 44 21 53 65 6 70 52 75 43 11 36 61 38 57 49 3 40 17 62 41 72 50 69 8
#c 0 4 0 1 0 3 4 3 1 2 3 1 4 0 0 2 4 1 3 2 0 4 0 0 3 3 3 4 0 3 0 0 2 3 2 2 1 2 1 4 1 1 3 4 4 0 1 0 3 1 1 3 4 4 0 3 3 1 2 0 0 1 1 3 2 4 2 3 3 1 4 3 1 2 2 4 3 2 0
4 5 13 59 60 14 58 34 73 9 19
13 8 0 20 30 54 4 78 31 45 22 2 23 47 28 32 77 74 15 64 66 35 37
#c 0 4 0 1 0 3 4 3 1 2 3 1 4 0 0 2 4 1 3 2 0 4 0 0 3 3 3 4 0 3 0 0 2 3 2 2 1 2 1 4 1 1 3 4 4 0 1 0 3 1 1 3 4 4 0 3 3 1 2 0 0 1 1 3 2 4 2 3 3 1 4 3 1 2 2 4 3 2 0
2 2 61 8 6 39
14 12 11 36 46 38 57 49 3 40 17 62 41 72 50 69 27 12 16 1 44 21 53 65 70 52 75 43
#c 0 4 0 1 0 3 4 3 1 2 3 1 4 0 0 2 4 1 3 2 0 4 0 0 3 3 3 4 0 3 0 0 2 3 2 2 1 2 1 4 1 1 3 4 4 0 1 0 3 1 1 3 4 4 0 3 3 1 2 0 0 1 1 3 2 4 2 3 3 1 4 3 1 2 2 4 3 2 0
4 4 32 58 19 64 20 31 4 60
9 13 77 74 9 73 15 66 34 35 37 0 30 54 78 59 14 45 22 2 23 47 28 13
#c 0 4 0 1 0 3 4 3 1 2 3 1 4 0 0 2 4 1 3 2 0 4 0 0 3 3 3 4 0 3 0 0 2 3 2 2 1 2 1 4 1 1 3 4 4 0 1 0 3 1 1 3 4 4 0 3 3 1 2 0 0 1 1 3 2 4 2 3 3 1 4 3 1 2 2 4 3 2 0
4 5 63 51 42 26 15 9 66 77 37
15 8 18 33 48 68 67 7 71 25 56 29 10 55 5 24 76 32 58 74 19 73 64 34 35
#c 0 4 0 1 0 3 4 3 1 2 3 1 4 0 0 2 4 1 3 2 0 4 0 0 3 3 3 4 0 3 0 0 2 3 2 2 1 2 1 4 1 1 3 4 4 0 1 0 3 1 1 3 4 4 0 3 3 1 2 0 0 1 1 3 2 4 2 3 3 1 4 3 1 2 2 4 3 2 0
7 7 12 44 75 1 39 27 16 71 63 18 25 67 7 76
7 12 21 53 65 6 70 52 43 33 48 68 56 29 10 55 5 51 24 42 26
#c 0 4 0 1 0 3 4 3 1 2 3 1 4 0 0 2 4 1 3 2 0 4 0 0 3 3 3 4 0 3 0 0 2 3 2 2 1 2 1 4 1 1 3 4 4 0 1 0 3 1 1 3 4 4 0 3 3 1 2 0 0 1 1 3 2 4 2 3 3 1 4 3 1 2 2 4 3 2 0
#c 0 4 0 1 0 3 4 3 1 2 3 1 4 0 0 2 4 1 3 2 0 4 0 0 3 3 3 4 0 3 0 0 2 3 2 2 1 2 1 4 1 1 3 4 4 0 1 0 3 1 1 3 4 4 0 3 3 1 2 0 0 1 1 3 2 4 2 3 3 1 4 3 1 2 2 4 3 2 0
2 4 11 49 64 35 74 15
14 9 36 46 61 38 57 3 40 17 62 41 72 50 69 8 32 77 58 19 9 73 66 34 37
#c 0 4 0 1 0 3 4 3 1 2 3 1 4 0 0 2 4 1 3 2 0 4 0 0 3 3 3 4 0 3 0 0 2 3 2 2 1 2 1 4 1 1 3 4 4 0 1 0 3 1 1 3 4 4 0 3 3 1 2 0 0 1 1 3 2 4 2 3 3 1 4 3 1 2 2 4 3 2 0
5 4 19 58 34 73 32 39 6 53 27
8 10 77 74 9 15 64 66 35 37 12 16 1 44 21 65 70 52 75 43
#c 0 4 0 1 0 3 4 3 1 2 3 1 4 0 0 2 4 1 3 2 0 4 0 0 3 3 3 4 0 3 0 0 2 3 2 2 1 2 1 4 1 1 3 4 4 0 1 0 3 1 1 3 4 4 0 3 3 1 2 0 0 1 1 3 2 4 2 3 3 1 4 3 1 2 2 4 3 2 0
2 2 24 71 44 70
17 12 18 33 48 68 67 7 25 56 29 10 55 5 51 42 63 26 76 27 39 12 16 1 21 53 65 6 52 75 43
#c 0 4 0 1 0 3 4 3 1 2 3 1 4 0 0 2 4 1 3 2 0 4 0 0 3 3 3 4 0 3 0 0 2 3 2 2 1 2 1 4 1 1 3 4 4 0 1 0 3 1 1 3 4 4 0 3 3 1 2 0 0 1 1 3 2 4 2 3 3 1 4 3 1 2 2 4 3 2 0
4 4 52 65 16 6 47 14 20 13
10 13 27 39 12 1 44 21 53 70 75 43 0 30 54 4 78 59 31 45 22 2 23 60 28
#c 0 4 0 1 0 3 4 3 1 2 3 1 4 0 0 2 4 1 3 2 0 4 0 0 3 3 3 4 0 3 0 0 2 3 2 2 1 2 1 4 1 1 3 4 4 0 1 0 3 1 1 3 4 4 0 3 3 1 2 0 0 1 1 3 2 4 2 3 3 1 4 3 1 2 2 4 3 2 0
7 7 13 54 59 28 31 23 45 12 52 53 43 44 1 75
10 7 0 20 30 4 78 14 22 2 60 47 27 39 16 21 65 6 70
#c 0 4 0 1 0 3 4 3 1 2 3 1 4 0 0 2 4 1 3 2 0 4 0 0 3 3 3 4 0 3 0 0 2 3 2 2 1 2 1 4 1 1 3 4 4 0 1 0 3 1 1 3 4 4 0 3 3 1 2 0 0 1 1 3 2 4 2 3 3 1 4 3 1 2 2 4 3 2 0
7 7 38 57 46 40 17 11 36 53 6 65 70 39 27 52
9 7 61 49 3 62 41 72 50 69 8 12 16 1 44 21 75 43
#c 0 4 0 1 0 3 4 3 1 2 3 1 4 0 0 2 4 1 3 2 0 4 0 0 3 3 3 4 0 3 0 0 2 3 2 2 1 2 1 4 1 1 3 4 4 0 1 0 3 1 1 3 4 4 0 3 3 1 2 0 0 1 1 3 2 4 2 3 3 1 4 3 1 2 2 4 3 2 0
#c 0 4 0 1 0 3 4 3 1 2 3 1 4 0 0 2 4 1 3 2 0 4 0 0 3 3 3 4 0 3 0 0 2 3 2 2 1 2 1 4 1 1 3 4 4 0 1 0 3 1 1 3 4 4 0 3 3 1 2 0 0 1 1 3 2 4 2 3 3 1 4 3 1 2 2 4 3 2 0
7 7 48 24 5 71 56 7 68 44 43 52 27 21 6 70
12 7 18 33 67 25 29 10 55 51 42 63 26 76 39 12 16 1 53 65 75
#c 0 4 0 1 0 3 4 3 1 2 3 1 4 0 0 2 4 1 3 2 0 4 0 0 3 3 3 4 0 3 0 0 2 3 2 2 1 2 1 4 1 1 3 4 4 0 1 0 3 1 1 3 4 4 0 3 3 1 2 0 0 1 1 3 2 4 2 3 3 1 4 3 1 2 2 4 3 2 0
7 7 12 27 52 53 21 65 43 66 58 73 9 32 37 64
7 6 39 16 1 44 6 70 75 77 74 19 15 34 35
#c 0 4 0 1 0 3 4 3 1 2 3 1 4 0 0 2 4 1 3 2 0 4 0 0 3 3 3 4 0 3 0 0 2 3 2 2 1 2 1 4 1 1 3 4 4 0 1 0 3 1 1 3 4 4 0 3 3 1 2 0 0 1 1 3 2 4 2 3 3 1 4 3 1 2 2 4 3 2 0
#c 0 4 0 1 0 3 4 3 1 2 3 1 4 0 0 2 4 1 3 2 0 4 0 0 3 3 3 4 0 3 0 0 2 3 2 2 1 2 1 4 1 1 3 4 4 0 1 0 3 1 1 3 4 4 0 3 3 1 2 0 0 1 1 3 2 4 2 3 3 1 4 3 1 2 2 4 3 2 0
2 2 8 57 26 18
14 17 11 36 46 61 38 49 3 40 17 62 41 72 50 69 33 48 68 67 7 71 25 56 29 10 55 5 51 24 42 63 76
#c 0 4 0 1 0 3 4 3 1 2 3 1 4 0 0 2 4 1 3 2 0 4 0 0 3 3 3 4 0 3 0 0 2 3 2 2 1 2 1 4 1 1 3 4 4 0 1 0 3 1 1 3 4 4 0 3 3 1 2 0 0 1 1 3 2 4 2 3 3 1 4 3 1 2 2 4 3 2 0
5 5 9 19 77 73 32 42 33 29 68 71
8 14 58 74 15 64 66 34 35 37 18 48 67 7 25 56 10 55 5 51 24 63 26 76
#c 0 4 0 1 0 3 4 3 1 2 3 1 4 0 0 2 4 1 3 2 0 4 0 0 3 3 3 4 0 3 0 0 2 3 2 2 1 2 1 4 1 1 3 4 4 0 1 0 3 1 1 3 4 4 0 3 3 1 2 0 0 1 1 3 2 4 2 3 3 1 4 3 1 2 2 4 3 2 0
7 5 71 25 56 29 63 68 76 21 39 75 27 70
12 9 18 33 48 67 7 10 55 5 51 24 42 26 12 16 1 44 53 65 6 52 43
#c 0 4 0 1 0 3 4 3 1 2 3 1 4 0 0 2 4 1 3 2 0 4 0 0 3 3 3 4 0 3 0 0 2 3 2 2 1 2 1 4 1 1 3 4 4 0 1 0 3 1 1 3 4 4 0 3 3 1 2 0 0 1 1 3 2 4 2 3 3 1 4 3 1 2 2 4 3 2 0
1 1 65 19
13 12 27 39 12 16 1 44 21 53 6 70 52 75 43 32 77 58 74 9 73 15 64 66 34 35 37
#c 0 4 0 1 0 3 4 3 1 2 3 1 4 0 0 2 4 1 3 2 0 4 0 0 3 3 3 4 0 3 0 0 2 3 2 2 1 2 1 4 1 1 3 4 4 0 1 0 3 1 1 3 4 4 0 3 3 1 2 0 0 1 1 3 2 4 2 3 3 1 4 3 1 2 2 4 3 2 0
#c 0 4 0 1 0 3 4 3 1 2 3 1 4 0 0 2 4 1 3 2 0 4 0 0 3 3 3 4 0 3 0 0 2 3 2 2 1 2 1 4 1 1 3 4 4 0 1 0 3 1 1 3 4 4 0 3 3 1 2 0 0 1 1 3 2 4 2 3 3 1 4 3 1 2 2 4 3 2 0
8 8 40 69 36 62 3 57 50 17 51 71 56 76 25 29 55 18
8 11 11 46 61 38 49 41 72 8 33 48 68 67 7 10 5 24 42 63 26
#c 0 4 0 1 0 3 4 3 1 2 3 1 4 0 0 2 4 1 3 2 0 4 0 0 3 3 3 4 0 3 0 0 2 3 2 2 1 2 1 4 1 1 3 4 4 0 1 0 3 1 1 3 4 4 0 3 3 1 2 0 0 1 1 3 2 4 2 3 3 1 4 3 1 2 2 4 3 2 0
4 5 73 15 64 35 69 61 49 57 38
9 11 32 77 58 74 19 9 66 34 37 11 36 46 3 40 17 62 41 72 50 8
#c 0 4 0 1 0 3 4 3 1 2 3 1 4 0 0 2 4 1 3 2 0 4 0 0 3 3 3 4 0 3 0 0 2 3 2 2 1 2 1 4 1 1 3 4 4 0 1 0 3 1 1 3 4 4 0 3 3 1 2 0 0 1 1 3 2 4 2 3 3 1 4 3 1 2 2 4 3 2 0
#c 0 4 0 1 0 3 4 3 1 2 3 1 4 0 0 2 4 1 3 2 0 4 0 0 3 3 3 4 0 3 0 0 2 3 2 2 1 2 1 4 1 1 3 4 4 0 1 0 3 1 1 3 4 4 0 3 3 1 2 0 0 1 1 3 2 4 2 3 3 1 4 3 1 2 2 4 3 2 0
#c 0 4 0 1 0 3 4 3 1 2 3 1 4 0 0 2 4 1 3 2 0 4 0 0 3 3 3 4 0 3 0 0 2 3 2 2 1 2 1 4 1 1 3 4 4 0 1 0 3 1 1 3 4 4 0 3 3 1 2 0 0 1 1 3 2 4 2 3 3 1 4 3 1 2 2 4 3 2 0
2 2 14 13 19 35
15 11 0 20 30 54 4 78 59 31 45 22 2 23 60 47 28 32 77 58 74 9 73 15 64 66 34 37
#c 0 4 0 1 0 3 4 3 1 2 3 1 4 0 0 2 4 1 3 2 0 4 0 0 3 3 3 4 0 3 0 0 2 3 2 2 1 2 1 4 1 1 3 4 4 0 1 0 3 1 1 3 4 4 0 3 3 1 2 0 0 1 1 3 2 4 2 3 3 1 4 3 1 2 2 4 3 2 0
#c 0 4 0 1 0 3 4 3 1 2 3 1 4 0 0 2 4 1 3 2 0 4 0 0 3 3 3 4 0 3 0 0 2 3 2 2 1 2 1 4 1 1 3 4 4 0 1 0 3 1 1 3 4 4 0 3 3 1 2 0 0 1 1 3 2 4 2 3 3 1 4 3 1 2 2 4 3 2 0
2 2 32 73 33 25
11 17 77 58 74 19 9 15 64 66 34 35 37 18 48 68 67 7 71 56 29 10 55 5 51 24 42 63 26 76
#c 0 4 0 1 0 3 4 3 1 2 3 1 4 0 0 2 4 1 3 2 0 4 0 0 3 3 3 4 0 3 0 0 2 3 2 2 1 2 1 4 1 1 3 4 4 0 1 0 3 1 1 3 4 4 0 3 3 1 2 0 0 1 1 3 2 4 2 3 3 1 4 3 1 2 2 4 3 2 0
7 6 5 55 76 26 56 25 67 50 46 69 38 72 57
12 10 18 33 48 68 7 71 29 10 51 24 42 63 11 36 61 49 3 40 17 62 41 8
#c 0 4 0 1 0 3 4 3 1 2 3 1 4 0 0 2 4 1 3 2 0 4 0 0 3 3 3 4 0 3 0 0 2 3 2 2 1 2 1 4 1 1 3 4 4 0 1 0 3 1 1 3 4 4 0 3 3 1 2 0 0 1 1 3 2 4 2 3 3 1 4 3 1 2 2 4 3 2 0
#c 0 4 0 1 0 3 4 3 1 2 3 1 4 0 0 2 4 1 3 2 0 4 0 0 3 3 3 4 0 3 0 0 2 3 2 2 1 2 1 4 1 1 3 4 4 0 1 0 3 1 1 3 4 4 0 3 3 1 2 0 0 1 1 3 2 4 2 3 3 1 4 3 1 2 2 4 3 2 0
8 8 23 78 22 47 59 45 60 28 42 63 71 26 68 24 29 33
9 11 0 20 30 54 4 14 31 2 13 18 48 67 7 25 56 10 55 5 51 76
#c 0 4 0 1 0 3 4 3 1 2 3 1 4 0 0 2 4 1 3 2 0 4 0 0 3 3 3 4 0 3 0 0 2 3 2 2 1 2 1 4 1 1 3 4 4 0 1 0 3 1 1 3 4 4 0 3 3 1 2 0 0 1 1 3 2 4 2 3 3 1 4 3 1 2 2 4 3 2 0
7 9 49 57 3 69 17 46 72 28 2 20 31 54 4 14 59 30
9 8 11 36 61 38 40 62 41 50 8 0 78 45 22 23 60 47 13
#c 0 4 0 1 0 3 4 3 1 2 3 1 4 0 0 2 4 1 3 2 0 4 0 0 3 3 3 4 0 3 0 0 2 3 2 2 1 2 1 4 1 1 3 4 4 0 1 0 3 1 1 3 4 4 0 3 3 1 2 0 0 1 1 3 2 4 2 3 3 1 4 3 1 2 2 4 3 2 0
1 1 15 49
12 15 32 77 58 74 19 9 73 64 66 34 35 37 11 36 46 61 38 57 3 40 17 62 41 72 50 69 8
#c 0 4 0 1 0 3 4 3 1 2 3 1 4 0 0 2 4 1 3 2 0 4 0 0 3 3 3 4 0 3 0 0 2 3 2 2 1 2 1 4 1 1 3 4 4 0 1 0 3 1 1 3 4 4 0 3 3 1 2 0 0 1 1 3 2 4 2 3 3 1 4 3 1 2 2 4 3 2 0
1 1 56 65
18 13 18 33 48 68 67 7 71 25 29 10 55 5 51 24 42 63 26 76 27 39 12 16 1 44 21 53 6 70 52 75 43
#c 0 4 0 1 0 3 4 3 1 2 3 1 4 0 0 2 4 1 3 2 0 4 0 0 3 3 3 4 0 3 0 0 2 3 2 2 1 2 1 4 1 1 3 4 4 0 1 0 3 1 1 3 4 4 0 3 3 1 2 0 0 1 1 3 2 4 2 3 3 1 4 3 1 2 2 4 3 2 0
#c 0 4 0 1 0 3 4 3 1 2 3 1 4 0 0 2 4 1 3 2 0 4 0 0 3 3 3 4 0 3 0 0 2 3 2 2 1 2 1 4 1 1 3 4 4 0 1 0 3 1 1 3 4 4 0 3 3 1 2 0 0 1 1 3 2 4 2 3 3 1 4 3 1 2 2 4 3 2 0
1 1 78 17
16 15 0 20 30 54 4 59 14 31 45 22 2 23 60 47 28 13 11 36 46 61 38 57 49 3 40 62 41 72 50 69 8
#c 0 4 0 1 0 3 4 3 1 2 3 1 4 0 0 2 4 1 3 2 0 4 0 0 3 3 3 4 0 3 0 0 2 3 2 2 1 2 1 4 1 1 3 4 4 0 1 0 3 1 1 3 4 4 0 3 3 1 2 0 0 1 1 3 2 4 2 3 3 1 4 3 1 2 2 4 3 2 0
#c 0 4 0 1 0 3 4 3 1 2 3 1 4 0 0 2 4 1 3 2 0 4 0 0 3 3 3 4 0 3 0 0 2 3 2 2 1 2 1 4 1 1 3 4 4 0 1 0 3 1 1 3 4 4 0 3 3 1 2 0 0 1 1 3 2 4 2 3 3 1 4 3 1 2 2 4 3 2 0
2 2 73 64 25 29
11 17 32 77 58 74 19 9 15 66 34 35 37 18 33 48 68 67 7 71 56 10 55 5 51 24 42 63 26 76
#c 0 4 0 1 0 3 4 3 1 2 3 1 4 0 0 2 4 1 3 2 0 4 0 0 3 3 3 4 0 3 0 0 2 3 2 2 1 2 1 4 1 1 3 4 4 0 1 0 3 1 1 3 4 4 0 3 3 1 2 0 0 1 1 3 2 4 2 3 3 1 4 3 1 2 2 4 3 2 0
7 7 10 7 48 63 67 51 42 57 62 17 40 11 72 41
12 9 18 33 68 71 25 56 29 55 5 24 26 76 36 46 61 38 49 3 50 69 8
#c 0 4 0 1 0 3 4 3 1 2 3 1 4 0 0 2 4 1 3 2 0 4 0 0 3 3 3 4 0 3 0 0 2 3 2 2 1 2 1 4 1 1 3 4 4 0 1 0 3 1 1 3 4 4 0 3 3 1 2 0 0 1 1 3 2 4 2 3 3 1 4 3 1 2 2 4 3 2 0
6 6 21 75 27 12 16 65 64 58 34 66 35 32
8 7 39 1 44 53 6 70 52 43 77 74 19 9 73 15 37
#c 0 4 0 1 0 3 4 3 1 2 3 1 4 0 0 2 4 1 3 2 0 4 0 0 3 3 3 4 0 3 0 0 2 3 2 2 1 2 1 4 1 1 3 4 4 0 1 0 3 1 1 3 4 4 0 3 3 1 2 0 0 1 1 3 2 4 2 3 3 1 4 3 1 2 2 4 3 2 0
7 6 30 20 45 60 54 78 23 56 51 42 63 7 76
10 13 0 4 59 14 31 22 2 47 28 13 18 33 48 68 67 71 25 29 10 55 5 24 26
#c 0 4 0 1 0 3 4 3 1 2 3 1 4 0 0 2 4 1 3 2 0 4 0 0 3 3 3 4 0 3 0 0 2 3 2 2 1 2 1 4 1 1 3 4 4 0 1 0 3 1 1 3 4 4 0 3 3 1 2 0 0 1 1 3 2 4 2 3 3 1 4 3 1 2 2 4 3 2 0
#c 0 4 0 1 0 3 4 3 1 2 3 1 4 0 0 2 4 1 3 2 0 4 0 0 3 3 3 4 0 3 0 0 2 3 2 2 1 2 1 4 1 1 3 4 4 0 1 0 3 1 1 3 4 4 0 3 3 1 2 0 0 1 1 3 2 4 2 3 3 1 4 3 1 2 2 4 3 2 0
5 5 58 19 66 64 9 2 54 45 0 60
8 12 32 77 74 73 15 34 35 37 20 30 4 78 59 14 31 22 23 47 28 13
#c 0 4 0 1 0 3 4 3 1 2 3 1 4 0 0 2 4 1 3 2 0 4 0 0 3 3 3 4 0 3 0 0 2 3 2 2 1 2 1 4 1 1 3 4 4 0 1 0 3 1 1 3 4 4 0 3 3 1 2 0 0 1 1 3 2 4 2 3 3 1 4 3 1 2 2 4 3 2 0
1 1 51 14
18 16 18 33 48 68 67 7 71 25 56 29 10 55 5 24 42 63 26 76 0 20 30 54 4 78 59 31 45 22 2 23 60 47 28 13
#c 0 4 0 1 0 3 4 3 1 2 3 1 4 0 0 2 4 1 3 2 0 4 0 0 3 3 3 4 0 3 0 0 2 3 2 2 1 2 1 4 1 1 3 4 4 0 1 0 3 1 1 3 4 4 0 3 3 1 2 0 0 1 1 3 2 4 2 3 3 1 4 3 1 2 2 4 3 2 0
3 3 53 6 70 56 55 42
11 16 27 39 12 16 1 44 21 65 52 75 43 18 33 48 68 67 7 71 25 29 10 5 51 24 63 26 76
#c 0 4 0 1 0 3 4 3 1 2 3 1 4 0 0 2 4 1 3 2 0 4 0 0 3 3 3 4 0 3 0 0 2 3 2 2 1 2 1 4 1 1 3 4 4 0 1 0 3 1 1 3 4 4 0 3 3 1 2 0 0 1 1 3 2 4 2 3 3 1 4 3 1 2 2 4 3 2 0
7 7 22 4 13 45 54 0 2 42 7 56 29 33 67 71
10 12 20 30 78 59 14 31 23 60 47 28 18 48 68 25 10 55 5 51 24 63 26 76
#c 0 4 0 1 0 3 4 3 1 2 3 1 4 0 0 2 4 1 3 2 0 4 0 0 3 3 3 4 0 3 0 0 2 3 2 2 1 2 1 4 1 1 3 4 4 0 1 0 3 1 1 3 4 4 0 3 3 1 2 0 0 1 1 3 2 4 2 3 3 1 4 3 1 2 2 4 3 2 0
3 3 62 50 3 30 13 78
13 14 11 36 46 61 38 57 49 40 17 41 72 69 8 0 20 54 4 59 14 31 45 22 2 23 60 47 28
#c 0 4 0 1 0 3 4 3 1 2 3 1 4 0 0 2 4 1 3 2 0 4 0 0 3 3 3 4 0 3 0 0 2 3 2 2 1 2 1 4 1 1 3 4 4 0 1 0 3 1 1 3 4 4 0 3 3 1 2 0 0 1 1 3 2 4 2 3 3 1 4 3 1 2 2 4 3 2 0
5 5 77 15 74 19 35 41 57 69 36 49
8 11 32 58 9 73 64 66 34 37 11 46 61 38 3 40 17 62 72 50 8
#c 0 4 0 1 0 3 4 3 1 2 3 1 4 0 0 2 4 1 3 2 0 4 0 0 3 3 3 4 0 3 0 0 2 3 2 2 1 2 1 4 1 1 3 4 4 0 1 0 3 1 1 3 4 4 0 3 3 1 2 0 0 1 1 3 2 4 2 3 3 1 4 3 1 2 2 4 3 2 0
8 8 26 25 71 7 48 42 24 5 9 34 77 66 74 35 32 15
11 5 18 33 68 67 56 29 10 55 51 63 76 58 19 73 64 37
#c 0 4 0 1 0 3 4 3 1 2 3 1 4 0 0 2 4 1 3 2 0 4 0 0 3 3 3 4 0 3 0 0 2 3 2 2 1 2 1 4 1 1 3 4 4 0 1 0 3 1 1 3 4 4 0 3 3 1 2 0 0 1 1 3 2 4 2 3 3 1 4 3 1 2 2 4 3 2 0
#c 0 4 0 1 0 3 4 3 1 2 3 1 4 0 0 2 4 1 3 2 0 4 0 0 3 3 3 4 0 3 0 0 2 3 2 2 1 2 1 4 1 1 3 4 4 0 1 0 3 1 1 3 4 4 0 3 3 1 2 0 0 1 1 3 2 4 2 3 3 1 4 3 1 2 2 4 3 2 0
2 2 20 28 15 66
15 11 0 30 54 4 78 59 14 31 45 22 2 23 60 47 13 32 77 58 74 19 9 73 64 34 35 37
#c 0 4 0 1 0 3 4 3 1 2 3 1 4 0 0 2 4 1 3 2 0 4 0 0 3 3 3 4 0 3 0 0 2 3 2 2 1 2 1 4 1 1 3 4 4 0 1 0 3 1 1 3 4 4 0 3 3 1 2 0 0 1 1 3 2 4 2 3 3 1 4 3 1 2 2 4 3 2 0
8 8 8 69 11 72 41 38 49 17 48 67 18 5 56 24 33 10
8 11 36 46 61 57 3 40 62 50 68 7 71 25 29 55 51 42 63 26 76
#c 0 4 0 1 0 3 4 3 1 2 3 1 4 0 0 2 4 1 3 2 0 4 0 0 3 3 3 4 0 3 0 0 2 3 2 2 1 2 1 4 1 1 3 4 4 0 1 0 3 1 1 3 4 4 0 3 3 1 2 0 0 1 1 3 2 4 2 3 3 1 4 3 1 2 2 4 3 2 0
5 5 73 58 32 64 19 59 31 0 60 2
8 12 77 74 9 15 66 34 35 37 20 30 54 4 78 14 45 22 23 47 28 13
#c 0 4 0 1 0 3 4 3 1 2 3 1 4 0 0 2 4 1 3 2 0 4 0 0 3 3 3 4 0 3 0 0 2 3 2 2 1 2 1 4 1 1 3 4 4 0 1 0 3 1 1 3 4 4 0 3 3 1 2 0 0 1 1 3 2 4 2 3 3 1 4 3 1 2 2 4 3 2 0
9 9 29 71 67 42 5 51 26 25 63 39 53 16 12 43 70 52 44 27
10 5 18 33 48 68 7 56 10 55 24 76 1 21 65 6 75
#c 0 4 0 1 0 3 4 3 1 2 3 1 4 0 0 2 4 1 3 2 0 4 0 0 3 3 3 4 0 3 0 0 2 3 2 2 1 2 1 4 1 1 3 4 4 0 1 0 3 1 1 3 4 4 0 3 3 1 2 0 0 1 1 3 2 4 2 3 3 1 4 3 1 2 2 4 3 2 0
3 3 70 21 27 14 13 31
11 14 39 12 16 1 44 53 65 6 52 75 43 0 20 30 54 4 78 59 45 22 2 23 60 47 28
#c 0 4 0 1 0 3 4 3 1 2 3 1 4 0 0 2 4 1 3 2 0 4 0 0 3 3 3 4 0 3 0 0 2 3 2 2 1 2 1 4 1 1 3 4 4 0 1 0 3 1 1 3 4 4 0 3 3 1 2 0 0 1 1 3 2 4 2 3 3 1 4 3 1 2 2 4 3 2 0
8 8 60 28 47 14 22 13 54 30 76 18 63 29 55 68 7 24
9 11 0 20 4 78 59 31 45 2 23 33 48 67 71 25 56 10 5 51 42 26
#c 0 4 0 1 0 3 4 3 1 2 3 1 4 0 0 2 4 1 3 2 0 4 0 0 3 3 3 4 0 3 0 0 2 3 2 2 1 2 1 4 1 1 3 4 4 0 1 0 3 1 1 3 4 4 0 3 3 1 2 0 0 1 1 3 2 4 2 3 3 1 4 3 1 2 2 4 3 2 0
3 3 8 69 11 44 21 70
13 11 36 46 61 38 57 49 3 40 17 62 41 72 50 27 39 12 16 1 53 65 6 52 75 43
#c 0 4 0 1 0 3 4 3 1 2 3 1 4 0 0 2 4 1 3 2 0 4 0 0 3 3 3 4 0 3 0 0 2 3 2 2 1 2 1 4 1 1 3 4 4 0 1 0 3 1 1 3 4 4 0 3 3 1 2 0 0 1 1 3 2 4 2 3 3 1 4 3 1 2 2 4 3 2 0
4 4 77 37 15 66 17 62 41 38
9 12 32 58 74 19 9 73 64 34 35 11 36 46 61 57 49 3 40 72 50 69 8
#c 0 4 0 1 0 3 4 3 1 2 3 1 4 0 0 2 4 1 3 2 0 4 0 0 3 3 3 4 0 3 0 0 2 3 2 2 1 2 1 4 1 1 3 4 4 0 1 0 3 1 1 3 4 4 0 3 3 1 2 0 0 1 1 3 2 4 2 3 3 1 4 3 1 2 2 4 3 2 0
4 4 67 5 10 29 58 15 73 19
15 9 18 33 48 68 7 71 25 56 55 51 24 42 63 26 76 32 77 74 9 64 66 34 35 37
#c 0 4 0 1 0 3 4 3 1 2 3 1 4 0 0 2 4 1 3 2 0 4 0 0 3 3 3 4 0 3 0 0 2 3 2 2 1 2 1 4 1 1 3 4 4 0 1 0 3 1 1 3 4 4 0 3 3 1 2 0 0 1 1 3 2 4 2 3 3 1 4 3 1 2 2 4 3 2 0
3 5 70 65 53 30 23 28 31 54
11 12 27 39 12 16 1 44 21 6 52 75 43 0 20 4 78 59 14 45 22 2 60 47 13
#c 0 4 0 1 0 3 4 3 1 2 3 1 4 0 0 2 4 1 3 2 0 4 0 0 3 3 3 4 0 3 0 0 2 3 2 2 1 2 1 4 1 1 3 4 4 0 1 0 3 1 1 3 4 4 0 3 3 1 2 0 0 1 1 3 2 4 2 3 3 1 4 3 1 2 2 4 3 2 0
4 4 22 78 30 2 68 76 67 55
13 15 0 20 54 4 59 14 31 45 23 60 47 28 13 18 33 48 7 71 25 56 29 10 5 51 24 42 63 26
#c 0 4 0 1 0 3 4 3 1 2 3 1 4 0 0 2 4 1 3 2 0 4 0 0 3 3 3 4 0 3 0 0 2 3 2 2 1 2 1 4 1 1 3 4 4 0 1 0 3 1 1 3 4 4 0 3 3 1 2 0 0 1 1 3 2 4 2 3 3 1 4 3 1 2 2 4 3 2 0
4 2 40 17 50 69 39 43
12 12 11 36 46 61 38 57 49 3 62 41 72 8 27 12 16 1 44 21 53 65 6 70 52 75
#c 0 4 0 1 0 3 4 3 1 2 3 1 4 0 0 2 4 1 3 2 0 4 0 0 3 3 3 4 0 3 0 0 2 3 2 2 1 2 1 4 1 1 3 4 4 0 1 0 3 1 1 3 4 4 0 3 3 1 2 0 0 1 1 3 2 4 2 3 3 1 4 3 1 2 2 4 3 2 0
3 2 9 15 34 1 52
10 12 32 77 58 74 19 73 64 66 35 37 27 39 12 16 44 21 53 65 6 70 75 43
#c 0 4 0 1 0 3 4 3 1 2 3 1 4 0 0 2 4 1 3 2 0 4 0 0 3 3 3 4 0 3 0 0 2 3 2 2 1 2 1 4 1 1 3 4 4 0 1 0 3 1 1 3 4 4 0 3 3 1 2 0 0 1 1 3 2 4 2 3 3 1 4 3 1 2 2 4 3 2 0
9 9 24 68 26 56 10 7 29 25 55 3 11 8 38 46 69 57 61 36
10 7 18 33 48 67 71 5 51 42 63 76 49 40 17 62 41 72 50
#c 0 4 0 1 0 3 4 3 1 2 3 1 4 0 0 2 4 1 3 2 0 4 0 0 3 3 3 4 0 3 0 0 2 3 2 2 1 2 1 4 1 1 3 4 4 0 1 0 3 1 1 3 4 4 0 3 3 1 2 0 0 1 1 3 2 4 2 3 3 1 4 3 1 2 2 4 3 2 0
4 5 52 27 65 6 34 35 74 19 37
10 8 39 12 16 1 44 21 53 70 75 43 32 77 58 9 73 15 64 66
#c 0 4 0 1 0 3 4 3 1 2 3 1 4 0 0 2 4 1 3 2 0 4 0 0 3 3 3 4 0 3 0 0 2 3 2 2 1 2 1 4 1 1 3 4 4 0 1 0 3 1 1 3 4 4 0 3 3 1 2 0 0 1 1 3 2 4 2 3 3 1 4 3 1 2 2 4 3 2 0
#c 0 4 0 1 0 3 4 3 1 2 3 1 4 0 0 2 4 1 3 2 0 4 0 0 3 3 3 4 0 3 0 0 2 3 2 2 1 2 1 4 1 1 3 4 4 0 1 0 3 1 1 3 4 4 0 3 3 1 2 0 0 1 1 3 2 4 2 3 3 1 4 3 1 2 2 4 3 2 0
1 1 57 28
15 16 11 36 46 61 38 49 3 40 17 62 41 72 50 69 8 0 20 30 54 4 78 59 14 31 45 22 2 23 60 47 13
#c 0 4 0 1 0 3 4 3 1 2 3 1 4 0 0 2 4 1 3 2 0 4 0 0 3 3 3 4 0 3 0 0 2 3 2 2 1 2 1 4 1 1 3 4 4 0 1 0 3 1 1 3 4 4 0 3 3 1 2 0 0 1 1 3 2 4 2 3 3 1 4 3 1 2 2 4 3 2 0
4 4 19 66 9 64 2 13 22 54
9 13 32 77 58 74 73 15 34 35 37 0 20 30 4 78 59 14 31 45 23 60 47 28
#c 0 4 0 1 0 3 4 3 1 2 3 1 4 0 0 2 4 1 3 2 0 4 0 0 3 3 3 4 0 3 0 0 2 3 2 2 1 2 1 4 1 1 3 4 4 0 1 0 3 1 1 3 4 4 0 3 3 1 2 0 0 1 1 3 2 4 2 3 3 1 4 3 1 2 2 4 3 2 0
9 9 76 26 56 55 42 71 51 67 18 11 41 50 17 61 3 40 46 49
10 7 33 48 68 7 25 29 10 5 24 63 36 38 57 62 72 69 8
#c 0 4 0 1 0 3 4 3 1 2 3 1 4 0 0 2 4 1 3 2 0 4 0 0 3 3 3 4 0 3 0 0 2 3 2 2 1 2 1 4 1 1 3 4 4 0 1 0 3 1 1 3 4 4 0 3 3 1 2 0 0 1 1 3 2 4 2 3 3 1 4 3 1 2 2 4 3 2 0
6 6 27 21 65 75 39 6 33 71 26 24 67 7
8 13 12 16 1 44 53 70 52 43 18 48 68 25 56 29 10 55 5 51 42 63 76
#c 0 4 0 1 0 3 4 3 1 2 3 1 4 0 0 2 4 1 3 2 0 4 0 0 3 3 3 4 0 3 0 0 2 3 2 2 1 2 1 4 1 1 3 4 4 0 1 0 3 1 1 3 4 4 0 3 3 1 2 0 0 1 1 3 2 4 2 3 3 1 4 3 1 2 2 4 3 2 0
2 1 31 28 64
15 12 0 20 30 54 4 78 59 14 45 22 2 23 60 47 13 32 77 58 74 19 9 73 15 66 34 35 37
#c 0 4 0 1 0 3 4 3 1 2 3 1 4 0 0 2 4 1 3 2 0 4 0 0 3 3 3 4 0 3 0 0 2 3 2 2 1 2 1 4 1 1 3 4 4 0 1 0 3 1 1 3 4 4 0 3 3 1 2 0 0 1 1 3 2 4 2 3 3 1 4 3 1 2 2 4 3 2 0
6 6 46 38 11 50 69 61 0 28 13 2 60 4
10 11 36 57 49 3 40 17 62 41 72 8 20 30 54 78 59 14 31 45 22 23 47
#c 0 4 0 1 0 3 4 3 1 2 3 1 4 0 0 2 4 1 3 2 0 4 0 0 3 3 3 4 0 3 0 0 2 3 2 2 1 2 1 4 1 1 3 4 4 0 1 0 3 1 1 3 4 4 0 3 3 1 2 0 0 1 1 3 2 4 2 3 3 1 4 3 1 2 2 4 3 2 0
6 6 35 73 15 37 19 64 76 56 26 68 63 7
7 13 32 77 58 74 9 66 34 18 33 48 67 71 25 29 10 55 5 51 24 42
#c 0 4 0 1 0 3 4 3 1 2 3 1 4 0 0 2 4 1 3 2 0 4 0 0 3 3 3 4 0 3 0 0 2 3 2 2 1 2 1 4 1 1 3 4 4 0 1 0 3 1 1 3 4 4 0 3 3 1 2 0 0 1 1 3 2 4 2 3 3 1 4 3 1 2 2 4 3 2 0
8 8 48 10 68 63 67 18 7 42 22 54 31 59 0 45 2 28
11 9 33 71 25 56 29 55 5 51 24 26 76 20 30 4 78 14 23 60 47 13
#c 0 4 0 1 0 3 4 3 1 2 3 1 4 0 0 2 4 1 3 2 0 4 0 0 3 3 3 4 0 3 0 0 2 3 2 2 1 2 1 4 1 1 3 4 4 0 1 0 3 1 1 3 4 4 0 3 3 1 2 0 0 1 1 3 2 4 2 3 3 1 4 3 1 2 2 4 3 2 0
3 3 6 39 16 31 20 14
11 14 27 12 1 44 21 53 65 70 52 75 43 0 30 54 4 78 59 45 22 2 23 60 47 28 13
#c 0 4 0 1 0 3 4 3 1 2 3 1 4 0 0 2 4 1 3 2 0 4 0 0 3 3 3 4 0 3 0 0 2 3 2 2 1 2 1 4 1 1 3 4 4 0 1 0 3 1 1 3 4 4 0 3 3 1 2 0 0 1 1 3 2 4 2 3 3 1 4 3 1 2 2 4 3 2 0
4 4 13 0 31 30 56 7 51 55
13 15 20 54 4 78 59 14 45 22 2 23 60 47 28 18 33 48 68 67 71 25 29 10 5 24 42 63 26 76
#c 0 4 0 1 0 3 4 3 1 2 3 1 4 0 0 2 4 1 3 2 0 4 0 0 3 3 3 4 0 3 0 0 2 3 2 2 1 2 1 4 1 1 3 4 4 0 1 0 3 1 1 3 4 4 0 3 3 1 2 0 0 1 1 3 2 4 2 3 3 1 4 3 1 2 2 4 3 2 0
#c 0 4 0 1 0 3 4 3 1 2 3 1 4 0 0 2 4 1 3 2 0 4 0 0 3 3 3 4 0 3 0 0 2 3 2 2 1 2 1 4 1 1 3 4 4 0 1 0 3 1 1 3 4 4 0 3 3 1 2 0 0 1 1 3 2 4 2 3 3 1 4 3 1 2 2 4 3 2 0
6 5 34 9 19 32 15 64 54 2 59 13 78
7 12 77 58 74 73 66 35 37 0 20 30 4 14 31 45 22 23 60 47 28
#c 0 4 0 1 0 3 4 3 1 2 3 1 4 0 0 2 4 1 3 2 0 4 0 0 3 3 3 4 0 3 0 0 2 3 2 2 1 2 1 4 1 1 3 4 4 0 1 0 3 1 1 3 4 4 0 3 3 1 2 0 0 1 1 3 2 4 2 3 3 1 4 3 1 2 2 4 3 2 0
3 3 5 29 63 46 57 17
16 13 18 33 48 68 67 7 71 25 56 10 55 51 24 42 26 76 11 36 61 38 49 3 40 62 41 72 50 69 8
#c 0 4 0 1 0 3 4 3 1 2 3 1 4 0 0 2 4 1 3 2 0 4 0 0 3 3 3 4 0 3 0 0 2 3 2 2 1 2 1 4 1 1 3 4 4 0 1 0 3 1 1 3 4 4 0 3 3 1 2 0 0 1 1 3 2 4 2 3 3 1 4 3 1 2 2 4 3 2 0
7 7 21 6 53 75 39 43 52 76 71 67 5 48 7 68
7 12 27 12 16 1 44 65 70 18 33 25 56 29 10 55 51 24 42 63 26
#c 0 4 0 1 0 4 3 4 1 2 3 1 4 0 0 2 4 1 3 2 0 3 0 0 3 3 3 4 0 3 0 0 2 3 2 2 1 2 1 3 1 1 3 3 4 0 1 0 4 1 1 3 3 3 0 3 3 1 2 0 0 1 1 3 2 4 2 4 4 1 4 4 1 2 2 3 4 2 0
6 6 30 60 31 22 59 78 39 6 21 33 18 24
11 13 0 20 54 4 14 45 2 23 47 28 13 25 56 29 10 55 51 42 63 26 53 75 43 52
#c 0 4 0 1 0 4 3 4 1 2 3 1 4 0 0 2 4 1 3 2 0 3 0 0 3 3 3 4 0 3 0 0 2 3 2 2 1 2 1 3 1 1 3 3 4 0 1 0 4 1 1 3 3 3 0 3 3 1 2 0 0 1 1 3 2 4 2 4 4 1 4 4 1 2 2 3 4 2 0
5 5 8 3 41 50 72 78 14 2 59 20
11 12 11 36 46 61 38 57 49 40 17 62 69 0 30 54 4 31 45 22 23 60 47 28 13
#c 0 4 0 1 0 4 3 4 1 2 3 1 4 0 0 2 4 1 3 2 0 3 0 0 3 3 3 4 0 3 0 0 2 3 2 2 1 2 1 3 1 1 3 3 4 0 1 0 4 1 1 3 3 3 0 3 3 1 2 0 0 1 1 3 2 4 2 4 4 1 4 4 1 2 2 3 4 2 0
3 3 58 9 77 70 48 1
10 11 32 74 19 73 15 64 66 34 35 37 27 12 16 44 65 76 71 67 5 7 68
#c 0 4 0 1 0 4 3 4 1 2 3 1 4 0 0 2 4 1 3 2 0 3 0 0 3 3 3 4 0 3 0 0 2 3 2 2 1 2 1 3 1 1 3 3 4 0 1 0 4 1 1 3 3 3 0 3 3 1 2 0 0 1 1 3 2 4 2 4 4 1 4 4 1 2 2 3 4 2 0
#c 0 4 0 1 0 4 3 4 1 2 3 1 4 0 0 2 4 1 3 2 0 3 0 0 3 3 3 4 0 3 0 0 2 3 2 2 1 2 1 3 1 1 3 3 4 0 1 0 4 1 1 3 3 3 0 3 3 1 2 0 0 1 1 3 2 4 2 4 4 1 4 4 1 2 2 3 4 2 0
#c 0 4 0 1 0 4 3 4 1 2 3 1 4 0 0 2 4 1 3 2 0 3 0 0 3 3 3 4 0 3 0 0 2 3 2 2 1 2 1 3 1 1 3 3 4 0 1 0 4 1 1 3 3 3 0 3 3 1 2 0 0 1 1 3 2 4 2 4 4 1 4 4 1 2 2 3 4 2 0
#c 0 4 0 1 0 4 3 4 1 2 3 1 4 0 0 2 4 1 3 2 0 3 0 0 3 3 3 4 0 3 0 0 2 3 2 2 1 2 1 3 1 1 3 3 4 0 1 0 4 1 1 3 3 3 0 3 3 1 2 0 0 1 1 3 2 4 2 4 4 1 4 4 1 2 2 3 4 2 0
0 4 0 1 0 4 3 4 1 2 3 1 4 0 0 2 4 1 3 2 0 3 0 0 3 3 3 4 0 3 0 0 2 3 2 2 1 2 1 3 1 1 3 3 4 0 1 0 4 1 1 3 3 3 0 3 3 1 2 0 0 1 1 3 2 4 2 4 4 1 4 4 1 2 2 3 4 2 0
