#c 0 1 2 3 4 5 6 0 1 2 3 4 5 6 0 1 2 3 4 5 6 0 1 2 3 4 5 6 0 1 2 3 4 5 6 0 1 2 3
1 2 1 34 20
5 3 8 15 22 29 36 6 13 27
#c 0 1 2 3 4 5 6 0 1 2 3 4 5 6 0 1 2 3 4 5 6 0 1 2 3 4 5 6 0 1 2 3 4 5 6 0 1 2 3
2 2 9 16 10 38
4 4 2 23 30 37 3 17 24 31
#c 0 1 2 3 4 5 6 0 1 3 2 4 5 6 0 1 3 3 4 5 6 0 1 2 3 4 5 6 0 1 2 3 4 5 6 0 1 2 2
#c 0 1 2 3 4 5 6 0 1 3 2 4 5 6 0 1 3 3 4 5 6 0 1 2 3 4 5 6 0 1 2 3 4 5 6 0 1 2 2
#c 0 1 2 3 4 5 6 0 1 3 2 4 5 6 0 1 3 3 4 5 6 0 1 2 3 4 5 6 0 1 2 3 4 5 6 0 1 2 2
1 1 19 36
4 5 5 12 26 33 1 8 15 22 29
#c 0 1 2 3 4 5 6 0 1 3 2 4 5 6 0 1 3 3 4 1 6 0 1 2 3 4 5 6 0 1 2 3 4 5 6 0 5 2 2
#c 0 1 2 3 4 5 6 0 1 3 2 4 5 6 0 1 3 3 4 1 6 0 1 2 3 4 5 6 0 1 2 3 4 5 6 0 5 2 2
2 2 28 7 29 19
4 4 0 14 21 35 1 8 15 22
#c 0 1 2 3 4 5 6 0 1 3 2 4 5 6 0 1 3 3 4 1 6 0 1 2 3 4 5 6 0 1 2 3 4 5 6 0 5 2 2
2 2 22 19 0 7
4 4 1 8 15 29 14 21 28 35
#c 0 1 2 3 4 5 6 0 1 3 2 4 5 6 0 1 3 3 4 1 6 0 1 2 3 4 5 6 0 1 2 3 4 5 6 0 5 2 2
2 1 37 2 22
4 5 23 30 10 38 1 8 15 29 19
#c 0 1 1 3 4 5 6 0 1 3 2 4 5 6 0 1 3 3 4 1 6 0 2 2 3 4 5 6 0 1 2 3 4 5 6 0 5 1 2
3 3 9 16 31 34 27 6
3 2 3 17 24 13 20
#c 0 1 1 3 4 5 3 0 1 6 2 4 5 6 0 1 6 3 4 1 6 0 2 2 3 4 5 3 0 1 2 6 4 5 3 0 5 1 2
1 1 11 22
4 4 4 18 25 32 23 30 10 38
#c 0 1 1 3 4 5 3 0 1 6 2 4 5 6 0 1 6 3 4 1 6 0 2 2 3 4 5 3 0 1 2 6 4 5 3 0 5 1 2
2 2 36 33 17 24
3 4 5 12 26 3 34 27 6
#c 0 1 1 3 4 5 3 0 1 6 2 4 5 6 0 1 6 3 4 1 6 0 2 2 3 4 5 3 0 1 2 6 4 5 3 0 5 1 2
1 1 31 1
4 6 13 20 9 16 8 15 29 19 37 2
#c 0 6 1 3 4 5 3 0 1 6 2 4 5 6 0 1 6 3 4 1 6 0 2 2 3 4 5 3 0 1 2 1 4 5 3 0 5 1 2
#c 0 6 1 3 4 5 3 0 1 6 2 4 5 6 0 1 6 3 4 1 6 0 2 2 3 4 5 3 0 1 2 1 4 5 3 0 5 1 2
2 1 15 19 32
5 4 8 29 37 2 31 4 11 18 25
#c 0 6 1 3 4 5 3 0 1 6 2 4 5 6 0 4 6 3 4 4 6 0 2 2 3 4 5 3 0 1 2 1 1 5 3 0 5 1 2
2 2 23 10 1 16
3 3 30 38 22 13 20 9
#c 0 2 1 3 4 5 3 0 1 6 6 4 5 6 0 4 2 3 4 4 6 0 2 6 3 4 5 3 0 1 2 1 1 5 3 0 5 1 2
1 1 3 11
5 5 17 24 34 27 6 4 18 25 15 19
#c 0 2 1 3 4 5 3 0 1 6 6 4 5 6 0 4 2 3 4 4 6 0 2 6 3 4 5 3 0 1 2 1 1 5 3 0 5 1 2
2 2 19 11 30 16
4 3 4 18 25 15 38 22 1
#c 0 2 1 3 4 5 3 0 1 6 6 4 5 6 0 4 2 3 4 4 6 0 2 6 3 4 5 3 0 1 2 1 1 5 3 0 5 1 2
2 2 26 5 37 8
3 4 12 33 36 29 2 31 32
#c 0 2 1 3 4 5 3 0 1 6 6 4 5 6 0 4 2 3 4 4 6 0 2 6 3 4 5 3 0 1 2 1 1 5 3 0 5 1 2
1 1 10 0
4 5 13 20 9 23 7 14 21 28 35
#c 0 2 1 3 4 5 3 0 1 6 6 4 5 6 0 4 2 3 4 4 6 0 2 6 3 4 5 3 0 1 2 1 1 5 3 0 5 1 2
#c 0 2 1 3 4 5 3 0 1 6 6 4 5 6 0 4 2 3 4 4 6 0 2 6 3 4 5 3 0 1 2 1 1 5 3 0 5 1 2
2 2 8 29 17 3
4 4 37 2 31 32 24 34 27 6
#c 0 2 1 3 4 5 3 0 1 6 6 4 5 6 0 4 2 3 4 4 6 0 2 6 3 4 5 3 0 1 2 1 1 5 3 0 5 1 2
2 2 22 1 26 36
3 3 30 38 16 5 12 33
#c 0 2 1 3 4 5 3 0 1 6 6 4 5 6 0 4 2 3 4 4 6 0 2 6 3 4 5 3 0 1 2 1 1 5 3 0 5 1 2
#c 0 2 1 3 4 5 3 0 1 6 6 4 5 6 0 4 2 3 4 4 6 0 2 6 3 4 5 3 0 1 2 1 1 5 3 0 5 1 2
#c 0 2 1 3 4 5 3 0 1 6 6 4 5 6 0 4 2 3 4 4 6 0 2 6 3 4 5 3 0 1 2 1 1 5 3 0 5 1 2
2 2 33 5 38 1
3 3 12 26 36 30 22 16
#c 0 2 1 3 4 5 3 0 1 6 6 4 5 6 0 4 2 3 4 4 6 0 2 6 3 4 5 3 0 1 2 1 1 5 3 0 5 1 2
1 1 23 0
4 5 13 20 9 10 7 14 21 28 35
#c 0 2 1 3 4 5 3 0 1 6 6 4 5 6 0 4 2 3 4 4 6 0 2 6 3 4 5 3 0 1 2 1 1 5 3 0 5 1 2
3 3 21 7 14 31 8 2
3 3 0 28 35 29 37 32
#c 0 2 1 3 4 5 3 0 1 6 6 4 5 6 0 4 2 3 4 4 6 0 2 6 3 4 5 3 0 1 2 1 1 5 3 0 5 1 2
3 3 29 32 37 19 25 4
3 3 8 2 31 11 18 15
#c 0 2 1 3 4 5 3 0 1 6 6 4 5 6 0 4 2 3 4 4 6 0 2 6 3 4 5 3 0 1 2 1 1 5 3 0 5 1 2
1 1 30 3
4 5 38 22 1 16 17 24 34 27 6
#c 0 2 1 3 4 5 3 0 1 6 6 4 5 6 0 4 2 3 4 4 6 0 2 6 3 4 5 3 0 1 2 1 1 5 3 0 5 1 2
2 3 17 27 32 29 31
4 3 3 24 34 6 8 37 2
#c 0 2 1 3 4 5 3 0 1 6 6 4 5 6 0 4 2 3 4 4 6 0 2 6 3 4 5 3 0 1 2 1 1 5 3 0 5 1 2
3 3 19 18 15 38 30 16
3 2 4 11 25 22 1
#c 0 2 1 3 4 5 3 0 1 6 6 4 5 6 0 2 4 3 2 2 6 0 2 6 3 4 5 3 0 1 4 1 1 5 3 0 5 1 4
1 1 36 23
4 4 5 12 26 33 13 20 9 10
#c 0 2 1 3 4 5 3 0 1 6 6 4 5 6 0 2 4 3 2 2 6 0 2 5 3 4 5 3 0 1 4 1 1 5 3 0 6 1 4
1 1 20 1
4 4 13 9 10 36 22 19 18 15
#c 0 2 1 3 4 5 3 0 1 6 6 4 5 6 0 2 4 3 2 2 6 0 2 5 3 4 5 3 0 1 4 1 1 5 3 0 6 1 4
#c 0 2 1 3 4 5 3 0 1 6 6 4 5 6 0 2 4 3 2 2 6 0 2 5 3 4 5 3 0 1 4 1 1 5 3 0 6 1 4
3 3 29 8 2 17 27 34
3 3 37 31 32 3 24 6
#c 0 2 1 3 4 5 3 0 1 6 6 4 5 6 0 2 4 3 2 2 6 0 2 5 3 4 5 3 0 1 4 1 1 5 3 0 6 1 4
1 1 1 2
4 5 22 19 18 15 8 29 37 31 32
#c 0 1 2 3 4 5 3 0 1 6 6 4 5 6 0 2 4 3 2 2 6 0 2 5 3 4 5 3 0 1 4 1 1 5 3 0 6 1 4
1 3 3 36 13 20
5 2 17 24 34 27 6 9 10
#c 0 1 2 3 4 5 3 0 1 6 6 4 5 6 0 2 4 3 2 2 6 0 2 5 3 4 5 3 0 1 4 1 1 5 3 0 6 1 4
2 2 11 25 36 10
4 3 4 38 30 16 13 20 9
#c 0 1 2 3 4 5 3 0 1 6 6 4 5 6 0 2 4 3 2 2 6 0 2 5 3 4 5 3 0 1 4 1 1 5 3 0 6 1 4
#c 0 1 2 3 4 5 3 0 1 6 6 4 5 6 0 2 4 3 2 2 6 0 2 5 3 4 5 3 0 1 4 1 1 5 3 0 6 1 4
1 1 13 22
4 4 20 9 10 36 19 18 15 2
#c 0 1 2 3 4 5 3 0 1 6 6 4 5 2 0 2 4 3 2 2 6 0 6 5 3 4 5 3 0 1 4 1 1 5 3 0 6 1 4
3 4 21 0 14 30 16 4 38
3 2 7 28 35 11 25
#c 0 1 2 3 4 5 3 0 1 6 6 4 5 2 0 2 4 3 2 2 6 0 6 5 3 4 5 3 0 1 4 1 1 5 3 0 6 1 4
#c 0 1 2 3 4 5 3 0 1 6 6 4 5 2 0 2 4 3 2 2 6 0 6 5 3 4 5 3 0 1 4 1 1 5 3 0 6 1 4
1 1 13 21
4 5 19 18 15 2 0 7 14 28 35
#c 0 1 2 3 4 5 3 0 1 6 6 4 5 2 0 2 4 3 2 2 6 0 6 5 3 4 5 3 0 1 4 1 1 5 3 0 6 1 4
3 3 27 24 34 14 35 28
3 3 3 17 6 0 7 21
#c 0 1 2 3 4 5 3 0 1 6 6 4 5 2 3 2 4 3 2 2 6 0 6 5 0 4 5 0 3 1 4 1 1 5 0 3 6 1 4
#c 0 1 2 3 4 5 3 0 1 6 6 4 5 2 3 2 4 3 2 2 6 0 6 5 0 4 5 0 3 1 4 1 1 5 0 3 6 1 4
1 1 5 17
4 5 12 26 33 23 3 6 14 35 28
#c 0 1 2 3 4 5 3 0 1 6 6 4 5 2 3 2 4 3 2 2 6 0 6 5 0 4 5 0 3 1 4 1 1 5 0 3 6 1 4
1 1 9 27
4 5 20 10 36 22 0 7 21 24 34
#c 0 1 2 3 4 5 3 0 1 0 6 4 5 2 3 2 4 3 2 2 6 0 6 5 0 4 5 6 3 1 4 1 1 5 0 3 6 1 4
#c 0 1 2 3 4 5 3 0 1 0 6 4 5 2 3 2 4 3 2 2 6 0 6 5 0 4 5 6 3 1 4 1 1 5 0 3 6 1 4
#c 0 1 2 3 4 5 3 0 1 0 6 4 5 2 3 2 4 3 2 2 6 0 6 5 0 4 5 6 3 1 4 1 1 5 0 3 6 1 4
2 2 19 15 0 7
3 4 18 2 13 21 24 34 9
#c 0 1 2 3 4 5 3 0 1 0 6 4 5 2 3 2 4 3 2 2 6 0 6 5 0 4 5 6 3 1 4 1 1 5 0 3 6 1 4
1 1 28 13
5 4 3 17 6 14 35 19 18 15 2
#c 0 1 2 3 4 5 3 0 1 0 6 4 5 2 3 2 4 3 2 2 6 0 6 5 0 4 5 6 3 1 4 1 1 5 0 3 6 1 4
3 3 25 11 4 12 23 26
3 2 38 30 16 5 33
#c 0 1 2 3 4 5 3 0 1 0 6 4 5 2 3 2 4 3 2 2 6 0 6 5 0 4 5 6 3 1 4 1 1 5 0 3 6 1 4
1 2 26 38 25
4 4 5 12 33 23 4 11 30 16
#c 0 1 2 3 4 5 3 0 1 0 6 4 5 2 3 2 4 3 2 2 6 0 6 5 0 4 5 6 3 1 4 1 1 5 0 3 6 1 4
1 1 27 33
4 4 20 10 36 22 5 12 26 23
#c 0 1 2 3 4 5 3 0 1 0 6 4 5 2 3 2 4 3 2 2 6 0 6 5 0 4 5 6 3 1 4 1 1 5 0 3 6 1 4
5 4 7 21 24 34 9 5 12 26 33
#c 0 1 2 3 4 5 3 0 1 0 6 4 5 2 3 2 4 3 2 2 6 0 6 5 0 4 5 6 3 1 4 1 1 5 0 3 6 1 4
3 3 32 31 29 34 9 21
3 3 8 37 1 0 7 24
#c 0 1 2 3 4 5 3 0 1 0 6 4 5 2 3 2 4 3 2 2 6 0 6 5 0 4 5 6 3 1 4 1 1 5 0 3 6 1 4
1 1 19 26
4 4 18 15 2 13 5 12 33 23
#c 0 1 2 3 4 5 3 0 1 0 6 4 5 2 3 2 4 3 2 2 6 0 6 5 0 4 5 6 3 1 4 1 1 5 0 3 6 1 4
1 1 28 4
5 5 3 17 6 14 35 11 25 38 30 16
#c 0 1 2 3 4 5 3 0 1 0 6 4 5 2 3 2 4 3 2 2 6 0 6 5 0 4 5 6 3 1 4 1 1 5 0 3 6 1 4
3 3 16 11 4 3 35 6
3 3 25 38 30 17 14 28
#c 0 1 2 4 3 5 4 0 1 0 6 3 5 2 3 2 3 3 2 2 6 0 6 5 0 4 5 6 3 1 4 1 1 5 0 4 6 1 4
1 1 5 29
4 5 12 26 33 23 8 37 31 32 1
#c 0 1 2 4 3 5 4 0 1 0 6 3 5 2 3 2 3 3 2 2 6 0 6 5 0 4 5 6 3 1 4 1 1 5 0 4 6 1 4
#c 0 1 2 4 3 5 4 0 1 0 6 3 5 2 3 2 3 3 2 2 6 0 6 5 0 4 5 6 3 1 4 1 1 5 0 4 6 1 4
#c 0 1 2 4 3 5 4 0 1 0 6 3 5 2 3 2 3 3 2 2 6 0 6 5 0 4 5 6 3 1 4 1 1 5 0 4 6 1 4
1 1 31 35
5 5 8 29 37 32 1 25 38 30 3 6
#c 0 1 2 4 3 5 4 0 1 0 6 3 5 2 3 2 3 3 2 2 6 0 6 5 0 4 5 6 3 1 4 1 1 5 0 4 6 1 4
1 1 2 12
4 4 19 18 15 13 5 26 33 23
#c 0 1 2 4 3 5 4 0 1 0 6 3 5 2 3 2 3 3 2 2 6 0 6 5 0 4 5 6 3 1 4 1 1 5 0 4 6 1 4
3 3 14 11 4 5 26 33
3 2 17 28 16 12 23
#c 0 1 2 4 3 5 4 0 1 0 6 3 5 2 3 2 3 3 2 2 6 0 6 5 0 4 5 6 3 1 4 1 1 5 0 4 6 1 4
#c 0 1 2 4 3 5 4 0 1 0 6 3 5 2 3 2 3 3 2 2 6 0 6 5 0 4 5 6 3 1 4 1 1 5 0 4 6 1 4
2 2 23 33 1 32
3 4 5 12 26 8 29 37 31
#c 0 1 2 4 3 5 4 0 1 0 6 3 5 2 3 2 3 3 2 2 6 0 6 5 0 4 5 6 3 1 4 1 1 5 0 4 6 1 4
1 1 27 38
4 5 20 10 36 22 25 30 3 35 6
#c 0 1 2 4 3 5 4 0 1 0 6 3 5 2 3 2 3 3 2 2 6 0 6 5 0 4 5 4 3 1 4 1 1 5 0 4 6 1 6
1 1 34 37
5 5 0 7 21 24 9 8 29 31 32 1
#c 0 1 2 4 3 5 4 0 1 0 6 3 5 2 3 2 3 3 2 2 6 0 6 5 0 4 5 4 3 1 4 1 1 5 0 4 6 1 6
2 2 8 37 17 28
4 4 29 31 32 1 14 16 11 4
#c 0 1 2 4 3 5 4 0 3 0 6 3 5 2 3 2 3 1 2 2 6 0 6 5 0 4 5 4 1 1 4 1 1 5 0 4 6 3 6
1 1 13 8
4 5 19 18 15 2 14 16 11 4 37
#c 0 1 2 4 3 5 4 0 2 0 6 3 5 3 3 2 3 1 2 2 6 0 6 5 0 4 5 4 1 1 4 1 1 5 0 4 6 3 6
3 3 13 14 4 2 8 19
3 2 16 11 37 18 15
#c 0 1 2 4 3 5 4 0 2 0 6 3 5 3 3 2 3 1 2 2 6 0 6 5 0 4 5 4 1 1 4 1 1 5 0 4 6 3 6
1 1 25 34
5 5 30 3 35 6 27 0 7 21 24 9
#c 0 1 2 4 3 5 4 0 2 0 6 3 5 3 3 2 3 1 2 2 6 0 6 5 0 4 5 4 1 1 4 1 1 5 0 4 6 3 6
#c 0 1 2 4 3 5 4 0 2 0 6 3 5 3 3 2 3 1 2 2 6 0 6 5 0 4 5 4 1 1 4 1 1 5 0 4 6 3 6
#c 0 1 2 4 3 5 4 0 2 0 6 3 5 3 3 2 3 1 2 2 6 0 6 5 0 4 5 4 1 1 4 1 1 5 0 4 6 3 6
1 3 21 3 25 27
5 3 0 7 24 34 9 30 35 6
#c 0 1 2 4 3 5 4 0 2 0 6 3 5 3 3 2 3 1 2 2 6 0 6 5 0 4 5 4 1 1 4 1 1 5 0 4 6 3 6
2 2 1 32 26 23
4 3 29 31 17 28 5 12 33
#c 0 5 2 4 3 5 4 0 2 0 6 3 5 3 3 2 3 1 2 2 6 0 6 1 0 4 1 4 1 1 4 1 5 5 0 4 6 3 6
2 2 8 15 12 1
3 3 19 18 2 5 33 32
#c 0 5 2 4 3 5 4 0 2 0 6 3 5 3 3 2 3 1 2 2 6 0 6 1 0 4 1 4 1 1 4 1 5 5 0 4 6 3 6
3 4 16 13 37 22 36 38 20
3 1 14 11 4 10
#c 0 5 2 4 3 5 4 0 2 0 6 3 5 3 3 2 3 1 2 2 6 0 6 1 0 4 1 4 1 1 4 1 5 5 0 4 6 3 6
#c 0 5 2 4 3 5 4 0 2 0 6 3 5 3 3 2 3 1 2 2 6 0 6 1 0 4 1 4 1 1 4 1 5 5 0 4 6 3 6
#c 0 5 2 4 3 5 4 0 2 0 6 3 5 3 3 2 3 1 2 2 6 0 6 1 0 4 1 4 1 1 4 1 5 5 0 4 6 3 6
#c 0 5 2 4 3 5 4 0 2 0 6 3 5 3 3 2 3 1 2 2 6 0 6 1 0 4 1 4 1 1 4 1 5 5 0 4 6 3 6
1 1 21 22
5 4 0 7 24 34 9 20 10 36 38
#c 0 5 2 4 3 5 4 0 2 0 6 3 5 3 3 2 3 1 2 2 6 0 6 1 0 4 1 4 1 1 4 1 5 5 0 4 6 3 6
3 3 17 28 23 5 32 33
3 2 29 31 26 12 1
#c 0 5 2 4 3 1 4 0 2 0 6 3 5 3 3 2 3 5 2 2 6 0 6 5 0 4 1 4 5 1 4 1 1 1 0 4 6 3 6
1 1 2 14
4 5 19 18 15 8 16 11 4 37 13
#c 0 5 3 4 3 1 4 0 2 0 6 3 5 3 2 2 3 5 2 2 6 0 6 5 0 4 1 4 5 1 4 1 1 1 0 4 6 3 6
3 3 2 4 13 21 24 0
3 3 16 11 37 7 34 9
#c 0 5 3 4 3 1 4 0 2 0 6 3 5 3 2 2 3 5 2 2 6 0 6 5 0 4 1 4 5 1 4 1 1 1 0 4 6 3 6
3 4 35 25 27 38 36 22 20
3 1 30 3 6 10
#c 0 5 3 4 3 1 4 0 2 0 6 3 5 3 2 2 3 5 2 2 6 0 6 5 0 4 1 4 5 1 4 1 1 1 0 4 6 3 6
1 1 12 35
4 5 1 17 28 23 25 30 3 6 27
#c 0 5 3 4 3 1 4 0 2 0 6 3 5 3 2 2 3 5 2 2 6 0 6 5 0 4 1 4 5 1 4 1 1 1 0 4 6 3 6
#c 0 5 3 4 3 1 4 0 2 0 6 3 5 3 2 2 3 5 2 2 6 0 6 5 0 4 1 4 5 1 4 1 1 1 0 4 6 3 6
1 1 7 18
5 4 0 21 24 34 9 19 15 8 14
#c 0 5 3 4 3 1 4 0 2 0 6 3 5 3 2 2 3 5 2 2 6 0 6 5 0 4 1 4 5 1 4 1 1 1 0 4 6 3 6
3 2 26 29 32 0 34
3 4 31 5 33 7 21 24 9
#c 0 5 3 4 3 1 4 0 2 0 6 3 5 3 2 2 3 5 2 2 6 0 6 5 0 4 1 4 5 1 4 1 1 1 0 4 6 3 6
1 2 14 2 11
4 4 19 18 15 8 16 4 37 13
#c 0 5 3 4 3 1 4 0 2 0 6 3 5 3 2 2 3 5 2 2 6 0 6 5 0 4 1 4 5 1 4 1 1 1 0 4 6 3 6
1 1 11 18
5 4 16 4 37 13 2 19 15 8 14
#c 0 5 3 4 3 1 4 0 2 0 6 3 5 3 2 2 3 5 2 2 6 0 6 5 0 4 1 4 5 1 4 1 1 1 0 4 6 3 6
#c 0 5 3 4 3 1 4 0 2 0 6 3 5 3 2 2 3 5 2 2 6 0 6 5 0 4 1 4 5 1 4 1 1 1 0 4 6 3 6
2 2 23 1 15 14
3 3 12 17 28 19 18 8
#c 0 5 3 4 3 1 4 0 2 0 6 3 5 3 2 2 3 5 2 2 6 0 6 5 0 4 1 4 5 1 4 1 1 1 0 4 6 3 6
2 2 38 10 16 2
3 4 20 36 22 11 4 37 13
#c 0 5 6 4 3 1 4 0 2 0 3 3 5 3 2 2 6 5 2 2 6 0 6 5 0 4 1 4 5 1 4 1 1 1 0 4 6 3 3
#c 0 5 6 4 3 1 4 0 2 0 3 3 5 3 2 2 6 5 2 2 6 0 6 5 0 4 1 4 5 1 4 1 1 1 0 4 6 3 3
3 3 5 26 32 22 2 20
3 2 29 31 33 36 16
#c 0 5 6 4 3 1 4 0 2 0 3 3 5 3 2 2 6 5 2 2 6 0 6 5 0 4 1 4 5 1 4 1 1 1 0 4 6 3 3
#c 0 5 6 4 3 1 4 0 2 0 3 3 5 3 2 2 6 5 2 2 6 0 6 5 0 4 1 4 5 1 4 1 1 1 0 4 6 3 3
3 3 13 4 11 12 23 1
3 2 37 38 10 17 28
#c 0 5 6 4 3 1 4 0 2 0 3 3 5 3 2 2 6 5 2 2 6 0 6 5 0 4 1 4 5 1 4 1 1 1 0 4 6 3 3
2 2 25 30 12 17
4 3 3 35 6 27 1 28 23
#c 0 5 6 4 3 1 4 0 2 0 3 3 5 3 2 2 6 5 2 2 6 0 6 5 0 4 1 4 5 1 4 1 1 1 0 4 6 3 3
#c 0 5 6 4 3 1 4 0 2 0 3 3 5 3 2 2 6 5 2 2 6 0 6 5 0 4 1 4 5 1 4 1 1 1 0 4 6 3 3
1 1 2 11
4 5 20 36 22 16 4 37 13 38 10
#c 0 5 6 4 3 1 4 0 2 0 3 3 5 3 2 2 6 5 2 2 6 0 6 5 0 4 1 4 5 1 4 1 1 1 0 4 6 3 3
2 2 34 0 5 33
4 4 7 21 24 9 29 31 26 32
#c 0 5 6 4 3 1 4 0 2 0 3 3 5 3 2 2 6 5 2 2 6 0 6 5 0 4 1 4 5 1 4 1 1 1 0 4 6 3 3
2 2 5 32 19 14
4 3 29 31 26 33 18 15 8
#c 0 5 6 4 3 1 4 0 2 0 3 3 5 3 2 2 6 5 2 2 6 0 6 5 0 4 1 4 5 1 4 1 1 1 0 4 6 3 3
2 2 8 18 36 22
3 3 19 15 14 20 16 2
#c 0 5 6 4 3 1 4 0 6 0 3 3 5 3 2 2 6 5 6 2 6 0 2 5 0 4 1 4 5 1 4 1 1 1 0 4 2 3 3
2 2 4 37 30 3
4 4 11 13 38 10 25 35 6 27
#c 0 5 6 3 4 1 4 0 6 0 3 3 5 3 2 2 6 5 6 2 6 0 2 5 0 4 1 4 5 1 3 1 1 1 0 4 2 4 3
2 2 25 37 34 0
4 4 35 6 27 4 7 21 24 9
#c 0 5 6 3 4 1 4 0 6 0 3 3 5 3 2 2 6 5 6 2 6 0 2 5 0 4 1 4 5 1 3 1 1 1 0 4 2 4 3
2 2 28 12 5 32
3 4 1 17 23 29 31 26 33
#c 0 5 6 3 4 1 4 0 6 0 3 3 5 3 2 2 6 5 6 2 6 0 2 5 0 4 1 4 5 1 3 1 1 1 0 4 2 4 3
2 2 16 2 17 1
3 3 20 8 18 12 28 23
#c 0 6 5 3 4 1 4 0 6 0 3 3 5 3 2 2 5 6 6 2 6 0 2 5 0 4 1 4 5 1 3 1 1 1 0 4 2 4 3
#c 0 6 5 3 4 1 4 0 6 0 3 3 5 3 2 2 5 6 6 2 6 0 2 5 0 4 1 4 5 1 3 1 1 1 0 4 2 4 3
#c 0 6 5 3 4 1 4 0 6 0 3 3 5 3 2 2 5 6 6 2 6 0 2 5 0 4 1 4 5 1 3 1 1 1 0 4 2 4 3
#c 0 6 5 3 4 1 4 0 6 0 3 3 5 3 2 2 5 6 6 2 6 0 2 5 0 4 1 4 5 1 3 1 1 1 0 4 2 4 3
2 2 11 3 27 6
4 4 13 38 10 30 25 35 4 37
#c 0 6 5 3 4 1 4 0 6 0 3 3 5 3 2 2 5 6 6 2 6 0 2 5 0 4 1 4 5 1 3 1 1 1 0 4 2 4 3
3 3 35 37 27 13 11 30
3 3 25 6 4 38 10 3
#c 0 6 5 3 4 1 4 0 6 0 3 3 5 3 2 2 5 6 6 2 6 0 2 5 0 4 1 4 5 1 3 1 1 1 0 4 2 4 3
2 1 16 2 27
3 5 12 28 23 25 35 6 4 37
#c 0 6 5 3 4 1 4 0 6 0 3 3 5 3 2 2 5 6 6 2 6 0 2 5 0 4 1 4 5 1 3 1 1 1 0 4 2 4 3
1 1 8 32
4 5 20 18 17 1 29 31 26 5 33
#c 0 6 5 3 4 1 4 0 6 0 3 3 5 3 2 2 5 6 6 2 6 0 2 5 0 4 1 4 5 1 3 1 1 1 0 4 2 4 3
#c 0 6 5 3 4 1 4 0 6 0 3 3 5 3 2 2 5 6 6 2 6 0 2 5 0 4 1 4 5 1 3 1 1 1 0 4 2 4 3
1 1 31 2
5 4 29 26 5 32 33 12 28 23 16
#c 0 6 5 3 4 1 4 0 6 0 3 3 5 3 2 2 5 6 6 2 6 0 2 5 0 4 1 4 5 1 3 1 1 1 0 4 2 4 3
#c 0 6 5 3 4 1 4 0 6 0 3 3 5 3 2 2 5 6 6 2 6 0 2 5 0 4 1 4 5 1 3 1 1 1 0 4 2 4 3
3 3 10 3 11 25 27 6
3 3 13 38 30 35 4 37
#c 0 6 5 3 4 1 4 0 6 0 3 3 5 3 2 2 5 6 6 2 6 0 2 5 0 4 1 4 5 1 3 1 1 1 0 4 2 4 3
3 3 37 6 35 30 3 13
3 3 25 27 4 11 38 10
#c 0 6 5 3 4 1 4 0 6 0 3 3 5 3 2 2 5 6 6 2 6 0 2 5 0 4 1 4 5 1 3 1 1 1 0 4 2 4 3
2 2 12 23 21 34
3 4 28 16 2 0 7 24 9
#c 0 6 5 3 4 1 4 0 6 0 3 3 5 3 2 2 5 6 6 2 6 0 2 5 0 4 1 4 5 1 3 1 1 1 0 4 2 4 3
2 1 18 20 28
3 4 8 17 1 12 23 16 2
#c 0 6 5 3 4 1 4 0 6 0 3 3 5 3 2 2 5 6 6 2 6 0 2 5 0 4 1 4 5 1 3 1 1 1 0 4 2 4 3
#c 0 6 5 3 4 1 4 0 6 0 3 3 5 3 2 2 5 6 6 2 6 0 2 5 0 4 1 4 5 1 3 1 1 1 0 4 2 4 3
3 3 31 29 5 38 30 13
3 3 26 32 33 11 10 3
#c 0 6 5 3 4 1 4 0 6 0 3 3 5 3 2 2 5 6 6 2 6 0 2 5 0 4 1 4 5 1 3 1 1 1 0 4 2 4 3
2 2 14 36 1 18
3 3 19 15 22 20 8 17
#c 0 6 5 3 4 1 4 0 6 0 3 3 5 3 2 2 5 6 6 2 6 0 2 5 0 4 1 4 5 1 3 1 1 1 0 4 2 4 3
1 1 11 36
5 4 13 38 10 30 3 19 15 14 22
#c 0 6 5 3 4 1 4 0 6 0 3 3 5 3 2 2 5 6 6 2 6 0 2 5 0 4 1 4 5 1 3 1 1 1 0 4 2 4 3
2 2 35 37 14 36
4 3 25 6 27 4 19 15 22
#c 0 6 5 3 4 1 4 0 6 0 3 3 5 3 2 2 5 6 6 2 6 0 2 5 0 4 1 4 5 1 3 1 1 1 0 4 2 4 3
2 2 28 12 34 24
3 4 23 16 2 0 7 21 9
#c 0 6 5 3 4 1 4 0 6 0 3 3 5 3 2 2 5 6 6 2 6 0 2 5 0 4 1 4 5 1 3 1 1 1 0 4 2 4 3
0 6 5 3 4 1 4 0 6 0 3 3 5 3 2 2 5 6 6 2 6 0 2 5 0 4 1 4 5 1 3 1 1 1 0 4 2 4 3
