#c 0 1 2 3 4 5 6 7 8 9 10 11 0 1 2 3 4 5 6 7 8 9 10 11 0 1 2 3 4 5 6 7 8 9 10 11 0 1 2 3 4 5 6 7 8 9 10 11 0 1 2 3 4 5 6
2 2 25 49 38 50
3 3 1 13 37 2 14 26
#c 0 1 2 3 4 5 6 7 8 9 10 11 0 1 2 3 4 5 6 7 8 9 10 11 0 2 2 3 4 5 6 7 8 9 10 11 0 1 1 3 4 5 6 7 8 9 10 11 0 2 1 3 4 5 6
1 1 26 27
4 4 2 14 25 49 3 15 39 51
#c 0 1 2 3 4 5 6 7 8 9 10 11 0 1 2 3 4 5 6 7 8 9 10 11 0 2 2 3 4 5 6 7 8 9 10 11 0 1 1 3 4 5 6 7 8 9 10 11 0 2 1 3 4 5 6
1 1 15 53
4 4 3 27 39 51 5 17 29 41
#c 0 1 2 3 4 5 6 7 8 9 10 11 0 1 2 5 4 5 6 7 8 9 10 11 0 2 2 3 4 5 6 7 8 9 10 11 0 1 1 3 4 5 6 7 8 9 10 11 0 2 1 3 4 3 6
1 1 16 23
4 3 4 28 40 52 11 35 47
#c 0 1 2 3 4 5 6 7 8 9 10 11 0 1 2 5 4 5 6 7 8 9 10 11 0 2 2 3 4 5 6 7 8 9 10 11 0 1 1 3 4 5 6 7 8 9 10 11 0 2 1 3 4 3 6
1 1 29 9
4 3 5 17 41 15 21 33 45
#c 0 1 2 3 4 5 6 7 8 5 10 11 0 1 2 5 4 5 6 7 8 9 10 11 0 2 2 3 4 9 6 7 8 9 10 11 0 1 1 3 4 5 6 7 8 9 10 11 0 2 1 3 4 3 6
#c 0 1 2 3 4 5 6 7 8 5 10 11 0 1 2 5 4 5 6 7 8 9 10 11 0 2 2 3 4 9 6 7 8 9 10 11 0 1 1 3 4 5 6 7 8 9 10 11 0 2 1 3 4 3 6
#c 0 1 2 3 4 5 6 7 8 5 10 11 0 1 2 5 4 5 6 7 8 9 10 11 0 2 2 3 4 9 6 7 8 9 10 11 0 1 1 3 4 5 6 7 8 9 10 11 0 2 1 3 4 3 6
1 1 32 42
3 4 8 20 44 6 18 30 54
#c 0 1 2 3 4 5 6 7 8 5 10 11 0 1 2 5 4 5 6 7 8 9 10 11 0 2 2 3 4 9 6 7 6 9 10 11 0 1 1 3 4 5 8 7 8 9 10 11 0 2 1 3 4 3 6
1 1 45 2
3 4 21 33 29 14 26 25 49
#c 0 1 2 3 4 5 6 7 8 5 10 11 0 1 2 5 4 5 6 7 8 9 10 11 0 2 2 3 4 9 6 7 6 9 10 11 0 1 1 3 4 5 8 7 8 9 10 11 0 2 1 3 4 3 6
1 3 34 29 45 33
3 1 10 22 46 21
#c 0 1 2 3 4 5 6 7 8 5 10 11 0 1 2 5 4 5 6 7 8 9 10 11 0 2 2 3 4 10 6 7 6 10 9 11 0 1 1 3 4 5 8 7 8 10 10 11 0 2 1 3 4 3 6
1 1 35 46
3 5 11 23 47 10 22 29 45 33
#c 0 1 2 3 4 5 6 7 8 5 10 11 0 1 2 5 4 5 6 7 8 9 10 11 0 2 2 3 4 10 6 7 6 10 9 10 0 1 1 3 4 5 8 7 8 10 11 11 0 2 1 3 4 3 6
2 2 0 24 6 18
3 3 12 36 48 30 54 32
#c 0 1 2 3 4 5 6 7 8 5 10 11 0 1 2 5 4 5 6 7 8 9 10 11 0 2 2 3 4 10 6 7 6 10 9 10 0 1 1 3 4 5 8 7 8 10 11 11 0 2 1 3 4 3 6
1 1 37 21
4 1 1 13 38 50 34
#c 0 1 2 3 4 5 6 7 8 5 10 11 0 1 2 5 4 5 6 7 8 9 10 11 0 2 2 3 4 10 6 7 6 10 9 10 0 1 1 3 4 5 8 7 8 10 11 11 0 2 1 3 4 3 6
#c 0 1 2 3 4 5 6 7 8 5 10 11 0 1 2 5 4 5 6 7 8 9 10 11 0 2 2 3 4 10 6 7 6 10 9 10 0 1 1 3 4 5 8 7 8 10 11 11 0 2 1 3 4 3 6
#c 0 1 2 3 4 5 6 7 8 5 10 11 0 1 2 5 4 5 6 7 8 9 10 11 0 2 2 3 4 10 6 7 6 10 9 10 0 1 1 3 4 5 8 7 8 10 11 11 0 2 1 3 4 3 6
2 2 28 16 39 3
3 3 4 40 52 27 51 53
#c 0 1 2 4 4 5 6 7 8 5 10 11 0 1 2 5 3 5 6 7 8 9 10 11 0 2 2 3 3 10 6 7 6 10 9 10 0 1 1 4 4 5 8 7 8 10 11 11 0 2 1 3 4 3 6
2 3 17 5 18 32 54
3 2 41 15 9 6 30
#c 0 1 2 4 4 5 6 7 8 5 10 11 0 1 2 5 3 5 6 7 8 9 10 11 0 2 2 3 3 10 6 7 6 10 9 10 0 1 1 4 4 5 8 7 8 10 11 11 0 2 1 3 4 3 6
1 1 30 2
4 4 6 18 54 32 14 26 25 49
#c 0 1 2 4 4 5 6 7 8 5 10 11 0 1 2 5 3 5 6 7 8 9 10 11 0 2 2 3 3 10 6 7 6 10 9 10 0 1 1 4 4 5 8 7 8 10 11 11 0 2 1 3 4 3 6
2 2 19 7 9 17
2 3 31 43 5 41 15
#c 0 1 2 4 4 5 6 7 8 5 10 11 0 1 2 5 3 5 6 7 8 9 10 11 0 2 2 3 3 10 6 7 6 10 9 10 0 1 1 4 4 5 8 7 8 10 11 11 0 2 1 3 4 3 6
2 2 8 42 52 40
2 3 20 44 4 39 3
#c 0 1 2 4 4 5 6 7 4 5 10 11 0 1 2 5 3 5 6 7 8 9 10 11 0 2 2 3 3 10 6 7 6 10 9 10 0 1 1 4 8 5 4 7 8 10 11 11 0 2 1 3 8 3 6
1 1 34 17
1 4 21 5 41 15 9
#c 0 1 2 4 4 5 6 7 4 5 10 11 0 1 2 5 3 5 6 7 8 9 10 11 0 2 2 3 3 10 6 7 6 10 9 10 0 1 1 4 8 5 4 7 8 10 11 11 0 2 1 3 8 3 6
#c 0 1 2 4 4 5 6 7 4 5 10 11 0 1 2 5 3 5 6 7 8 9 10 11 0 2 2 3 3 10 6 7 6 10 9 10 0 1 1 4 8 5 4 7 8 10 11 11 0 2 1 3 8 3 6
2 2 47 11 3 42
2 3 23 46 4 39 8
#c 0 1 2 11 4 5 6 7 4 5 10 4 0 1 2 5 3 5 6 7 8 9 10 11 0 2 2 3 3 10 6 7 6 10 9 10 0 1 1 4 8 5 11 7 8 10 11 4 0 2 1 3 8 3 6
2 2 24 36 8 4
3 3 0 12 48 39 47 11
#c 0 1 2 11 0 5 6 7 0 5 10 4 0 1 2 5 3 5 6 7 8 9 10 11 4 2 2 3 3 10 6 7 6 10 9 10 4 1 1 4 8 5 11 7 8 10 11 4 0 2 1 3 8 3 6
1 1 38 34
4 1 1 13 37 50 21
#c 0 1 2 11 0 5 6 7 0 5 10 4 0 1 2 5 3 5 6 7 8 9 10 11 4 2 2 3 3 10 6 7 6 10 1 10 4 1 9 4 8 5 11 7 8 10 11 4 0 2 1 3 8 3 6
2 2 2 14 31 19
3 2 26 25 49 7 43
#c 0 1 2 11 0 5 6 7 0 5 10 4 0 1 2 5 3 5 6 7 8 9 10 11 4 2 2 3 3 10 6 7 6 10 1 10 4 1 9 4 8 5 11 7 8 10 11 4 0 2 1 3 8 3 6
2 2 51 16 46 42
3 2 27 53 28 23 3
#c 0 1 2 11 0 5 6 7 0 5 10 4 0 1 2 5 3 5 6 7 8 9 10 11 4 2 2 3 3 10 6 7 6 10 1 10 4 1 9 4 8 5 11 7 8 10 11 4 0 2 1 3 8 3 6
2 2 47 11 34 1
3 3 39 24 36 13 37 50
#c 0 1 2 11 0 5 6 7 0 5 10 4 0 1 2 5 3 5 6 7 8 9 10 11 4 2 2 3 3 10 6 7 6 10 1 10 4 1 9 4 8 5 11 7 8 10 11 4 0 2 1 3 8 3 6
2 2 41 17 27 16
3 3 5 15 9 51 53 28
#c 0 1 2 11 0 5 6 7 0 5 10 4 0 1 2 5 3 5 6 7 8 9 10 11 4 2 2 3 3 10 6 7 6 10 1 10 4 1 9 4 8 5 11 7 8 10 11 4 0 2 1 3 8 3 6
2 3 32 6 16 28 27
3 2 18 30 54 51 53
#c 0 1 2 11 0 5 3 7 0 5 10 4 0 1 2 5 6 5 6 7 8 9 10 11 4 2 2 6 6 10 6 7 3 10 1 10 4 1 9 4 8 5 11 7 8 10 11 4 0 2 1 3 8 3 6
2 2 31 43 26 14
2 3 7 19 2 25 49
#c 0 1 2 11 0 5 3 7 0 5 10 4 0 1 2 5 6 5 6 7 8 9 10 11 4 2 2 6 6 10 6 7 3 10 1 10 4 1 9 4 8 5 11 7 8 10 11 4 0 2 1 3 8 3 6
2 1 40 52 21
2 1 20 44 38
#c 0 1 2 11 0 5 3 7 0 5 10 4 0 1 2 5 6 5 6 7 8 8 10 11 4 2 2 6 6 10 6 7 3 10 1 10 4 1 9 4 9 5 11 7 8 10 11 4 0 2 1 3 9 3 6
1 1 52 21
2 2 38 40 20 44
#c 0 1 2 11 0 5 3 7 0 5 10 4 0 1 2 5 6 5 6 7 8 8 10 11 4 2 2 6 6 10 6 7 3 10 1 10 4 1 9 4 9 5 11 7 8 10 11 4 0 2 1 3 9 3 6
1 1 45 0
5 4 10 22 29 33 35 12 48 8 4
#c 0 1 2 11 0 5 3 7 0 5 10 4 0 1 2 5 6 5 6 7 8 8 10 11 4 2 2 6 6 10 6 7 3 10 1 10 4 1 9 4 9 5 11 7 8 10 11 4 0 2 1 3 9 3 6
1 1 3 28
3 5 23 46 42 18 30 54 16 27
#c 0 1 2 11 0 5 3 7 0 5 10 4 0 1 2 5 6 5 6 7 8 8 10 11 4 2 2 6 6 10 6 7 3 10 1 10 4 1 9 4 9 5 11 7 8 10 11 4 0 2 1 3 9 3 6
1 1 12 51
4 3 0 48 8 4 53 32 6
#c 0 1 2 11 0 5 3 7 0 5 10 4 3 1 2 5 6 5 6 7 8 8 10 11 4 2 2 6 6 10 6 7 3 10 1 10 4 1 9 4 9 5 11 7 8 10 11 4 0 2 1 0 9 3 6
1 1 1 18
4 5 13 37 50 34 30 54 16 28 27
#c 0 1 2 11 0 5 3 7 0 5 10 4 3 1 2 5 6 5 6 7 8 8 10 11 4 2 2 6 6 10 6 7 3 10 1 10 4 1 9 4 9 5 11 7 8 10 11 4 0 2 1 0 9 3 6
1 1 49 6
4 3 2 14 26 25 53 32 12
#c 0 1 2 11 0 5 3 7 0 5 10 4 3 1 2 5 6 5 6 7 8 8 10 11 4 2 2 6 6 10 6 7 3 10 1 10 4 1 9 4 9 5 11 7 8 10 11 4 0 2 1 0 9 3 6
2 2 6 12 37 1
2 3 53 32 13 50 34
#c 0 1 2 11 0 5 3 7 0 5 10 4 3 1 2 5 6 5 6 7 8 8 10 11 4 2 2 6 6 10 6 7 3 10 1 10 4 1 9 4 9 5 11 7 8 10 11 4 0 2 1 0 9 3 6
2 2 47 11 54 16
3 4 39 24 36 18 30 28 27
#c 0 1 2 11 0 5 3 7 0 5 10 4 3 1 2 5 6 5 6 7 8 8 10 11 4 2 2 6 6 10 6 7 3 10 1 10 4 1 9 4 9 5 11 7 8 10 11 4 0 2 1 0 9 3 6
1 1 17 38
4 2 5 41 15 9 40 52
#c 0 1 2 11 0 5 3 7 0 5 10 4 3 1 2 5 6 5 6 7 8 8 10 11 4 2 2 6 6 10 6 7 3 10 1 10 4 1 9 4 9 5 11 7 8 10 11 4 0 2 1 0 9 3 6
3 2 16 27 30 52 40
3 1 18 54 28 38
#c 0 1 2 11 0 5 3 7 0 5 10 4 3 1 2 5 6 5 6 7 8 8 10 11 4 2 2 6 6 10 6 7 3 10 1 10 4 1 9 4 9 5 11 7 8 10 11 4 0 2 1 0 9 3 6
1 1 31 48
3 4 7 19 43 0 8 4 51
#c 0 1 2 11 0 5 3 7 0 5 10 4 3 1 2 5 6 5 6 7 8 8 10 11 4 2 2 6 6 10 6 7 3 10 1 10 4 1 9 4 9 5 11 7 8 10 11 4 0 2 1 0 9 3 6
1 1 44 48
2 4 20 21 0 8 4 51
#c 0 1 2 11 0 5 3 7 0 5 10 4 3 1 2 5 6 5 6 7 8 8 10 11 4 2 2 6 6 10 6 7 3 10 1 10 4 1 9 4 9 5 11 7 0 10 11 4 8 2 1 0 9 3 6
1 1 38 6
2 3 40 52 53 32 12
#c 0 1 2 11 0 5 3 7 0 5 10 4 3 1 2 5 6 5 6 7 8 8 10 11 4 2 2 6 6 10 6 7 3 10 1 10 4 1 9 4 9 5 11 7 0 10 11 4 8 2 1 0 9 3 6
3 3 29 22 45 32 12 6
3 1 10 33 35 53
#c 0 1 2 11 0 5 10 7 0 5 10 4 10 1 2 5 6 5 6 7 8 8 3 11 4 2 2 6 6 3 6 7 10 10 1 10 4 1 9 4 9 5 11 7 0 3 11 4 8 2 1 0 9 3 6
2 2 42 46 21 20
2 1 23 3 48
#c 0 1 2 11 0 5 10 7 0 5 10 4 10 1 2 5 6 5 6 7 8 8 3 11 4 2 2 6 6 3 6 7 10 10 1 10 4 1 9 4 9 5 11 7 0 3 11 4 8 2 1 0 9 3 6
2 2 44 0 52 38
3 1 8 4 51 40
#c 9 1 2 11 0 5 10 7 0 5 10 4 10 1 2 5 6 5 6 7 8 8 3 11 4 2 2 6 6 3 6 7 10 10 1 10 4 1 0 4 9 5 11 7 9 3 11 4 8 2 1 0 0 3 6
2 2 1 34 54 27
3 4 13 37 50 18 30 16 28
#c 9 1 2 11 0 5 10 7 0 5 10 4 10 1 2 5 6 5 6 7 8 8 3 11 4 2 2 6 6 3 6 7 10 10 1 10 4 1 0 4 9 5 11 7 9 3 11 4 8 2 1 0 0 3 6
2 2 49 14 46 42
3 2 2 26 25 23 3
#c 9 1 2 11 0 5 10 7 0 5 10 4 10 1 2 5 6 5 6 7 8 8 3 11 4 2 2 6 6 3 6 7 10 10 1 10 4 1 0 4 9 5 11 7 9 3 11 4 8 2 1 0 0 3 6
1 1 53 31
3 3 29 22 45 7 19 43
#c 9 1 2 11 0 5 10 7 0 5 10 4 10 1 2 5 6 5 6 7 8 8 3 11 4 2 2 6 6 3 6 3 10 10 1 10 4 1 0 4 9 5 11 7 9 3 11 4 8 2 1 0 0 7 6
2 1 36 47 43
3 3 39 11 24 7 19 53
#c 9 1 2 11 0 5 10 7 0 5 10 4 10 1 2 5 6 5 6 7 8 8 3 11 4 2 2 6 6 3 6 3 10 10 1 10 4 1 0 4 9 5 11 7 9 3 11 4 8 2 1 0 0 7 6
2 2 5 15 6 32
3 4 17 41 9 10 33 35 12
#c 9 1 2 11 0 5 10 7 0 5 10 4 10 1 2 5 6 5 6 7 8 8 3 11 4 2 2 6 6 3 6 3 10 10 1 10 4 1 0 4 9 5 11 7 9 3 11 4 8 2 1 0 0 7 6
1 1 54 21
5 2 18 30 16 28 27 20 48
#c 9 1 2 11 0 5 10 7 0 5 10 4 10 1 2 5 6 5 6 7 8 6 3 11 4 2 2 6 6 3 6 3 10 10 1 10 4 1 0 4 9 5 11 7 9 3 11 4 8 2 1 0 0 7 8
1 1 7 26
3 4 19 43 53 2 14 25 49
#c 9 1 2 11 0 5 10 7 0 5 10 4 10 1 2 5 6 5 6 7 8 6 3 11 4 2 2 6 6 3 6 3 10 10 1 10 4 1 0 4 9 5 11 7 9 3 11 4 8 2 1 0 0 7 8
1 1 54 53
2 3 20 48 7 19 43
#c 9 1 2 11 0 5 10 7 0 5 10 4 10 1 2 5 6 5 6 7 8 6 3 11 4 2 2 6 6 3 6 3 10 10 1 10 4 1 0 4 9 5 11 7 9 3 11 4 8 2 1 0 0 7 8
1 1 0 9
2 4 40 44 5 17 41 15
#c 9 1 2 11 0 5 10 7 0 5 10 4 10 1 2 5 6 5 6 7 8 6 3 11 4 2 2 6 6 3 6 3 10 10 1 10 4 1 0 4 9 5 11 7 9 3 11 4 8 2 1 0 0 7 8
3 2 6 12 32 0 44
3 1 10 33 35 40
#c 9 1 2 11 0 5 10 7 0 5 10 4 10 1 2 5 6 5 6 7 8 6 3 11 4 2 2 6 6 3 6 3 10 10 1 10 4 1 0 4 9 5 11 7 9 3 11 4 8 2 1 0 0 7 8
1 1 42 53
3 3 23 46 3 7 19 43
#c 9 1 2 11 0 5 10 7 0 5 10 4 10 1 2 5 6 5 6 7 8 6 3 11 4 2 2 6 6 3 6 3 10 10 1 10 4 1 0 4 9 5 11 7 9 3 11 4 8 2 1 0 0 7 8
2 2 8 38 20 54
3 1 4 51 52 48
#c 9 1 2 11 0 5 10 7 0 5 10 4 10 1 2 5 6 5 6 7 8 6 3 11 4 2 2 6 6 3 6 3 10 10 1 10 4 1 0 4 9 5 11 7 9 3 11 4 8 2 1 0 0 7 8
#c 9 1 2 11 0 5 10 7 0 5 10 4 10 1 2 5 6 5 6 7 8 6 3 11 4 2 2 6 6 3 6 3 10 10 1 10 4 1 0 4 9 5 11 7 9 3 11 4 8 2 1 0 0 7 8
2 2 25 14 23 3
3 2 2 26 49 46 42
#c 9 1 2 11 0 5 10 7 0 5 10 4 10 1 2 5 6 5 6 7 8 6 3 11 4 2 2 6 6 3 6 3 10 10 1 10 4 1 0 4 9 5 11 7 9 3 11 4 8 2 1 0 0 7 8
2 2 29 22 15 41
2 3 45 31 5 17 9
#c 9 1 2 11 0 5 10 7 0 5 10 4 10 1 2 5 6 5 6 7 8 6 3 11 4 2 2 6 6 3 6 3 10 10 1 10 4 1 0 4 9 5 11 7 9 3 11 4 8 2 1 0 0 7 8
1 3 36 30 21 16
4 3 39 47 11 24 18 28 27
#c 9 1 2 11 0 5 10 7 0 5 10 4 10 1 2 5 6 5 6 7 8 6 3 11 4 2 2 6 6 3 6 3 10 10 1 10 4 1 0 4 9 5 11 7 9 3 11 4 8 2 1 0 0 7 8
2 2 5 9 16 28
3 4 17 41 15 18 30 27 21
#c 9 1 2 11 0 5 10 7 0 5 10 4 10 1 2 5 6 5 6 7 8 6 3 11 4 2 2 6 6 3 6 3 10 10 1 10 4 1 0 4 9 5 11 7 9 3 11 4 8 2 1 0 0 7 8
1 2 27 0 44
5 1 18 30 16 28 21 40
#c 9 1 2 11 0 5 10 7 0 5 10 4 10 1 2 5 6 5 6 7 8 6 3 11 4 2 2 6 6 3 6 3 10 10 1 10 4 1 0 4 9 5 11 7 9 3 11 4 8 2 1 0 0 7 8
1 1 19 2
3 4 7 43 53 14 26 25 49
#c 9 1 7 11 0 5 10 7 0 5 10 4 10 1 2 5 6 5 6 2 8 6 3 11 4 2 2 6 6 3 6 3 10 10 1 10 4 1 0 4 9 5 11 7 9 3 11 4 8 2 1 0 0 7 8
#c 9 1 7 11 0 5 10 7 0 5 10 4 10 1 2 5 6 5 6 2 8 6 3 11 4 2 2 6 6 3 6 3 10 10 1 10 4 1 0 4 9 5 11 7 9 3 11 4 8 2 1 0 0 7 8
1 1 0 37
2 4 40 44 1 13 50 34
#c 9 1 7 11 0 5 10 7 0 5 10 4 10 1 2 5 6 5 6 2 8 6 3 11 4 2 2 6 6 3 6 3 10 10 1 10 4 1 0 4 9 5 11 7 9 3 11 4 8 2 1 0 0 7 8
1 1 32 40
5 2 10 33 35 12 6 44 0
#c 9 1 7 11 0 5 10 7 0 5 10 4 10 1 2 5 6 5 6 2 8 6 3 11 4 2 2 6 6 3 6 3 10 10 1 10 4 1 0 4 9 5 11 7 9 3 11 4 8 2 1 0 0 7 8
1 1 42 11
3 4 23 46 3 39 47 24 36
#c 9 1 7 11 0 5 10 7 0 5 10 4 10 1 2 5 6 5 6 2 8 6 3 11 4 2 2 6 6 3 6 3 10 10 1 10 4 1 0 4 9 5 11 7 9 3 11 4 8 2 1 0 0 7 8
2 2 8 52 21 30
3 4 4 51 38 18 16 28 27
#c 9 1 7 11 0 5 10 7 0 5 10 4 10 1 2 5 6 5 6 2 8 6 3 11 4 2 2 6 6 3 6 3 10 10 1 10 4 1 0 4 9 5 11 7 9 3 11 4 8 2 1 0 0 7 8
#c 9 1 7 11 0 5 10 7 0 5 10 4 10 1 2 5 6 5 6 2 8 6 3 11 4 2 2 6 6 3 6 3 10 10 1 10 4 1 0 4 9 5 11 7 9 3 11 4 8 2 1 0 0 7 8
1 1 25 28
4 5 14 26 49 19 18 30 16 27 21
#c 9 1 7 11 0 5 10 7 0 5 10 4 10 1 2 5 6 5 6 2 8 6 3 11 4 2 2 6 6 3 6 3 10 10 1 10 4 1 0 4 9 5 11 7 9 3 11 4 8 2 1 0 0 7 8
1 1 31 10
3 5 29 22 45 33 35 32 12 6
#c 9 1 7 11 0 5 10 7 0 5 10 4 10 1 2 5 6 5 6 2 8 6 3 11 4 2 2 6 6 3 6 3 10 10 1 10 4 1 0 4 9 5 11 7 9 3 11 4 8 2 1 0 0 7 8
1 1 11 19
4 4 39 47 24 36 14 26 25 49
#c 9 1 7 11 0 5 10 7 0 5 10 4 10 1 2 5 6 5 6 2 8 6 3 11 4 2 2 6 6 3 6 3 10 10 1 10 4 1 0 4 9 5 11 7 9 3 11 4 8 2 1 0 0 7 8
2 1 5 9 32
3 5 17 41 15 10 33 35 12 6
#c 9 1 7 11 0 5 10 7 0 5 10 4 10 1 2 5 6 5 6 2 8 6 3 11 4 2 2 6 6 3 6 3 10 10 1 10 4 1 0 4 9 5 11 7 9 3 11 4 8 2 1 0 0 7 8
1 1 21 42
5 3 18 30 16 28 27 23 46 3
#c 9 1 7 11 0 5 10 7 0 5 10 4 10 1 2 5 6 5 6 2 8 11 3 11 4 2 2 6 6 3 6 3 10 10 1 10 4 1 0 4 9 5 6 7 9 3 11 4 8 2 1 0 0 7 8
1 1 7 52
3 4 43 53 2 8 4 51 38
#c 9 1 7 11 0 5 10 7 0 5 10 4 10 1 2 5 6 5 6 2 8 11 3 11 4 2 2 6 6 3 6 3 10 10 1 10 4 1 0 4 9 5 6 7 9 3 11 4 8 2 1 0 0 7 8
1 1 48 39
2 4 20 54 47 11 24 36
#c 9 1 7 11 0 5 10 7 0 5 10 4 10 1 2 5 6 5 6 2 8 11 3 11 4 2 2 6 6 3 6 3 10 10 1 10 4 1 0 4 9 5 6 7 9 3 11 4 8 2 1 0 0 7 8
1 1 40 35
2 5 44 0 10 33 32 12 6
#c 9 1 7 11 0 5 10 7 0 5 10 4 10 1 2 5 6 5 6 2 8 11 3 11 4 2 2 6 6 3 6 3 10 10 1 9 4 1 0 4 10 5 6 7 9 3 11 4 8 2 1 0 0 7 8
1 1 33 30
5 5 10 32 12 6 40 18 16 28 27 42
#c 9 1 7 11 0 5 10 7 0 5 10 4 10 1 2 5 6 5 6 2 8 11 3 11 4 2 2 6 6 3 6 3 10 10 1 9 4 1 0 4 10 5 6 7 9 3 11 4 8 2 1 0 0 7 8
2 2 46 21 51 4
2 3 23 3 8 52 38
#c 9 1 7 11 0 5 10 7 0 5 10 4 10 1 2 5 6 5 6 2 8 11 3 11 4 2 2 6 6 3 6 3 10 10 1 9 4 1 0 4 10 5 6 7 9 3 11 4 8 2 1 0 0 7 8
1 1 38 48
4 2 8 4 51 52 20 54
#c 9 1 7 11 0 5 10 7 0 5 10 4 10 1 2 5 6 5 6 2 8 11 3 11 4 2 2 6 6 3 6 3 10 10 1 9 4 1 0 4 10 5 6 7 9 3 11 4 8 2 1 0 0 7 8
2 3 50 34 42 30 27
3 3 1 13 37 18 16 28
#c 9 1 7 11 0 5 10 7 0 5 10 4 10 1 2 5 6 5 6 2 8 11 3 11 4 2 2 1 6 3 1 3 10 10 6 9 4 1 0 4 10 5 1 7 9 3 11 4 8 2 6 0 0 7 8
2 2 14 26 51 52
3 3 25 49 19 8 4 38
#c 9 1 7 11 0 5 10 7 0 5 10 4 10 1 2 5 6 5 6 2 8 11 3 11 4 2 2 1 6 3 1 3 10 10 6 9 4 1 0 4 10 5 1 7 9 3 11 4 8 2 6 0 0 7 8
1 1 45 20
3 2 29 22 31 48 54
#c 9 1 7 11 0 5 10 7 0 5 10 4 10 1 2 5 6 5 6 2 8 11 3 11 4 2 2 1 6 3 1 3 10 10 6 9 4 1 0 4 10 5 1 7 9 3 11 4 8 2 6 0 0 7 8
1 2 39 54 20
4 1 47 11 24 36 48
#c 9 1 7 11 0 5 10 7 0 5 10 4 10 1 2 5 6 5 6 2 8 11 3 11 4 2 2 1 6 3 1 3 10 10 6 9 4 1 0 4 10 5 1 7 9 3 11 4 8 2 6 0 0 7 8
2 2 17 5 31 22
3 2 41 15 9 29 45
#c 9 1 7 11 0 5 10 7 0 5 10 4 10 1 2 5 6 5 6 2 8 11 3 11 4 2 2 1 6 3 1 3 10 10 6 9 4 1 0 4 10 5 1 7 9 3 11 4 8 2 6 0 0 7 8
2 2 28 34 48 54
3 1 18 16 50 20
#c 9 1 7 11 0 5 10 7 0 5 10 4 10 1 2 5 6 5 6 2 8 11 3 11 4 2 2 1 6 3 1 3 10 10 6 9 4 1 0 4 10 5 1 7 9 3 11 4 8 2 6 0 0 7 8
#c 9 1 7 11 0 5 10 7 0 5 10 4 10 1 2 5 6 5 6 2 8 11 3 11 4 2 2 1 6 3 1 3 10 10 6 9 4 1 0 4 10 5 1 7 9 3 11 4 8 2 6 0 0 7 8
1 1 20 4
2 4 48 54 8 51 52 38
#c 9 1 7 11 0 5 10 7 0 5 10 4 10 1 2 5 6 5 6 2 8 11 3 11 4 2 2 1 6 3 1 3 10 10 6 9 4 1 0 4 10 5 1 7 9 3 11 4 8 2 6 0 0 7 8
1 1 35 15
2 4 44 0 5 17 41 9
#c 9 1 7 11 0 5 10 7 0 5 10 4 10 1 2 5 6 5 6 2 8 11 3 11 4 2 2 1 6 3 1 3 10 10 6 9 4 1 0 4 10 5 1 7 9 3 11 4 8 2 6 0 0 7 8
3 3 6 10 12 9 15 17
3 2 33 32 40 5 41
#c 9 1 7 11 0 5 10 7 0 5 10 4 10 1 2 5 6 5 6 2 8 11 3 11 4 2 2 1 6 3 1 3 10 10 6 9 4 1 0 4 10 5 1 7 9 3 11 4 8 2 6 0 0 7 8
1 1 46 7
3 3 23 3 21 43 53 2
#c 9 1 7 11 0 5 10 7 0 5 10 4 10 1 2 5 6 5 6 2 8 11 3 11 4 2 2 1 6 3 1 3 10 10 6 9 4 1 0 4 10 5 1 7 9 3 11 4 8 2 6 0 0 7 8
1 1 51 45
4 3 8 4 52 38 29 22 31
#c 9 1 7 11 0 5 10 7 0 5 10 4 10 1 2 5 6 5 6 2 8 11 3 11 4 2 2 1 6 3 1 3 10 10 6 9 4 1 0 4 10 5 1 7 9 3 11 4 8 2 6 0 0 7 8
2 2 30 13 8 38
4 3 1 37 42 27 4 51 52
#c 9 1 7 11 0 5 10 7 0 5 10 4 10 1 2 5 6 5 6 2 8 11 3 11 4 2 2 1 6 3 1 3 10 10 6 9 4 1 0 4 10 5 1 7 9 3 11 4 8 2 6 0 0 7 8
2 2 14 49 28 16
3 3 26 25 19 18 50 34
#c 9 1 7 11 0 5 10 7 0 5 10 4 10 1 2 5 6 5 6 2 8 11 3 11 4 2 2 1 6 3 1 3 10 10 6 9 4 1 0 4 10 5 1 7 9 3 11 4 8 2 6 0 0 7 8
#c 9 1 7 11 0 5 10 7 0 5 10 4 10 1 2 5 6 5 6 2 8 11 3 11 4 2 2 1 6 3 1 3 10 10 6 9 4 1 0 4 10 5 1 7 9 3 11 4 8 2 6 0 0 7 8
1 1 11 21
#c 9 1 7 11 0 5 10 7 0 5 10 4 10 1 2 5 6 5 6 2 8 11 3 11 4 2 2 1 6 3 1 3 10 10 6 9 4 1 0 4 10 5 1 7 9 3 11 4 8 2 6 0 0 7 8
#c 9 1 7 11 0 5 10 7 0 5 10 4 10 1 2 5 6 5 6 2 8 11 3 11 4 2 2 1 6 3 1 3 10 10 6 9 4 1 0 4 10 5 1 7 9 3 11 4 8 2 6 0 0 7 8
1 1 50 10
4 5 18 16 28 34 33 32 12 6 40
#c 9 1 7 11 0 5 10 7 0 5 10 4 10 1 2 5 6 5 6 2 8 11 3 11 4 2 2 1 6 3 1 3 10 10 6 9 4 1 0 4 10 5 1 7 9 3 11 4 8 2 6 0 0 7 8
2 2 53 43 0 35
2 1 7 2 44
#c 9 1 7 11 0 5 10 7 0 5 10 4 10 1 2 5 6 5 6 2 8 11 3 11 4 2 2 1 6 3 1 3 10 10 6 9 4 1 0 4 10 5 1 7 9 3 11 4 8 2 6 0 0 7 8
1 1 54 47
2 4 20 48 39 11 24 36
#c 9 1 7 11 0 5 10 7 0 5 10 4 10 1 2 5 6 5 6 2 8 11 3 11 4 2 2 1 6 3 1 3 10 10 6 9 4 1 0 4 10 5 1 7 9 3 11 4 8 2 6 0 0 7 8
1 1 44 38
2 4 0 35 8 4 51 52
#c 9 1 7 11 0 5 10 7 0 5 10 4 10 1 2 5 6 5 6 2 8 11 3 11 4 2 2 1 6 3 1 3 10 10 6 9 4 1 0 4 10 5 1 7 9 3 11 4 8 2 6 0 0 7 8
2 2 32 10 46 23
4 2 33 12 6 40 3 21
#c 9 1 7 11 0 5 10 7 0 5 10 4 10 1 2 5 6 5 6 2 8 11 3 11 4 2 2 1 6 3 1 3 10 10 6 9 4 1 0 4 10 5 1 7 9 3 11 4 8 2 6 0 0 7 8
1 1 3 22
3 3 23 46 21 29 45 31
#c 9 1 7 11 0 5 10 7 0 5 10 4 10 1 2 5 6 5 6 2 8 11 3 11 4 2 2 1 6 3 1 3 10 10 6 9 4 1 0 4 10 5 1 7 9 3 11 4 8 2 6 0 0 7 8
1 1 8 17
4 4 4 51 52 38 5 41 15 9
#c 9 1 7 11 0 5 10 7 5 5 10 4 10 1 2 5 6 0 6 2 8 11 3 11 4 2 2 1 6 3 1 3 10 10 6 9 4 1 0 4 10 5 1 7 9 3 11 4 8 2 6 0 0 7 8
2 2 42 30 32 10
4 4 1 13 37 27 33 12 6 40
#c 9 1 7 11 0 5 10 7 5 5 1 4 10 1 2 5 6 0 6 2 8 11 3 11 4 2 2 1 6 3 10 3 1 10 6 9 4 1 0 4 10 5 10 7 9 3 11 4 8 2 6 0 0 7 8
#c 9 1 7 11 0 5 10 7 5 5 1 4 10 1 2 5 6 0 6 2 8 11 3 11 4 2 2 1 6 3 10 3 1 10 6 9 4 1 0 4 10 5 10 7 9 3 11 4 8 2 6 0 0 7 8
1 1 31 19
3 4 29 22 45 14 26 25 49
#c 9 1 7 11 0 5 10 7 5 5 1 4 10 1 2 5 6 0 6 2 8 11 3 11 4 2 2 1 6 3 10 3 1 10 6 9 4 1 0 4 10 5 10 7 9 3 11 4 8 2 6 0 0 7 8
2 1 11 47 7
3 3 39 24 36 43 53 2
#c 9 1 7 11 0 5 10 7 5 5 1 4 10 1 2 5 6 0 6 2 8 11 3 11 4 2 2 1 6 3 10 3 1 10 6 9 4 1 0 4 10 5 10 7 9 3 11 4 8 2 6 0 0 7 8
#c 9 1 7 11 0 5 10 7 5 5 1 4 10 1 2 5 6 0 6 2 8 11 3 11 4 2 2 1 6 3 10 3 1 10 6 9 4 1 0 4 10 5 10 7 9 3 11 4 8 2 6 0 0 7 8
#c 9 1 7 11 0 5 10 7 5 5 1 4 10 1 2 5 6 0 6 2 8 11 3 11 4 2 2 1 6 3 10 3 1 10 6 9 4 1 0 4 10 5 10 7 9 3 11 4 8 2 6 0 0 7 8
1 1 43 28
3 4 7 53 2 18 16 50 34
#c 9 1 7 11 0 5 10 7 5 5 1 4 10 1 2 5 6 0 6 2 8 11 3 11 4 2 2 1 6 3 10 3 1 10 6 9 4 1 0 4 10 5 10 7 9 3 11 4 8 2 6 0 0 7 8
1 1 48 19
2 4 20 54 14 26 25 49
#c 9 1 7 11 0 5 10 7 5 5 1 4 10 1 2 5 6 0 6 2 8 11 3 11 4 2 2 1 6 3 10 3 1 10 6 9 4 1 0 4 10 5 10 7 9 3 11 4 8 2 6 0 0 7 8
1 1 0 48
2 2 44 35 20 54
#c 9 1 7 11 0 5 10 7 5 5 1 4 10 1 2 5 6 0 6 2 8 11 3 11 4 2 2 1 6 3 10 3 1 10 6 9 4 1 0 4 10 5 10 7 9 3 11 4 8 2 6 0 0 7 8
3 3 30 6 42 1 37 32
3 3 33 12 40 13 27 10
#c 9 1 7 11 0 5 10 7 5 5 1 4 10 1 2 5 6 0 6 2 8 11 3 11 4 2 2 1 6 3 10 3 1 10 6 9 4 1 0 4 10 5 10 7 9 3 11 4 8 2 6 0 0 7 8
1 1 3 20
3 2 23 46 21 48 54
#c 9 1 7 11 0 5 10 7 5 5 1 4 10 1 2 5 6 0 6 2 8 11 3 11 4 2 2 1 6 3 10 3 1 10 6 9 4 1 0 4 10 5 10 7 9 3 11 4 8 2 6 0 0 7 8
1 1 52 35
4 2 4 51 38 17 44 0
#c 9 1 7 11 0 5 10 7 5 5 1 4 10 1 2 5 6 0 6 2 8 11 3 11 4 2 2 1 6 3 10 3 1 10 6 9 4 1 0 4 10 5 10 7 9 3 11 4 8 2 6 0 0 7 8
2 2 13 37 20 48
4 1 1 27 32 10 54
#c 9 1 7 11 0 5 10 7 5 5 1 4 10 1 2 5 6 0 6 2 8 11 3 11 4 2 2 1 6 3 10 3 1 10 6 9 4 1 0 4 10 5 10 7 9 3 11 4 8 2 6 0 0 7 8
2 2 25 26 44 35
3 1 14 49 19 0
#c 9 1 7 11 0 5 10 7 5 5 1 4 10 1 2 5 6 0 6 2 8 11 3 11 4 2 2 1 6 3 10 3 1 10 6 9 4 1 0 4 10 5 10 7 9 3 11 4 8 2 6 0 0 7 8
1 1 45 28
3 4 29 22 31 18 16 50 34
#c 9 1 7 11 0 5 10 7 5 5 1 4 10 1 2 5 6 0 6 2 8 11 3 11 4 2 2 1 6 3 10 3 1 10 6 9 4 1 0 4 10 5 10 7 9 3 11 4 8 2 6 0 0 7 8
1 1 36 15
4 4 39 47 11 24 5 41 9 8
#c 9 1 7 11 0 5 10 7 5 5 1 4 10 1 2 4 6 0 6 2 8 11 3 11 4 2 2 1 6 3 10 3 1 10 6 9 5 1 0 4 10 5 10 7 9 3 11 4 8 2 6 0 0 7 8
1 1 5 51
4 4 41 9 8 36 4 52 38 17
#c 9 1 7 11 0 0 10 7 5 5 1 4 10 1 2 4 6 0 6 2 8 11 3 11 4 2 2 1 6 3 10 3 1 10 6 9 5 1 0 4 10 5 10 7 9 3 11 4 8 2 6 5 0 7 8
2 2 28 16 21 46
3 2 18 50 34 23 3
#c 9 1 7 11 0 0 10 7 5 5 1 4 10 1 2 4 6 0 6 2 8 11 3 11 4 2 2 1 6 3 10 3 1 10 6 9 5 1 0 4 10 5 10 7 9 3 11 4 8 2 6 5 0 7 8
1 1 43 20
3 2 7 53 2 48 54
#c 9 1 7 11 0 0 10 7 5 5 1 4 10 1 2 4 6 0 6 2 8 11 3 11 4 2 2 1 6 3 10 3 1 10 6 9 5 1 0 4 10 5 10 7 9 3 11 4 8 2 6 5 0 7 8
#c 9 1 7 11 0 0 10 7 5 5 1 4 10 1 2 4 6 0 6 2 8 11 3 11 4 2 2 1 6 3 10 3 1 10 6 9 5 1 0 4 10 5 10 7 9 3 11 4 8 2 6 5 0 7 8
1 1 35 6
2 5 44 0 33 12 40 42 30
#c 9 1 7 11 0 0 9 7 5 5 1 4 10 1 2 4 6 0 6 2 8 11 3 11 4 2 2 1 6 3 10 3 1 10 6 10 5 1 0 4 10 5 10 7 9 3 11 4 8 2 6 5 0 7 8
2 2 40 30 21 46
4 2 33 12 42 35 23 3
#c 9 1 7 11 0 0 9 7 5 5 1 4 10 1 2 4 6 0 6 2 8 11 3 11 4 2 2 1 6 3 10 3 1 10 6 10 5 1 0 4 10 5 10 7 9 3 11 4 8 2 6 5 0 7 8
2 2 23 21 45 29
2 2 46 3 22 31
#c 9 1 7 11 0 0 9 7 5 5 1 4 10 1 2 4 6 0 6 2 8 3 3 3 4 2 2 1 6 11 10 3 1 10 6 10 5 1 0 4 10 5 10 7 9 11 11 4 8 2 6 5 0 7 8
2 1 5 17 44
3 2 4 52 38 0 6
#c 9 1 7 11 0 9 9 7 5 5 1 4 10 1 2 4 6 9 6 2 8 3 3 3 4 2 2 1 6 11 10 3 1 10 6 10 5 1 0 4 10 5 10 7 0 11 11 4 8 2 6 5 0 7 8
1 2 27 31 22
5 2 1 13 37 32 10 23 21
#c 9 1 7 11 0 9 9 7 5 5 1 4 10 1 2 4 6 9 6 2 8 3 3 3 4 2 2 1 6 11 10 3 1 10 6 10 5 1 0 4 10 5 10 7 0 11 11 4 8 2 6 5 0 7 8
2 2 19 49 20 54
3 1 14 26 25 48
#c 9 1 7 11 0 9 9 7 5 5 1 4 10 1 2 4 6 9 6 2 8 3 3 3 4 2 2 1 6 11 10 3 1 10 6 10 5 1 0 4 10 5 10 7 0 11 11 4 8 2 6 5 0 7 8
1 1 23 52
3 3 22 31 21 4 38 44
#c 9 1 7 11 0 9 9 7 5 5 1 4 10 1 2 4 6 9 6 2 8 3 3 0 4 2 2 1 6 11 10 3 1 10 6 10 5 1 0 4 10 5 10 7 0 11 11 4 8 2 6 5 3 7 8
1 1 11 54
4 2 39 47 24 15 20 48
#c 9 1 7 11 0 9 9 7 5 5 1 4 10 1 2 4 6 9 6 2 8 3 3 0 4 2 2 1 6 11 10 3 1 10 6 10 5 1 0 4 10 5 10 7 0 11 11 4 8 2 6 5 3 7 8
1 1 36 28
4 4 41 9 8 51 18 16 50 34
#c 9 1 7 11 0 9 9 7 5 5 1 4 10 1 2 4 6 9 6 2 8 3 3 0 4 2 2 1 6 11 10 3 1 10 6 10 5 1 0 4 10 5 10 7 0 11 11 4 8 2 6 5 3 7 8
1 3 28 43 53 7
4 1 18 16 50 34 2
#c 9 1 7 11 0 9 9 7 5 5 1 4 10 1 2 4 6 9 6 2 8 3 3 0 4 2 2 1 6 11 10 3 1 10 6 10 5 1 0 4 10 5 10 7 0 11 11 4 8 2 6 5 3 7 8
2 2 2 53 22 21
2 2 7 43 31 52
#c 9 1 7 11 0 9 9 7 5 5 1 4 10 1 2 4 6 9 6 2 8 3 3 0 4 2 2 1 6 11 10 3 1 10 6 10 5 1 0 4 10 5 10 7 0 11 11 4 8 2 6 5 3 7 8
1 1 48 10
2 5 20 54 1 13 37 27 32
#c 9 1 7 11 0 9 9 7 5 5 1 4 10 1 2 4 6 9 6 2 8 3 3 0 4 2 2 1 6 11 10 3 1 10 6 10 5 1 0 4 10 5 10 7 0 11 11 4 8 2 6 5 3 7 8
2 1 6 0 45
2 3 5 17 46 3 29
#c 9 1 7 11 0 9 9 7 5 5 1 4 10 1 2 4 6 9 6 2 8 3 3 0 4 2 2 1 6 11 10 3 1 10 6 10 5 1 0 4 10 5 10 7 0 11 11 4 8 2 6 5 3 7 8
1 1 30 20
5 2 33 12 40 42 35 48 54
#c 9 1 7 11 0 9 9 7 5 5 1 4 10 1 2 4 6 9 6 2 8 3 3 0 4 2 2 1 6 11 10 3 1 10 6 10 5 1 0 4 10 5 10 7 0 11 11 4 8 2 6 5 3 7 8
#c 9 1 7 11 0 9 9 7 5 5 1 4 10 1 2 4 6 9 6 2 8 3 3 0 4 2 2 1 6 11 10 3 1 10 6 10 5 1 0 4 10 5 10 7 0 11 11 4 8 2 6 5 3 7 8
1 1 38 7
3 3 4 44 23 43 53 2
#c 9 1 7 11 0 9 9 7 5 5 1 4 10 1 2 4 6 9 6 2 8 3 3 0 4 2 2 1 6 11 10 3 1 10 6 10 5 1 0 4 10 5 10 7 0 11 11 4 8 2 6 5 3 7 8
2 3 32 27 8 9 41
4 2 1 13 37 10 36 51
#c 9 1 7 11 0 9 9 7 5 5 1 4 10 1 2 4 6 9 6 2 8 3 3 0 4 2 2 1 6 11 10 3 1 10 6 10 5 1 0 4 10 5 10 7 0 11 11 4 8 2 6 5 3 7 8
2 2 49 26 53 7
3 2 14 25 19 43 2
#c 9 1 7 11 0 9 9 7 5 5 1 4 10 1 2 4 6 9 6 2 8 3 3 0 4 2 2 1 6 11 10 3 1 10 6 10 5 1 0 4 10 5 10 7 0 11 11 4 8 2 6 5 3 7 8
1 1 52 0
3 3 22 31 21 6 5 17
#c 9 1 7 11 0 9 9 7 5 5 1 4 10 1 2 4 6 9 6 2 8 3 3 0 4 2 2 1 6 11 10 3 1 10 6 10 5 1 0 4 10 5 10 7 0 11 11 4 8 2 6 5 3 7 8
1 1 47 48
4 2 39 11 24 15 20 54
#c 9 1 7 11 0 9 9 7 5 5 1 4 10 1 2 4 6 9 6 2 8 3 3 0 4 2 2 1 6 11 10 3 1 10 6 10 5 1 0 4 10 5 10 7 0 11 11 4 8 2 6 5 3 7 8
2 4 36 9 16 34 50 28
3 1 41 8 51 18
#c 9 1 7 11 0 9 9 7 5 5 1 4 10 1 2 4 6 9 6 2 8 3 3 0 4 2 2 1 6 11 10 3 1 10 6 10 5 1 0 4 10 5 10 7 0 11 11 4 8 2 6 5 3 7 8
1 1 28 52
4 3 18 16 50 34 22 31 21
#c 9 1 7 11 0 9 9 7 5 5 1 4 10 1 2 4 6 9 6 2 8 3 3 0 4 2 2 1 3 11 10 3 1 10 6 10 5 1 0 4 10 5 10 7 0 11 11 4 8 2 6 5 6 7 8
2 2 7 53 9 41
2 3 43 2 8 36 51
#c 9 1 7 11 0 9 9 7 5 5 1 4 10 1 2 4 6 9 6 2 8 3 3 0 4 2 2 1 3 11 10 3 1 10 6 10 5 1 0 4 10 5 10 7 0 11 11 4 8 2 6 5 6 7 8
1 1 20 31
2 3 48 54 22 21 28
#c 9 1 7 11 0 9 9 7 5 5 1 4 10 1 2 4 6 9 6 2 8 3 3 0 4 2 2 1 3 11 10 3 1 10 6 10 5 1 0 4 10 5 10 7 0 11 11 4 8 2 6 5 6 7 8
1 1 5 7
3 3 0 6 17 43 53 2
#c 9 1 7 11 0 9 9 7 5 5 1 4 10 1 2 4 6 9 6 2 8 3 3 0 4 2 2 1 3 11 10 3 1 10 6 10 5 1 0 4 10 5 10 7 0 11 11 4 8 2 6 5 6 7 8
2 2 30 33 10 1
4 4 12 40 42 35 13 37 27 32
#c 9 1 7 11 0 9 9 7 5 5 1 4 10 1 2 4 6 9 6 2 8 3 3 0 4 2 2 1 3 11 10 3 1 10 6 10 5 1 0 4 10 5 10 7 0 11 11 4 8 2 6 5 6 7 8
#c 9 1 7 11 0 9 9 7 5 5 1 4 10 1 2 4 6 9 6 2 8 3 3 0 4 2 2 1 3 11 10 3 1 10 6 10 5 1 0 4 10 5 10 7 0 11 11 4 8 2 6 5 6 7 8
2 2 23 44 14 25
2 3 4 38 26 49 19
#c 9 1 7 11 0 9 9 7 5 5 1 4 10 1 2 4 6 9 6 2 8 3 3 0 4 2 2 1 3 11 10 3 1 10 6 10 5 1 0 4 10 5 10 7 0 11 11 4 8 2 6 5 6 7 8
3 3 32 10 27 41 36 8
3 2 1 13 37 9 51
#c 9 1 7 11 0 9 9 7 5 5 1 4 10 1 2 4 6 9 6 2 8 3 3 0 4 2 2 1 3 11 10 3 1 10 6 10 5 1 0 4 10 5 10 7 0 11 11 4 8 2 6 5 6 7 8
2 2 14 19 30 40
3 4 26 25 49 33 12 42 35
#c 9 1 7 11 0 9 9 7 5 5 1 4 10 1 2 4 6 9 6 2 8 3 3 0 4 2 2 1 3 11 10 3 1 10 6 10 5 1 0 4 10 5 10 7 0 11 11 4 8 2 6 5 6 7 8
1 1 22 48
3 2 31 21 28 20 54
#c 9 1 7 11 0 9 9 7 5 5 1 4 10 1 2 4 6 9 6 2 8 3 3 0 4 2 2 1 3 11 10 3 1 10 6 10 5 1 0 4 10 5 10 7 0 11 11 4 8 2 6 5 6 7 8
1 1 15 30
4 5 39 47 11 24 33 12 40 42 35
#c 9 1 7 11 0 9 9 7 5 5 1 4 10 1 2 4 6 9 6 2 8 3 3 0 4 2 2 1 3 11 10 3 1 10 6 10 5 1 0 4 10 5 10 7 0 11 11 4 8 2 6 5 6 7 8
2 2 8 51 52 50
3 3 41 9 36 18 16 34
#c 9 1 7 11 0 9 9 7 5 5 1 4 10 1 2 4 6 9 6 2 8 3 3 0 4 2 2 1 3 11 10 3 1 10 6 10 5 1 0 4 10 5 10 7 0 11 11 4 8 2 6 5 6 7 8
2 2 50 34 30 12
3 4 18 16 52 33 40 42 35
#c 9 1 7 11 0 9 9 7 5 5 1 4 10 1 2 4 6 9 6 2 8 3 3 0 4 2 2 1 3 11 10 3 1 10 6 10 5 1 0 4 10 5 10 7 0 11 11 4 8 2 6 5 6 7 8
2 2 53 2 23 4
2 2 7 43 38 44
#c 9 1 7 11 0 9 9 7 5 5 1 4 10 1 2 4 6 9 6 2 8 3 3 0 4 2 2 1 3 11 10 3 1 10 6 10 5 1 0 4 10 5 10 7 0 11 11 4 8 2 6 5 6 7 8
1 1 20 41
2 4 48 54 9 8 36 51
#c 9 1 7 11 0 9 9 7 5 5 1 4 10 1 2 4 6 9 6 2 8 3 3 0 4 2 2 1 3 11 10 3 1 10 6 10 5 1 0 4 10 5 10 7 0 11 11 4 8 2 6 5 6 7 8
1 1 0 3
3 3 6 5 17 46 45 29
#c 9 1 7 11 0 9 9 7 5 5 1 4 10 1 2 4 6 9 6 2 8 3 3 0 4 2 2 1 3 11 10 3 1 10 6 10 5 1 0 4 10 5 10 7 0 11 11 4 8 2 6 5 6 7 8
3 3 40 33 12 45 29 46
3 1 42 30 35 3
#c 9 1 7 11 0 9 9 7 5 5 1 4 10 1 2 4 6 9 6 2 8 3 3 0 4 2 2 1 3 11 10 3 1 10 6 10 5 1 0 4 10 5 10 7 0 11 11 4 8 2 6 5 6 7 8
2 2 45 46 28 31
2 2 3 29 22 21
#c 9 1 7 11 0 9 9 7 5 5 1 4 10 1 2 4 6 9 6 2 8 3 3 0 4 2 2 1 3 11 10 3 1 10 6 10 5 1 0 4 10 5 10 7 0 11 11 4 8 2 6 5 6 7 8
2 2 38 23 5 17
2 2 4 44 0 6
#c 9 1 7 11 0 9 9 7 5 5 1 4 10 1 2 4 6 9 6 2 8 3 3 0 4 2 2 1 3 11 10 3 1 10 6 10 5 1 0 4 10 5 10 7 0 11 11 4 8 2 6 5 6 7 8
1 2 13 21 22
5 2 1 37 27 32 10 31 28
#c 9 1 7 11 0 9 9 7 5 5 1 4 10 1 2 4 6 9 6 2 8 3 3 0 4 2 2 1 3 11 10 3 1 10 6 10 5 1 0 4 10 5 10 7 0 11 11 4 8 2 6 5 6 7 8
2 2 25 26 31 28
3 2 14 49 19 22 21
#c 9 1 7 11 0 9 9 7 5 5 1 4 10 1 2 4 6 9 6 2 8 3 3 0 4 3 3 1 2 11 10 2 1 10 6 10 5 1 0 4 10 5 10 7 0 11 11 4 8 2 6 5 6 7 8
2 2 25 22 13 37
2 4 21 26 1 27 32 10
#c 9 1 7 11 0 9 9 7 5 5 1 4 10 1 2 4 6 9 6 2 8 3 3 0 4 3 3 1 2 11 10 2 1 10 6 10 5 1 0 4 10 5 10 7 0 11 11 4 8 2 6 5 6 7 8
4 3 39 47 11 24 7 43 2
#c 9 1 7 11 0 9 9 7 5 5 1 4 10 1 2 4 6 9 6 2 8 3 3 0 4 3 3 1 2 11 10 2 1 10 6 10 5 1 0 4 10 5 10 7 0 11 11 4 8 2 6 5 6 7 8
2 2 41 51 18 50
3 3 9 8 36 16 34 52
#c 9 1 7 11 0 9 9 7 5 5 1 4 10 1 2 4 6 9 6 2 8 3 3 0 4 3 3 1 2 11 10 2 1 10 6 10 5 1 0 4 10 5 10 7 0 11 11 4 8 2 6 5 6 7 8
1 1 50 22
4 3 18 16 34 52 21 25 26
#c 9 1 7 11 0 9 9 7 5 5 1 4 10 1 2 4 6 9 6 2 8 3 3 0 4 3 3 1 2 11 10 2 1 10 6 10 5 1 0 4 10 5 10 7 0 11 11 4 8 2 6 5 6 7 8
1 2 2 48 20
3 1 7 43 53 54
#c 9 1 7 11 0 9 9 7 5 5 1 4 10 1 2 4 6 9 6 2 8 3 3 0 4 3 3 1 2 11 10 2 1 10 6 10 5 1 0 4 10 5 10 7 0 11 11 4 8 2 6 5 6 7 8
1 3 54 42 40 35
2 3 20 48 33 12 30
#c 9 1 7 11 0 9 9 7 5 5 1 4 10 1 2 4 6 9 6 2 8 3 3 0 4 3 3 1 2 11 10 2 1 10 6 10 5 1 0 4 10 5 10 7 0 11 11 4 8 2 6 5 6 7 8
1 1 17 48
3 2 0 6 5 20 54
#c 9 1 7 11 0 9 9 7 5 5 1 4 10 1 2 4 6 9 6 2 8 3 3 0 4 3 3 1 2 11 10 2 1 10 6 10 5 1 0 4 10 5 10 7 0 11 11 4 8 2 6 5 6 7 8
3 3 12 40 35 11 15 39
3 2 33 42 30 47 24
#c 9 1 7 11 0 9 9 7 5 5 1 4 10 1 2 4 6 9 6 2 8 3 3 0 4 3 3 1 2 11 10 2 1 10 6 10 5 1 0 4 10 5 10 7 0 11 11 4 8 2 6 5 6 7 8
1 2 3 0 6
3 2 46 45 29 5 17
#c 9 1 7 11 0 9 9 7 5 5 1 4 10 1 2 4 6 9 6 2 8 3 3 0 4 3 3 1 2 11 10 2 1 10 6 10 5 1 0 4 10 5 10 7 0 11 11 4 8 2 6 5 6 7 8
1 1 44 28
3 4 4 38 23 14 49 19 31
#c 9 1 7 11 0 9 9 7 5 5 1 4 10 1 2 4 6 9 6 2 8 3 3 0 4 3 3 1 2 11 10 2 1 10 6 10 5 1 0 4 10 5 10 7 0 11 11 4 8 2 6 5 6 7 8
3 3 1 27 10 6 0 17
3 1 13 37 32 5
#c 9 1 7 11 0 9 9 7 5 5 1 4 10 1 2 4 6 9 6 2 8 3 3 0 4 3 3 1 2 11 10 2 1 10 6 10 5 1 0 4 10 5 10 7 0 11 11 4 8 2 6 5 6 7 8
2 2 49 14 9 41
3 3 19 31 28 8 36 51
#c 9 1 7 11 0 9 9 7 5 5 1 4 10 1 2 4 6 9 6 2 8 3 3 0 4 3 3 1 2 11 10 2 1 10 6 10 5 1 0 4 10 5 10 7 0 11 11 4 8 2 6 5 6 7 8
1 1 26 19
3 4 22 21 25 14 49 31 28
#c 9 1 7 11 0 9 9 7 5 5 1 4 10 1 2 4 6 9 6 2 8 3 3 0 4 3 3 1 2 11 10 2 1 10 6 10 5 1 0 4 10 5 10 7 0 11 11 4 8 2 6 5 6 7 8
#c 9 1 7 11 0 9 9 7 5 5 1 4 10 1 2 4 6 9 6 2 8 3 3 0 4 3 3 1 2 11 10 2 1 10 6 10 5 1 0 4 10 5 10 7 0 11 11 4 8 2 6 5 6 7 8
1 1 36 23
4 3 41 9 8 51 4 38 44
#c 9 1 7 11 0 9 9 7 5 5 1 4 10 1 2 4 6 9 6 2 8 3 3 0 4 3 3 1 2 11 10 2 1 10 6 10 5 1 0 4 10 5 10 7 0 11 11 4 8 2 6 5 6 7 8
1 1 16 42
4 5 18 50 34 52 33 12 40 30 35
#c 9 1 7 11 0 9 9 7 5 5 1 4 10 1 2 4 6 9 6 2 8 3 3 0 4 3 3 1 2 11 10 2 1 10 6 10 5 1 0 4 10 5 10 7 0 11 11 4 8 2 6 5 6 7 8
1 1 7 13
3 5 43 53 2 1 37 27 32 10
#c 9 1 7 11 0 9 9 7 5 5 1 4 10 1 2 4 6 9 6 2 8 3 3 0 4 3 3 1 2 11 10 2 1 10 6 10 5 1 0 4 10 5 10 7 0 11 11 4 8 2 6 5 6 7 8
1 1 54 46
2 3 20 48 3 45 29
#c 9 1 7 11 0 9 9 7 5 5 1 4 10 1 2 4 6 9 6 2 8 3 3 0 4 3 3 1 2 11 10 2 1 10 6 10 5 1 0 4 10 5 10 7 0 11 11 4 8 2 6 5 6 7 8
1 1 0 42
3 5 6 5 17 33 12 40 30 35
#c 9 1 7 11 0 9 9 7 5 5 1 4 10 1 2 4 6 9 6 2 8 3 3 0 4 3 3 1 2 11 10 2 1 10 6 10 5 1 0 4 10 5 10 7 0 11 11 4 8 2 6 5 6 7 8
2 2 33 40 9 51
4 3 12 42 30 35 41 8 36
#c 9 1 7 11 0 9 9 7 5 5 1 4 10 1 2 4 6 9 6 2 8 3 3 0 4 3 3 1 2 11 10 2 1 10 6 10 5 1 0 4 10 5 10 7 0 11 11 4 8 2 6 5 6 7 8
2 2 3 46 48 54
2 1 45 29 20
#c 9 1 7 8 0 9 9 7 5 5 1 4 10 1 2 4 6 9 6 2 8 3 3 0 4 3 3 1 2 11 10 2 1 10 6 10 5 1 0 4 10 5 10 7 0 11 8 4 11 2 6 5 6 7 11
2 2 23 4 25 21
2 2 38 44 22 26
#c 9 1 7 8 0 9 9 7 5 5 1 4 10 1 2 4 6 9 6 2 8 3 3 0 4 3 3 1 2 11 10 2 1 10 6 10 5 1 0 4 10 5 10 7 0 11 8 4 11 2 6 5 6 7 11
2 2 13 1 7 2
4 2 37 27 32 10 43 53
#c 9 1 7 8 0 9 9 7 5 5 1 4 10 1 2 4 6 9 6 2 8 3 3 0 4 3 3 1 2 11 10 2 1 10 6 10 5 1 0 4 10 5 10 7 0 11 8 4 11 2 6 5 6 7 11
1 1 19 44
4 3 14 49 31 28 4 38 23
#c 9 1 7 8 0 9 9 7 5 5 1 4 10 1 2 4 6 9 6 0 8 3 3 0 4 3 3 1 2 11 10 2 1 10 6 10 5 1 0 4 10 5 10 7 2 11 8 4 11 2 6 5 6 7 11
2 2 26 22 45 48
2 2 21 25 29 54
#c 9 1 7 8 0 9 9 7 5 5 1 4 10 1 2 4 6 9 6 0 8 3 3 0 4 3 3 1 2 11 10 2 1 10 6 10 5 1 0 4 10 5 10 7 2 11 8 4 11 2 6 5 6 7 11
1 1 39 41
4 4 47 11 24 15 9 8 36 51
#c 9 1 7 8 0 9 9 7 5 5 1 4 10 1 2 4 6 9 6 0 8 3 3 0 4 3 3 1 2 11 10 2 1 10 6 10 5 1 0 4 10 5 10 7 2 11 8 4 11 2 6 5 6 7 11
2 2 41 9 17 0
3 2 8 36 51 6 5
#c 9 1 7 8 0 9 9 7 5 5 1 4 10 1 2 4 6 9 6 0 8 3 3 0 4 3 3 1 2 11 10 2 1 10 6 10 5 1 0 4 10 5 10 7 2 11 8 4 11 2 6 5 6 7 11
#c 9 1 7 8 0 9 9 7 5 5 1 4 10 1 2 4 6 9 6 0 8 3 3 0 4 3 3 1 2 11 10 2 1 10 6 10 5 1 0 4 10 5 10 7 2 11 8 4 11 2 6 5 6 7 11
2 2 53 2 47 39
2 3 7 43 11 24 15
#c 9 1 7 8 0 9 9 7 5 5 1 4 10 1 2 4 6 9 6 0 8 3 3 0 4 3 3 1 2 11 10 2 1 10 6 10 5 1 0 4 10 5 10 7 2 11 8 4 11 2 6 5 6 7 11
1 1 3 10
2 5 20 46 1 13 37 27 32
#c 9 1 7 1 0 9 9 7 5 5 8 4 10 1 2 4 6 9 6 0 8 3 3 0 4 3 3 1 2 11 10 2 1 10 6 10 5 1 0 4 10 5 10 7 2 11 8 4 11 2 6 5 6 7 11
1 2 0 4 38
3 2 6 5 17 23 19
#c 9 1 7 1 0 9 9 7 5 5 8 4 10 1 2 4 6 9 6 0 8 3 3 0 4 3 3 1 2 11 10 2 1 10 6 10 5 1 0 4 10 5 10 7 2 11 8 4 11 2 6 5 6 7 11
1 1 35 1
5 5 33 12 40 42 30 13 37 27 32 3
#c 9 1 7 1 0 9 9 7 5 5 8 4 10 1 2 4 6 9 6 0 8 3 3 0 4 3 3 1 2 11 10 2 1 10 6 10 5 1 0 4 10 5 10 7 2 11 8 4 11 2 6 5 6 7 11
1 3 54 31 14 49
3 2 45 29 48 28 44
#c 9 1 7 1 0 9 9 7 5 5 8 4 10 1 2 4 6 9 6 0 8 3 3 0 4 3 3 1 2 11 10 2 1 10 6 10 5 1 0 4 10 5 10 7 2 11 8 4 11 2 6 5 6 7 11
2 3 38 23 36 9 41
2 2 4 19 8 51
#c 9 1 7 1 0 9 9 7 5 5 8 4 10 1 2 4 6 9 6 0 8 3 3 0 4 3 3 1 2 11 10 2 1 10 6 10 5 1 0 4 10 5 10 7 2 11 8 4 11 2 6 5 6 7 11
2 2 1 32 53 7
4 2 13 37 27 3 43 2
#c 9 1 7 1 0 9 9 7 5 5 8 4 10 1 2 4 6 9 6 0 8 3 3 0 4 3 3 1 2 11 10 2 1 10 6 10 5 1 0 4 10 5 10 7 2 11 8 4 11 2 6 5 6 7 11
1 1 49 46
4 2 14 31 28 44 20 10
#c 9 1 7 1 0 9 9 7 5 5 8 4 10 1 2 4 6 9 6 0 8 3 3 0 4 3 3 1 2 11 10 2 1 10 6 10 5 1 0 4 10 5 10 7 2 11 8 4 11 2 6 5 6 7 11
2 2 21 25 20 10
2 1 22 26 46
#c 9 1 7 1 0 9 9 7 5 5 8 4 10 1 2 4 6 9 6 0 8 3 3 0 4 3 3 1 2 11 10 2 1 10 6 10 5 1 0 4 10 5 10 7 2 11 8 4 11 2 6 5 6 7 11
2 2 24 11 35 42
3 4 39 47 15 33 12 40 30
#c 9 1 7 1 0 9 9 7 5 5 8 4 10 1 2 4 6 9 6 0 8 3 3 0 4 3 3 1 2 11 10 2 1 10 6 10 5 1 0 4 10 5 10 7 2 11 8 4 11 2 6 5 6 7 11
2 2 36 8 4 38
3 2 41 9 51 23 19
#c 9 1 7 1 0 9 9 7 5 5 8 4 10 1 2 4 6 9 6 0 8 3 3 0 4 3 3 1 2 11 10 2 1 10 6 10 5 1 0 4 10 5 10 7 2 11 8 4 11 2 6 5 6 7 11
1 3 18 29 45 48
4 1 16 50 34 52 54
#c 9 1 7 1 0 9 9 7 5 5 8 4 10 1 2 4 6 9 6 0 8 3 3 0 4 3 3 1 2 11 10 2 1 10 6 10 5 1 0 4 10 5 10 7 2 11 8 4 11 2 6 5 6 7 11
1 1 2 13
3 5 7 43 53 1 37 27 32 3
#c 9 1 7 1 0 9 9 7 5 5 8 4 10 1 2 4 6 9 6 0 8 3 3 0 4 3 3 1 2 11 10 2 1 10 6 10 5 1 0 4 10 5 10 7 2 11 8 4 11 2 6 5 6 7 11
1 1 10 40
2 5 20 46 33 12 42 30 35
#c 9 1 7 1 0 9 9 7 5 5 8 4 10 1 2 4 6 9 6 0 8 3 3 0 4 3 3 1 2 11 10 2 1 10 6 10 5 1 0 4 10 5 10 7 2 11 8 4 11 2 6 5 6 7 11
1 1 17 2
3 3 0 6 5 7 43 53
#c 9 1 7 1 0 9 9 7 5 5 8 4 10 1 2 4 6 9 6 0 8 3 3 0 4 3 3 1 2 11 10 2 1 10 6 10 5 1 0 4 10 5 10 7 2 11 8 4 11 2 6 5 6 7 11
3 3 30 35 12 36 9 41
3 2 33 40 42 8 51
#c 9 1 7 1 0 9 9 7 5 5 8 4 10 1 2 4 6 9 6 0 8 3 3 0 4 3 3 1 2 11 10 2 1 10 6 10 5 1 0 4 10 5 10 7 2 11 8 4 11 2 6 5 6 7 11
2 2 45 48 51 41
2 3 29 54 9 8 36
#c 9 1 7 1 0 9 9 7 5 5 8 4 10 1 2 4 6 9 6 0 8 3 3 0 4 3 3 1 2 11 10 2 1 10 6 10 5 1 0 4 10 5 10 7 2 11 8 4 11 2 6 5 6 7 11
1 1 19 45
3 3 4 38 23 29 48 54
#c 9 1 7 1 0 9 9 7 5 5 8 4 10 1 2 4 6 9 6 0 8 3 3 0 4 3 3 1 2 11 10 2 1 10 6 10 5 1 0 4 10 5 10 7 2 11 8 4 11 2 6 5 6 7 11
1 1 13 45
5 3 1 37 27 32 3 29 48 54
#c 9 1 7 1 0 9 9 7 5 5 8 4 10 11 2 4 6 9 6 0 8 3 3 0 4 3 3 1 2 11 10 2 1 10 6 10 5 1 0 4 10 5 10 7 2 1 8 4 11 2 6 5 6 7 11
1 1 44 7
4 3 14 49 31 28 43 53 2
#c 9 1 7 1 0 9 9 2 5 5 8 4 10 11 2 4 6 9 6 0 8 3 3 0 4 3 3 1 2 11 10 2 1 10 6 10 5 1 0 4 10 5 10 7 7 1 8 4 11 2 6 5 6 7 11
1 1 25 47
3 4 22 21 26 39 11 24 15
#c 9 1 7 1 0 9 9 2 5 5 8 4 10 11 2 4 6 9 6 0 8 3 3 0 4 3 3 1 2 11 10 2 1 10 6 10 5 1 0 4 10 5 10 7 7 1 8 4 11 2 6 5 6 7 11
2 2 39 47 7 14
3 3 11 24 15 49 31 28
#c 9 1 7 1 0 9 9 2 5 5 8 4 10 11 2 4 6 9 6 0 8 3 3 0 4 3 3 1 2 11 10 2 1 10 6 10 5 1 0 4 10 5 10 7 7 1 8 4 11 2 6 5 6 7 11
1 1 51 49
4 4 41 9 8 36 14 31 28 7
#c 9 1 7 1 0 9 9 2 5 5 8 4 10 11 2 4 6 9 6 0 8 3 3 0 4 3 3 1 2 11 10 2 1 10 6 10 5 1 0 4 10 5 10 7 7 1 8 4 11 2 6 5 6 7 11
2 1 50 52 20
3 2 18 16 34 46 10
#c 9 1 7 1 0 9 9 2 5 5 8 4 10 11 2 4 6 9 6 0 8 3 3 0 4 3 3 1 2 11 10 2 1 10 6 10 5 1 0 4 10 5 10 7 7 1 8 4 11 2 6 5 6 7 11
2 1 43 44 29
2 3 53 2 48 54 13
#c 9 1 7 1 0 9 9 2 5 5 8 4 10 11 2 4 6 9 6 0 8 3 3 0 4 3 3 1 2 11 10 2 1 10 6 10 5 1 0 4 10 5 10 7 7 1 8 4 11 2 6 5 6 7 11
1 1 46 1
2 5 20 10 37 27 32 3 45
#c 9 1 7 1 0 9 9 2 5 5 8 4 10 11 2 4 6 9 6 0 8 3 3 0 4 3 3 1 2 11 10 2 1 10 6 10 5 1 0 4 10 5 10 7 7 1 8 4 11 2 6 5 6 7 11
2 2 17 0 40 42
2 4 6 5 33 12 30 35
#c 9 1 7 1 0 9 9 2 5 5 8 4 10 11 2 4 6 9 6 0 8 3 3 0 4 3 3 1 2 11 10 2 1 10 6 10 5 1 0 4 10 5 10 7 7 1 8 4 11 2 6 5 6 7 11
2 3 42 40 37 27 1
4 3 33 12 30 35 32 3 45
#c 9 1 7 1 0 9 9 2 5 5 8 4 10 11 2 4 6 9 6 0 8 3 3 0 4 3 3 1 2 11 10 2 1 10 6 10 5 1 0 4 10 5 10 7 7 1 8 4 11 2 6 5 6 7 11
1 1 13 33
3 5 29 48 54 12 40 42 30 35
#c 9 1 7 1 0 9 9 2 5 5 8 4 10 11 2 4 6 9 6 0 8 3 3 0 4 3 3 1 2 11 10 2 1 10 6 10 5 1 0 4 10 5 10 7 7 1 8 4 11 2 6 5 6 7 11
2 2 4 38 47 11
2 3 23 19 39 24 15
#c 9 1 7 1 0 9 9 2 5 5 8 4 10 11 2 4 6 9 6 0 8 3 3 0 4 3 3 1 2 11 10 2 1 10 6 10 5 1 0 4 10 5 10 7 7 1 8 4 11 2 6 5 6 7 11
2 2 32 27 5 17
4 2 1 37 3 45 0 6
#c 9 1 7 1 0 9 9 2 5 5 8 4 10 11 2 4 6 9 6 0 8 3 3 0 4 3 3 1 2 11 10 2 1 10 6 10 5 1 0 4 10 5 10 7 7 1 8 4 11 2 6 5 6 7 11
1 1 14 50
4 4 49 31 28 7 18 16 34 52
#c 9 1 7 1 0 9 9 2 5 5 8 4 10 11 2 4 6 9 6 0 8 3 3 0 4 3 3 1 2 11 10 2 1 10 6 10 5 1 0 4 10 5 10 7 7 1 8 4 11 2 6 5 6 7 11
2 2 21 25 39 24
2 3 22 26 47 11 15
#c 9 1 7 1 0 9 9 2 5 5 8 4 10 11 2 4 6 9 6 0 8 3 3 0 4 3 3 1 2 11 10 2 1 10 6 10 5 1 0 4 10 5 10 7 7 1 8 4 11 2 6 5 6 7 11
2 2 24 15 29 13
3 2 39 47 11 48 54
#c 9 1 7 1 0 9 9 2 5 5 8 4 10 11 2 4 6 9 6 0 8 3 3 0 4 3 3 1 2 11 10 2 1 10 6 10 5 1 0 4 10 5 10 7 7 1 8 4 11 2 6 5 6 7 11
1 1 41 6
4 3 9 8 36 51 0 5 17
#c 9 1 7 1 0 9 9 2 5 5 8 4 10 11 2 4 6 9 6 0 8 3 3 0 4 3 3 1 2 11 10 2 1 10 6 10 5 1 0 4 10 5 10 7 7 1 8 4 11 2 6 5 6 7 11
1 1 34 15
4 4 18 16 50 52 39 47 11 24
#c 9 1 7 1 0 9 9 2 5 5 8 4 10 11 2 4 6 9 6 0 8 3 3 0 4 3 3 1 2 11 10 2 1 10 6 10 5 1 0 4 10 5 10 7 7 1 8 4 11 2 6 5 6 7 11
2 1 2 43 51
2 4 53 44 41 9 8 36
#c 9 1 7 1 0 9 9 2 5 5 8 4 10 11 2 4 6 9 6 0 8 3 3 0 4 3 3 1 2 11 10 2 1 10 6 10 5 1 0 4 10 5 10 7 7 1 8 4 11 2 6 5 6 7 11
1 1 46 32
2 5 20 10 1 37 27 3 45
#c 9 1 7 1 0 9 9 2 5 5 8 4 10 11 2 4 6 9 6 0 8 3 3 0 4 3 3 1 2 11 10 2 1 10 6 10 5 1 0 4 10 5 10 7 7 1 8 4 11 2 6 5 6 7 11
1 1 6 4
3 3 0 5 17 38 23 19
#c 9 1 7 1 0 9 9 2 5 5 8 4 10 11 2 4 6 9 6 0 8 3 3 0 4 3 3 1 2 11 10 2 1 10 6 10 5 1 0 4 10 5 10 7 7 1 8 4 11 2 6 5 6 7 11
2 2 40 35 50 34
4 3 33 12 42 30 18 16 52
#c 9 1 7 1 0 9 9 2 5 5 8 4 10 11 2 4 6 9 6 0 8 3 3 0 4 3 3 1 2 11 10 2 1 10 6 10 5 1 0 4 10 5 10 7 7 1 8 4 11 2 6 5 6 7 11
3 4 48 54 13 41 8 36 51
#c 9 1 7 1 0 9 9 2 5 5 8 4 10 11 2 4 6 9 6 0 8 3 3 0 4 3 3 1 2 11 10 2 1 10 6 10 5 1 0 4 10 5 10 7 7 1 8 4 11 2 6 5 6 7 11
2 2 4 23 36 9
2 3 38 19 41 8 51
#c 9 1 7 1 0 9 9 2 5 5 8 4 10 11 2 4 6 9 6 0 8 3 3 0 4 3 3 1 2 11 10 2 1 10 6 10 5 1 0 4 10 5 10 7 7 1 8 4 11 2 6 5 6 7 11
2 2 45 37 0 5
4 2 1 27 32 3 6 17
#c 9 1 7 1 0 9 9 2 5 5 8 4 10 11 2 4 6 9 6 0 8 3 3 0 4 3 3 1 2 11 10 2 1 10 6 10 5 1 0 4 10 5 10 7 7 1 8 4 11 2 6 5 6 7 11
1 2 28 23 19
4 2 14 49 31 7 4 38
#c 9 1 7 1 0 9 9 2 5 5 8 4 10 11 2 4 6 9 6 0 8 3 3 0 4 3 3 1 2 11 10 2 1 10 6 10 5 1 0 4 10 5 10 7 7 1 8 4 11 2 6 5 6 7 11
2 2 22 26 27 45
2 4 21 25 1 37 32 3
#c 9 1 7 1 0 9 9 2 5 5 8 4 10 11 2 4 6 9 6 0 8 3 3 0 4 3 3 1 2 11 10 2 1 10 6 10 5 1 0 4 10 5 10 7 7 1 8 4 11 2 6 5 6 7 11
1 1 15 54
4 3 39 47 11 24 29 48 13
#c 9 1 7 1 0 9 9 2 5 5 8 4 10 11 2 4 6 9 6 0 8 3 3 0 4 3 3 1 2 11 10 2 1 10 6 10 5 1 0 4 10 5 10 7 7 1 8 4 11 2 6 5 6 7 11
2 2 9 8 25 21
3 2 41 36 51 22 26
#c 9 1 7 1 0 9 9 2 5 5 8 4 10 11 2 4 6 9 6 0 8 3 3 0 4 3 3 1 2 11 10 2 1 10 6 10 5 1 0 4 10 5 10 7 7 1 8 4 11 2 6 5 6 7 11
1 1 52 17
4 3 18 16 50 34 0 6 5
#c 9 1 7 1 0 9 9 2 5 5 8 4 10 11 2 4 6 9 6 0 8 3 3 0 4 3 3 1 2 11 10 2 1 10 6 10 5 1 0 4 10 5 10 7 7 1 8 4 11 2 6 5 6 7 11
1 1 53 36
3 4 43 2 44 41 9 8 51
#c 9 1 7 1 0 9 9 2 5 5 8 4 10 11 2 4 6 9 6 0 8 3 3 0 4 3 3 1 2 11 10 2 1 10 6 10 5 1 0 4 10 5 10 7 7 1 8 4 11 2 6 5 6 7 11
1 1 10 11
2 4 20 46 39 47 24 15
#c 9 1 7 1 0 9 9 2 5 5 8 4 10 11 2 4 6 9 6 0 8 3 3 0 4 3 3 1 2 11 10 2 1 10 6 10 5 1 0 4 10 5 10 7 7 1 8 4 11 2 6 5 6 7 11
2 2 6 0 19 38
2 2 5 17 4 23
#c 9 1 7 1 0 9 9 2 5 5 8 4 10 11 2 4 6 9 6 0 8 3 3 0 4 3 3 1 2 11 10 2 1 10 6 10 5 1 0 4 10 5 10 7 7 1 8 4 11 2 6 5 6 7 11
3 3 42 12 33 53 2 44
3 1 40 30 35 43
#c 9 1 7 1 0 9 9 2 5 5 8 4 10 11 2 4 6 9 6 0 8 3 3 0 4 3 3 1 2 11 10 2 1 10 6 10 5 1 0 4 10 5 10 7 7 1 8 4 11 2 6 5 6 7 11
1 1 54 20
3 2 29 48 13 46 10
#c 9 1 7 1 0 9 9 2 5 5 8 4 10 11 2 4 6 9 6 0 11 3 3 0 4 3 3 1 2 11 10 2 1 10 6 10 5 1 0 4 10 5 10 7 7 1 8 4 11 2 6 5 6 7 8
1 1 4 15
3 4 38 23 19 39 47 11 24
#c 9 1 7 1 0 9 9 2 5 5 8 4 10 11 2 4 6 9 6 0 11 3 3 0 4 3 3 1 2 11 10 2 1 10 6 10 5 1 0 4 10 5 10 7 7 1 8 4 11 2 6 5 6 7 8
3 3 27 32 45 48 20 13
3 1 1 37 3 29
#c 9 1 7 1 0 9 9 2 5 5 8 4 10 11 2 4 6 9 6 0 11 3 3 0 4 3 3 1 2 11 10 2 1 10 6 10 5 1 0 4 10 5 10 7 7 1 8 4 11 2 6 5 6 7 8
#c 9 1 7 1 0 9 9 2 5 5 8 4 10 11 2 4 6 9 6 0 11 3 3 0 4 3 3 1 2 11 10 2 1 10 6 10 5 1 0 4 10 5 10 7 7 1 8 4 11 2 6 5 6 7 8
1 1 25 54
3 2 22 21 26 46 10
#c 9 1 7 1 0 9 9 2 5 5 8 4 10 11 2 4 6 9 6 0 11 3 3 0 4 3 3 1 2 11 10 2 1 10 6 10 5 1 0 4 10 5 10 7 7 1 8 4 11 2 6 5 6 7 8
1 2 39 49 7
4 3 47 11 24 15 14 31 28
#c 9 1 7 1 0 9 9 2 5 5 8 4 10 11 2 4 6 9 6 0 11 3 3 0 4 3 3 1 2 11 10 2 1 10 6 10 5 1 0 4 10 5 10 7 7 1 8 4 11 2 6 5 6 7 8
2 2 9 36 38 19
3 2 41 8 51 4 23
#c 9 1 7 1 0 9 9 2 5 5 8 4 10 11 2 4 6 9 6 0 11 3 3 0 4 3 3 1 2 11 10 2 1 10 6 10 5 1 0 4 10 5 10 7 7 1 8 4 11 2 6 5 6 7 8
2 2 50 16 54 10
3 1 18 34 52 46
#c 9 1 7 1 0 9 9 2 5 5 8 4 10 11 2 4 6 9 6 0 11 3 3 0 4 3 3 1 2 11 10 2 1 10 6 10 5 1 0 4 10 5 10 7 7 1 8 4 11 2 6 5 6 7 8
2 2 43 2 21 22
2 2 53 44 25 26
#c 9 1 7 1 0 9 9 2 5 5 8 4 10 11 2 4 6 9 6 0 11 3 3 0 4 3 3 1 2 11 10 2 1 10 6 10 5 1 0 4 10 5 10 7 7 1 8 4 11 2 6 5 6 7 8
1 1 54 13
2 3 46 10 29 48 20
#c 9 1 7 1 0 9 9 2 5 5 8 4 10 11 2 4 6 9 6 0 11 3 3 0 4 3 3 1 2 11 10 2 1 10 6 10 5 1 0 4 10 5 10 7 7 1 8 4 11 2 6 5 6 7 8
1 1 6 37
3 5 0 5 17 1 27 32 3 45
#c 9 1 7 1 0 9 9 2 5 5 8 4 10 11 2 4 6 9 6 0 11 3 3 0 4 3 3 1 2 11 10 2 1 10 6 10 5 1 0 4 10 5 10 7 7 1 8 4 11 2 6 5 6 7 8
3 3 35 42 33 44 43 2
3 1 12 40 30 53
#c 9 1 7 1 0 9 9 2 5 5 8 4 10 11 2 4 6 9 6 0 11 3 3 0 4 3 3 1 2 11 10 2 1 10 6 10 5 1 0 4 10 5 10 7 7 1 8 4 11 2 6 5 6 7 8
2 2 20 48 14 28
2 3 29 13 49 31 7
#c 9 1 7 1 0 9 9 2 5 5 8 4 10 11 2 4 6 9 6 0 11 3 3 0 4 3 3 1 2 11 10 2 1 10 6 10 5 1 0 4 10 5 10 7 7 1 8 4 11 2 6 5 6 7 8
1 1 38 39
3 4 4 23 19 47 11 24 15
#c 9 1 7 1 0 9 9 2 5 5 8 4 10 11 2 4 6 9 6 0 11 3 3 0 4 3 3 1 2 11 10 2 1 10 6 10 5 1 0 4 10 5 10 7 7 1 8 4 11 2 6 5 6 7 8
3 3 32 1 45 13 29 48
3 1 37 27 3 20
#c 9 1 7 1 0 9 9 2 5 5 8 4 10 11 2 4 6 9 6 0 11 3 3 0 4 3 3 1 2 11 10 2 1 10 6 10 5 1 0 4 10 5 10 7 7 1 8 4 11 2 6 5 6 7 8
2 2 14 31 33 12
3 4 49 28 7 40 42 30 35
#c 9 1 7 1 0 9 9 2 5 5 8 4 10 11 2 4 6 9 6 0 11 3 3 0 4 3 3 1 2 11 10 2 1 10 6 10 5 1 0 4 10 5 10 7 7 1 8 4 11 2 6 5 6 7 8
#c 9 1 7 1 0 9 9 2 5 5 8 4 10 11 2 4 6 9 6 0 11 3 3 0 4 3 3 1 2 11 10 2 1 10 6 10 5 1 0 4 10 5 10 7 7 1 8 4 11 2 6 5 6 7 8
2 2 47 11 33 35
3 4 39 24 15 12 40 42 30
#c 9 1 7 1 0 9 9 2 5 5 8 4 10 11 2 4 6 9 6 0 11 3 3 0 4 3 3 1 2 11 10 2 1 10 6 10 5 1 0 4 10 5 10 7 7 1 8 4 11 2 6 5 6 7 8
2 2 41 51 39 24
3 3 9 8 36 47 11 15
#c 9 1 7 1 0 9 9 2 5 5 8 4 10 11 2 4 6 9 6 0 11 3 3 0 4 3 3 1 2 11 10 2 1 10 6 10 5 1 0 4 10 5 10 7 7 1 8 4 11 2 6 5 6 7 8
2 2 50 16 27 37
3 4 18 34 52 1 32 3 45
#c 9 1 7 1 0 9 9 2 5 5 8 4 10 11 2 4 6 9 6 0 11 3 3 0 4 3 3 1 2 11 10 2 1 10 6 10 5 1 0 4 10 5 10 7 7 1 8 4 11 2 6 5 6 7 8
1 1 43 4
3 3 53 2 44 38 23 19
#c 9 1 7 1 0 9 9 2 5 5 8 4 10 11 2 4 6 9 6 0 11 3 3 0 4 3 3 1 2 11 10 2 1 10 6 10 5 1 0 4 10 5 10 7 7 1 8 4 11 2 6 5 6 7 8
1 1 54 7
2 4 46 10 14 49 31 28
#c 9 1 7 1 0 9 9 2 5 5 8 4 10 11 2 4 6 9 6 0 11 3 3 0 4 3 3 1 2 11 10 2 1 10 6 10 5 1 0 4 10 5 10 7 7 1 8 4 11 2 6 5 6 7 8
2 2 17 0 10 54
2 1 6 5 46
#c 9 1 7 1 0 9 9 2 5 5 8 4 10 11 2 4 6 9 6 0 11 3 3 0 4 3 3 1 2 11 10 2 1 10 6 10 5 1 0 4 10 5 10 7 7 1 8 4 11 2 6 5 6 7 8
2 2 30 40 25 22
4 2 33 12 42 35 21 26
#c 9 1 7 1 0 9 9 2 5 5 8 4 10 11 2 4 6 9 6 0 11 3 3 0 4 3 3 1 2 11 10 2 1 10 6 10 5 1 0 4 10 5 10 7 7 1 8 4 11 2 6 5 6 7 8
#c 9 1 7 1 0 9 9 2 5 5 8 4 10 11 2 4 6 9 6 0 11 3 3 0 4 3 3 1 2 11 10 2 1 10 6 10 5 1 0 4 10 5 10 7 7 1 8 4 11 2 6 5 6 7 8
2 2 23 38 39 11
2 3 4 19 47 24 15
#c 9 1 7 1 0 9 9 2 5 5 8 4 10 11 2 4 6 9 6 0 11 3 3 0 4 3 3 1 2 11 10 2 1 10 6 10 5 1 0 4 10 5 10 7 7 1 8 4 11 2 6 5 6 7 8
1 1 45 48
5 3 1 37 27 32 3 29 13 20
#c 9 1 7 1 0 9 9 2 5 5 8 4 10 11 2 4 6 9 6 0 11 3 3 0 4 3 3 1 2 11 10 2 1 10 6 10 5 1 0 4 10 5 10 7 7 1 8 4 11 2 6 5 6 7 8
4 3 14 49 31 28 4 23 19
#c 9 1 7 1 0 9 9 2 5 5 8 4 10 11 2 4 6 9 6 0 11 3 3 0 4 3 3 1 2 11 10 2 1 10 6 10 5 1 0 4 10 5 10 7 7 1 8 4 11 2 6 5 6 7 8
2 2 26 25 11 47
2 3 22 21 39 24 15
#c 9 1 7 1 0 9 9 2 5 5 8 4 10 11 2 4 6 9 6 0 11 3 3 0 4 3 3 1 2 11 10 2 1 10 6 10 5 1 0 4 10 5 10 7 7 1 8 4 11 2 6 5 6 7 8
2 2 39 24 46 10
3 1 47 11 15 54
#c 9 1 7 1 0 9 9 2 5 5 8 4 10 11 2 4 6 9 6 0 11 3 3 0 4 3 3 1 2 11 10 2 1 10 6 10 5 1 0 4 10 5 10 7 7 1 8 4 11 2 6 5 6 7 8
1 2 36 24 47
4 3 41 9 8 51 39 11 15
#c 9 1 7 1 0 9 9 2 5 5 8 4 10 11 2 4 6 9 6 0 11 3 3 0 4 3 3 1 2 11 10 2 1 10 6 10 5 1 0 4 10 5 10 7 7 1 8 4 11 2 6 5 6 7 8
2 2 34 52 48 13
3 2 18 16 50 29 20
#c 9 1 7 1 0 9 9 2 5 5 8 4 10 11 2 4 6 9 6 0 11 3 3 0 4 3 3 1 2 11 10 2 1 10 6 10 5 1 0 4 10 5 10 7 7 1 8 4 11 2 6 5 6 7 8
1 1 2 37
3 5 43 53 44 1 27 32 3 45
#c 9 1 7 1 0 9 9 2 5 5 8 4 10 11 2 4 6 9 6 0 11 3 3 0 4 3 3 1 2 11 10 2 1 10 6 10 5 1 0 4 10 5 10 7 7 1 8 4 11 2 6 5 6 7 8
1 1 54 34
2 4 46 10 18 16 50 52
#c 9 1 7 1 0 9 9 2 5 5 8 4 10 11 2 4 6 9 6 0 11 3 3 0 4 3 3 1 2 11 10 2 1 10 6 10 5 1 0 4 10 5 10 7 7 1 8 4 11 2 6 5 6 7 8
1 1 17 40
3 5 0 6 5 33 12 42 30 35
#c 9 1 7 1 0 9 9 2 5 5 8 4 10 11 2 4 6 9 6 0 11 3 3 0 4 3 3 1 2 11 10 2 1 10 6 10 5 1 0 4 10 5 10 7 7 1 8 4 11 2 6 5 6 7 8
1 1 33 5
5 3 12 40 42 30 35 0 6 17
#c 9 1 7 1 0 9 9 2 5 5 8 4 10 11 2 4 6 9 6 0 11 3 3 0 4 3 3 1 2 11 10 2 1 10 6 10 5 1 0 4 10 5 10 7 7 1 8 4 11 2 6 5 6 7 8
#c 9 1 7 1 0 9 9 2 5 5 8 4 10 11 2 4 6 9 6 0 11 3 3 0 4 3 3 1 2 11 10 2 1 10 6 10 5 1 0 4 10 5 10 7 7 1 8 4 11 2 6 5 6 7 8
1 1 23 2
3 3 4 38 19 43 53 44
#c 9 1 7 1 0 9 9 2 5 5 8 4 10 11 2 4 6 9 6 0 11 3 3 0 4 3 3 1 2 11 10 2 1 10 6 10 5 1 0 4 10 5 10 7 7 1 8 4 11 2 6 5 6 7 8
2 1 1 37 35
4 5 27 32 3 45 33 12 40 42 30
#c 9 1 7 1 0 9 9 2 5 5 8 4 10 11 2 4 6 9 6 0 11 3 3 0 4 3 3 1 2 11 10 2 1 10 6 10 5 1 0 4 10 5 10 7 7 1 8 4 11 2 6 5 6 7 8
1 1 49 52
4 4 14 31 28 7 18 16 50 34
#c 9 1 7 1 0 9 9 2 5 5 8 4 10 11 2 4 6 9 6 0 11 3 3 0 4 3 3 1 2 11 10 2 1 10 6 10 5 1 0 4 10 5 10 7 7 1 8 4 11 2 6 5 6 7 8
1 1 21 10
3 2 22 25 26 46 54
#c 9 1 7 1 0 9 9 2 5 5 8 4 10 11 2 4 6 9 6 0 11 3 3 0 4 3 3 1 2 11 10 2 1 10 6 10 5 1 0 4 10 5 10 7 7 1 8 4 11 2 6 5 6 7 8
1 1 15 32
4 5 39 47 11 24 1 37 27 3 45
#c 9 1 7 1 0 9 9 2 5 5 8 4 10 11 2 1 6 9 6 0 11 3 3 0 4 3 3 1 2 11 10 2 4 10 6 10 5 1 0 4 10 5 10 7 7 1 8 4 11 2 6 5 6 7 8
2 2 8 51 17 0
3 2 41 9 36 6 5
#c 9 1 7 1 0 9 9 2 5 5 8 4 10 11 2 1 6 9 6 0 11 3 3 0 4 3 3 1 2 11 10 2 4 10 6 10 5 1 0 4 10 5 10 7 7 1 8 4 11 2 6 5 6 7 8
2 2 16 50 21 26
3 2 18 34 52 22 25
#c 9 1 7 1 0 9 9 2 5 5 8 4 10 11 2 1 6 9 6 0 11 3 3 0 4 3 3 1 2 11 10 2 4 10 6 10 5 1 0 4 10 5 10 7 7 1 8 4 11 2 6 5 6 7 8
2 2 44 53 37 15
2 4 43 2 1 27 3 45
#c 9 1 7 1 0 9 9 2 5 5 8 4 10 11 2 1 6 9 6 0 11 3 3 0 4 3 3 1 2 11 10 2 4 10 6 10 5 1 0 4 10 5 10 7 7 1 8 4 11 2 6 5 6 7 8
1 1 46 24
2 4 10 54 39 47 11 32
#c 9 1 7 1 0 9 9 2 5 5 8 4 10 11 2 1 6 9 6 0 11 3 3 0 4 3 3 1 2 11 10 2 4 10 6 10 5 1 0 4 10 5 10 7 7 1 8 4 11 2 6 5 6 7 8
2 2 5 0 46 54
2 1 6 17 10
#c 9 1 7 1 0 9 9 2 5 5 8 4 10 11 2 1 6 9 6 0 11 3 3 0 4 3 3 1 2 11 10 2 4 10 6 10 5 1 0 4 10 5 10 7 7 1 8 4 11 2 6 5 6 7 8
2 2 40 33 54 10
4 1 12 42 30 35 46
#c 9 1 7 1 0 9 9 2 5 5 8 4 10 11 2 1 6 9 6 0 11 3 3 0 4 3 3 1 2 11 10 2 4 10 6 10 5 1 0 4 10 5 10 7 7 1 8 4 11 2 6 5 6 7 8
2 2 48 20 19 23
2 2 29 13 4 38
#c 9 1 7 1 0 9 9 2 5 5 8 4 10 11 2 1 6 9 6 0 11 3 3 0 4 3 3 1 2 11 10 2 4 10 6 10 5 1 0 4 10 5 10 7 7 1 8 4 11 2 6 5 6 7 8
1 1 4 48
3 3 38 23 19 29 13 20
#c 9 1 7 1 11 9 9 2 5 5 8 4 10 11 2 1 6 9 6 0 11 3 3 0 4 3 3 1 2 11 10 2 4 10 6 10 5 1 0 4 10 5 10 7 7 1 8 4 0 2 6 5 6 7 8
3 3 27 15 1 34 18 52
3 2 37 3 45 16 50
#c 9 1 7 1 11 9 9 2 5 5 8 4 10 11 2 1 6 9 6 0 11 3 3 0 4 3 3 1 2 11 10 2 4 10 6 10 5 1 0 4 10 5 10 7 7 1 8 4 0 2 6 5 6 7 8
#c 9 1 7 1 11 9 9 2 5 5 8 4 10 11 2 1 6 9 6 0 11 3 3 0 4 3 3 1 2 11 10 2 4 10 6 10 5 1 0 4 10 5 10 7 7 1 8 4 0 2 6 5 6 7 8
2 3 26 22 43 2 44
2 1 21 25 53
#c 9 1 7 1 11 9 9 2 5 5 8 4 10 11 2 1 6 9 6 0 11 3 3 0 4 3 3 1 2 11 10 2 4 10 6 10 5 1 0 4 10 5 10 7 7 1 8 4 0 2 6 5 6 7 8
2 1 47 39 10
3 2 11 24 32 46 54
#c 9 1 7 1 11 9 9 2 5 5 8 4 10 11 2 1 6 9 6 0 11 3 3 0 4 3 3 1 2 11 10 2 4 10 6 10 5 1 0 4 10 5 10 7 7 1 8 4 0 2 6 5 6 7 8
1 1 36 54
4 2 41 9 8 51 46 10
#c 9 1 7 1 11 9 9 2 5 5 8 4 10 11 2 1 6 9 6 0 11 3 3 0 4 3 3 1 2 11 10 2 4 10 6 10 5 1 0 4 10 5 10 7 7 1 8 4 0 2 6 5 6 7 8
4 3 18 16 50 52 23 19 48
#c 9 1 7 1 11 9 9 2 5 5 8 4 10 11 2 1 6 9 6 0 11 3 3 0 4 3 3 1 2 11 10 2 4 10 6 10 5 1 0 4 10 5 10 7 7 1 8 4 0 2 6 5 6 7 8
2 2 43 44 8 9
2 3 53 2 41 36 51
#c 9 1 7 1 11 9 9 2 5 5 8 4 10 11 2 1 6 9 6 0 11 3 3 0 4 3 3 1 2 11 10 2 4 10 6 10 5 1 0 4 10 5 10 7 7 1 8 4 0 2 6 5 6 7 8
#c 9 1 7 1 11 9 9 2 5 5 8 4 10 11 2 1 6 9 6 0 11 3 3 0 4 3 3 1 2 11 10 2 4 10 6 10 5 1 0 4 10 5 10 7 7 1 8 4 0 2 6 5 6 7 8
#c 9 1 7 1 11 9 9 2 5 5 8 4 10 11 2 1 6 9 6 0 11 3 3 0 4 3 3 1 2 11 10 2 4 10 6 10 5 1 0 4 10 5 10 7 7 1 8 4 0 2 6 5 6 7 8
3 3 35 42 30 7 14 28
3 2 33 12 40 49 31
#c 9 1 7 1 11 9 9 10 5 5 8 4 10 11 10 1 6 9 6 0 11 3 3 0 4 3 3 1 10 11 2 2 4 10 6 2 5 1 0 4 10 5 2 7 7 1 8 4 0 2 6 5 6 7 8
1 1 20 24
3 4 29 13 4 39 47 11 32
#c 9 1 7 1 11 9 9 10 5 5 8 4 10 11 10 1 6 9 6 0 11 3 3 0 4 3 3 1 10 11 2 2 4 10 6 2 5 1 0 4 10 5 2 7 7 1 8 4 0 2 6 5 6 7 8
1 1 48 6
#c 9 1 7 1 11 9 9 10 5 5 8 4 10 11 10 1 6 9 6 0 11 3 3 0 4 3 3 1 10 11 2 2 4 10 6 2 5 1 0 4 10 5 2 7 7 1 8 4 0 2 6 5 6 7 8
3 3 45 15 37 11 47 24
3 2 1 27 3 39 32
#c 9 1 7 1 11 9 9 10 5 5 8 4 10 11 10 1 6 9 6 0 11 3 3 0 4 3 3 1 10 11 2 2 4 10 6 2 5 1 0 4 10 5 2 7 7 1 8 4 0 2 6 5 6 7 8
2 2 35 49 0 17
3 2 31 42 30 6 5
#c 9 1 7 1 11 9 9 10 5 5 8 4 10 11 10 1 6 9 6 0 11 3 3 0 4 3 3 1 10 11 2 2 4 10 6 2 5 1 0 4 10 5 2 7 7 1 8 4 0 2 6 5 6 7 8
1 1 26 43
3 3 22 21 25 53 2 44
#c 9 1 7 1 11 9 9 10 5 5 8 4 10 11 10 1 6 9 6 0 11 3 3 0 4 3 3 1 10 11 2 2 4 10 6 2 5 1 0 4 10 5 2 7 7 1 8 4 0 2 6 5 6 7 8
2 2 39 47 6 5
3 2 11 24 32 0 17
#c 9 1 7 1 11 9 9 10 5 5 8 4 10 11 10 1 6 9 6 0 11 3 3 0 4 3 3 1 10 11 2 2 4 10 6 2 5 1 0 4 10 5 2 7 7 1 8 4 0 2 6 5 6 7 8
2 2 51 9 54 46
3 1 41 8 36 10
#c 9 1 7 1 11 9 9 10 5 5 8 4 10 11 10 1 6 9 6 0 11 3 3 0 4 3 3 1 10 11 2 2 4 10 6 2 5 1 0 4 10 5 2 7 7 1 8 4 0 2 6 5 6 7 8
2 2 50 16 8 51
3 3 18 34 52 41 9 36
#c 9 1 7 1 11 9 9 10 6 5 8 4 10 11 10 1 5 9 6 0 11 3 3 0 4 3 3 1 10 11 2 2 4 10 6 2 5 1 0 4 10 5 2 7 7 1 8 4 0 2 5 6 6 7 8
2 3 2 53 6 17 0
2 1 43 44 5
#c 9 1 7 1 11 9 9 10 6 5 8 4 10 11 10 1 5 9 6 0 11 3 3 0 4 3 3 1 10 11 2 2 4 10 6 2 5 1 0 4 10 5 2 7 7 1 8 4 0 2 5 6 6 7 8
#c 9 1 7 1 11 9 9 10 6 5 8 4 10 11 10 1 5 9 6 0 11 3 3 0 4 3 3 1 10 11 2 2 4 10 6 2 5 1 0 4 10 5 2 7 7 1 8 4 0 2 5 6 6 7 8
2 2 0 5 33 12
2 4 6 17 40 7 14 28
#c 9 1 7 1 11 9 9 10 6 5 8 4 10 11 10 1 5 9 6 0 11 3 3 0 4 3 3 1 10 11 2 2 4 10 6 2 5 1 0 4 10 5 2 7 7 1 8 4 0 2 5 6 6 7 8
2 2 7 33 53 43
4 2 12 40 14 28 2 44
#c 9 1 7 1 11 9 9 10 6 5 8 4 10 11 10 1 5 9 6 0 11 3 3 0 4 3 3 1 10 11 2 2 4 10 6 2 5 1 0 4 10 5 2 7 7 1 8 4 0 2 5 6 6 7 8
#c 9 1 7 1 11 9 9 10 6 5 8 4 10 11 10 1 5 9 6 0 11 3 3 0 4 3 3 1 10 11 2 2 4 10 6 2 5 1 0 4 10 5 2 7 7 1 8 4 0 2 5 6 6 7 8
2 2 38 19 44 43
2 2 23 48 53 2
#c 9 1 7 1 11 9 9 10 6 5 8 4 10 11 10 1 5 9 6 0 11 3 3 0 4 3 3 1 10 11 2 2 4 10 6 2 5 1 0 4 10 5 2 7 7 1 8 4 0 2 5 6 6 7 8
3 4 1 45 37 52 18 34 8
3 1 27 3 15 51
#c 9 1 7 1 11 9 9 10 6 5 8 4 10 11 10 1 5 9 6 0 11 3 3 0 4 3 3 1 10 11 2 2 4 10 6 2 5 1 0 4 10 5 2 7 7 1 8 4 0 2 5 6 6 7 8
2 2 35 42 4 29
3 2 49 31 30 13 20
#c 9 1 7 1 11 9 9 10 6 5 8 4 10 11 10 1 5 9 6 0 11 3 3 0 4 3 3 1 10 11 2 2 4 10 6 2 5 1 0 4 10 5 2 7 7 1 8 4 0 2 5 6 6 7 8
2 2 25 26 44 43
2 2 22 21 53 2
#c 9 1 7 1 11 9 9 10 6 5 8 4 10 11 10 1 5 9 6 0 11 3 3 0 4 3 3 1 10 11 2 2 4 10 6 2 5 1 0 4 10 5 2 7 7 1 8 4 0 2 5 6 6 7 8
1 1 47 9
4 4 39 11 24 32 41 36 50 16
#c 9 1 7 1 11 9 9 10 6 4 8 4 10 11 10 1 5 9 6 0 11 3 3 0 4 3 3 1 10 11 2 2 4 10 6 2 5 1 0 4 10 5 2 7 7 1 8 5 0 2 5 6 6 7 8
1 1 16 5
4 3 41 36 50 47 0 6 17
#c 9 1 7 1 11 9 9 10 6 4 8 4 10 11 10 1 5 9 6 0 11 3 3 0 4 3 3 1 10 11 2 2 4 10 6 2 5 1 0 4 10 5 2 7 7 1 8 5 0 2 5 6 6 7 8
1 1 8 35
4 4 18 34 52 51 49 31 42 30
#c 9 1 7 1 11 9 9 10 6 4 8 4 10 11 10 1 5 9 6 0 11 3 3 0 4 3 3 1 10 11 2 2 4 10 6 2 5 1 0 4 10 5 2 7 7 1 8 5 0 2 5 6 6 7 8
1 1 43 23
3 3 53 2 44 38 19 48
#c 9 1 7 1 11 9 9 10 6 4 8 4 10 11 10 1 5 9 6 0 11 3 3 0 4 3 3 1 10 11 2 2 4 10 6 2 5 1 0 4 10 5 2 7 7 1 8 5 0 2 5 6 6 7 8
2 5 46 10 1 37 27 3 45
#c 9 1 7 1 11 9 9 10 6 4 8 4 10 11 10 1 5 9 6 0 11 3 3 0 4 3 3 1 10 11 2 2 4 10 6 2 5 1 0 4 10 5 2 7 7 1 8 5 0 2 5 6 6 7 8
2 2 17 6 35 42
2 3 0 5 49 31 30
#c 9 1 7 1 11 9 9 10 6 4 8 4 10 11 10 1 5 9 6 0 11 3 3 0 4 3 3 1 10 11 2 2 4 10 6 2 5 1 0 4 10 5 2 7 7 1 8 5 0 2 5 6 6 7 8
1 1 33 32
5 4 12 40 7 14 28 39 11 24 9
#c 9 1 7 1 11 9 9 10 6 4 8 4 10 11 10 1 5 9 6 0 11 3 3 0 4 3 3 1 10 11 2 2 4 10 6 2 5 1 0 4 10 5 2 7 7 1 8 5 0 2 5 6 6 7 8
2 2 4 13 34 8
2 3 29 20 18 52 51
#c 9 1 7 1 11 9 9 10 6 4 8 4 10 11 10 1 5 9 6 0 11 3 3 0 4 3 3 1 10 11 2 2 4 10 6 2 5 1 0 4 10 5 2 7 7 1 8 5 0 2 5 6 6 7 8
2 2 23 19 31 35
2 3 38 48 49 42 30
#c 9 1 7 1 11 9 9 10 6 4 8 4 10 11 10 1 5 9 6 0 11 3 3 0 4 3 3 1 10 11 2 2 4 10 6 2 5 1 0 4 10 5 2 7 7 1 8 5 0 2 5 6 6 7 8
3 3 45 27 3 34 8 51
3 2 1 37 15 18 52
#c 9 1 7 1 11 9 9 10 6 4 8 4 10 11 10 1 5 9 6 0 11 3 3 0 4 3 3 1 10 11 2 2 4 10 6 2 5 1 0 4 10 5 2 7 7 1 8 5 0 2 5 6 6 7 8
1 1 35 48
4 3 49 31 42 30 38 23 19
#c 9 1 7 1 11 9 9 10 6 4 8 4 10 11 10 1 5 9 6 0 11 3 3 0 4 3 3 1 10 11 2 2 4 10 6 2 5 1 0 4 10 5 2 7 7 1 8 5 0 2 5 6 6 7 8
2 2 26 21 42 35
2 3 22 25 49 31 30
#c 9 1 7 1 11 9 9 10 6 4 8 4 10 11 10 1 5 9 6 0 11 3 3 0 4 3 3 1 10 11 2 2 4 10 6 2 5 1 0 4 10 5 2 7 7 1 8 5 0 2 5 6 6 7 8
2 2 9 24 5 17
3 2 39 11 32 0 6
#c 9 1 7 1 11 9 9 10 6 4 8 4 10 11 10 1 5 9 6 0 11 3 3 0 4 3 3 1 10 11 2 2 4 10 6 2 5 1 0 4 10 5 2 7 7 1 8 5 0 2 5 6 6 7 8
1 1 47 10
4 2 41 36 50 16 46 54
#c 9 1 7 1 11 9 9 10 6 4 8 4 10 11 10 1 5 9 6 0 11 3 3 0 4 3 3 1 10 11 2 2 4 10 6 2 5 1 0 4 10 5 2 7 7 1 8 5 0 2 5 6 6 7 8
1 1 51 36
4 4 18 34 52 8 41 50 16 47
#c 9 1 7 1 11 9 9 10 6 4 8 4 10 11 10 1 5 9 6 0 11 3 3 0 4 3 3 1 10 11 2 2 4 10 6 2 5 1 0 4 10 5 2 7 7 1 8 5 0 2 5 6 6 7 8
2 2 43 53 39 32
2 3 2 44 11 24 9
#c 9 1 7 1 11 9 9 10 6 4 8 4 10 11 10 1 5 9 6 0 11 3 3 0 4 3 3 1 10 11 2 2 4 10 6 2 5 1 0 4 10 5 2 7 7 1 8 5 0 2 5 6 6 7 8
2 4 46 54 49 35 42 30
#c 9 1 7 1 11 9 9 10 6 4 8 4 10 11 10 1 5 9 6 0 11 3 3 0 4 3 3 1 10 11 2 2 4 10 6 2 5 1 0 4 10 5 2 7 7 1 8 5 0 2 5 6 6 7 8
1 1 5 46
3 2 0 6 17 10 54
#c 9 1 7 1 11 9 9 10 6 4 8 4 10 11 10 1 5 9 6 0 11 3 3 0 4 3 3 1 10 11 2 2 4 10 6 2 5 1 0 4 10 5 2 7 7 1 8 5 0 2 5 6 6 7 8
3 3 7 33 12 48 19 38
3 1 40 14 28 23
#c 9 1 7 1 11 9 9 10 6 4 8 4 10 11 10 1 5 9 6 0 11 3 3 0 4 3 3 1 10 11 2 2 4 10 6 2 5 1 0 4 10 5 2 7 7 1 8 5 0 2 5 6 6 7 8
2 2 4 13 38 48
2 2 29 20 23 19
#c 9 1 7 1 11 9 9 10 6 4 8 4 10 11 10 1 5 9 6 0 11 3 3 0 4 3 3 1 10 11 2 2 4 10 6 2 5 1 0 4 10 5 2 7 7 1 8 5 0 2 5 6 6 7 8
2 2 23 19 52 8
2 3 38 48 18 34 51
#c 9 1 7 1 11 9 9 10 0 4 8 4 10 11 10 1 5 9 6 6 11 3 3 6 4 3 3 1 10 11 2 2 4 10 6 2 5 1 0 4 10 5 2 7 7 1 8 5 0 2 5 6 0 7 8
2 1 15 3 4
4 3 1 37 27 45 29 13 20
#c 9 1 7 1 11 9 9 10 0 4 8 4 10 11 10 1 5 9 6 6 11 3 3 6 4 3 3 1 10 11 2 2 4 10 6 2 5 1 0 4 10 5 2 7 7 1 8 5 0 2 5 6 0 7 8
1 1 35 24
4 4 49 31 42 30 39 11 32 9
#c 9 1 7 1 11 9 9 10 0 4 8 4 10 11 10 1 5 9 6 6 11 3 3 6 4 3 3 1 10 11 2 2 4 10 6 2 5 1 0 4 10 5 2 7 7 1 8 5 0 2 5 6 0 7 8
1 1 21 34
3 4 22 25 26 18 51 23 19
#c 9 1 7 1 11 9 9 10 0 4 8 4 10 11 10 1 5 9 6 6 11 3 3 6 4 3 3 1 10 11 2 2 4 10 6 2 5 1 0 4 10 5 2 7 7 1 8 5 0 2 5 6 0 7 8
2 2 9 32 41 36
3 3 39 11 24 50 16 47
#c 9 1 7 1 11 9 9 10 0 4 8 4 10 11 10 1 5 9 6 6 11 3 3 6 4 3 3 1 10 11 2 2 4 10 6 2 5 1 0 4 10 5 2 7 7 1 8 5 0 2 5 6 0 7 8
2 2 41 47 22 26
3 2 36 50 16 21 25
#c 9 1 7 1 11 9 9 10 0 4 8 4 10 11 10 1 5 9 6 6 11 3 3 6 4 3 3 1 10 11 2 2 4 10 6 2 5 1 0 4 10 5 2 7 7 1 8 5 0 2 5 6 0 7 8
1 2 18 8 48
4 2 34 51 23 19 38 52
#c 9 1 7 1 11 9 9 10 0 4 8 4 10 11 10 1 5 9 6 6 11 3 3 6 4 3 3 1 10 11 2 2 4 10 6 2 5 1 0 4 10 5 2 7 7 1 8 5 0 2 5 6 0 7 8
1 2 43 19 23
3 3 53 2 44 18 34 51
#c 9 1 7 1 11 9 9 10 0 4 8 4 10 11 10 1 5 9 6 6 11 3 3 6 4 3 3 1 10 11 2 2 4 10 6 2 5 1 0 4 10 5 2 7 7 1 8 5 0 2 5 6 0 7 8
1 1 10 25
2 3 46 54 22 21 26
#c 9 1 7 1 11 9 9 10 0 4 8 4 10 11 10 1 5 9 6 6 11 3 3 6 4 3 3 1 10 11 2 2 4 10 6 2 5 1 0 4 10 5 2 7 7 1 8 5 0 2 5 6 0 7 8
2 2 5 6 37 45
2 4 0 17 1 27 3 15
#c 9 1 7 1 11 9 9 10 0 4 8 4 10 11 10 1 5 9 6 6 11 3 3 6 4 3 3 1 10 11 2 2 4 10 6 2 5 1 0 4 10 5 2 7 7 1 8 5 0 2 5 6 0 7 8
1 1 7 43
5 3 33 12 40 14 28 53 2 44
#c 9 1 7 1 11 9 9 10 0 4 8 4 10 11 10 1 5 9 6 6 11 3 3 6 4 3 3 1 10 11 2 2 4 10 6 2 5 1 0 4 10 5 2 7 7 1 8 5 0 2 5 6 0 7 8
1 1 29 19
3 4 13 20 4 18 34 51 23
#c 9 1 7 1 11 9 9 10 0 4 8 4 10 11 10 1 5 9 6 6 11 3 3 6 4 3 3 1 10 11 2 2 4 10 6 2 5 1 0 4 10 5 2 7 7 1 8 5 0 2 5 6 0 7 8
1 1 48 18
3 4 38 52 8 34 51 23 19
#c 9 1 7 1 11 9 9 10 0 4 8 4 10 11 10 1 5 9 6 6 11 3 3 6 4 3 3 1 10 11 2 2 4 10 6 2 5 1 0 4 10 5 2 7 7 1 8 5 0 2 5 6 0 7 8
1 1 3 13
5 3 1 37 27 45 15 29 20 4
#c 9 1 7 1 11 9 9 10 0 4 8 4 10 11 10 1 5 9 6 6 11 3 3 6 4 3 3 1 10 11 2 2 4 10 6 2 5 1 0 4 10 5 2 7 7 1 8 5 0 2 5 6 0 7 8
1 1 42 5
4 3 49 31 35 30 0 6 17
#c 9 1 7 1 11 9 9 10 0 4 8 4 10 11 10 1 5 9 6 6 11 3 3 6 4 3 3 1 10 11 2 2 4 10 6 2 5 1 0 4 10 5 2 7 7 1 8 5 0 2 5 6 0 7 8
1 2 25 23 19
3 3 22 21 26 18 34 51
#c 9 1 7 1 11 9 9 10 0 4 8 4 10 11 10 1 5 9 6 6 11 3 3 6 4 3 3 1 10 11 2 2 4 10 6 2 5 1 0 4 10 5 2 7 7 1 8 5 0 2 5 6 0 7 8
2 2 9 39 25 21
3 2 11 24 32 22 26
#c 9 1 7 1 11 9 9 10 0 4 8 4 10 11 10 1 5 9 6 6 11 3 3 6 4 3 3 1 10 11 2 2 4 10 6 2 5 1 0 4 10 5 2 7 7 1 8 5 0 2 5 6 0 7 8
1 2 50 33 14
4 4 41 36 16 47 12 40 7 28
#c 9 1 7 1 11 9 9 10 0 4 8 4 10 11 10 1 5 9 6 6 11 3 3 6 4 3 3 1 10 11 2 2 4 10 6 2 5 1 0 4 10 5 2 7 7 1 8 5 0 2 5 6 0 7 8
2 2 19 34 20 13
3 2 18 51 23 29 4
#c 9 1 7 1 11 9 9 10 0 4 8 4 10 6 10 1 5 9 6 11 6 3 3 6 4 3 3 1 10 11 2 2 4 10 11 2 5 1 0 4 10 5 2 7 7 1 8 5 0 2 5 6 0 7 8
2 2 53 2 0 17
2 2 43 44 6 5
#c 9 1 7 1 11 9 9 10 0 4 8 4 10 6 10 1 5 9 6 11 6 3 3 6 4 3 3 1 10 11 2 2 4 10 11 2 5 1 0 4 10 5 2 7 7 1 8 5 0 2 5 6 0 7 8
1 1 10 51
2 4 46 54 18 23 20 13
#c 9 1 7 1 11 9 9 10 0 4 8 4 10 6 10 1 5 9 6 11 6 3 3 6 4 3 3 1 10 11 2 2 4 10 11 2 5 1 0 4 10 5 2 7 7 1 8 5 0 2 5 6 0 7 8
1 1 6 47
3 4 0 5 17 41 36 50 16
#c 9 1 7 1 11 9 9 10 0 4 8 4 10 6 10 1 5 9 6 11 6 3 3 6 4 3 3 1 10 11 2 2 4 10 11 2 5 1 0 4 10 5 2 7 7 1 8 5 0 2 5 6 0 7 8
5 3 33 12 40 14 28 38 48 8
#c 9 1 7 1 11 9 9 10 0 4 8 4 10 6 10 1 5 9 6 11 6 3 3 6 4 3 3 1 10 11 2 2 4 10 11 2 5 1 0 4 10 5 2 7 7 1 8 5 0 2 5 6 0 7 8
1 1 29 17
3 3 4 19 34 0 6 5
#c 9 1 7 1 11 9 9 10 0 4 8 4 10 6 10 1 5 9 6 11 6 3 3 6 4 3 3 1 10 11 2 2 4 10 11 2 5 1 0 4 10 5 2 7 7 1 8 5 0 2 5 6 0 7 8
2 2 8 48 27 15
2 4 38 52 1 37 3 45
#c 9 1 7 1 11 9 9 10 0 4 8 4 10 6 10 1 5 9 6 11 6 3 3 6 4 3 3 1 10 11 2 2 4 10 11 2 5 1 0 4 10 5 2 7 7 1 8 5 0 2 5 6 0 7 8
1 1 3 21
5 3 1 37 27 45 15 22 25 26
#c 9 1 7 1 11 9 9 10 0 4 8 4 10 6 10 1 5 9 6 11 6 3 3 6 4 3 3 1 10 11 2 2 4 10 11 2 5 1 0 4 10 5 2 7 7 1 8 5 0 2 5 6 0 7 8
1 1 30 22
4 3 49 31 35 42 21 25 26
#c 9 1 7 1 11 9 9 10 0 4 8 4 10 6 10 1 5 9 6 11 6 3 3 6 4 3 3 1 10 11 2 2 4 10 11 2 5 1 0 4 10 5 2 7 7 1 8 5 0 2 5 6 0 7 8
2 2 26 22 10 46
2 1 21 25 54
#c 9 1 7 1 11 9 9 10 0 4 8 4 10 6 10 1 5 9 6 11 6 3 3 6 4 3 3 1 10 11 2 2 4 10 11 2 5 1 0 4 10 5 2 7 7 1 8 5 0 2 5 6 0 7 8
2 2 32 11 12 28
3 4 39 24 9 33 40 7 14
#c 9 1 7 1 11 9 9 10 0 4 8 4 10 6 10 1 5 9 6 11 6 3 3 6 4 3 3 1 10 11 2 2 4 10 11 2 5 1 0 4 10 5 2 7 7 1 8 5 0 2 5 6 0 7 8
1 1 41 46
4 2 36 50 16 47 10 54
#c 9 1 7 1 11 9 9 10 0 4 8 4 10 6 10 1 5 9 6 11 6 3 3 6 4 3 3 1 10 11 2 2 4 10 11 2 5 1 0 4 10 5 2 7 7 1 8 5 0 2 5 6 0 7 8
1 1 51 6
4 3 18 23 20 13 0 5 17
#c 9 1 7 1 11 9 9 10 0 4 8 4 10 6 10 1 5 9 6 11 6 3 3 6 4 3 3 1 10 11 2 2 4 10 11 2 5 1 0 4 10 5 2 7 7 1 8 5 0 2 5 6 0 7 8
1 1 44 32
3 4 43 53 2 39 11 24 9
#c 9 1 7 1 11 9 9 10 0 4 8 4 10 6 10 1 5 9 6 11 6 3 3 6 4 3 3 1 10 11 2 2 4 10 11 2 5 1 0 4 10 5 2 7 7 1 8 5 0 2 5 6 0 7 8
1 1 10 16
2 4 46 54 41 36 50 47
#c 9 1 7 1 11 9 9 10 0 4 8 4 10 6 10 1 5 9 6 11 6 3 3 6 4 3 3 1 10 11 2 2 4 10 11 2 5 1 0 4 10 5 2 7 7 1 8 5 0 2 5 6 0 7 8
1 1 17 16
3 4 0 6 5 41 36 50 47
#c 9 1 7 1 11 9 9 10 0 4 8 4 10 6 10 1 5 9 6 11 6 3 3 6 4 3 3 1 10 11 2 2 4 10 11 2 5 1 0 4 10 5 2 7 7 1 8 5 0 2 5 6 0 7 8
1 2 28 34 19
5 2 33 12 40 7 14 29 4
#c 9 1 7 1 11 9 9 10 0 4 8 4 10 6 10 1 5 9 6 11 6 3 3 6 4 3 3 1 10 11 2 2 4 10 11 2 5 1 0 4 10 5 2 7 7 1 8 5 0 2 5 6 0 7 8
1 1 4 12
3 5 29 19 34 33 40 7 14 28
#c 9 1 7 1 11 9 9 10 0 4 8 4 10 6 10 1 5 9 6 11 6 3 3 6 4 3 3 1 10 11 2 2 4 10 11 2 5 1 0 4 10 5 2 7 7 1 8 5 0 2 5 6 0 7 8
2 1 48 8 46
2 2 38 52 10 54
#c 9 1 7 1 11 9 9 10 0 4 8 4 10 6 10 1 5 9 6 11 6 3 3 6 4 3 3 1 10 11 2 2 4 10 11 2 5 1 0 4 10 5 2 7 7 1 8 5 0 2 5 6 0 7 8
1 2 3 28 40
5 4 1 37 27 45 15 33 12 7 14
#c 9 1 7 1 11 9 9 10 0 4 8 4 10 6 10 1 5 9 6 11 6 3 3 6 4 3 3 1 10 11 2 2 4 10 11 2 5 1 0 4 10 5 2 7 7 1 8 5 0 2 5 6 0 7 8
1 1 35 10
4 2 49 31 42 30 46 54
#c 9 1 7 1 11 9 9 10 0 4 8 4 10 6 10 1 5 9 6 11 6 3 3 6 4 3 3 1 10 11 2 2 4 10 11 2 5 1 0 4 10 5 2 7 7 1 8 5 0 2 5 6 0 7 8
2 3 25 22 14 12 7
2 3 21 26 33 40 28
#c 9 1 7 1 11 9 9 10 0 4 8 4 10 6 10 1 5 9 6 11 6 3 3 6 4 3 3 1 10 11 2 2 4 10 11 2 5 1 0 4 10 5 2 7 7 1 8 5 0 2 5 6 0 7 8
2 2 39 9 25 21
#c 9 1 7 1 11 9 9 10 0 4 8 4 10 6 10 1 5 9 6 11 6 3 3 6 4 3 3 1 10 11 2 2 4 10 11 2 5 1 0 4 10 5 2 7 7 1 8 5 0 2 5 6 0 7 8
#c 9 1 7 1 11 9 9 10 0 4 8 4 10 6 10 1 5 9 6 11 6 3 3 6 4 3 3 1 10 11 2 2 4 10 11 2 5 1 0 4 10 5 2 7 7 1 8 5 0 2 5 6 0 7 8
2 2 13 51 10 54
3 1 18 23 20 46
#c 9 1 7 1 11 9 9 10 0 4 8 4 10 6 10 1 5 9 6 11 6 3 3 6 4 3 3 1 10 11 2 2 4 10 11 2 5 1 0 4 10 5 2 7 7 1 8 5 0 2 5 6 0 7 8
2 2 44 2 9 39
2 3 43 53 11 24 32
#c 9 1 7 1 11 9 9 10 0 4 8 4 10 6 10 1 5 9 6 11 6 3 3 6 4 3 3 1 10 11 2 2 4 10 11 2 5 1 0 4 10 5 2 7 7 1 8 5 0 2 5 6 0 7 8
1 1 54 17
2 3 46 10 0 6 5
#c 9 1 7 1 11 9 9 10 0 4 8 4 10 6 10 1 5 9 6 11 6 3 3 6 4 3 3 1 10 11 2 2 4 10 11 2 5 1 0 4 10 5 2 7 7 1 8 5 0 2 5 6 0 7 8
1 1 0 7
3 5 6 5 17 33 12 40 14 28
#c 9 1 7 1 11 9 9 10 0 4 8 4 10 6 10 1 5 9 6 11 6 3 3 6 4 3 3 1 10 11 2 2 4 10 11 2 5 1 0 4 10 5 2 7 7 1 8 5 0 2 5 6 0 7 8
3 3 28 33 40 25 21 22
3 1 12 7 14 26
#c 9 1 7 1 11 9 9 10 0 4 8 4 10 6 10 1 5 9 6 11 6 3 3 6 4 3 3 1 10 11 2 2 4 10 11 2 5 1 0 4 10 5 2 7 7 1 8 5 0 2 5 6 0 7 8
2 3 34 29 9 39 11
2 2 4 19 24 32
#c 9 1 7 1 11 9 9 10 0 4 8 4 10 6 10 1 5 9 6 11 6 3 3 6 4 3 3 1 10 11 2 2 4 10 11 2 5 1 0 4 10 5 2 7 7 1 8 5 0 2 5 6 0 7 8
2 2 8 48 1 37
2 4 38 52 27 3 45 15
#c 9 1 7 1 11 9 9 10 0 4 8 4 10 6 10 1 5 9 6 11 6 3 3 6 4 3 3 1 10 11 2 2 4 10 11 2 5 1 0 4 10 5 2 7 7 1 8 5 0 2 5 6 0 7 8
#c 9 1 7 1 11 9 9 10 0 4 8 4 10 6 10 1 5 9 6 11 6 3 3 6 4 3 3 1 10 11 2 2 4 10 11 2 5 1 0 4 10 5 2 7 7 1 8 5 0 2 5 6 0 7 8
1 3 42 5 6 0
4 1 49 31 35 30 17
#c 9 1 7 1 11 9 9 10 0 4 8 4 10 6 10 1 5 9 6 11 6 3 3 6 4 3 3 1 10 11 2 2 4 10 11 2 5 1 0 4 10 5 2 7 7 1 8 5 0 2 5 6 0 7 8
#c 9 1 7 1 11 9 9 10 0 4 8 4 10 6 10 1 5 9 6 11 6 3 3 6 4 3 3 1 10 11 2 2 4 10 11 2 5 1 0 4 10 5 2 7 7 1 8 5 0 2 5 6 0 7 8
2 3 24 32 4 34 29
3 1 39 11 9 19
#c 9 1 7 1 11 9 9 10 0 4 8 4 10 6 10 1 5 9 6 11 6 3 3 6 4 3 3 1 10 11 2 2 4 10 11 2 5 1 0 4 10 5 2 7 7 1 8 5 0 2 5 6 0 7 8
2 2 47 16 13 18
3 3 41 36 50 51 23 20
#c 9 1 7 1 11 9 9 10 0 4 8 4 10 6 10 1 5 9 6 11 6 3 3 6 4 3 3 1 10 11 2 2 4 10 11 2 5 1 0 4 10 5 2 7 7 1 8 5 0 2 5 6 0 7 8
4 4 18 51 23 13 39 11 32 9
#c 9 1 7 1 11 9 9 10 0 4 8 4 10 6 10 1 5 9 6 11 6 3 3 6 4 3 3 1 10 11 2 2 4 10 11 2 5 1 0 4 10 5 2 7 7 1 8 5 0 2 5 6 0 7 8
1 1 44 42
3 4 43 53 2 49 31 35 30
#c 9 1 7 1 11 9 9 10 0 4 8 4 10 6 10 1 5 9 6 11 6 3 3 6 4 3 3 1 10 11 2 2 4 10 11 2 5 1 0 4 10 5 2 7 7 1 8 5 0 2 5 6 0 7 8
#c 9 1 7 1 11 9 9 10 0 4 8 4 10 6 10 1 5 9 6 11 6 3 3 6 4 3 3 1 10 11 2 2 4 10 11 2 5 1 0 4 10 5 2 7 7 1 8 5 0 2 5 6 0 7 8
1 1 6 1
3 5 0 5 17 37 27 3 45 15
#c 9 1 7 1 11 9 9 10 0 4 8 4 10 6 10 1 5 9 6 11 6 3 3 6 4 3 3 1 10 11 2 2 4 10 11 2 5 1 0 4 10 5 2 7 7 1 8 5 0 2 5 6 0 7 8
3 2 7 28 12 34 4
3 2 33 40 14 29 19
#c 9 1 7 1 11 9 9 10 0 4 8 4 10 6 10 1 5 9 6 11 6 3 3 6 4 3 3 1 10 11 2 2 4 10 11 2 5 1 0 4 10 5 2 7 7 1 8 5 0 2 5 6 0 7 8
2 2 29 4 17 5
2 2 19 34 0 6
#c 9 1 7 1 11 9 9 10 0 4 8 4 10 6 10 1 5 9 6 11 6 3 3 6 4 3 3 1 10 11 2 2 4 10 11 2 5 1 0 4 10 5 2 7 7 1 8 5 0 2 5 6 0 7 8
1 1 38 12
3 5 48 52 8 33 40 7 14 28
#c 9 1 7 1 11 9 9 10 0 4 8 4 10 6 10 1 5 9 6 11 6 3 3 6 4 3 3 1 10 11 2 2 4 10 11 2 5 1 0 4 10 5 2 7 7 1 8 5 0 2 5 6 0 7 8
2 2 27 3 48 8
4 2 1 37 45 15 38 52
#c 9 1 7 1 11 9 9 10 0 4 8 4 10 6 10 1 5 9 6 11 6 3 3 6 4 3 3 1 10 11 2 2 4 10 11 2 5 1 0 4 10 5 2 7 7 1 8 5 0 2 5 6 0 7 8
2 2 30 31 2 53
3 2 49 35 42 43 44
#c 9 1 7 1 11 9 9 10 0 4 8 4 10 6 10 1 5 9 6 11 6 3 3 6 4 3 3 1 10 11 2 2 4 10 11 2 5 1 0 4 10 5 2 7 7 1 8 5 0 2 5 6 0 7 8
1 1 26 44
3 3 22 21 25 43 53 2
#c 9 1 7 1 11 9 9 10 0 4 8 4 10 6 10 1 5 9 6 11 6 3 3 6 4 3 3 1 10 11 2 2 4 10 11 2 5 1 0 4 10 5 2 7 7 1 8 5 0 2 5 6 0 7 8
1 1 24 38
4 3 39 11 32 9 48 52 8
#c 9 1 7 1 11 9 9 10 0 4 8 4 10 6 10 1 5 9 6 11 6 3 3 6 4 3 3 1 10 11 2 2 4 10 11 2 5 1 0 4 10 5 2 7 7 1 8 5 0 2 5 6 0 7 8
2 2 16 41 37 15
3 4 36 50 47 1 27 3 45
#c 9 1 7 1 11 9 9 10 0 4 8 4 10 6 10 1 5 9 6 11 6 3 3 6 4 3 3 1 10 11 2 2 4 10 11 2 5 1 0 4 10 5 2 7 7 1 8 5 0 2 5 6 0 7 8
1 1 13 52
4 3 18 51 23 20 38 48 8
#c 9 1 7 1 11 9 9 10 0 4 8 4 10 6 10 1 5 9 6 11 6 3 3 6 4 3 3 1 10 11 2 2 4 10 11 2 5 1 0 4 10 5 2 7 7 1 8 5 0 2 5 6 0 7 8
1 1 2 33
3 5 43 53 44 12 40 7 14 28
#c 9 1 7 1 11 9 9 10 0 4 8 4 10 6 10 1 5 9 6 11 6 3 3 6 4 3 3 1 10 11 2 2 4 10 11 2 5 1 0 4 10 5 2 7 7 1 8 5 0 2 5 6 0 7 8
1 2 54 4 34
2 2 46 10 29 19
#c 9 1 7 1 11 9 9 10 0 4 8 4 10 6 10 1 5 9 6 11 6 3 3 6 4 3 3 1 10 11 2 2 4 10 11 2 5 1 0 4 10 5 2 7 7 1 8 5 0 2 5 6 0 7 8
2 2 6 0 31 30
2 3 5 17 49 35 42
#c 9 1 7 1 11 9 9 10 0 4 8 4 10 6 10 1 5 9 6 11 6 3 3 6 4 3 3 1 10 11 2 2 4 10 11 2 5 1 0 4 10 5 2 7 7 1 8 5 0 2 5 6 0 7 8
3 4 7 28 40 23 20 18 13
3 1 33 12 14 51
#c 9 1 7 1 11 9 9 10 0 4 8 4 10 6 10 1 5 9 6 11 6 3 3 6 4 3 3 1 10 11 2 2 4 10 11 2 5 1 0 4 10 5 2 7 7 1 8 5 0 2 5 6 0 7 8
2 2 34 19 35 31
2 3 29 4 49 42 30
#c 9 1 7 1 11 9 9 10 0 4 8 4 10 6 10 1 5 9 6 11 6 3 3 6 4 3 3 1 10 11 2 2 4 10 11 2 5 1 0 4 10 5 2 7 7 1 8 5 0 2 5 6 0 7 8
#c 9 1 7 1 11 9 9 10 0 4 8 4 10 6 10 1 5 9 6 11 6 3 3 6 4 3 3 1 10 11 2 2 4 10 11 2 5 1 0 4 10 5 2 7 7 1 8 5 0 2 5 6 0 7 8
#c 9 1 7 1 11 9 9 10 0 4 8 4 10 6 10 1 5 9 6 11 6 3 3 6 4 3 3 1 10 11 2 2 4 10 11 2 5 1 0 4 10 5 2 7 7 1 8 5 0 2 5 6 0 7 8
2 2 42 30 27 37
3 4 49 31 35 1 3 45 15
#c 9 1 7 1 11 9 9 10 0 4 8 4 10 6 10 1 5 9 6 11 6 3 3 6 4 3 3 1 10 11 2 2 4 10 11 2 5 1 0 4 10 5 2 7 7 1 8 5 0 2 5 6 0 7 8
2 2 25 22 5 6
2 2 21 26 0 17
#c 9 1 7 1 11 9 9 10 0 4 8 4 10 6 10 1 5 9 6 11 6 3 3 6 4 3 3 1 10 11 2 2 4 10 11 2 5 1 0 4 10 5 2 7 7 1 8 5 0 2 5 6 0 7 8
1 1 9 16
4 4 39 11 24 32 41 36 50 47
#c 9 1 7 1 11 9 9 10 0 4 8 4 10 6 10 1 5 9 6 11 6 3 3 6 4 3 3 1 10 11 2 2 4 10 11 2 5 1 0 4 10 5 2 7 7 1 8 5 0 2 5 6 0 7 8
2 2 41 47 21 22
3 2 36 50 16 25 26
#c 9 1 7 1 11 9 9 10 0 4 8 4 10 6 10 1 5 9 6 11 6 3 3 6 4 3 3 1 10 11 2 2 4 10 11 2 5 1 0 4 10 5 2 7 7 1 8 5 0 2 5 6 0 7 8
2 1 20 18 31
3 4 51 23 13 49 35 42 30
#c 9 1 7 1 11 9 9 10 0 4 8 4 10 6 10 1 5 9 6 11 6 3 3 6 4 3 3 1 10 11 2 2 4 10 11 2 5 1 0 4 10 5 2 7 7 1 8 5 0 2 5 6 0 7 8
1 1 43 46
3 2 53 2 44 10 54
#c 9 1 7 1 11 9 9 10 0 4 8 4 10 6 10 1 5 9 6 11 6 3 3 6 4 3 3 1 10 11 2 2 4 10 11 2 5 1 0 4 10 5 2 7 7 1 8 5 0 2 5 6 0 7 8
1 1 10 17
2 3 46 54 0 6 5
#c 9 1 7 1 11 9 9 10 0 4 8 4 10 6 10 1 5 9 6 11 6 3 3 6 4 3 3 1 10 11 2 2 4 10 11 2 5 1 0 4 10 5 2 7 7 1 8 5 0 2 5 6 0 7 8
#c 9 1 7 1 11 9 9 10 0 4 8 4 10 6 10 1 5 9 6 11 6 3 3 6 4 3 3 1 10 11 2 2 4 10 11 2 5 1 0 4 10 5 2 7 7 1 8 5 0 2 5 6 0 7 8
1 3 14 20 18 13
5 2 33 12 40 7 28 51 23
#c 9 1 7 1 11 9 9 10 0 4 8 4 10 6 10 1 5 9 6 11 6 3 3 6 4 3 3 1 10 11 2 2 4 10 11 2 5 1 0 4 10 5 2 7 7 1 8 5 0 2 5 6 0 7 8
2 1 29 19 46
2 2 4 34 10 54
#c 9 1 7 1 11 9 9 10 0 4 8 4 10 6 10 1 5 9 6 11 6 3 3 6 4 3 3 1 10 11 2 2 4 10 11 2 5 1 0 4 10 5 2 7 7 1 8 5 0 2 5 6 0 7 8
1 1 38 22
3 3 48 52 8 21 25 26
#c 9 1 7 1 11 9 9 10 0 4 8 4 10 6 10 1 5 9 6 11 6 3 3 6 4 3 3 1 10 11 2 2 4 10 11 2 5 1 0 4 10 5 2 7 7 1 8 5 0 2 5 6 0 7 8
2 1 45 1 16
4 4 37 27 3 15 41 36 50 47
#c 9 1 7 1 11 9 9 10 0 4 8 4 10 6 10 1 5 9 6 11 6 3 3 6 4 3 3 1 10 11 2 2 4 10 11 2 5 1 0 4 10 5 2 7 7 1 8 5 0 2 5 6 0 7 8
4 3 49 31 35 30 43 2 44
#c 9 1 7 1 11 9 9 10 0 4 8 4 10 6 10 1 5 9 6 11 6 3 3 6 4 3 3 1 10 11 2 2 4 10 11 2 5 1 0 4 10 5 2 7 7 1 8 5 0 2 5 6 0 7 8
2 2 25 22 38 48
2 2 21 26 52 8
#c 9 1 7 1 11 9 9 10 0 4 8 4 10 6 10 1 5 9 6 11 6 3 3 6 4 3 3 1 10 11 2 2 4 10 11 2 5 1 0 4 10 5 2 7 7 1 8 5 0 2 5 6 0 7 8
2 2 9 32 17 0
3 2 39 11 24 6 5
#c 9 1 7 1 11 9 9 10 0 4 8 4 10 6 10 1 5 9 6 11 6 3 3 6 4 3 3 1 10 11 2 2 4 10 11 2 5 1 0 4 10 5 2 7 7 1 8 5 0 2 5 6 0 7 8
1 1 16 0
4 3 41 36 50 47 6 5 17
#c 9 1 7 1 11 9 9 10 0 4 8 4 10 6 10 1 5 9 6 11 6 3 3 6 4 3 3 1 10 11 2 2 4 10 11 2 5 1 0 4 10 5 2 7 7 1 8 5 0 2 5 6 0 7 8
1 1 18 42
4 4 51 23 20 13 49 31 35 30
#c 9 1 7 1 11 9 9 10 0 4 8 4 10 6 10 1 5 9 6 11 6 3 3 6 4 3 3 1 10 11 2 2 4 10 11 2 5 1 0 4 10 5 2 7 7 1 8 5 0 2 5 6 0 7 8
#c 9 1 7 1 11 9 9 10 0 4 8 4 10 6 10 1 5 9 6 11 6 3 3 6 4 3 3 1 10 11 2 2 4 10 11 2 5 1 0 4 10 5 2 7 7 1 8 5 0 2 5 6 0 7 8
1 1 46 6
2 3 10 54 0 5 17
#c 9 1 7 1 11 9 9 10 0 4 8 4 10 6 10 1 5 9 6 11 6 3 3 6 4 3 3 1 10 11 2 2 4 10 11 2 5 1 0 4 10 5 2 7 7 1 8 5 0 2 5 6 0 7 8
#c 9 1 7 1 11 9 9 10 0 4 8 4 10 6 10 1 5 9 6 11 6 3 3 6 4 3 3 1 10 11 2 2 4 10 11 2 5 1 0 4 10 5 2 7 7 1 8 5 0 2 5 6 0 7 8
1 1 33 54
5 2 12 40 7 14 28 46 10
#c 9 1 7 1 11 9 9 10 0 4 8 4 10 6 10 1 5 9 6 11 6 3 3 6 4 3 3 1 10 11 2 2 4 10 11 2 5 1 0 4 10 5 2 7 7 1 8 5 0 2 5 6 0 7 8
2 2 34 4 7 14
2 4 29 19 33 12 40 28
#c 9 1 7 1 11 9 9 10 0 4 8 4 10 6 10 1 5 9 6 11 6 3 3 6 4 3 3 1 10 11 2 2 4 10 11 2 5 1 0 4 10 5 2 7 7 1 8 5 0 2 5 6 0 7 8
2 2 38 8 0 6
2 2 48 52 5 17
#c 9 1 7 1 11 9 9 10 0 4 8 4 10 6 10 1 5 9 6 11 6 3 3 6 4 3 3 1 10 11 2 2 4 10 11 2 5 1 0 4 10 5 2 7 7 1 8 5 0 2 5 6 0 7 8
#c 9 1 7 1 11 9 9 10 0 4 8 4 10 6 10 1 5 9 6 11 6 3 3 6 4 3 3 1 10 11 2 2 4 10 11 2 5 1 0 4 10 5 2 7 7 1 8 5 0 2 5 6 0 7 8
#c 9 1 7 1 11 9 9 10 0 4 8 4 10 6 10 1 5 9 6 11 6 3 3 6 4 3 3 1 10 11 2 2 4 10 11 2 5 1 0 4 10 5 2 7 7 1 8 5 0 2 5 6 0 7 8
1 1 25 19
3 3 22 21 26 29 4 34
#c 9 1 7 1 11 9 9 10 0 4 8 4 10 6 10 1 5 9 6 11 6 3 3 6 4 3 3 1 10 11 2 2 4 10 11 2 5 1 0 4 10 5 2 7 7 1 8 5 0 2 5 6 0 7 8
1 1 24 1
4 5 39 11 32 9 37 27 3 45 15
#c 9 1 7 1 11 9 9 10 0 4 8 4 10 6 10 1 5 9 6 11 6 3 3 6 4 3 3 1 10 11 2 2 4 10 11 2 5 1 0 4 10 5 2 7 7 1 8 5 0 2 5 6 0 7 8
2 2 47 50 0 5
3 2 41 36 16 6 17
#c 9 1 7 1 11 9 9 10 0 4 8 4 10 6 10 1 5 9 6 11 6 3 3 6 4 3 3 1 10 11 2 2 4 10 11 2 5 1 0 4 10 5 2 7 7 1 8 5 0 2 5 6 0 7 8
#c 9 1 7 1 11 9 9 10 0 4 8 4 10 6 10 1 5 9 6 11 6 3 3 6 4 3 3 1 10 11 2 2 4 10 11 2 5 1 0 4 10 5 2 7 7 1 8 5 0 2 5 6 0 7 8
3 3 43 53 2 48 52 8
#c 9 1 7 1 11 9 9 10 0 4 8 4 10 6 10 1 5 9 6 11 6 3 3 6 4 3 3 1 10 11 2 2 4 10 11 2 5 1 0 4 10 5 2 7 7 1 8 5 0 2 5 6 0 7 8
1 2 46 8 38
2 2 10 54 48 52
#c 9 1 7 1 11 9 9 10 0 4 8 4 10 6 10 1 5 9 6 11 6 3 3 6 4 3 3 1 10 11 2 2 4 10 11 2 5 1 0 4 10 5 2 7 7 1 8 5 0 2 5 6 0 7 8
1 2 6 4 29
3 2 0 5 17 19 34
#c 9 1 7 1 11 9 9 10 0 4 8 4 10 6 10 1 5 9 6 11 6 3 3 6 4 3 3 1 10 11 2 2 4 10 11 2 5 1 0 4 10 5 2 7 7 1 8 5 0 2 5 6 0 7 8
3 3 12 40 33 43 53 44
3 1 7 14 28 2
#c 9 1 7 1 11 9 9 10 0 4 8 4 10 6 10 1 5 9 6 11 6 3 3 6 4 3 3 1 10 11 2 2 4 10 11 2 5 1 0 4 10 5 2 7 7 1 8 5 0 2 5 6 0 7 8
2 2 34 19 52 38
2 2 29 4 48 8
#c 9 1 7 1 11 9 9 10 0 4 8 4 10 6 10 1 5 9 6 11 6 3 3 6 4 3 3 1 10 11 2 2 4 10 11 2 5 1 0 4 10 5 2 7 7 1 8 5 0 2 5 6 0 7 8
1 2 8 50 36
3 3 38 48 52 41 16 47
#c 9 1 7 1 11 9 9 10 0 4 8 4 10 6 10 1 5 9 6 11 6 3 3 6 4 3 3 1 10 11 2 2 4 10 11 2 5 1 0 4 10 5 2 7 7 1 8 5 0 2 5 6 0 7 8
3 3 27 37 45 33 14 40
3 3 1 3 15 12 7 28
#c 9 1 7 1 11 9 9 10 0 4 8 4 10 6 10 1 5 9 6 11 6 3 3 6 4 3 3 1 10 11 2 2 4 10 11 2 5 1 0 4 10 5 2 7 7 1 8 5 0 2 5 6 0 7 8
2 2 30 35 52 48
3 2 49 31 42 38 8
#c 9 1 7 1 11 9 9 10 0 4 8 4 10 6 10 1 5 9 6 11 6 3 3 6 4 3 3 1 10 11 2 2 4 10 11 2 5 1 0 4 10 5 2 7 7 1 8 5 0 2 5 6 0 7 8
1 2 21 4 29
3 2 22 25 26 19 34
#c 9 1 7 1 11 9 9 10 0 4 8 4 10 6 10 1 5 9 6 11 6 3 3 6 4 3 3 1 10 11 2 2 4 10 11 2 5 1 0 4 10 5 2 7 7 1 8 5 0 2 5 6 0 7 8
1 1 9 49
4 4 39 11 24 32 31 35 42 30
#c 9 1 7 1 11 9 9 10 0 4 8 4 10 6 10 1 5 9 6 11 6 3 3 6 4 3 3 1 10 11 2 2 4 10 11 2 5 1 0 4 10 5 2 7 7 1 8 5 0 2 5 6 0 7 8
1 1 36 42
4 4 41 50 16 47 49 31 35 30
#c 9 1 7 1 11 9 9 10 0 4 8 4 10 6 10 1 5 9 6 11 6 3 3 6 4 3 3 1 10 11 2 2 4 10 11 2 2 1 0 4 10 5 5 7 7 1 8 5 0 2 5 6 0 7 8
2 2 20 13 48 38
3 2 18 51 23 52 8
#c 9 1 7 1 11 9 9 10 0 4 8 4 10 6 10 1 5 9 6 11 6 3 3 6 4 3 3 1 10 11 2 2 4 10 11 2 2 1 0 4 10 5 5 7 7 1 8 5 0 2 5 6 0 7 8
2 2 44 53 31 49
2 3 43 2 35 30 36
#c 9 1 7 1 11 9 9 10 0 4 8 4 10 6 10 1 5 9 6 11 6 3 3 6 4 3 3 1 10 11 2 2 4 10 11 2 2 1 0 4 10 5 5 7 7 1 8 5 0 2 5 6 0 7 8
1 1 46 23
2 4 10 54 18 51 20 13
#c 9 1 7 1 11 9 9 10 0 4 8 4 10 6 10 1 5 9 6 11 6 3 3 6 4 3 3 1 10 11 2 2 4 10 11 2 2 1 0 4 10 5 5 7 7 1 8 5 0 2 5 6 0 7 8
2 2 0 5 37 27
2 4 6 17 1 3 45 15
#c 9 1 7 1 11 9 9 10 0 4 8 4 10 6 10 1 5 9 6 11 6 3 3 6 4 3 3 1 10 11 2 2 4 10 11 2 2 1 0 4 10 5 5 7 7 1 8 5 0 2 5 6 0 7 8
2 2 33 28 2 44
4 2 12 40 7 14 43 53
#c 9 1 10 1 11 9 9 10 0 4 8 4 10 6 10 1 5 9 6 11 6 3 3 6 4 3 3 1 7 11 2 2 4 7 11 2 2 1 0 4 10 5 5 7 10 1 8 5 0 2 5 6 0 7 8
2 2 34 4 35 49
2 3 29 19 31 30 36
#c 9 1 10 1 11 9 9 10 0 4 8 4 10 6 10 1 5 9 6 11 6 3 3 6 4 3 3 1 7 11 2 2 4 7 11 2 2 1 0 4 10 5 5 7 10 1 8 5 0 2 5 6 0 7 8
2 2 8 48 17 0
2 2 38 52 6 5
#c 9 1 10 1 11 9 9 10 0 4 8 4 10 6 10 1 5 9 6 11 6 3 3 6 4 3 3 1 7 11 2 2 4 7 11 2 2 1 0 4 10 5 5 7 10 1 8 5 0 2 5 6 0 7 8
1 1 27 7
5 5 1 37 3 45 15 12 40 14 2 44
#c 9 1 10 1 11 9 9 10 0 4 8 4 10 6 10 1 5 9 6 11 6 3 3 6 4 3 3 1 7 11 2 2 4 7 11 2 2 1 0 4 10 5 5 7 10 1 8 5 0 2 5 6 0 7 8
2 2 35 49 4 29
3 2 31 30 36 19 34
#c 9 1 10 1 11 9 9 10 0 4 8 4 10 6 10 1 5 9 6 11 6 3 3 6 4 3 3 1 7 11 2 2 4 7 11 2 2 1 0 4 10 5 5 7 10 1 8 5 0 2 5 6 0 7 8
2 2 22 26 9 11
2 3 21 25 39 24 32
#c 9 1 10 1 11 9 9 10 0 4 8 4 10 6 10 1 5 9 6 11 6 3 3 6 4 3 3 1 7 11 2 2 4 7 11 2 2 1 0 4 10 5 5 7 10 1 8 5 0 2 5 6 0 7 8
1 2 24 20 18
4 3 39 11 32 9 51 23 13
#c 9 1 10 1 11 9 9 10 0 4 8 4 10 6 10 1 5 9 6 11 6 3 3 6 4 3 3 1 7 11 2 2 4 7 11 2 2 1 0 4 10 5 5 7 10 1 8 5 0 2 5 6 0 7 8
2 2 47 41 43 28
3 2 50 16 42 53 33
#c 9 1 10 1 11 9 9 10 0 4 8 4 10 6 10 1 5 9 6 11 6 3 3 6 4 3 3 1 7 11 2 2 4 7 11 2 2 1 0 4 10 5 5 7 10 1 8 5 0 2 5 6 0 7 8
2 2 23 20 0 5
3 2 18 51 13 6 17
#c 9 1 10 1 11 9 9 10 0 4 8 4 10 6 10 1 5 9 6 11 6 3 3 6 4 3 3 1 7 11 2 2 4 7 11 2 2 1 0 4 10 5 5 7 10 1 8 5 0 2 5 6 0 7 8
1 2 53 16 47
3 3 43 33 28 41 50 42
#c 9 1 10 1 11 9 9 10 0 4 8 4 10 6 10 1 5 9 6 11 6 3 3 6 4 3 3 1 7 11 2 2 4 7 11 2 2 1 0 4 10 5 5 7 10 1 8 5 0 2 5 6 0 7 8
2 3 10 54 53 33 28
#c 9 1 10 1 11 9 9 10 0 4 8 4 10 6 10 1 5 9 6 11 6 3 3 6 4 3 3 1 7 11 2 2 4 7 11 2 2 1 0 4 10 5 5 7 10 1 8 5 0 2 5 6 0 7 8
2 2 17 0 43 28
2 2 6 5 53 33
#c 7 1 10 1 11 9 9 10 0 4 8 4 10 6 10 1 5 7 6 11 6 3 3 6 4 3 3 1 9 11 2 2 4 7 11 2 2 1 0 4 10 5 5 9 10 1 8 5 0 2 5 6 0 7 8
3 3 12 40 14 16 47 41
3 2 7 2 44 50 42
#c 7 1 10 1 11 9 9 10 0 4 8 4 10 6 10 1 5 7 6 11 6 3 3 6 4 3 3 1 9 11 2 2 4 7 11 2 2 1 0 4 10 5 5 9 10 1 8 5 0 2 5 6 0 7 8
2 3 34 29 6 28 43
2 1 4 19 5
#c 7 1 10 1 11 9 9 10 0 4 8 4 10 6 10 1 5 7 6 11 6 3 3 6 4 3 3 1 9 11 2 2 4 7 11 2 2 1 0 4 10 5 5 9 10 1 8 5 0 2 5 6 0 7 8
2 2 8 48 0 17
2 2 38 52 53 33
#c 7 1 10 1 11 9 9 10 0 4 8 4 10 6 10 1 5 7 6 11 6 3 3 6 4 3 3 1 9 11 2 2 4 7 11 2 2 1 0 4 10 5 5 9 10 1 8 5 0 2 5 6 0 7 8
3 3 3 27 45 49 35 36
3 2 1 37 15 31 30
#c 7 1 10 1 11 9 9 10 0 4 8 4 10 6 10 1 5 7 6 11 6 3 3 6 4 3 3 1 9 11 2 2 4 7 11 2 2 1 0 4 10 5 5 9 10 1 8 5 0 2 5 6 0 7 8
2 2 36 35 32 39
3 3 49 31 30 11 24 9
#c 7 1 10 1 11 9 9 10 0 4 8 4 10 6 10 1 5 7 6 11 6 3 3 6 4 3 3 1 9 11 2 2 4 7 11 2 2 1 0 4 10 5 5 9 10 1 8 5 0 2 5 6 0 7 8
1 1 26 40
3 5 22 21 25 12 7 14 2 44
#c 7 1 10 1 11 9 9 10 0 4 8 4 10 6 10 1 5 7 6 11 6 3 3 6 4 3 3 1 9 11 2 2 4 7 11 2 2 1 0 4 10 5 5 9 10 1 8 5 0 2 5 6 0 7 8
1 1 39 13
4 4 11 24 32 9 18 51 23 20
#c 7 1 10 1 11 9 9 10 0 4 8 4 10 6 10 1 5 7 6 11 6 3 3 6 4 3 3 1 9 11 2 2 4 7 11 2 2 1 0 4 10 5 5 9 10 1 8 5 0 2 5 6 0 7 8
2 1 42 47 23
3 4 41 50 16 18 51 20 13
#c 7 1 10 1 11 9 9 10 0 4 8 4 10 6 10 1 5 7 6 11 6 3 3 6 4 3 3 1 9 11 2 2 4 7 11 2 2 1 0 4 10 5 5 9 10 1 8 5 0 2 5 6 0 7 8
1 1 23 12
4 5 18 51 20 13 40 7 14 2 44
#c 7 1 10 1 11 9 9 10 0 4 8 4 10 6 10 1 5 7 6 11 6 3 3 6 4 3 3 1 9 11 2 2 4 7 11 2 2 1 0 4 10 5 5 9 10 1 8 5 0 2 5 6 0 7 8
1 1 17 1
3 5 53 33 0 37 27 3 45 15
#c 7 1 10 1 11 9 9 10 0 4 8 4 10 6 10 1 5 7 6 11 6 3 3 6 4 3 3 1 9 11 2 2 4 7 11 2 2 1 0 4 10 5 5 9 10 1 8 5 0 2 5 6 0 7 8
1 1 54 3
2 5 46 10 1 37 27 45 15
#c 7 1 10 1 11 9 9 10 0 4 8 4 10 6 10 1 5 7 6 11 6 3 3 6 4 3 3 1 9 11 2 2 4 7 11 2 2 1 0 4 10 5 5 9 10 1 8 5 0 2 5 6 0 7 8
1 1 5 9
3 4 6 43 28 39 11 24 32
#c 7 1 10 1 11 9 9 10 0 4 8 4 10 6 10 1 5 7 6 11 6 3 3 6 4 3 3 1 9 11 2 2 4 7 11 2 2 1 0 4 10 5 5 9 10 1 8 5 0 2 5 6 0 7 8
2 1 2 14 22
7 1 10 1 11 9 9 10 0 4 8 4 10 6 10 1 5 7 6 11 6 3 3 6 4 3 3 1 9 11 2 2 4 7 11 2 2 1 0 4 10 5 5 9 10 1 8 5 0 2 5 6 0 7 8
