#c 0 1 2 3 4 5 6 7 8 9 10 11 12 0 1 2 3 4 5 6 7 8 9 10 11 12 0 1 2 3 4 5 6 7 8 9 10 11 12 0 1 2 3 4 5 6 7 8 9 10 11 12 0 1 2 3 4 5 6
2 3 40 1 25 51 38
3 1 14 27 53 12
#c 0 1 2 3 4 5 6 7 8 9 10 11 12 0 1 2 3 4 5 6 7 8 9 10 11 12 0 1 2 3 4 5 6 7 8 9 10 11 12 0 1 2 3 4 5 6 7 8 9 10 11 12 0 1 2 3 4 5 6
1 1 41 26
4 4 2 15 28 54 0 13 39 52
#c 0 1 2 3 4 5 6 7 8 9 10 11 12 0 1 2 3 4 5 6 7 8 9 10 11 12 2 1 2 3 4 5 6 7 8 9 10 11 12 0 1 0 3 4 5 6 7 8 9 10 11 12 0 1 2 3 4 5 6
1 2 3 13 52
4 3 16 29 42 55 0 39 41
#c 0 1 2 3 4 5 6 7 8 9 10 11 12 0 1 2 3 4 5 6 7 8 9 10 11 12 2 1 2 3 4 5 6 7 8 9 10 11 12 0 1 0 3 4 5 6 7 8 9 10 11 12 0 1 2 3 4 5 6
2 4 56 17 16 29 42 55
3 1 4 30 43 3
#c 0 1 2 3 4 5 6 7 8 9 10 11 12 0 1 2 3 4 5 6 7 8 9 10 11 12 2 1 2 3 4 5 6 7 8 9 10 11 12 0 1 0 3 4 5 6 7 8 9 10 11 12 0 1 2 3 4 5 6
2 1 5 57 11
3 3 18 31 44 24 37 50
#c 0 1 2 3 4 11 6 7 8 9 10 5 12 0 1 2 3 4 5 6 7 8 9 10 11 12 2 1 2 3 4 5 6 7 8 9 10 11 12 0 1 0 3 4 5 6 7 8 9 10 11 12 0 1 2 3 4 11 6
#c 0 1 2 3 4 11 6 7 8 9 10 5 12 0 1 2 3 4 5 6 7 8 9 10 11 12 2 1 2 3 4 5 6 7 8 9 10 11 12 0 1 0 3 4 5 6 7 8 9 10 11 12 0 1 2 3 4 11 6
2 2 33 46 19 32
2 3 7 20 6 45 58
#c 0 1 2 3 4 11 6 7 8 9 10 5 12 0 1 2 3 4 5 6 7 8 9 10 11 12 2 1 2 3 4 5 6 7 8 9 10 11 12 0 1 0 3 4 5 6 7 8 9 10 11 12 0 1 2 3 4 11 6
2 2 47 21 57 50
2 3 8 34 24 37 5
#c 0 1 2 3 4 11 6 7 8 9 10 5 12 0 1 2 3 4 5 6 7 11 9 10 11 12 2 1 2 3 4 5 6 7 8 9 10 11 12 0 1 0 3 4 5 6 7 11 9 10 8 12 0 1 2 3 4 8 6
2 2 35 9 14 40
2 3 22 48 1 27 53
#c 0 1 2 3 4 11 6 7 8 1 10 5 12 0 9 2 3 4 5 6 7 11 9 10 11 12 2 1 2 3 4 5 6 7 8 1 10 11 12 0 9 0 3 4 5 6 7 11 9 10 8 12 0 1 2 3 4 8 6
1 1 23 52
3 4 10 36 49 0 13 39 41
#c 0 1 2 3 4 11 6 7 8 1 10 5 12 0 9 2 3 4 5 6 7 11 9 0 11 12 2 1 2 3 4 5 6 7 8 1 10 11 12 0 9 0 3 4 5 6 7 11 9 10 8 12 10 1 2 3 4 8 6
1 1 37 26
4 4 24 5 47 21 2 15 28 54
#c 0 1 2 3 4 11 6 7 8 1 10 5 12 0 9 2 3 4 5 6 7 11 9 0 11 12 11 1 2 3 4 5 6 7 8 1 10 2 12 0 9 0 3 4 5 6 7 11 9 10 8 12 10 1 2 3 4 8 6
1 1 38 5
3 4 12 25 51 24 47 21 26
#c 0 1 2 3 4 12 6 7 8 1 10 5 12 0 9 2 3 4 5 6 7 11 9 0 11 12 11 1 2 3 4 5 6 7 8 1 10 2 11 0 9 0 3 4 5 6 7 11 9 10 8 12 10 1 2 3 4 8 6
2 2 41 23 17 56
3 3 0 13 39 4 30 43
#c 0 1 2 3 4 12 6 7 8 1 10 5 12 0 9 2 3 4 5 6 7 11 9 0 11 12 11 1 2 3 4 5 6 7 8 1 10 2 11 0 9 0 3 4 5 6 7 11 9 10 8 12 10 1 2 3 4 8 6
1 1 35 55
4 4 1 27 53 9 3 16 29 42
#c 0 1 2 3 4 12 6 7 8 1 10 5 12 0 9 2 3 4 5 6 7 11 9 0 11 12 11 1 2 3 4 5 6 7 8 3 10 2 11 0 9 0 3 4 5 6 7 11 9 10 8 12 10 1 2 1 4 8 6
2 2 54 2 20 7
3 2 15 28 37 33 46
#c 0 1 2 3 4 12 6 7 8 1 10 5 12 0 9 2 3 4 5 6 7 11 9 0 11 12 11 1 2 3 4 5 6 7 8 3 10 2 11 0 9 0 3 4 5 6 7 11 9 10 8 12 10 1 2 1 4 8 6
1 1 29 33
4 3 3 16 42 35 7 20 46
#c 0 1 2 3 4 12 6 7 8 1 10 5 12 0 9 2 3 4 5 6 7 11 9 0 11 12 11 1 2 7 4 5 6 3 8 3 10 2 11 0 9 0 3 4 5 6 7 11 9 10 8 12 10 1 2 1 4 8 6
2 1 17 30 21
3 4 4 43 56 24 47 26 38
#c 0 1 2 3 4 12 6 7 8 1 10 5 12 0 9 2 3 4 5 6 7 11 9 0 11 12 11 1 2 7 4 5 6 3 8 3 10 2 11 0 9 0 3 4 5 6 7 11 9 10 8 12 10 1 2 1 4 8 6
1 1 18 50
3 3 31 44 11 8 34 57
#c 0 1 2 3 4 12 6 7 8 1 10 5 12 0 9 2 3 4 8 6 7 11 9 0 11 12 11 1 2 7 4 5 6 3 8 3 10 2 11 0 9 0 3 4 5 6 7 11 9 10 5 12 10 1 2 1 4 8 6
2 2 58 19 26 47
3 3 6 32 45 24 21 38
#c 0 1 2 3 4 12 6 7 8 1 10 5 12 0 9 2 3 4 8 6 7 11 9 0 11 12 11 1 2 7 4 5 6 3 8 3 10 2 11 0 9 0 3 4 5 6 7 11 9 10 5 12 10 1 2 1 4 8 6
1 1 29 52
3 3 7 20 46 10 36 49
#c 0 1 2 3 4 12 6 7 8 1 10 5 12 0 9 2 3 4 8 6 7 11 9 0 11 12 11 1 2 10 4 5 6 3 8 3 10 2 11 0 9 0 3 4 5 6 7 11 9 10 5 12 7 1 2 1 4 8 6
2 3 18 8 15 54 37
2 2 34 57 2 28
#c 0 1 2 3 4 12 6 7 8 1 10 5 12 0 9 2 3 4 8 6 7 11 9 0 11 12 11 1 2 10 4 5 6 3 8 3 10 2 11 0 9 0 3 4 5 6 7 11 9 10 5 12 7 1 2 1 4 8 6
1 1 40 27
3 4 22 48 14 1 53 9 55
#c 0 1 2 3 4 12 6 7 8 1 10 5 12 0 9 2 3 4 8 6 7 11 9 0 11 12 11 1 2 10 4 5 6 3 8 3 10 2 11 0 9 0 3 4 5 6 7 11 9 10 5 12 7 1 2 1 4 8 6
2 2 10 36 48 14
2 2 49 29 22 40
#c 0 1 2 3 4 12 6 7 8 1 10 5 12 0 9 2 3 4 8 6 7 11 9 0 11 12 11 1 2 10 4 5 6 3 8 3 10 2 11 0 9 0 3 4 5 6 7 11 9 10 5 12 7 1 2 1 4 8 6
#c 0 1 2 3 4 12 6 7 8 1 10 5 12 0 9 2 3 4 8 6 7 11 9 0 11 12 11 1 2 10 4 5 6 3 8 3 10 2 11 0 9 0 3 4 5 6 7 11 9 10 5 12 7 1 2 1 4 8 6
2 2 25 51 53 27
2 3 12 5 1 9 55
#c 0 1 2 3 4 12 6 7 8 1 10 5 12 0 9 2 3 4 8 6 7 11 9 0 11 12 11 1 2 10 4 5 6 3 8 3 10 2 11 0 9 0 3 4 5 6 7 11 9 10 5 12 7 1 2 1 4 8 6
2 2 0 39 56 43
3 3 13 41 23 4 17 30
#c 4 1 2 3 4 12 6 7 8 1 10 5 12 0 9 2 3 4 8 6 7 11 9 0 11 12 11 1 2 10 4 5 6 3 8 3 10 2 11 4 9 0 3 0 5 6 7 11 9 10 5 12 7 1 2 1 0 8 6
2 2 55 53 24 38
3 3 1 27 9 47 21 26
#c 4 1 2 3 4 12 6 7 8 1 10 5 12 0 9 2 3 4 8 6 7 11 9 0 11 12 11 1 2 10 4 5 6 3 8 3 10 2 11 4 9 0 3 0 5 6 7 11 9 10 5 12 7 1 2 1 0 8 6
2 2 2 28 8 34
3 2 15 54 37 57 18
#c 4 1 2 3 4 12 6 7 8 1 10 5 12 0 9 2 3 4 8 6 7 11 9 0 11 12 11 1 2 10 4 5 6 3 8 3 10 2 11 4 9 0 3 0 5 6 7 11 9 10 5 12 7 1 2 1 0 8 6
2 2 42 3 58 6
3 3 16 35 33 19 32 45
#c 4 1 2 6 4 12 3 7 8 1 10 5 12 0 9 2 3 4 8 6 7 11 9 0 11 12 11 1 2 10 4 5 6 3 8 3 10 2 11 4 9 0 6 0 5 6 7 11 9 10 5 12 7 1 2 1 0 8 3
2 2 4 0 55 53
3 3 17 30 39 1 27 9
#c 4 1 2 6 4 12 3 7 8 1 10 5 12 0 9 2 3 4 8 6 7 11 9 0 11 12 11 1 2 10 4 5 6 3 8 3 10 2 11 4 9 0 6 0 5 6 7 11 9 10 5 12 7 1 2 1 0 8 3
2 2 50 31 36 29
2 2 44 11 10 49
#c 4 1 2 6 4 12 3 7 8 1 10 5 12 0 9 2 3 4 8 6 7 11 9 0 11 12 11 1 2 5 4 10 6 3 8 3 5 2 11 4 9 0 6 0 5 6 7 11 9 10 10 12 7 1 2 1 0 8 3
#c 4 1 2 6 4 12 3 7 8 1 10 5 12 0 9 2 3 4 8 6 7 11 9 0 11 12 11 1 2 5 4 10 6 3 8 3 5 2 11 4 9 0 6 0 5 6 7 11 9 10 10 12 7 1 2 1 0 8 3
1 1 20 44
3 3 7 46 52 11 36 29
#c 4 1 2 6 4 12 3 7 8 1 10 5 12 0 9 2 3 4 8 6 7 11 9 0 11 12 11 1 2 5 4 10 6 3 8 3 5 2 11 4 9 0 6 0 5 6 7 11 9 10 10 12 7 1 2 1 0 8 3
1 1 18 21
3 4 8 34 57 24 47 26 38
#c 4 1 2 6 4 12 3 7 8 1 10 5 12 0 9 2 3 4 8 6 7 11 9 0 11 12 11 1 2 5 4 10 6 3 8 3 5 2 11 4 9 0 6 0 5 6 7 11 9 10 10 12 7 1 2 1 0 8 3
2 1 40 14 15
2 4 22 48 2 28 54 37
#c 4 1 2 6 4 12 3 7 8 1 10 5 12 0 9 2 3 4 8 6 7 11 9 0 11 12 11 1 2 5 4 10 6 3 8 3 5 2 11 4 9 0 6 0 5 6 7 11 9 10 10 12 7 1 2 1 0 8 3
2 2 10 49 11 29
2 2 50 31 44 36
#c 4 1 2 6 4 12 3 7 8 1 10 5 12 0 9 2 3 4 8 6 7 11 9 0 11 12 11 1 2 5 4 10 6 3 8 3 5 2 11 4 9 0 6 0 5 6 7 11 9 10 10 12 7 1 2 1 0 8 3
2 2 21 24 54 15
3 3 47 26 38 2 28 37
#c 4 1 2 6 4 12 3 7 8 1 10 5 12 0 9 2 3 4 8 6 7 11 9 0 11 12 11 1 2 5 4 10 6 3 8 3 5 2 11 4 9 0 6 0 5 6 7 11 9 10 10 12 7 1 2 1 0 8 3
1 1 12 26
3 4 25 51 5 24 47 21 38
#c 4 1 2 6 4 12 3 7 8 1 10 5 12 0 9 2 3 4 8 6 7 11 9 0 11 12 11 1 2 5 4 10 6 3 8 3 5 2 11 4 9 0 6 0 5 6 7 11 9 10 10 12 7 1 2 1 0 8 3
1 1 23 26
4 4 13 41 56 43 24 47 21 38
#c 4 1 2 6 4 12 3 7 8 1 10 5 12 0 9 2 3 4 8 6 7 11 9 0 11 12 11 1 2 5 4 10 6 3 8 3 5 2 11 4 9 0 6 0 5 6 7 11 9 10 10 12 7 1 2 1 0 8 3
1 1 9 33
4 4 1 27 53 55 16 35 58 6
#c 4 1 2 6 4 12 3 7 8 1 10 5 12 0 9 2 3 4 8 6 7 11 9 0 11 12 11 1 2 5 4 10 6 3 8 3 5 2 11 4 9 0 6 0 5 6 7 11 9 10 10 12 7 1 2 1 0 8 3
1 1 28 25
4 3 2 15 54 37 12 51 5
#c 4 1 2 6 4 12 3 7 8 1 10 5 12 0 9 2 3 4 8 6 7 11 9 0 11 2 11 1 12 5 4 10 6 3 8 3 5 2 11 4 9 0 6 0 5 6 7 11 9 10 10 12 7 1 2 1 0 8 3
1 1 33 37
4 4 16 35 58 6 2 15 54 25
#c 4 1 2 6 4 12 3 7 8 1 10 5 12 0 9 2 3 4 8 6 7 11 9 0 11 2 11 1 12 5 4 10 6 3 8 3 5 2 11 4 9 0 6 0 5 6 7 11 9 10 10 12 7 1 2 1 0 8 3
#c 4 1 2 6 4 12 3 7 8 1 10 5 12 0 9 2 3 4 8 6 7 11 9 0 11 2 11 1 12 5 4 10 6 3 8 3 5 2 11 4 9 0 6 0 5 6 7 11 9 10 10 12 7 1 2 1 0 8 3
2 2 29 36 3 45
2 3 44 11 19 32 42
#c 4 1 2 6 4 12 3 7 8 1 10 5 12 0 9 2 3 4 8 6 7 11 9 0 11 2 11 1 12 5 4 10 6 3 8 3 5 2 11 4 9 0 6 0 5 6 7 11 9 10 10 12 7 1 2 1 0 8 3
1 1 32 41
4 4 19 45 42 3 13 23 56 43
#c 4 1 2 6 4 12 3 7 8 1 10 5 12 0 9 2 3 4 8 6 7 11 9 0 11 2 11 1 12 5 4 10 0 3 8 3 5 2 11 4 9 6 6 0 5 6 7 11 9 10 10 12 7 1 2 1 0 8 3
2 2 20 7 41 42
2 3 46 52 19 45 3
#c 4 1 2 6 4 12 3 7 8 1 10 5 12 0 9 2 3 4 8 6 7 11 9 0 11 2 11 1 12 5 4 10 0 3 8 3 5 2 11 4 9 6 6 0 5 6 7 11 9 10 10 12 7 1 2 1 0 8 3
2 2 34 8 48 14
2 2 57 18 22 40
#c 4 1 2 6 4 12 3 7 9 1 10 5 12 0 8 2 3 4 8 6 7 11 9 0 11 2 11 1 12 5 4 10 0 3 9 3 5 2 11 4 9 6 6 0 5 6 7 11 8 10 10 12 7 1 2 1 0 8 3
1 1 8 2
3 4 22 40 34 15 54 37 25
#c 4 1 2 6 4 12 3 7 9 1 10 5 12 0 8 2 3 4 8 6 7 11 9 0 11 2 11 1 12 5 4 10 0 3 9 3 5 2 11 4 9 6 6 0 5 6 7 11 8 10 10 12 7 1 2 1 0 8 3
1 1 49 28
3 3 10 50 31 12 51 5
#c 4 1 2 6 4 12 3 7 9 1 10 5 12 0 8 2 3 4 8 6 7 11 9 0 11 2 11 1 12 5 4 10 0 3 9 3 5 2 11 4 9 6 6 0 5 6 7 11 8 10 10 12 7 1 2 1 0 8 3
2 2 26 47 7 20
3 2 24 21 38 46 52
#c 4 1 2 6 4 12 3 7 9 1 10 5 12 0 8 2 3 4 8 6 7 11 9 0 11 2 11 1 12 5 4 10 0 3 9 3 5 2 11 4 9 6 6 0 5 6 7 11 8 10 10 12 7 1 2 1 0 8 3
1 1 28 16
3 4 12 51 5 35 33 58 6
#c 4 1 2 6 4 12 3 7 9 1 10 5 12 0 8 2 3 4 8 6 7 11 9 0 11 2 11 1 12 5 4 10 0 3 9 3 5 2 11 4 9 6 6 0 5 6 7 11 8 10 10 12 7 1 2 1 0 8 3
2 2 56 23 30 4
3 3 13 43 32 17 0 39
#c 4 1 2 6 4 12 3 7 9 1 10 5 12 0 8 2 3 4 8 6 7 11 9 0 11 2 11 1 12 5 4 10 0 3 9 3 5 2 11 4 9 6 6 0 5 6 7 11 8 10 10 12 7 1 2 1 0 8 3
1 1 55 45
4 4 1 27 53 9 19 42 3 41
#c 4 1 2 6 4 12 3 7 9 1 10 5 12 0 8 2 3 4 8 6 7 11 9 0 11 2 11 1 12 5 4 10 0 3 9 3 5 2 11 4 9 6 6 0 5 6 7 11 8 10 10 12 7 1 2 1 0 8 3
1 1 2 30
4 4 15 54 37 25 4 17 0 39
#c 4 1 2 6 4 12 3 7 9 1 10 5 12 0 8 2 3 4 8 6 7 11 9 0 11 2 11 1 12 5 4 10 0 3 9 3 5 2 11 4 9 6 6 0 5 6 7 11 8 10 10 12 7 1 2 1 0 8 3
2 2 33 58 57 14
3 2 16 35 6 18 48
#c 4 1 2 6 4 12 3 7 9 1 10 5 12 0 8 2 3 4 8 6 7 11 9 0 11 2 11 1 12 5 4 10 0 3 9 3 5 2 11 4 9 6 6 0 5 6 7 11 8 10 10 12 7 1 2 1 0 8 3
2 3 39 17 35 16 58
3 2 4 30 0 33 6
#c 4 1 2 6 4 12 3 7 9 1 10 5 12 0 8 2 3 4 8 6 7 11 9 0 11 2 11 1 12 5 4 10 0 3 9 3 5 2 11 4 9 6 6 0 5 6 7 11 8 10 10 12 7 1 2 1 0 8 3
1 1 44 42
3 4 11 36 29 19 45 3 41
#c 4 1 2 6 4 12 3 7 9 1 10 5 12 0 8 2 3 4 8 6 7 11 9 0 11 2 11 1 12 5 4 10 0 3 9 3 5 2 11 4 9 6 5 0 6 6 7 11 8 10 10 12 7 1 2 1 0 8 3
2 2 44 19 42 29
3 2 45 3 41 11 36
#c 4 1 2 6 4 12 3 7 9 1 10 5 12 0 8 2 3 4 8 6 7 11 9 0 11 2 11 1 12 5 4 10 0 3 9 3 5 2 11 4 9 6 5 0 6 6 7 11 8 10 10 12 7 1 2 1 0 8 3
2 2 7 52 11 29
2 2 20 46 36 42
#c 4 1 2 6 4 12 3 7 9 1 10 5 12 0 8 2 3 4 8 6 7 11 9 0 11 2 11 1 12 5 4 10 0 3 9 3 5 2 11 4 9 6 5 0 6 6 7 11 8 10 10 12 7 1 2 1 0 8 3
#c 4 1 2 6 4 12 3 7 9 1 10 5 12 0 8 2 3 4 8 6 7 11 9 0 11 2 11 1 12 5 4 10 0 3 9 3 5 2 11 4 9 6 5 0 6 6 7 11 8 10 10 12 7 1 2 1 0 8 3
#c 4 1 2 6 4 12 3 7 9 1 10 5 12 0 8 2 3 4 8 6 7 11 9 0 11 2 11 1 12 5 4 10 0 3 9 3 5 2 11 4 9 6 5 0 6 6 7 11 8 10 10 12 7 1 2 1 0 8 3
1 1 10 43
3 4 49 50 31 13 23 56 32
#c 4 1 2 6 4 12 3 7 9 1 10 5 12 0 8 2 3 4 8 6 7 11 9 0 11 2 11 1 12 5 4 10 0 3 9 3 5 2 11 4 9 6 5 0 6 6 7 11 8 10 10 12 7 1 2 1 0 8 3
2 2 38 47 10 50
3 2 24 21 26 49 31
#c 4 1 2 6 4 12 3 7 9 1 10 5 12 0 8 2 3 4 8 6 7 11 9 0 11 2 11 1 12 5 4 10 0 3 9 3 5 2 11 4 9 6 5 0 6 6 7 11 8 10 10 12 7 1 2 1 0 8 3
3 4 12 51 28 24 47 21 26
#c 4 1 2 6 4 12 3 7 9 1 10 5 12 0 8 2 3 4 8 6 7 11 9 0 11 2 11 1 12 5 4 10 0 3 9 3 5 2 11 4 9 6 5 0 6 6 7 11 8 10 10 12 7 1 2 1 0 8 3
1 1 32 2
4 4 13 23 56 43 15 54 37 25
#c 4 1 2 6 4 12 3 7 9 1 10 5 12 0 8 2 3 4 8 6 7 11 9 0 11 2 11 1 12 5 4 10 0 3 9 3 5 2 11 4 9 6 5 0 6 6 7 11 8 10 10 12 7 1 2 1 0 8 3
1 1 1 31
4 3 27 53 9 55 10 49 50
#c 4 1 2 6 4 12 3 7 9 1 10 5 12 0 8 2 3 4 8 6 7 11 9 0 11 2 11 1 12 5 4 10 0 3 9 3 5 2 11 4 9 6 5 0 6 6 7 11 8 10 10 12 7 1 2 1 0 8 3
2 2 2 15 33 16
3 3 54 37 25 35 58 6
#c 4 1 2 6 4 12 3 7 9 1 10 5 12 0 8 2 3 4 8 6 7 11 9 0 11 2 11 1 12 5 4 10 0 3 9 3 5 2 11 4 9 6 5 0 6 6 7 11 8 10 10 12 7 1 2 1 0 8 3
#c 4 1 2 6 4 12 3 7 9 1 10 5 12 0 8 2 3 4 8 6 7 11 9 0 11 2 11 1 12 5 4 10 0 3 9 3 5 2 11 4 9 6 5 0 6 6 7 11 8 10 10 12 7 1 2 1 0 8 3
1 1 30 1
4 4 4 17 0 39 27 53 9 55
#c 4 1 2 6 4 12 3 7 9 1 10 5 12 0 8 2 3 4 8 6 7 11 9 0 11 2 11 1 12 5 4 10 0 3 9 3 5 2 11 4 9 6 5 0 6 6 7 11 8 10 10 12 7 1 2 1 0 8 3
1 1 11 40
3 3 36 29 42 22 34 8
#c 4 1 2 6 4 12 3 7 9 1 10 5 12 0 8 2 3 4 8 6 7 11 9 0 11 2 11 1 12 5 4 10 0 3 9 3 5 2 11 4 9 6 5 0 6 6 7 11 8 10 10 12 7 1 2 1 0 8 3
#c 4 1 2 6 4 12 3 7 9 1 10 5 12 0 8 2 3 4 8 6 7 11 9 0 11 2 11 1 12 5 4 10 0 3 9 3 5 2 11 4 9 6 5 0 6 6 7 11 8 10 10 12 7 1 2 1 0 8 3
1 1 46 22
3 3 7 20 52 40 34 8
#c 4 1 2 6 4 12 3 7 9 1 10 5 12 0 8 2 3 4 8 6 7 11 9 0 11 2 11 1 12 5 4 10 0 3 9 3 5 2 11 4 9 6 5 0 6 6 7 11 8 10 10 12 7 1 2 1 0 8 3
2 2 48 14 7 46
2 2 57 18 20 52
#c 4 1 2 6 4 12 3 8 9 1 10 5 12 0 7 2 3 4 8 6 7 11 9 0 11 2 11 1 12 5 4 10 0 3 9 3 5 2 11 4 9 6 5 0 6 6 8 11 7 10 10 12 7 1 2 1 0 8 3
#c 4 1 2 6 4 12 3 8 9 1 10 5 12 0 7 2 3 4 8 6 7 11 9 0 11 2 11 1 12 5 4 10 0 3 9 3 5 2 11 4 9 6 5 0 6 6 8 11 7 10 10 12 7 1 2 1 0 8 3
2 2 50 31 56 43
2 3 10 49 13 23 32
#c 4 1 2 6 4 12 3 8 9 1 10 5 12 0 7 2 3 4 8 6 7 11 9 0 11 2 11 1 12 5 4 10 0 3 9 3 5 2 11 4 9 6 5 0 6 6 8 11 7 10 10 12 7 1 2 1 0 8 3
#c 4 1 2 6 4 12 3 8 9 1 10 5 12 0 7 2 3 4 8 6 7 11 9 0 11 2 11 1 12 5 4 10 0 3 9 3 5 2 11 4 9 6 5 0 6 6 8 11 7 10 10 12 7 1 2 1 0 8 3
1 1 28 46
3 3 12 51 5 57 18 7
#c 4 1 2 6 4 12 3 8 9 1 10 5 12 0 7 2 3 4 8 6 7 11 9 0 11 2 11 1 12 5 4 10 0 3 9 3 5 2 11 4 9 6 5 0 6 6 8 11 7 10 10 12 7 1 2 1 0 8 3
2 2 23 32 46 7
3 2 13 56 43 57 18
#c 4 1 2 6 4 12 3 8 9 1 10 5 12 0 7 2 3 4 8 6 7 11 9 0 11 2 11 1 12 5 4 10 0 3 9 3 5 2 11 4 9 6 5 0 6 6 8 11 7 10 10 12 7 1 2 1 0 8 3
2 2 9 1 39 17
3 3 27 53 55 4 30 0
#c 4 1 2 6 4 12 3 8 9 1 10 5 12 0 7 2 3 4 8 6 7 11 9 0 11 2 11 1 12 5 4 10 0 3 9 3 5 2 11 4 9 6 5 0 6 6 8 11 7 10 10 12 7 1 2 1 0 8 3
2 2 15 37 28 12
3 2 2 54 25 51 5
#c 4 1 2 6 4 12 3 8 9 1 10 5 12 0 7 2 3 4 8 6 7 11 9 0 11 2 11 1 12 5 4 10 0 3 9 3 5 2 11 4 9 6 5 0 6 6 8 11 7 10 10 12 7 1 2 1 0 8 3
2 2 33 16 44 19
3 3 35 58 6 45 3 41
#c 4 1 2 6 4 12 3 8 9 1 10 5 12 0 7 2 3 4 8 6 7 11 9 0 11 2 11 1 12 5 4 10 0 3 9 3 5 2 11 4 9 6 5 0 6 6 8 11 7 10 10 12 7 1 2 1 0 8 3
2 1 17 4 40
3 3 30 0 39 22 34 8
#c 4 1 2 6 4 12 3 8 9 1 10 5 12 0 7 2 3 4 8 6 7 11 9 0 11 2 11 1 12 5 4 10 0 3 9 3 5 2 11 4 9 6 5 0 6 6 8 11 7 10 10 12 7 1 2 1 0 8 3
1 1 11 45
3 4 36 29 42 19 3 41 44
#c 4 1 2 6 4 12 3 8 9 1 10 5 12 0 7 2 3 4 8 6 7 11 9 0 11 2 11 1 12 5 4 10 0 3 9 3 5 2 11 4 9 6 5 0 6 6 8 11 7 10 10 12 7 1 2 1 0 8 3
1 1 3 18
4 3 19 45 41 44 57 7 46
#c 4 1 2 8 4 12 3 8 9 1 10 5 12 0 7 2 3 4 6 6 7 11 9 0 11 2 11 1 12 5 4 10 0 3 9 3 5 2 11 4 9 6 5 0 6 6 8 11 7 10 10 12 7 1 2 1 0 8 3
1 1 20 39
3 4 52 48 14 4 17 30 0
#c 4 1 2 8 4 12 3 8 9 1 10 5 12 0 7 2 3 4 6 6 4 11 9 0 11 2 11 1 12 5 4 10 0 3 9 3 5 2 11 7 9 6 5 0 6 6 8 11 7 10 10 12 7 1 2 1 0 8 3
2 2 46 7 14 48
2 2 57 3 52 39
#c 4 1 2 8 4 12 3 8 9 1 10 5 12 0 7 2 3 4 6 6 4 11 9 0 11 2 11 1 12 5 4 10 0 3 9 3 5 2 11 7 9 6 5 0 6 6 8 11 7 10 10 12 7 1 2 1 0 8 3
2 3 8 34 7 57 3
2 1 22 40 46
#c 4 1 2 8 4 12 3 8 9 1 10 5 12 0 7 2 3 4 6 6 4 11 9 0 11 2 11 1 12 5 4 10 0 3 9 3 5 2 11 7 9 6 5 0 6 6 8 11 7 10 10 12 7 1 2 1 0 8 3
1 1 10 51
3 3 49 50 31 12 5 28
#c 4 1 2 8 4 12 3 8 9 1 10 5 12 0 7 2 3 4 6 6 4 11 9 0 11 2 11 1 12 5 4 10 0 3 9 3 5 2 11 7 9 6 5 0 6 6 8 11 7 10 10 12 7 1 2 1 0 8 3
1 1 38 43
4 4 24 47 21 26 13 23 56 32
#c 4 1 2 8 4 12 3 8 9 1 10 5 12 0 7 2 3 4 6 6 4 11 9 0 11 2 11 1 12 5 4 10 0 3 9 3 5 2 11 7 9 6 5 0 6 6 8 11 7 10 10 12 7 1 2 1 0 8 3
2 2 5 28 39 48
2 2 12 51 52 14
#c 4 1 2 8 4 12 3 8 9 1 10 5 12 0 7 2 3 4 6 6 4 11 9 0 11 2 11 1 12 5 4 10 0 3 9 3 5 2 11 7 9 6 5 0 6 6 8 11 7 10 10 12 7 1 2 1 0 8 3
1 1 23 30
4 4 13 56 43 32 4 17 0 20
#c 4 1 2 8 4 12 3 8 9 1 10 5 12 0 7 2 3 4 6 6 4 11 9 0 11 2 11 1 12 5 4 10 0 3 9 3 5 2 11 7 9 6 5 0 6 6 8 11 7 10 10 12 7 1 2 1 0 8 3
2 2 1 53 13 43
3 3 27 9 55 23 56 32
#c 4 1 2 8 4 12 3 8 9 1 10 5 12 0 7 2 3 4 6 6 4 11 9 0 11 2 11 1 12 5 4 10 0 3 9 3 5 2 11 7 9 6 5 0 6 6 8 11 7 10 10 12 7 1 2 1 0 8 3
2 2 54 2 19 45
3 3 15 37 25 41 44 18
#c 4 1 2 8 4 12 3 8 9 1 10 5 12 0 7 2 3 4 6 6 4 11 9 0 11 2 11 1 12 5 4 10 0 3 9 3 5 2 11 7 9 6 5 0 6 6 8 11 7 10 10 12 7 1 2 1 0 8 3
1 1 33 52
4 3 16 35 58 6 48 14 39
#c 4 1 2 8 4 12 3 8 9 1 10 5 12 0 7 2 3 4 6 6 4 11 9 0 11 2 11 1 12 5 4 10 0 3 9 3 5 2 11 7 9 6 5 0 6 6 8 11 7 10 10 12 7 1 2 1 0 8 3
1 1 17 58
4 4 4 30 0 20 16 35 33 6
#c 4 1 2 8 4 12 3 8 9 1 10 5 12 0 7 2 3 3 6 6 4 11 9 0 11 2 11 1 12 5 4 10 0 3 9 3 5 2 11 7 9 6 5 0 6 6 8 11 7 10 10 12 7 1 2 1 0 8 4
1 1 42 4
3 4 11 36 29 30 0 20 58
#c 4 1 2 8 4 12 3 8 9 1 10 5 12 0 7 2 3 3 6 6 4 11 9 0 11 2 11 1 12 5 4 10 0 3 9 3 5 2 11 7 9 6 5 0 6 6 8 11 7 10 10 12 7 1 2 1 0 8 4
1 1 45 54
4 4 19 41 44 18 2 15 37 25
#c 4 1 2 8 4 12 3 8 9 1 10 5 12 0 7 2 3 3 6 6 4 11 9 0 11 2 11 1 12 5 4 10 0 3 9 3 5 2 11 7 9 6 5 0 6 2 8 11 7 10 10 12 7 1 6 1 0 8 4
2 2 52 48 23 32
2 3 14 39 13 56 43
#c 4 1 2 8 4 12 3 8 9 1 10 5 12 0 7 2 3 3 6 6 4 11 9 0 11 2 11 1 12 5 4 10 0 3 9 3 5 2 11 7 9 6 5 0 6 2 8 11 7 10 10 12 7 1 6 1 0 8 4
2 3 57 7 22 40 34
2 1 46 3 8
#c 4 1 2 8 4 12 3 8 9 1 10 5 12 0 7 2 3 3 6 6 4 11 9 0 11 2 11 1 12 5 4 10 0 3 9 3 5 2 11 7 9 6 5 0 6 2 8 11 7 10 10 12 7 1 6 1 0 8 4
2 2 8 40 50 10
2 2 22 34 49 31
#c 4 1 2 8 4 12 3 8 9 1 10 5 12 0 7 2 3 3 6 6 4 11 9 0 11 2 11 1 12 5 4 10 0 3 9 3 5 2 11 7 9 6 5 0 6 2 8 11 7 10 10 12 7 1 6 1 0 8 4
2 2 31 10 7 46
2 2 49 50 57 3
#c 4 1 2 8 4 12 3 8 9 1 10 5 12 0 7 2 3 3 6 6 4 11 9 0 11 2 11 1 12 5 4 10 0 3 9 3 5 2 11 7 9 6 5 0 6 2 8 11 7 10 10 12 7 1 6 1 0 8 4
1 1 38 19
4 4 24 47 21 26 41 44 18 54
#c 4 1 2 8 4 12 3 8 9 1 10 5 12 0 7 2 3 3 6 6 4 11 9 0 11 2 11 1 12 5 4 10 0 3 9 3 5 2 11 7 9 6 5 0 6 2 8 11 7 10 10 12 7 1 6 1 0 8 4
2 2 12 28 20 30
2 3 51 5 4 0 58
#c 4 1 2 8 4 12 3 8 9 1 10 5 12 0 7 2 3 3 6 6 4 11 9 0 11 2 11 1 12 5 4 10 0 3 9 3 5 2 11 7 9 6 5 0 6 2 8 11 7 10 10 12 7 1 6 1 0 8 4
1 1 43 14
4 3 13 23 56 32 52 48 39
#c 4 1 2 8 4 12 3 8 9 1 10 5 12 0 7 2 3 3 6 6 4 11 9 0 11 2 11 1 12 5 4 10 0 3 9 3 5 2 11 7 9 6 5 0 6 2 8 11 7 10 10 12 7 1 6 1 0 8 4
2 2 27 9 45 37
3 3 1 53 55 2 15 25
#c 4 1 2 8 4 12 3 8 9 1 10 5 12 0 7 2 3 3 6 6 4 11 9 0 11 2 11 1 12 5 4 10 0 3 9 3 5 2 11 7 9 6 5 0 6 2 8 11 7 10 10 12 7 1 6 1 0 8 4
1 1 45 36
4 3 2 15 37 25 11 29 42
#c 4 1 2 8 4 12 3 8 9 1 10 5 12 0 7 2 3 3 6 6 4 11 9 0 11 2 11 1 12 5 4 10 0 3 9 3 5 2 11 7 9 6 5 0 6 2 8 11 7 10 10 12 7 1 6 1 0 8 4
2 2 16 17 31 49
3 2 35 33 6 10 50
#c 4 1 2 8 4 12 3 8 9 1 10 5 12 0 7 2 3 3 6 6 4 11 9 0 11 2 11 1 12 5 4 10 0 3 9 3 5 2 11 7 9 6 5 0 6 2 8 11 7 10 10 12 7 1 6 1 0 8 4
2 2 20 0 24 38
3 3 4 30 58 47 21 26
#c 4 1 2 8 4 12 3 8 9 1 10 5 12 0 7 2 3 3 6 6 4 11 9 0 11 2 11 1 12 5 4 10 0 3 9 3 5 2 11 7 9 6 5 0 6 2 8 11 7 10 10 12 7 1 6 1 0 8 4
1 1 11 7
3 3 36 29 42 57 46 3
#c 4 1 2 8 4 12 3 8 9 1 10 5 12 0 7 2 3 3 6 6 4 11 9 0 11 2 11 1 12 5 4 10 0 3 9 3 5 2 11 7 9 6 5 0 6 2 8 11 7 10 10 12 7 1 6 1 0 8 4
2 2 41 44 35 33
3 3 19 18 54 16 6 17
#c 4 1 2 8 4 12 3 8 9 1 10 5 12 0 7 2 3 3 6 6 4 11 9 0 11 2 11 1 12 5 4 10 0 3 9 3 5 2 11 7 9 6 5 0 6 2 8 11 7 10 10 12 7 1 6 1 0 8 4
2 2 39 48 47 26
2 3 52 14 24 21 38
#c 4 1 2 8 4 12 3 8 9 1 10 5 12 0 7 2 3 3 6 6 4 11 9 0 11 2 7 1 12 5 4 10 0 3 9 3 5 2 11 11 9 6 5 0 6 2 8 7 11 10 10 12 7 1 6 1 0 8 4
1 1 7 27
3 4 57 46 3 1 53 9 55
#c 4 1 2 8 4 12 3 1 9 1 10 5 12 0 7 2 3 3 6 6 4 11 9 0 11 2 7 8 12 5 4 10 0 3 9 3 5 2 11 11 9 6 5 0 6 2 8 7 11 10 10 12 7 1 6 1 0 8 4
2 1 8 34 5
2 3 22 40 12 51 28
#c 4 1 2 8 4 12 3 1 9 1 10 5 12 0 7 2 3 3 6 6 4 11 9 0 11 2 7 8 12 5 4 10 0 3 9 3 5 2 11 11 9 6 5 0 6 2 8 7 11 10 10 12 7 1 6 1 0 8 4
1 1 49 57
3 3 10 50 31 46 3 27
#c 4 1 2 8 4 12 3 1 9 1 10 5 12 0 7 2 3 3 6 6 4 11 9 0 11 2 7 8 12 5 4 10 0 3 9 3 5 2 11 11 9 6 5 0 6 2 8 7 11 10 10 12 7 1 6 1 0 8 4
2 3 24 39 47 26 14
3 1 21 38 48 52
#c 4 1 2 8 4 12 3 1 9 1 10 5 12 0 7 2 3 3 6 6 4 11 9 0 11 2 7 8 12 5 4 10 0 3 9 3 5 2 11 11 9 6 5 0 6 2 8 7 11 10 10 12 7 1 6 1 0 8 4
1 1 12 54
3 4 51 5 28 19 41 44 18
#c 4 1 2 8 4 12 3 1 9 1 10 5 12 0 7 2 3 3 6 6 4 11 9 0 11 2 7 8 12 5 4 10 0 3 9 3 5 2 11 11 9 6 5 0 6 2 8 7 11 10 10 12 7 1 6 1 0 8 4
1 1 56 36
4 3 13 23 43 32 11 29 42
#c 4 1 2 8 4 12 3 1 9 1 10 5 12 0 7 2 3 3 6 6 4 11 9 0 11 2 7 8 12 5 4 10 0 3 9 3 5 2 11 11 9 6 5 0 6 2 8 7 11 10 10 12 7 1 6 1 0 8 4
2 2 9 53 24 21
3 3 1 55 7 38 39 48
#c 4 1 2 8 4 12 3 1 9 1 10 5 12 0 7 2 3 3 6 6 4 11 9 0 11 2 7 8 12 5 4 10 0 3 9 3 5 2 11 11 9 6 5 0 6 2 8 7 11 10 10 12 7 1 6 1 0 8 4
1 1 15 8
4 3 2 37 25 45 22 40 34
#c 4 1 2 8 4 12 3 1 9 1 10 5 12 0 7 2 3 3 6 6 4 11 9 0 11 2 7 8 12 5 4 10 0 3 9 3 5 2 11 11 9 6 5 0 6 2 8 7 11 10 10 12 7 1 6 1 0 8 4
1 1 6 18
4 4 16 35 33 17 19 41 44 54
#c 4 1 2 8 4 12 6 1 9 1 10 5 12 0 7 2 3 3 3 6 4 11 9 0 11 2 7 8 12 5 4 10 0 3 9 3 5 2 11 11 9 6 5 0 6 2 8 7 11 10 10 12 7 1 6 1 0 8 4
1 1 4 36
4 3 30 0 20 58 11 29 42
#c 4 1 2 8 4 12 6 1 9 1 10 5 12 0 7 2 3 3 3 6 4 11 9 0 11 2 7 8 12 5 4 10 0 3 9 3 5 2 11 11 9 6 5 0 6 2 8 7 11 10 10 12 7 1 6 1 0 8 4
2 2 11 36 49 50
2 2 29 42 10 31
#c 4 1 2 8 4 12 6 1 9 1 10 5 12 0 7 2 3 3 3 6 4 11 9 0 11 2 7 8 12 5 4 10 0 3 9 3 5 2 11 11 9 6 5 0 6 2 8 7 11 10 10 12 7 1 6 1 0 8 4
2 3 54 44 5 28 12
3 1 19 41 6 51
#c 4 1 2 8 4 12 6 1 9 1 10 5 12 0 7 2 3 3 3 6 4 11 9 0 11 2 7 8 12 5 4 10 0 3 9 3 5 2 11 11 9 6 5 0 6 2 8 7 11 10 10 12 7 1 6 1 0 8 4
2 2 26 52 46 3
2 2 14 47 57 27
#c 4 1 2 8 4 12 6 1 9 1 10 5 12 0 7 2 3 3 3 6 4 11 9 0 11 2 7 8 12 5 4 10 0 3 9 3 5 2 11 11 9 6 5 0 6 2 8 7 11 10 10 12 7 1 6 1 0 8 4
2 2 46 57 39 21
2 3 3 27 24 38 48
#c 4 1 2 8 4 12 6 1 9 1 10 5 12 0 7 2 3 3 3 6 4 11 9 0 11 2 7 8 12 5 4 10 0 3 9 3 5 2 11 11 9 6 5 0 6 2 8 7 11 10 10 12 7 1 6 1 0 8 4
2 2 8 22 9 7
2 3 40 34 1 53 55
#c 4 1 2 8 4 12 6 1 9 1 10 5 12 0 7 2 3 3 3 6 4 11 9 0 11 2 7 8 12 5 4 10 0 3 9 3 5 2 11 11 9 6 5 0 6 2 8 7 11 10 10 12 7 1 6 1 0 8 4
#c 4 1 2 8 4 12 6 1 9 1 10 5 12 0 7 2 3 3 3 6 4 11 9 0 11 2 7 8 12 5 4 10 0 3 9 3 5 2 11 11 9 6 5 0 6 2 8 7 11 10 10 12 7 1 6 1 0 8 4
2 1 24 21 41
3 4 38 39 48 19 44 54 6
#c 4 1 2 8 4 12 6 1 9 1 10 5 12 0 7 2 3 3 3 6 4 11 9 0 11 2 7 8 12 5 4 10 0 3 9 3 5 2 11 11 9 6 5 0 6 2 8 7 11 10 10 12 7 1 6 1 0 8 4
1 1 5 23
3 4 12 51 28 13 56 43 32
#c 4 1 2 8 4 12 6 1 9 1 10 5 12 0 7 2 3 3 3 6 4 11 9 0 11 2 7 8 12 5 4 10 0 3 9 3 5 2 11 11 9 6 5 0 6 2 8 7 11 10 10 12 7 1 6 1 0 8 4
2 2 56 13 7 1
3 3 23 43 32 53 9 55
#c 4 1 2 8 4 12 6 1 9 1 10 5 12 0 7 2 3 3 3 6 4 11 9 0 11 2 7 8 12 5 4 10 0 3 9 3 5 2 11 11 9 6 5 0 6 2 8 7 11 10 10 12 7 1 6 1 0 8 4
1 1 7 34
4 3 1 53 9 55 22 40 8
#c 4 1 2 8 4 12 6 9 9 1 10 5 12 0 7 2 3 3 3 6 4 11 9 0 11 2 7 8 12 5 4 10 0 3 1 3 5 2 11 11 9 6 5 0 6 2 8 7 11 10 10 12 7 1 6 1 0 8 4
2 2 45 2 1 53
3 3 15 37 25 9 55 34
#c 4 1 2 8 4 12 6 9 9 1 10 5 12 0 7 2 3 3 3 6 4 11 9 0 11 2 7 8 12 5 4 10 0 3 1 3 5 2 11 11 9 6 5 0 6 2 8 7 11 10 10 12 7 1 6 1 0 8 4
1 1 16 3
4 3 35 33 17 18 57 46 27
#c 4 1 2 8 4 12 6 9 9 1 10 5 12 0 7 2 3 3 3 6 4 11 9 0 11 2 7 8 12 5 4 10 0 3 1 3 5 2 11 11 9 6 5 0 6 2 8 7 11 10 10 12 7 1 6 1 0 8 4
2 2 30 4 13 23
3 3 0 20 58 56 43 32
#c 4 1 2 8 4 12 6 9 9 1 10 5 12 0 7 2 3 3 3 6 4 11 9 0 11 2 7 8 12 5 4 10 0 3 1 3 5 2 11 11 9 6 5 0 6 2 8 7 11 10 10 12 7 1 6 1 0 8 4
2 1 11 36 1
2 4 29 42 53 9 55 34
#c 4 1 2 8 4 12 6 9 9 1 10 5 12 0 7 2 3 3 3 6 4 11 9 0 11 2 7 8 12 5 4 10 0 3 1 3 5 2 11 11 9 6 5 0 6 2 8 7 11 10 10 12 7 1 6 1 0 8 4
1 1 44 57
4 3 19 41 54 6 46 3 27
#c 4 1 2 8 4 12 6 9 9 1 10 5 12 0 7 2 3 3 3 6 4 11 9 0 11 2 7 8 12 5 4 10 0 3 1 3 5 2 11 11 9 6 5 0 6 2 8 7 11 10 10 12 7 1 6 1 0 8 4
3 4 52 14 47 13 56 43 32
#c 4 1 2 8 4 12 6 9 9 1 10 5 12 0 7 2 3 3 3 6 4 11 9 0 11 2 7 8 12 5 4 10 0 3 1 3 5 2 11 11 9 6 5 0 6 2 8 7 11 10 10 12 7 1 6 1 0 8 4
1 1 27 44
3 4 57 46 3 19 41 54 6
#c 4 1 2 8 4 12 6 9 9 1 10 5 12 0 7 2 3 3 3 6 4 11 9 0 11 2 7 8 12 5 4 10 0 3 1 3 5 2 11 11 9 6 5 0 6 2 8 7 11 10 10 12 7 1 6 1 0 8 4
2 2 40 7 28 12
2 2 22 8 51 5
#c 4 1 2 8 4 12 6 12 9 1 10 5 9 0 7 2 3 3 3 6 4 11 9 0 11 2 7 8 9 5 4 10 0 3 1 3 5 2 11 11 12 6 5 0 6 2 8 7 11 10 10 12 7 1 6 1 0 8 4
2 2 10 31 52 47
2 2 49 50 14 26
#c 4 1 2 8 4 12 6 12 9 1 10 5 9 0 7 2 3 3 3 6 4 11 9 0 11 2 7 8 9 5 4 10 0 3 1 3 5 2 11 11 12 6 5 0 6 2 8 7 11 10 10 12 7 1 6 1 0 8 4
2 2 38 24 22 8
3 2 21 39 48 28 12
#c 4 1 2 8 4 12 6 12 9 1 10 5 9 0 7 2 3 3 3 6 4 11 9 0 11 2 7 8 9 5 4 10 0 3 1 3 5 2 11 11 12 6 5 0 6 2 8 7 11 10 10 12 7 1 6 1 0 8 4
#c 4 1 2 8 4 12 6 12 9 1 10 5 9 0 7 2 3 3 3 6 4 11 9 0 11 2 7 8 9 5 4 10 0 3 1 3 5 2 11 11 12 6 5 0 6 2 8 7 11 10 10 12 7 1 6 1 0 8 4
1 1 43 3
4 3 13 23 56 32 57 46 27
#c 4 1 2 0 4 12 6 12 9 1 10 5 9 0 7 2 3 3 3 6 4 11 9 0 11 2 7 8 9 5 4 10 0 3 1 3 5 2 11 11 12 6 5 8 6 2 8 7 11 10 10 12 7 1 6 1 0 8 4
1 1 55 46
4 3 1 53 9 34 57 27 43
#c 4 1 2 0 4 12 6 12 9 1 10 5 9 0 7 2 3 3 3 6 4 11 9 0 11 2 7 8 9 5 4 10 0 3 1 3 5 2 11 11 12 6 5 8 6 2 8 7 11 10 10 12 7 1 6 1 0 8 4
2 2 2 15 32 56
3 3 37 25 45 13 23 3
#c 4 1 2 0 4 12 6 12 9 1 10 5 9 0 7 2 3 3 3 6 4 11 9 0 11 2 7 8 9 5 4 10 0 3 1 3 5 2 11 11 12 6 5 8 6 2 8 7 11 10 10 12 7 1 6 1 0 8 4
1 1 18 11
4 3 16 35 33 17 36 29 42
#c 4 1 2 0 4 12 6 12 9 1 10 5 9 0 7 2 3 3 3 6 4 11 9 0 11 2 7 8 9 5 4 10 0 3 1 3 5 2 11 11 12 6 5 8 6 2 8 7 11 10 10 12 7 1 6 1 0 8 4
2 2 30 58 39 38
3 3 4 0 20 24 21 48
#c 4 1 2 0 4 12 6 12 9 1 10 5 9 0 7 2 3 3 3 6 4 11 9 0 11 2 7 8 9 5 4 10 0 3 1 3 5 2 11 11 12 6 5 8 6 2 8 7 11 10 10 12 7 1 6 1 0 8 4
1 1 36 40
3 3 11 29 42 51 5 7
#c 4 1 2 0 4 12 6 12 9 1 10 5 9 0 7 2 3 3 3 6 4 11 9 0 11 2 7 8 9 5 4 10 0 3 1 3 5 2 11 11 12 6 5 8 6 2 8 7 11 10 10 12 7 1 6 1 0 8 4
2 2 19 6 40 5
3 2 41 44 54 51 7
#c 4 1 2 0 4 12 6 12 9 1 10 5 9 0 7 2 3 3 3 6 4 11 9 0 11 2 7 8 9 5 4 10 0 3 1 3 5 2 11 11 12 6 5 8 6 2 8 7 11 10 10 12 7 1 6 1 0 8 4
1 1 47 22
3 3 52 14 26 8 28 12
#c 4 1 2 0 4 12 6 12 9 1 10 5 9 0 7 2 3 3 3 6 4 11 9 0 11 2 7 8 9 5 4 10 0 3 1 3 5 2 11 11 12 6 5 8 6 2 8 7 11 10 10 12 7 1 6 1 0 8 4
2 2 43 46 7 40
2 2 57 27 51 5
#c 4 1 2 0 4 12 6 12 9 1 10 5 9 0 7 2 3 3 3 6 4 11 9 0 11 2 7 8 9 5 4 10 0 3 1 3 5 2 11 11 12 6 5 8 6 2 8 7 11 10 10 12 7 1 6 1 0 8 4
2 2 12 28 39 24
2 3 22 8 21 38 48
#c 4 1 2 0 4 12 6 12 9 1 10 5 9 0 7 2 3 3 3 6 4 11 9 0 11 2 7 8 9 5 4 10 0 3 1 3 5 2 11 11 12 6 5 8 6 2 8 7 11 10 10 12 7 1 6 1 0 8 4
1 1 49 18
3 4 10 50 31 16 35 33 17
#c 4 1 2 0 4 12 6 12 9 1 10 5 9 0 7 2 3 3 3 6 4 11 9 0 11 2 7 8 9 5 4 10 0 3 1 3 5 2 11 11 12 6 5 8 6 2 8 7 11 10 10 12 7 1 6 1 0 8 4
1 1 38 14
4 3 24 21 39 48 52 47 26
#c 4 1 2 0 4 12 6 12 9 1 10 5 9 0 7 2 3 3 3 6 4 11 9 0 11 2 7 8 9 5 4 10 0 3 1 3 5 2 11 11 12 6 5 8 6 2 8 7 11 10 10 12 7 1 6 1 0 8 4
2 2 5 7 57 43
2 2 51 40 46 27
#c 4 1 2 0 4 12 6 12 9 1 10 5 9 0 7 2 3 3 3 6 4 11 9 0 11 2 7 8 9 5 4 10 0 3 1 3 5 2 11 11 12 6 5 8 6 2 8 7 11 10 10 12 7 1 6 1 0 8 4
2 2 32 13 1 55
3 3 23 56 3 53 9 34
#c 4 1 2 0 4 12 6 12 9 1 10 5 9 0 7 2 3 3 3 6 4 11 9 0 11 2 7 8 9 5 4 10 0 3 1 3 5 2 11 11 12 6 5 8 6 2 8 7 11 10 10 12 7 1 6 1 0 8 4
2 2 1 55 17 16
3 3 53 9 34 35 33 18
#c 4 1 2 0 4 12 6 12 9 1 10 5 9 0 7 2 3 3 3 6 4 11 9 0 11 2 7 8 9 5 4 10 0 3 1 3 5 2 11 11 12 6 5 8 6 2 8 7 11 10 10 12 7 1 6 1 0 8 4
#c 4 1 2 0 4 12 6 12 9 1 10 5 9 0 7 2 3 3 3 6 4 11 9 0 11 2 7 8 9 5 4 10 0 3 1 3 5 2 11 11 12 6 5 8 6 2 8 7 11 10 10 12 7 1 6 1 0 8 4
2 2 18 35 56 3
3 3 16 33 17 13 23 32
#c 4 1 2 0 4 12 6 12 9 1 10 5 9 0 7 2 3 3 3 6 4 11 9 0 11 2 7 8 9 5 4 10 0 3 1 3 5 2 11 11 12 6 5 8 6 2 8 7 11 10 10 12 7 1 6 1 0 8 4
1 1 30 38
4 4 4 0 20 58 24 21 39 48
#c 4 1 2 0 4 12 6 12 9 1 10 5 9 0 7 2 3 3 3 6 4 11 9 0 11 2 7 8 9 5 4 10 0 3 1 3 5 2 11 11 12 6 5 8 6 2 8 7 11 10 10 12 7 1 6 1 0 8 4
2 3 11 29 38 24 21
2 2 36 42 39 48
#c 4 1 2 0 4 12 6 12 9 1 10 5 9 0 7 2 3 3 3 6 4 11 9 0 11 2 7 8 9 5 4 10 0 3 1 3 5 2 11 11 12 6 5 8 6 2 8 7 11 10 10 12 7 1 6 1 0 8 4
2 2 41 6 18 35
3 3 19 44 54 16 33 17
#c 4 1 2 0 4 12 3 12 9 1 10 5 9 0 7 2 3 3 6 6 4 11 9 0 11 2 7 8 9 5 4 10 0 3 1 6 5 2 11 11 12 3 5 8 6 2 8 7 11 10 10 12 7 1 6 1 0 8 4
2 2 52 47 18 19
2 3 14 26 44 54 35
#c 4 1 2 0 4 12 3 12 9 1 10 5 9 0 7 2 3 3 6 6 4 11 9 0 11 2 7 8 9 5 4 10 0 3 1 6 5 2 11 11 12 3 5 8 6 2 8 7 11 10 10 12 7 1 6 1 0 8 4
#c 4 1 2 0 4 12 3 12 9 1 10 5 9 0 7 2 3 3 6 6 4 11 9 0 11 2 7 8 9 5 4 10 0 3 1 6 5 2 11 11 12 3 5 8 6 2 8 7 11 10 10 12 7 1 6 1 0 8 4
2 2 28 12 47 26
2 2 22 8 52 14
#c 4 1 2 0 4 12 3 12 9 1 10 5 7 0 7 2 3 3 6 6 4 11 9 0 11 2 9 8 7 5 4 10 0 3 1 6 5 2 11 11 12 3 5 8 6 2 8 9 11 10 10 12 7 1 6 1 0 8 4
2 2 50 31 38 39
2 3 10 49 24 21 48
#c 4 1 2 0 4 12 3 12 9 1 10 5 7 0 7 2 3 3 6 6 4 11 9 0 11 2 9 8 7 5 4 10 0 3 1 6 5 2 11 11 12 3 5 8 6 2 8 9 11 10 10 12 7 1 6 1 0 8 4
1 2 38 55 34
4 3 24 21 39 48 1 53 9
#c 4 1 2 0 4 12 3 12 9 1 10 5 7 0 7 2 3 3 6 6 4 11 9 0 11 2 9 8 7 5 4 10 0 3 1 6 5 2 11 11 12 3 5 8 6 2 8 9 11 10 10 12 7 1 6 1 0 8 4
2 2 40 5 52 28
2 2 51 7 14 12
#c 4 1 2 0 4 12 3 12 9 1 10 5 7 0 7 2 3 3 6 6 4 11 9 0 11 2 9 8 7 5 4 10 0 3 1 6 5 2 11 11 12 3 5 8 6 2 8 9 11 10 10 12 7 1 6 1 0 8 4
1 1 56 57
4 3 13 23 32 3 46 27 43
#c 4 1 2 0 4 12 3 12 9 1 10 5 7 0 7 2 3 3 6 6 4 11 9 0 11 2 9 8 7 5 4 10 0 3 1 6 5 2 11 11 12 3 5 8 6 2 8 9 11 10 10 12 7 1 6 1 0 8 4
2 2 53 34 12 14
3 2 1 9 55 52 28
#c 4 1 2 0 4 12 3 12 9 1 10 5 7 0 7 2 3 3 6 6 4 11 9 0 11 2 9 8 7 5 4 10 0 3 1 6 5 2 11 11 12 3 5 8 6 2 8 9 11 10 10 12 7 1 6 1 0 8 4
2 3 2 25 5 51 40
3 1 15 37 45 7
#c 4 1 2 0 4 12 3 12 9 1 10 5 7 0 7 2 3 3 6 6 4 11 9 0 11 2 9 8 7 5 4 10 0 3 1 6 5 2 11 11 12 3 5 8 6 2 8 9 11 10 10 12 7 1 6 1 0 8 4
1 2 6 58 30
4 3 16 33 17 41 4 0 20
#c 4 1 2 0 4 12 3 12 9 1 10 5 7 0 7 2 3 3 6 6 4 11 9 0 11 2 9 8 7 5 4 10 0 3 1 6 5 2 11 11 12 3 5 8 6 2 8 9 11 10 10 12 7 1 6 1 0 8 4
2 2 58 0 37 2
3 3 4 30 20 15 25 45
#c 4 1 2 0 4 12 3 12 9 1 10 5 7 0 7 2 3 3 6 6 4 11 9 0 11 2 9 8 7 5 4 10 0 3 1 6 5 2 11 11 12 3 5 8 6 2 8 9 11 10 10 12 7 1 6 1 0 8 4
2 2 11 29 37 25
2 3 36 42 2 15 45
#c 4 1 2 0 4 12 3 12 9 1 10 2 7 0 7 2 3 3 6 6 4 11 9 0 11 5 9 8 7 2 4 10 0 3 1 6 5 5 11 11 12 3 5 8 6 2 8 9 11 10 10 12 7 1 6 1 0 8 4
1 1 18 33
4 4 19 44 54 35 16 17 41 6
#c 4 1 2 0 4 12 3 12 9 1 10 2 7 0 7 2 3 3 6 6 4 11 9 0 11 5 9 8 7 2 4 10 0 3 1 6 5 5 11 11 12 3 5 8 6 2 8 9 11 10 10 12 7 1 6 1 0 8 4
1 1 14 34
3 4 52 28 12 1 53 9 55
#c 4 1 2 0 4 12 3 12 9 1 10 2 7 0 7 2 3 3 6 6 4 11 9 0 11 5 9 8 7 2 4 10 0 3 1 6 5 5 11 11 12 3 5 8 6 2 8 9 11 10 10 12 7 1 6 1 0 8 4
1 1 46 47
3 3 57 27 43 22 8 26
#c 4 1 2 0 4 12 3 12 9 1 10 2 7 0 7 2 3 3 6 6 4 11 9 0 11 5 9 8 7 2 4 10 0 3 1 6 5 5 11 11 12 3 5 8 6 2 8 9 11 10 10 12 7 1 6 1 0 8 4
2 2 26 8 46 43
2 2 22 47 57 27
#c 4 1 2 0 4 12 3 12 9 1 10 2 7 0 7 2 3 3 6 6 4 11 9 0 11 5 9 8 7 2 4 10 0 3 1 6 5 5 11 11 12 3 5 8 6 2 8 9 11 10 10 12 7 1 6 1 0 8 4
1 1 49 34
3 4 10 50 31 1 53 9 55
#c 4 1 2 0 4 12 3 12 9 1 10 2 7 0 7 2 3 3 6 6 4 11 9 0 11 5 9 8 7 2 4 10 0 3 1 6 5 5 11 11 12 3 5 8 6 2 8 9 11 10 10 12 7 1 6 1 0 8 4
2 2 48 39 46 57
3 2 24 21 38 27 43
#c 4 1 2 0 4 12 3 12 9 1 10 2 7 0 7 2 3 3 6 6 4 11 9 0 11 5 9 8 7 2 4 10 0 3 1 6 5 5 11 11 12 3 5 8 6 2 8 9 11 10 10 12 7 1 6 1 0 8 4
1 1 40 24
3 4 51 5 7 21 38 39 48
#c 4 1 2 0 4 12 3 12 9 1 10 2 7 0 7 2 3 3 6 6 4 11 9 0 11 5 9 8 7 2 4 10 0 3 1 6 5 5 11 11 12 3 5 8 6 2 8 9 11 10 10 12 7 1 6 1 0 8 4
2 1 3 23 58
3 4 13 56 32 4 30 0 20
#c 4 1 2 0 4 12 3 12 9 1 10 2 7 0 7 2 3 3 6 6 4 11 9 0 11 5 9 8 7 2 4 10 0 3 1 6 5 5 11 11 12 3 5 8 6 2 8 9 11 10 10 12 7 1 6 1 0 8 4
4 4 53 9 55 34 4 0 20 58
#c 4 1 2 0 4 12 3 12 9 1 10 2 7 0 7 2 3 3 6 6 4 11 9 0 11 5 9 8 7 2 4 10 0 3 1 6 5 5 11 11 12 3 5 8 6 2 8 9 11 10 10 12 7 1 6 1 0 8 4
2 2 29 15 20 4
3 3 2 45 11 30 0 58
#c 4 1 2 0 2 12 3 12 9 1 10 2 7 0 7 4 3 3 6 6 2 11 9 0 11 5 9 8 7 4 4 10 0 3 1 6 5 5 11 11 12 3 5 8 6 2 8 9 11 10 10 12 7 1 6 1 0 8 4
2 2 33 41 28 12
3 2 16 17 6 52 14
#c 4 1 2 0 2 12 3 12 9 1 10 2 7 0 7 4 3 3 6 6 2 11 9 0 11 5 9 8 7 4 4 10 0 3 1 6 5 5 11 11 12 3 5 8 6 2 8 9 11 10 10 12 7 1 6 1 0 8 4
2 1 58 0 16
4 1 2 0 2 12 3 12 9 1 10 2 7 0 7 4 3 3 6 6 2 11 9 0 11 5 9 8 7 4 4 10 0 3 1 6 5 5 11 11 12 3 5 8 6 2 8 9 11 10 10 12 7 1 6 1 0 8 4
