#c 0 1 2 3 4 5 6 7 8 9 10 11 12 0 1 2 3 4 5 6 7 8 9 10 11 12 0 1 2 3 4 5 6 7 8 9 10 11 12 0 1 2 3 4 5 6 7 8 9 10 11 12
2 2 27 14 39 26
2 2 1 40 0 13
#c 0 1 2 3 4 5 6 7 8 9 10 11 12 0 1 2 3 4 5 6 7 8 9 10 11 12 0 1 2 3 4 5 6 7 8 9 10 11 12 0 1 2 3 4 5 6 7 8 9 10 11 12
1 1 28 24
3 3 2 15 41 11 37 50
#c 0 1 2 3 4 5 6 7 8 9 10 11 12 0 1 2 3 4 5 6 7 8 9 10 11 12 0 1 2 3 4 5 6 7 8 9 10 11 12 0 1 2 3 4 5 6 7 8 9 10 11 12
1 1 42 11
3 3 3 16 29 24 37 50
#c 0 1 2 3 4 5 6 7 8 9 10 11 12 0 1 2 3 4 5 6 7 8 9 10 11 12 0 1 2 3 4 5 6 7 8 9 10 11 12 0 1 2 3 4 5 6 7 8 9 10 11 12
2 3 17 30 34 47 21
2 1 4 43 8
#c 0 1 2 3 4 5 6 7 8 9 10 11 12 0 1 2 3 4 5 6 7 8 9 10 11 12 0 1 2 3 4 5 6 7 8 9 10 11 12 0 1 2 3 4 5 6 7 8 9 10 11 12
2 2 18 5 26 0
2 2 31 44 13 39
#c 0 1 2 3 4 5 6 7 8 9 10 11 12 0 1 2 3 4 5 6 7 8 9 10 11 12 0 1 2 3 4 5 6 7 8 9 10 11 12 0 1 2 3 4 5 6 7 8 9 10 11 12
1 1 45 11
3 3 6 19 32 24 37 50
#c 0 1 2 3 4 5 6 7 8 9 10 11 12 0 1 2 3 4 5 6 7 8 9 10 11 12 0 1 2 3 4 5 6 7 8 9 10 11 12 0 1 2 3 4 5 6 7 8 9 10 11 12
#c 0 1 2 3 4 5 6 7 8 9 10 11 12 0 1 2 3 4 5 6 7 8 9 10 11 12 0 1 2 3 4 5 6 7 8 9 10 11 12 0 1 2 3 4 5 6 7 8 9 10 11 12
2 2 47 21 11 37
2 2 8 34 24 50
#c 0 1 2 3 4 5 6 7 8 9 10 11 12 0 1 2 3 4 5 6 7 8 9 10 11 12 0 1 2 3 4 5 6 7 8 9 10 11 12 0 1 2 3 4 5 6 7 8 9 10 11 12
2 2 35 48 24 37
2 2 9 22 11 50
#c 0 1 2 3 4 5 6 7 8 9 10 11 12 0 1 2 3 4 5 6 7 8 9 10 11 12 0 1 2 3 4 5 6 7 8 9 10 11 12 0 1 2 3 4 5 6 7 8 9 10 11 12
2 2 23 36 42 3
2 2 10 49 16 29
#c 0 1 2 10 4 5 6 7 8 9 10 11 12 0 1 2 3 4 5 6 7 8 9 3 11 12 0 1 2 3 4 5 6 7 8 9 3 11 12 0 1 2 10 4 5 6 7 8 9 10 11 12
1 1 24 0
3 3 11 37 50 13 26 39
#c 0 1 2 10 4 5 6 7 8 9 10 11 12 0 1 2 3 4 5 6 7 8 9 3 11 12 0 1 2 3 4 5 6 7 8 9 3 11 12 0 1 2 10 4 5 6 7 8 9 10 11 12
1 1 25 35
3 3 12 38 51 9 22 48
#c 0 1 2 10 4 5 6 7 8 9 10 11 12 0 1 2 3 4 5 6 7 8 9 3 11 9 0 1 2 3 4 5 6 7 8 12 3 11 12 0 1 2 10 4 5 6 7 8 9 10 11 12
2 3 13 0 42 10 49
2 1 26 39 3
#c 0 1 2 10 4 5 6 7 8 9 10 11 12 0 1 2 3 4 5 6 7 8 9 3 11 9 0 1 2 3 4 5 6 7 8 12 3 11 12 0 1 2 10 4 5 6 7 8 9 10 11 12
1 1 14 47
3 3 1 27 40 8 21 34
#c 0 1 2 10 4 5 6 7 8 9 10 11 12 0 8 2 3 4 5 6 7 8 9 3 11 9 0 1 2 3 4 5 6 7 8 12 3 11 12 0 1 2 10 4 5 6 7 1 9 10 11 12
2 2 15 41 26 0
2 2 2 28 13 39
#c 0 1 2 10 4 5 6 7 8 9 10 11 12 0 8 2 3 4 5 6 7 8 9 3 11 9 0 1 2 3 4 5 6 7 8 12 3 11 12 0 1 2 10 4 5 6 7 1 9 10 11 12
1 1 23 49
3 3 16 29 36 10 42 3
#c 0 1 2 10 4 5 6 7 8 9 10 11 12 0 8 2 3 4 5 6 7 8 9 10 11 9 0 1 2 3 4 5 6 7 8 12 3 11 12 0 1 2 10 4 5 6 7 1 9 3 11 12
1 1 4 46
3 3 17 30 43 7 20 33
#c 0 1 2 10 7 5 6 7 8 9 10 11 12 0 8 2 3 4 5 6 7 8 9 10 11 9 0 1 2 3 4 5 6 7 8 12 3 11 12 0 1 2 10 4 5 6 4 1 9 3 11 12
1 1 5 47
3 3 18 31 44 1 27 40
#c 0 1 2 10 7 1 6 7 8 9 10 11 12 0 8 2 3 4 5 6 7 8 9 10 11 9 0 1 2 3 4 5 6 7 8 12 3 11 12 0 1 2 10 4 5 6 4 5 9 3 11 12
1 1 45 10
3 3 6 19 32 42 3 23
#c 0 1 2 10 7 1 6 7 8 9 6 11 12 0 8 2 3 4 5 6 7 8 9 10 11 9 0 1 2 3 4 5 6 7 8 12 3 11 12 0 1 2 10 4 5 10 4 5 9 3 11 12
2 2 20 7 26 39
2 2 33 4 0 13
#c 0 1 2 10 7 1 6 7 8 9 6 11 12 0 8 2 3 4 5 6 7 8 9 10 11 9 0 1 2 3 4 5 6 7 8 12 3 11 12 0 1 2 10 4 5 10 4 5 9 3 11 12
2 1 21 34 29
2 3 8 14 16 36 49
#c 0 1 2 10 7 1 6 7 8 9 6 11 12 0 8 2 3 4 5 6 7 8 9 10 11 9 0 1 2 3 4 5 6 7 8 12 3 11 12 0 1 2 10 4 5 10 4 5 9 3 11 12
#c 0 1 2 10 7 1 6 7 8 9 6 11 12 0 8 2 3 4 5 6 7 8 9 10 11 9 0 1 2 3 4 5 6 7 8 12 3 11 12 0 1 2 10 4 5 10 4 5 9 3 11 12
2 2 23 45 28 41
2 2 42 3 2 15
#c 0 1 2 10 7 1 6 7 8 9 6 11 12 0 8 2 3 4 5 6 7 8 9 10 11 9 0 1 2 3 4 5 6 7 8 12 3 11 12 0 1 2 10 4 5 10 4 5 9 3 11 12
1 1 11 17
3 3 24 37 50 30 43 46
#c 0 1 2 10 7 1 6 7 8 9 6 11 12 0 8 2 3 4 5 6 7 8 9 10 11 9 0 1 2 3 4 5 6 7 8 12 3 11 12 0 1 2 10 4 5 10 4 5 9 3 11 12
1 1 51 36
3 3 12 38 35 16 29 49
#c 0 1 2 10 7 1 6 7 8 9 6 11 12 0 8 2 3 4 5 6 7 8 9 10 11 9 0 1 2 3 4 5 6 7 8 12 3 11 12 0 1 2 10 4 5 10 4 5 9 3 11 12
2 2 26 39 45 23
2 2 0 13 42 3
#c 0 1 2 10 7 1 6 7 8 9 6 11 12 0 8 2 3 4 5 6 7 8 9 10 11 9 0 1 2 3 4 5 6 7 8 12 3 11 12 0 1 2 10 4 5 10 4 5 9 3 11 12
2 3 1 40 38 12 35
2 1 27 5 51
#c 0 12 2 10 7 1 6 7 8 9 6 11 1 0 8 2 3 4 5 6 7 8 9 10 11 9 0 1 2 3 4 5 6 7 8 1 3 11 1 0 12 2 10 4 5 10 4 5 9 3 11 12
#c 0 12 2 10 7 1 6 7 8 9 6 11 1 0 8 2 3 4 5 6 7 8 9 10 11 9 0 1 2 3 4 5 6 7 8 1 3 11 1 0 12 2 10 4 5 10 4 5 9 3 11 12
2 2 36 29 13 0
2 2 16 49 26 39
#c 0 12 2 10 7 1 6 7 8 9 6 11 1 0 8 2 3 4 5 6 7 8 9 10 11 9 0 1 2 3 4 5 6 7 8 1 3 11 1 0 12 2 10 4 5 10 4 5 9 3 11 12
2 2 46 43 27 38
2 3 17 30 5 12 35
#c 0 12 2 10 7 1 6 7 8 9 6 11 1 0 8 2 3 4 5 6 7 8 9 10 11 9 0 1 2 3 4 5 6 7 8 1 3 11 1 0 12 2 10 4 5 10 4 5 9 3 11 12
1 3 44 14 34 21
3 1 18 31 47 8
#c 0 12 2 10 7 1 6 7 8 9 6 11 1 0 8 2 3 4 5 6 7 8 9 10 11 9 0 1 2 3 4 5 6 7 8 1 3 11 1 0 12 2 10 4 5 10 4 5 9 3 11 12
1 2 10 25 48
3 2 6 19 32 9 22
#c 0 12 2 10 7 1 6 7 8 9 6 11 1 0 8 2 3 4 5 6 7 8 9 10 11 9 0 1 2 3 4 5 6 7 8 1 3 11 1 0 12 2 10 4 5 10 4 5 9 3 11 12
1 1 20 16
3 3 7 33 4 29 36 49
#c 0 12 2 10 7 1 6 7 8 9 6 11 1 0 8 2 3 4 5 6 7 8 9 10 11 9 0 1 2 3 4 5 6 7 8 1 3 11 1 0 12 2 10 4 5 10 4 5 9 3 11 12
2 2 34 21 10 19
2 2 8 14 6 32
#c 0 12 2 10 7 1 6 7 8 9 8 11 1 0 8 2 3 4 5 8 7 6 9 10 11 9 0 1 2 3 4 5 6 7 6 1 3 11 1 0 12 2 10 4 5 10 4 5 9 3 11 12
2 2 48 25 16 29
2 2 9 22 36 49
#c 0 12 2 10 7 1 6 7 8 9 8 11 1 0 8 2 3 4 5 8 7 6 9 10 11 9 0 1 2 3 4 5 6 7 6 1 3 11 1 0 12 2 10 4 5 10 4 5 9 3 11 12
1 2 23 6 32
3 2 42 3 45 34 21
#c 0 12 2 10 7 1 10 7 8 9 8 11 1 0 8 2 3 4 5 8 7 6 9 6 11 9 0 1 2 3 4 5 10 7 6 1 3 11 1 0 12 2 10 4 5 10 4 5 9 3 11 12
2 2 50 24 9 25
2 2 11 37 22 48
#c 0 12 2 10 7 1 10 7 8 9 8 11 1 0 8 2 3 4 5 8 7 6 9 6 11 9 0 1 2 3 4 5 10 7 6 1 3 11 1 0 12 2 10 4 5 10 4 5 9 3 11 12
2 3 1 40 16 29 49
#c 0 12 2 10 7 1 10 7 8 9 8 11 1 0 8 2 3 4 5 8 7 6 9 6 11 9 0 1 2 3 4 5 10 7 6 1 3 11 1 0 12 2 10 4 5 10 4 5 9 3 11 12
1 1 0 44
3 3 13 26 39 18 31 47
#c 0 12 2 10 7 1 10 7 8 9 8 11 1 0 8 2 3 4 5 8 7 6 9 6 11 9 0 1 2 3 4 5 10 7 6 1 3 11 1 0 12 2 10 4 5 10 4 5 9 3 11 12
1 1 35 40
4 2 27 5 38 12 51 1
#c 0 12 2 10 7 1 10 7 8 9 8 11 1 0 8 2 3 4 5 8 7 6 9 6 11 9 0 1 2 3 4 5 10 7 6 12 3 11 1 0 1 2 10 4 5 10 4 5 9 3 11 12
1 1 28 30
3 3 2 15 41 17 43 46
#c 0 12 2 10 7 1 10 7 8 9 8 11 1 0 8 2 3 4 5 8 7 6 9 6 11 9 0 1 4 3 2 5 10 7 6 12 3 11 1 0 1 2 10 4 5 10 4 5 9 3 11 12
#c 0 12 2 10 7 1 10 7 8 9 8 11 1 0 8 2 3 4 5 8 7 6 9 6 11 9 0 1 4 3 2 5 10 7 6 12 3 11 1 0 1 2 10 4 5 10 4 5 9 3 11 12
1 1 28 32
3 4 17 43 46 42 3 45 6
#c 0 12 2 10 7 1 10 7 8 9 8 11 1 0 8 2 3 4 5 8 7 6 9 6 11 9 0 1 4 3 2 5 10 7 6 12 3 11 1 0 1 2 10 4 5 10 4 5 9 3 11 12
2 2 31 47 4 7
2 2 18 44 20 33
#c 0 12 2 10 5 1 10 5 8 9 8 11 1 0 8 2 3 4 5 8 7 6 9 6 11 9 0 1 4 3 2 7 10 7 6 12 3 11 1 0 1 2 10 4 5 10 4 7 9 3 11 12
1 2 23 47 20
2 2 34 21 33 31
#c 0 12 2 10 5 1 10 5 8 9 8 11 1 0 8 2 3 4 5 8 7 6 9 6 11 9 0 1 4 3 2 7 10 7 6 12 3 11 1 0 1 2 10 4 5 10 4 7 9 3 11 12
2 2 31 47 17 28
2 2 20 33 43 46
#c 0 12 2 10 5 1 10 5 8 9 8 11 1 0 8 2 3 4 5 8 7 6 9 6 11 9 0 1 4 3 2 7 10 7 6 12 3 11 1 0 1 2 10 4 5 10 4 7 9 3 11 12
2 2 19 14 32 3
2 3 8 10 42 45 6
#c 0 12 2 10 5 1 10 5 8 9 8 11 1 0 8 2 3 4 5 8 7 6 9 6 11 9 0 1 4 3 2 7 10 7 6 12 3 11 1 0 1 2 10 4 5 10 4 7 9 3 11 12
1 1 48 15
3 3 9 22 25 2 41 30
#c 0 12 2 10 5 1 10 5 8 9 8 11 1 0 8 2 3 4 5 8 7 6 9 6 11 9 0 1 4 3 2 7 10 7 6 12 3 11 1 0 1 2 10 4 5 10 4 7 9 3 11 12
1 1 42 48
4 3 3 45 6 32 9 22 25
#c 0 12 2 10 5 1 10 5 8 9 8 11 1 0 8 2 3 4 5 8 7 6 9 6 11 9 0 1 4 3 2 7 10 7 6 12 3 11 1 0 1 2 9 4 5 10 4 7 10 3 11 12
1 1 37 8
3 3 11 24 50 14 10 19
#c 0 12 2 10 5 1 10 5 8 9 8 11 1 0 8 2 3 4 5 8 7 6 9 6 11 9 0 1 4 3 2 7 10 7 6 12 3 11 1 0 1 2 9 4 5 10 4 7 10 3 11 12
1 1 35 18
2 3 51 1 44 4 7
#c 0 12 2 10 5 1 10 5 8 9 8 11 1 0 8 2 3 4 5 8 7 6 9 6 11 9 0 1 4 3 2 7 10 7 6 12 3 11 1 0 1 2 9 4 5 10 4 7 10 3 11 12
2 2 39 26 48 6
2 3 0 13 3 45 32
#c 0 12 2 10 5 1 10 5 8 9 8 11 1 0 8 2 3 4 5 8 7 6 9 6 11 9 0 1 4 3 2 7 10 7 6 12 3 11 1 0 1 2 9 4 5 10 4 7 10 3 11 12
1 1 40 48
4 4 27 5 38 12 3 45 6 32
#c 0 12 2 10 5 1 10 5 8 9 8 11 1 0 8 2 3 4 5 8 7 6 9 6 11 9 0 1 4 3 2 7 10 7 6 12 3 11 1 0 1 2 9 4 5 10 4 7 10 3 11 12
2 2 2 41 23 21
2 1 15 30 34
#c 0 12 2 10 5 1 10 5 8 9 8 11 1 0 8 2 3 4 5 8 7 6 9 6 11 9 0 1 4 3 2 7 10 7 6 12 3 11 1 0 1 2 9 4 5 10 4 7 10 3 11 12
2 2 29 49 12 38
2 3 16 36 27 5 40
#c 0 12 2 10 5 1 10 5 8 9 8 11 1 0 8 2 3 4 5 8 7 6 9 6 11 9 0 1 4 3 2 7 10 7 6 12 3 11 1 0 1 2 9 4 5 10 4 7 10 3 11 12
1 1 28 26
3 3 17 43 46 0 13 39
#c 0 12 2 10 5 1 10 5 8 9 8 11 1 0 8 2 3 4 5 8 7 6 9 6 11 9 4 1 0 3 2 7 10 7 6 12 3 11 1 0 1 2 9 4 5 10 4 7 10 3 11 12
1 1 4 15
3 3 18 44 7 2 41 30
#c 0 12 2 10 5 1 10 5 8 9 8 11 1 0 8 2 3 4 5 8 7 6 9 6 11 9 4 1 0 3 2 7 10 7 6 12 3 11 1 0 1 2 9 4 5 10 4 7 10 3 11 12
1 1 23 33
2 3 34 21 20 31 47
#c 0 12 2 10 5 1 10 5 8 9 8 11 1 0 8 2 3 4 5 8 7 6 9 6 11 9 4 1 0 3 2 7 10 7 6 12 3 11 1 0 1 2 9 4 5 10 4 7 10 3 11 12
1 1 31 4
3 3 20 33 47 18 44 7
#c 0 12 2 10 5 1 10 5 8 9 8 11 1 0 8 2 3 4 5 8 7 6 9 6 11 9 4 1 0 3 2 7 10 7 6 12 3 11 1 0 1 2 9 4 5 10 4 7 10 3 11 12
2 3 14 8 16 36 29
2 1 10 19 49
#c 0 12 2 10 5 1 10 5 3 9 8 11 1 0 3 2 8 4 5 8 7 6 9 6 11 9 4 1 0 8 2 7 10 7 6 12 8 11 1 0 1 2 9 4 5 10 4 7 10 3 11 12
2 2 22 42 23 21
2 1 9 25 34
#c 0 12 2 10 5 1 10 5 3 9 8 11 1 0 3 2 8 4 5 8 7 6 9 6 11 9 4 1 0 8 2 7 10 7 6 12 8 11 1 0 1 2 9 4 5 10 4 7 10 3 11 12
1 2 48 28 13
4 2 3 45 6 32 0 39
#c 0 12 2 10 5 1 10 5 3 9 8 11 1 10 3 2 8 4 5 8 7 6 9 6 11 9 4 1 10 8 2 7 10 7 6 12 8 11 1 0 1 2 9 4 5 10 4 7 0 3 11 12
1 1 24 44
3 3 11 37 50 18 4 7
#c 0 12 2 10 5 1 10 5 3 9 8 11 1 10 3 2 8 4 5 8 7 6 9 6 11 9 4 1 10 8 2 7 10 7 6 12 8 11 1 0 1 2 9 4 5 10 4 7 0 3 11 12
1 1 1 50
2 3 51 35 11 24 37
#c 0 12 2 10 5 1 10 5 3 9 8 11 1 10 3 2 8 4 5 8 7 6 9 6 11 9 4 1 10 8 2 7 10 7 6 12 8 11 1 0 1 2 9 4 5 10 4 7 0 3 11 12
1 1 39 33
2 3 0 48 20 31 47
#c 0 12 2 10 5 1 10 5 3 9 8 11 1 10 3 2 8 4 5 8 7 6 9 6 11 9 4 1 10 8 2 7 10 7 6 12 8 11 1 0 1 2 9 4 5 10 4 7 0 3 11 12
2 2 40 12 39 48
3 1 27 5 38 0
#c 0 12 2 10 5 1 10 5 3 9 8 11 1 10 3 2 8 4 5 8 7 6 9 6 11 9 4 1 10 8 2 7 10 7 6 12 8 11 1 0 1 2 9 4 5 10 4 7 0 3 11 12
2 2 41 2 11 50
2 2 15 30 24 37
#c 0 12 2 10 5 1 10 5 3 9 8 11 1 10 3 2 8 4 5 8 7 6 9 6 11 9 4 1 10 8 2 7 10 7 6 12 8 11 1 0 1 2 9 4 5 10 4 7 0 3 11 12
1 1 49 35
2 2 14 8 51 1
#c 0 12 2 10 5 1 10 5 3 9 8 11 1 10 3 2 8 4 5 8 7 6 9 6 11 9 4 1 10 8 2 7 10 7 6 12 8 11 1 0 1 2 9 4 5 10 4 7 0 3 11 12
2 2 46 17 33 20
2 2 43 26 31 47
#c 0 12 2 10 5 1 10 5 3 9 8 11 1 10 3 2 8 4 5 8 7 6 9 6 11 9 4 1 10 8 2 7 10 7 6 12 8 11 1 0 1 2 9 4 5 10 4 7 0 3 11 12
#c 0 12 2 10 5 1 10 5 3 9 8 11 1 10 3 2 8 4 5 8 7 6 9 6 11 9 4 1 10 8 2 7 10 7 6 12 8 11 1 0 1 2 9 4 5 10 4 7 0 3 11 12
#c 0 12 2 10 5 1 10 5 3 9 8 11 1 10 3 2 8 4 5 8 7 6 9 6 11 9 4 1 10 8 2 7 10 7 6 12 8 11 1 0 1 2 9 4 5 10 4 7 0 3 11 12
1 1 33 51
3 2 20 31 47 1 35
#c 0 12 2 10 5 1 10 5 3 9 8 11 1 10 3 2 8 4 5 8 7 6 9 6 11 9 4 1 10 8 2 7 10 7 6 12 8 11 1 0 1 2 9 4 5 10 4 7 0 3 11 12
1 1 36 49
4 2 10 19 16 29 14 8
#c 0 12 2 10 5 1 10 5 3 9 8 11 1 10 3 2 8 4 5 8 7 6 9 6 11 9 4 1 10 8 2 7 10 7 6 12 8 11 1 0 1 2 9 4 5 10 4 7 0 3 11 12
1 1 25 10
3 4 9 22 42 19 16 36 29
#c 0 12 2 10 5 1 10 5 3 9 8 11 1 10 3 2 8 4 5 8 7 6 9 6 11 9 4 1 10 8 2 7 10 7 6 12 8 11 1 0 1 2 9 4 5 10 4 7 0 3 11 12
3 3 3 28 32 7 44 18
3 1 45 6 13 4
#c 0 12 2 10 5 1 10 5 3 9 8 11 1 10 3 2 8 4 5 8 7 6 9 6 11 9 4 1 10 8 2 7 10 7 6 12 8 11 1 0 1 2 9 4 5 10 4 7 0 3 11 12
1 2 11 45 32
3 4 24 37 50 3 6 28 13
#c 0 12 2 10 5 1 10 5 3 9 8 11 1 10 3 2 8 4 5 8 7 6 9 6 11 9 4 1 10 8 2 7 10 7 6 12 8 11 1 0 1 2 9 4 5 10 4 7 0 3 11 12
1 1 35 50
2 3 51 1 11 24 37
#c 0 12 2 10 5 1 10 5 3 9 8 11 1 10 3 2 8 4 5 8 7 6 9 6 11 9 4 1 10 8 2 7 10 7 6 12 8 11 1 0 1 2 9 4 5 10 4 7 0 3 11 12
1 2 0 6 32
2 4 39 48 3 45 28 13
#c 0 12 2 10 5 1 10 5 3 9 8 11 1 10 3 2 8 4 5 8 7 6 9 6 11 9 4 1 10 8 2 7 10 7 6 12 8 11 1 0 1 2 9 4 5 10 4 7 0 3 11 12
2 2 38 12 23 34
3 1 27 5 40 21
#c 0 12 2 10 5 1 10 5 3 9 8 11 1 10 3 2 8 4 5 8 7 6 9 6 11 9 4 1 10 8 2 7 10 7 6 12 8 11 1 0 1 2 9 4 5 10 4 7 0 3 11 12
1 1 2 1
3 2 15 41 30 51 35
#c 0 12 2 10 5 1 10 5 3 9 8 11 1 10 3 2 8 4 5 8 7 6 9 6 11 9 4 1 10 8 2 7 10 7 6 12 8 11 1 0 1 2 9 4 5 10 4 7 0 3 11 12
1 1 49 30
2 3 14 8 2 15 41
#c 0 12 2 10 5 1 10 5 3 9 8 11 1 10 3 2 8 4 5 8 7 6 9 6 11 9 4 1 10 8 2 7 10 7 6 12 8 11 1 0 1 2 9 4 5 10 4 7 0 3 11 12
2 2 26 46 8 49
2 1 17 43 14
#c 0 12 2 10 5 1 10 5 4 9 8 11 1 10 3 2 8 4 5 8 7 6 9 6 11 9 3 1 10 8 2 7 10 7 6 12 8 11 1 0 1 2 9 4 5 10 3 7 0 4 11 12
1 2 7 48 39
3 1 18 44 4 0
#c 0 12 2 10 5 1 10 5 4 9 8 11 1 10 3 2 8 4 5 8 7 6 9 6 11 9 3 1 10 8 2 7 10 7 6 12 8 11 1 0 1 2 9 4 5 10 3 7 0 4 11 12
1 1 21 4
2 3 34 23 18 44 7
#c 0 12 2 10 5 1 10 5 4 9 8 11 1 10 3 2 8 4 5 8 7 6 9 6 11 9 3 1 10 8 2 7 10 7 6 12 8 11 1 0 1 2 9 4 5 10 3 7 0 4 11 12
1 1 33 22
3 3 20 31 47 9 25 42
#c 0 12 2 10 5 1 10 5 4 9 8 11 1 10 3 2 8 4 5 8 7 6 9 6 11 9 3 1 10 8 2 7 10 7 6 12 8 11 1 0 1 2 9 4 5 10 3 7 0 4 11 12
1 2 29 1 51
4 1 10 19 16 36 35
#c 0 12 2 10 5 1 10 5 4 9 8 11 1 10 3 2 8 4 5 8 7 6 9 6 11 9 3 1 10 8 2 7 10 7 6 12 8 11 1 0 1 2 9 4 5 10 3 7 0 4 11 12
2 2 22 9 28 13
2 4 25 42 3 45 6 32
#c 0 12 2 10 5 1 10 5 4 10 8 11 1 9 3 2 8 4 5 8 7 6 10 6 11 9 3 1 9 8 2 7 10 7 6 12 8 11 1 0 1 2 9 4 5 10 3 7 0 4 11 12
#c 0 12 2 10 5 1 10 5 4 10 8 11 1 9 3 2 8 4 5 8 7 6 10 6 11 9 3 1 9 8 2 7 10 7 6 12 8 11 1 0 1 2 9 4 5 10 3 7 0 4 11 12
3 2 11 37 50 39 48
#c 0 12 2 10 5 1 10 5 4 10 8 11 1 9 3 2 8 4 5 8 7 6 10 6 11 9 3 1 9 8 2 7 10 7 6 12 8 11 1 0 1 2 9 4 5 10 3 7 0 4 11 12
1 1 35 29
2 4 51 1 10 19 16 36
#c 0 12 2 10 5 1 10 5 4 10 8 11 1 9 3 2 8 4 5 8 7 6 10 6 11 9 3 1 9 8 2 7 10 7 6 12 8 11 1 0 1 2 9 4 5 10 3 7 0 4 11 12
1 1 48 41
2 3 0 39 2 15 30
#c 0 12 2 10 5 1 10 5 4 10 8 11 1 9 3 2 8 4 5 8 7 6 10 6 11 9 3 1 9 8 2 7 10 7 6 12 8 11 1 0 1 2 9 4 5 10 3 7 0 4 11 12
1 1 40 34
4 2 27 5 38 12 21 23
#c 0 12 2 10 5 1 10 5 4 10 8 11 1 9 3 2 8 4 5 8 7 6 10 6 11 9 3 1 9 8 2 7 10 7 6 12 8 11 1 0 1 2 9 4 5 10 3 7 0 4 11 12
1 1 15 49
3 3 2 41 30 17 43 8
#c 0 12 2 10 5 1 10 5 4 10 8 11 1 9 3 2 8 4 5 8 7 6 10 6 11 9 3 1 9 8 2 7 10 7 6 12 8 11 1 0 1 2 9 4 5 10 3 7 0 4 11 12
#c 0 12 2 10 5 1 10 5 4 10 8 11 1 9 3 2 8 4 5 8 7 6 10 6 11 9 3 1 9 8 2 7 10 7 6 12 8 11 1 0 1 2 9 4 5 10 3 7 0 4 11 12
1 1 49 6
3 5 17 43 8 3 45 32 22 9
#c 0 12 2 10 5 1 10 5 4 10 8 11 1 9 3 2 8 4 5 8 7 6 10 6 11 9 3 1 9 8 2 7 10 7 6 12 8 11 1 0 1 2 9 4 5 10 3 7 0 4 11 12
2 2 18 44 14 46
2 1 4 7 26
#c 0 12 2 10 5 1 10 5 4 10 8 11 1 9 3 2 8 4 5 8 7 6 10 6 11 9 3 1 9 8 2 7 10 7 6 12 8 11 1 0 1 2 9 4 5 10 3 7 0 4 11 12
1 1 34 31
2 3 21 23 20 33 47
#c 0 12 2 10 5 1 10 5 4 10 8 11 1 9 3 2 8 4 5 8 7 6 10 6 11 9 3 1 9 8 2 7 10 7 6 12 8 11 1 0 1 2 9 4 5 10 3 7 0 4 11 12
2 1 31 33 35
2 2 20 47 51 1
#c 0 12 2 10 5 1 10 5 4 10 8 11 1 9 3 2 8 4 5 8 7 6 10 6 11 9 3 1 9 8 2 7 10 7 6 12 8 11 1 0 1 2 9 4 5 10 3 7 0 4 11 12
1 1 36 1
4 2 10 19 16 29 51 35
#c 0 12 2 10 5 1 10 5 4 10 8 11 1 9 3 2 8 4 5 8 7 6 10 6 11 9 3 1 9 8 2 7 10 7 6 12 8 11 1 0 1 2 9 4 5 10 3 7 0 4 11 12
2 2 13 28 34 21
2 1 25 42 23
#c 0 12 2 10 5 1 10 5 4 10 8 11 1 9 3 2 8 4 5 8 7 6 10 6 11 9 3 1 9 8 2 7 10 7 6 12 8 11 1 0 1 2 9 4 5 10 3 7 0 4 11 12
1 1 22 11
5 3 3 45 6 32 9 24 37 50
#c 0 12 2 10 5 1 10 5 4 10 8 11 1 9 3 2 8 4 5 8 7 6 10 6 11 9 3 1 9 8 2 7 10 7 6 12 8 11 1 0 1 2 9 4 5 10 3 7 0 4 11 12
#c 0 12 2 10 5 1 10 5 4 10 8 11 1 9 3 2 8 4 5 8 7 6 10 6 11 9 3 1 9 8 2 7 10 7 6 12 8 11 1 0 1 2 9 4 5 10 3 7 0 4 11 12
1 1 1 20
2 3 51 35 33 31 47
#c 0 12 2 10 5 1 10 5 4 10 8 11 1 9 3 2 8 4 5 8 7 6 10 6 11 9 3 1 9 8 2 7 10 7 6 12 8 11 1 0 1 2 9 4 5 10 3 7 0 4 11 12
1 1 48 14
2 2 0 39 26 46
#c 0 12 2 10 5 1 10 5 4 10 8 11 1 9 3 2 8 4 5 8 7 6 10 6 11 9 3 1 9 8 2 7 10 7 6 12 8 11 1 0 1 2 9 4 5 10 3 7 0 4 11 12
1 1 12 14
4 2 27 5 38 40 26 46
#c 0 12 2 10 5 1 10 5 4 10 8 11 1 9 3 2 8 4 5 8 7 6 10 6 11 9 3 1 9 8 2 7 10 7 6 12 8 11 1 0 1 2 9 4 5 10 3 7 0 4 11 12
1 1 30 21
3 2 2 15 41 34 23
#c 0 12 2 10 5 1 10 5 4 10 8 11 1 9 3 2 8 4 5 8 7 6 10 6 11 9 3 1 9 8 2 7 10 7 6 12 8 11 1 0 1 2 9 4 5 10 3 7 0 4 11 12
1 1 46 17
2 3 14 26 43 8 49
#c 0 12 2 10 5 1 10 5 4 10 8 11 1 9 3 2 8 3 5 8 7 6 10 6 11 9 3 1 9 8 2 7 10 7 6 12 8 11 1 0 1 2 9 4 5 10 4 7 0 4 11 12
2 2 43 49 44 4
2 2 8 46 18 7
#c 0 12 2 10 5 1 10 5 4 10 8 11 1 9 3 2 8 3 5 8 7 6 10 6 11 9 3 1 9 8 2 7 10 7 6 12 8 11 1 0 1 2 9 4 5 10 4 7 0 4 11 12
2 2 7 18 19 36
2 3 44 4 10 16 29
#c 0 12 2 10 5 1 10 5 4 10 8 11 1 9 3 2 8 3 5 8 7 6 10 6 11 9 3 1 9 8 2 7 10 7 6 12 8 11 1 0 1 2 9 4 5 10 4 7 0 4 11 12
1 1 21 10
2 4 34 23 19 16 36 29
#c 0 12 2 10 5 1 10 5 4 10 6 11 1 9 3 2 8 3 5 8 7 8 10 6 11 9 3 1 9 8 2 7 10 7 6 12 8 11 1 0 1 2 9 4 5 10 4 7 0 4 11 12
2 2 47 33 24 50
2 2 20 31 11 37
#c 0 12 2 10 5 1 10 5 4 10 6 11 1 9 3 2 8 3 5 8 7 8 10 6 11 9 3 1 9 8 2 7 10 7 6 12 8 11 1 0 1 2 9 4 5 10 4 7 0 4 11 12
#c 0 12 2 10 5 1 10 5 4 10 6 11 1 9 3 2 8 3 5 8 7 8 10 6 11 9 3 1 9 8 2 7 10 7 6 12 8 11 1 0 1 2 9 4 5 10 4 7 0 4 11 12
1 1 25 33
3 3 42 28 13 20 31 47
#c 0 12 2 10 5 1 10 5 4 10 6 11 1 9 3 2 8 3 5 8 7 8 10 6 11 9 3 1 9 8 2 7 10 7 6 12 8 11 1 0 1 2 9 4 5 10 4 7 0 4 11 12
3 3 22 6 45 4 44 18
3 1 3 32 9 7
#c 0 12 2 10 5 1 10 5 4 10 6 11 1 9 3 2 8 3 5 8 7 8 10 6 11 9 3 1 9 8 2 7 10 7 6 12 8 11 1 0 1 2 9 4 5 10 4 7 0 4 11 12
1 1 24 47
3 3 11 37 50 20 33 31
#c 0 12 2 10 5 1 10 5 4 10 6 11 1 9 3 2 8 3 5 8 7 8 10 6 11 9 3 1 9 8 2 7 10 7 6 12 8 11 1 0 1 2 9 4 5 10 4 7 0 4 11 12
1 1 1 10
2 2 51 35 34 23
#c 0 12 2 10 5 1 10 5 4 10 6 11 1 9 3 2 8 3 5 8 7 8 10 6 11 9 3 1 9 8 2 7 10 7 6 12 8 11 1 0 1 2 9 4 5 10 4 7 0 4 11 12
#c 0 12 2 10 5 1 10 5 4 10 6 11 1 9 3 2 8 3 5 8 7 8 10 6 11 9 3 1 9 8 2 7 10 7 6 12 8 11 1 0 1 2 9 4 5 10 4 7 0 4 11 12
1 2 27 10 23
4 1 5 38 12 40 34
#c 0 12 2 10 5 1 10 5 4 10 6 11 1 9 3 2 8 3 5 8 7 8 10 6 11 9 3 1 9 8 2 7 10 7 6 12 8 11 1 0 1 2 9 4 5 10 4 7 0 4 11 12
1 1 41 9
3 5 2 15 30 3 45 6 32 22
#c 0 12 2 10 5 1 10 5 4 10 6 11 1 9 3 2 8 3 5 8 7 8 10 6 11 9 3 1 9 8 2 7 10 7 6 12 8 11 1 0 1 2 9 4 5 10 4 7 0 4 11 12
1 1 14 51
2 2 26 17 1 35
#c 0 12 2 10 5 1 10 5 4 10 6 11 1 9 3 2 8 3 5 8 7 8 10 6 11 9 3 1 9 8 2 7 10 7 6 12 8 11 1 0 1 2 9 4 5 10 4 7 0 4 11 12
1 1 43 34
3 2 8 49 46 23 10
#c 0 12 2 10 5 1 10 5 4 10 6 11 1 9 3 2 8 3 5 8 7 8 10 6 11 9 3 1 9 8 2 7 10 7 6 12 8 11 1 0 1 2 9 4 5 10 4 7 0 4 11 12
1 1 44 9
3 5 18 4 7 3 45 6 32 22
#c 0 12 2 10 5 1 10 5 4 5 6 11 1 9 3 2 8 3 5 8 7 8 10 6 11 9 3 1 9 8 2 7 10 7 6 12 8 11 1 0 1 2 9 4 10 10 4 7 0 4 11 12
2 3 34 23 42 28 13
#c 0 12 2 10 5 1 10 5 4 5 6 11 1 9 3 2 8 3 5 8 7 8 10 6 11 9 3 1 9 8 2 7 10 7 6 12 8 11 1 0 1 2 9 4 10 10 4 7 0 4 11 12
#c 0 12 2 10 5 1 10 5 4 5 6 11 1 9 3 2 8 3 5 8 7 8 10 6 11 9 3 1 9 8 2 7 10 7 6 12 8 11 1 0 1 2 9 4 10 10 4 7 0 4 11 12
2 2 19 36 17 14
3 1 16 29 21 26
#c 0 12 2 10 5 1 10 5 4 5 6 11 1 9 3 2 8 3 5 8 7 8 10 6 11 9 3 1 9 8 2 7 10 7 6 12 8 11 1 0 1 2 9 4 10 10 4 7 0 4 11 12
1 1 42 24
3 3 25 28 13 11 37 50
#c 0 12 2 10 5 1 10 5 4 5 6 11 1 9 3 2 8 3 5 8 7 8 10 6 11 9 3 1 9 8 2 7 10 7 6 12 8 11 1 0 1 2 9 4 10 10 4 7 0 4 11 12
1 1 22 0
5 2 3 45 6 32 44 39 48
#c 0 12 2 10 5 1 10 5 4 5 6 11 1 9 3 2 8 3 5 8 7 8 10 6 11 9 3 1 9 8 2 7 10 7 6 12 8 11 1 0 1 2 9 4 10 10 4 7 0 4 11 12
1 2 50 26 17
3 1 11 24 37 14
#c 0 12 2 10 5 1 10 5 4 5 6 11 1 9 3 2 8 3 5 8 7 8 10 6 11 9 3 1 9 8 2 7 10 7 6 12 8 11 1 0 1 2 9 4 10 10 4 7 0 4 11 12
1 1 51 46
2 3 1 35 43 8 49
#c 0 12 2 10 5 1 10 5 4 5 6 11 1 9 3 2 8 3 5 8 7 8 10 6 11 9 3 1 9 8 2 7 10 7 6 12 8 11 1 0 1 2 9 4 10 10 4 7 0 4 11 12
1 1 48 47
2 3 0 39 20 33 31
#c 0 12 2 10 5 1 10 5 4 5 6 11 1 9 3 2 8 3 5 8 7 8 10 6 11 9 3 1 9 8 2 7 10 7 6 12 8 11 1 0 1 2 9 4 10 10 4 7 0 4 11 12
2 2 40 5 19 16
3 3 27 38 12 36 29 21
#c 0 12 2 10 5 1 10 5 4 5 6 11 1 9 3 2 8 3 5 8 7 8 10 6 11 9 3 1 9 8 2 7 10 7 6 12 8 11 1 0 1 2 9 4 10 10 4 7 0 4 11 12
1 1 41 21
3 4 2 15 30 19 16 36 29
#c 0 12 2 10 5 1 10 5 4 5 6 11 1 9 3 2 8 3 5 8 7 8 10 6 11 9 3 1 9 8 2 7 10 7 6 12 8 11 1 0 1 2 9 4 10 10 4 7 0 4 11 12
1 1 26 40
2 4 14 17 27 5 38 12
#c 0 12 2 10 5 1 10 5 4 5 6 11 1 9 3 2 8 3 5 8 7 8 10 6 11 9 3 1 9 8 2 7 10 7 6 12 8 11 1 0 1 2 9 4 10 10 4 7 0 4 11 12
2 2 8 49 19 16
2 3 43 46 36 29 21
#c 0 12 2 10 5 1 10 5 4 5 6 11 1 9 3 2 8 3 5 8 7 8 10 6 11 9 3 1 9 8 2 7 10 7 6 12 8 11 1 0 1 2 9 4 10 10 4 7 0 4 11 12
1 1 18 31
3 3 4 7 9 20 33 47
#c 0 12 2 10 5 1 10 5 4 5 6 11 1 9 3 2 8 3 5 8 7 8 10 6 11 9 3 1 9 8 2 7 10 7 6 12 8 11 1 0 1 2 9 4 10 10 4 7 0 4 11 12
1 3 23 13 28 25
2 1 34 10 42
#c 0 12 2 10 5 1 10 5 4 5 6 11 1 9 3 2 8 3 5 8 7 8 10 6 11 9 3 1 9 8 2 7 10 7 6 12 8 11 1 0 1 2 9 4 10 10 4 7 0 4 11 12
2 2 31 47 32 44
2 4 20 33 3 45 6 22
#c 0 12 2 10 5 1 10 5 4 5 6 11 1 9 3 2 8 3 5 8 7 8 10 6 11 9 3 1 9 8 2 7 10 7 6 12 8 11 1 0 1 2 9 4 10 10 4 7 0 4 11 12
1 1 16 31
4 3 19 36 29 21 20 33 47
#c 0 12 2 10 5 1 10 5 4 5 6 11 1 9 3 2 8 3 5 8 7 8 10 6 11 9 3 1 9 8 2 7 10 7 6 12 8 11 1 0 1 2 9 4 10 10 4 7 0 4 11 12
3 2 42 28 13 51 1
#c 0 12 2 10 5 1 10 5 4 5 6 11 1 9 3 2 8 3 5 8 7 8 10 6 11 9 3 1 9 8 2 7 10 7 6 12 8 11 1 0 1 2 9 4 10 10 4 7 0 4 11 12
1 1 3 28
5 3 45 6 32 22 44 25 42 13
#c 0 12 2 10 5 1 10 5 4 5 6 11 1 9 3 2 8 3 5 8 7 8 10 6 11 9 3 1 9 8 2 7 10 7 6 12 8 11 1 0 1 2 9 4 10 10 4 7 0 4 11 12
3 3 11 24 50 43 49 46
#c 0 12 2 10 5 1 10 5 11 5 6 11 1 9 3 2 8 3 5 8 7 8 10 6 11 9 3 1 9 8 2 7 10 7 6 12 8 4 1 0 1 2 9 4 10 10 4 7 0 4 11 12
1 1 1 14
2 2 51 35 26 17
#c 0 12 2 10 5 1 10 5 11 5 6 11 1 9 3 2 8 3 5 8 7 8 10 6 11 9 3 1 9 8 2 7 10 7 6 12 8 4 1 0 1 2 9 4 10 10 4 7 0 4 11 12
1 1 0 30
2 3 39 48 2 15 41
#c 0 12 2 10 5 1 10 5 11 5 6 11 1 9 3 2 8 3 5 8 7 8 10 6 11 9 3 1 9 8 2 7 10 7 6 12 8 4 1 0 1 2 9 4 10 10 4 7 0 4 11 12
2 2 27 5 24 11
3 2 38 12 40 50 8
#c 0 12 2 10 5 1 10 5 11 5 6 11 1 9 3 2 8 3 5 8 7 8 10 6 11 9 3 1 9 8 2 7 10 7 6 12 8 4 1 0 1 2 9 4 10 10 4 7 0 4 11 12
2 2 15 2 8 50
2 2 41 30 11 24
#c 0 12 2 10 5 1 10 5 11 5 6 11 1 9 3 2 8 3 5 8 7 8 10 6 11 9 3 1 9 8 2 7 10 7 6 12 8 4 1 0 1 2 9 4 10 10 4 7 0 4 11 12
1 1 17 43
2 3 14 26 49 46 37
#c 0 12 2 10 5 1 10 5 11 5 6 11 1 9 3 2 8 3 5 8 7 8 10 6 11 9 3 1 9 8 2 7 10 7 6 12 8 4 1 0 1 2 9 4 10 10 4 7 0 4 11 12
2 2 43 49 23 10
2 1 46 37 34
#c 0 12 2 10 5 1 10 5 11 5 6 11 1 9 3 2 8 3 5 8 7 8 10 6 11 9 3 1 9 8 2 7 10 7 6 12 8 4 1 0 1 2 9 4 10 10 4 7 0 4 11 12
1 2 9 33 20
3 2 18 4 7 31 47
#c 0 12 2 10 5 1 10 5 11 5 6 11 1 9 3 2 8 3 5 8 7 8 10 6 11 9 3 1 9 8 2 7 10 7 6 12 8 4 1 0 1 2 9 4 10 10 4 7 0 4 11 12
1 1 10 28
2 3 34 23 25 42 13
#c 0 12 2 10 5 1 10 5 11 5 9 11 1 9 3 2 8 3 5 8 7 8 10 6 11 9 3 1 6 8 2 7 10 7 6 12 8 4 1 0 1 2 9 4 10 10 4 7 0 4 11 12
2 2 47 33 39 48
2 1 20 31 0
#c 0 12 2 10 5 1 10 5 11 5 9 11 1 9 3 2 8 3 5 8 7 8 10 6 11 9 3 1 6 8 2 7 10 7 6 12 8 4 1 0 1 2 9 4 10 10 4 7 0 4 11 12
2 2 21 16 26 14
3 1 19 36 29 17
#c 0 12 2 10 5 1 10 5 11 5 9 11 1 9 3 2 8 3 5 8 7 8 10 6 11 9 3 1 6 8 2 7 10 7 6 12 8 4 1 0 1 2 9 4 10 10 4 7 0 4 11 12
1 2 25 5 27
3 3 42 13 10 38 12 40
#c 0 12 2 10 5 1 10 5 11 5 9 11 1 9 3 2 8 3 5 8 7 8 10 6 11 9 3 1 6 8 2 7 10 7 6 12 8 4 1 0 1 2 9 4 10 10 4 7 0 4 11 12
2 2 45 3 50 11
4 2 6 32 22 44 24 8
#c 0 12 2 10 5 1 10 5 11 5 9 11 1 9 3 2 8 3 5 8 7 8 10 6 11 9 3 1 6 8 2 7 10 7 6 12 8 4 1 0 1 2 9 4 10 10 4 7 0 4 11 12
1 1 8 43
3 3 11 24 50 49 46 37
#c 0 12 2 10 5 1 10 5 11 5 9 11 1 9 3 2 8 3 5 8 7 8 10 6 11 9 3 1 6 8 2 7 10 7 6 12 8 4 1 0 1 2 9 4 10 10 4 7 0 4 11 12
1 1 51 17
2 2 1 35 14 26
#c 0 12 2 10 5 1 10 5 11 5 9 11 1 9 3 2 8 3 5 8 7 8 10 6 11 9 3 1 6 8 2 7 10 7 6 12 8 4 1 0 1 2 9 4 10 10 4 7 0 4 11 12
1 1 48 1
2 2 0 39 51 35
#c 0 12 2 10 5 1 10 5 11 5 9 11 1 9 3 2 8 3 5 8 7 8 10 6 11 9 3 1 6 8 2 7 10 7 6 12 8 4 1 0 1 2 9 4 10 10 4 7 0 4 11 12
1 1 27 46
4 3 5 38 12 40 43 49 37
#c 0 12 2 10 5 1 10 5 11 5 9 11 1 9 3 2 8 3 5 8 7 8 10 6 11 9 3 1 6 8 2 7 10 7 6 12 8 4 1 0 1 2 9 4 10 10 4 7 0 4 11 12
1 1 30 43
3 3 2 15 41 49 46 37
#c 0 12 2 10 5 1 10 5 11 5 9 11 1 9 3 2 8 3 5 8 7 8 10 6 11 9 3 1 6 8 2 7 10 7 6 12 8 4 1 0 1 2 9 4 10 10 4 7 0 4 11 12
#c 0 12 2 10 5 1 10 5 11 5 9 11 1 9 3 2 8 3 5 8 7 8 10 6 11 9 3 1 6 8 2 7 10 7 6 12 8 4 1 0 1 2 9 4 10 10 4 7 0 4 11 12
#c 0 12 2 10 5 1 10 5 11 5 9 11 1 9 3 2 8 3 5 8 7 8 10 6 11 9 3 1 6 8 2 7 10 7 6 12 8 4 1 0 1 2 9 4 10 10 4 7 0 4 11 12
2 2 18 9 8 11
2 2 4 7 24 50
#c 0 12 2 10 5 1 10 5 11 5 9 11 1 9 3 2 8 3 5 8 7 8 10 6 11 9 3 1 6 8 2 7 10 7 6 12 8 4 1 0 1 2 9 4 10 10 4 7 0 4 11 12
1 1 28 50
2 3 34 23 11 24 8
#c 0 12 2 10 5 1 10 5 11 5 9 11 1 9 3 2 8 3 5 8 7 8 10 6 11 9 3 1 11 8 2 7 10 7 6 12 8 4 1 0 1 2 9 4 10 10 4 7 0 4 6 12
2 2 20 33 6 22
2 4 31 47 3 45 32 44
#c 0 12 2 10 5 1 10 5 11 5 9 11 1 9 3 2 8 3 5 8 7 8 10 6 11 9 3 1 11 8 2 7 10 7 6 12 8 4 1 0 1 2 9 4 10 10 4 7 0 4 6 12
2 2 16 21 7 4
3 2 19 36 29 18 9
#c 0 12 2 10 5 1 10 5 11 5 9 11 1 9 3 2 8 3 5 8 7 8 10 6 11 9 3 1 11 8 2 7 10 7 6 12 8 4 1 0 1 2 9 4 10 10 4 7 0 4 6 12
2 2 13 25 5 40
2 3 42 10 27 38 12
#c 0 12 2 10 5 1 10 5 11 5 9 11 1 9 3 2 8 3 5 8 7 8 10 6 11 9 3 1 11 8 2 7 10 7 6 12 8 4 1 0 1 2 9 4 10 10 4 7 0 4 6 12
1 1 3 37
5 3 45 6 32 22 44 43 49 46
#c 0 12 2 10 5 1 10 5 11 5 9 11 1 9 3 2 8 3 5 8 7 8 10 6 11 9 3 1 11 8 2 7 10 7 6 12 8 4 1 0 1 2 9 4 10 10 4 7 0 4 6 12
2 2 11 8 30 41
2 2 24 28 2 15
#c 0 12 2 10 5 1 10 5 11 5 9 11 1 9 3 2 8 3 5 8 7 8 10 6 11 9 3 1 11 8 2 7 10 7 6 12 8 4 1 0 1 2 9 4 10 10 4 7 0 4 6 12
1 1 51 44
2 5 1 35 3 45 6 32 22
#c 0 12 2 10 5 1 10 5 11 5 9 11 1 9 3 2 8 3 5 8 7 8 10 6 11 9 3 1 11 8 2 7 10 7 6 12 8 4 1 0 1 2 9 4 10 10 4 7 0 4 6 12
1 2 39 23 34
2 1 0 48 50
#c 0 12 2 10 5 1 10 5 11 5 9 11 1 9 3 2 8 3 5 8 7 8 10 6 11 9 3 1 11 8 2 7 10 7 6 12 8 4 1 0 1 2 9 4 10 10 4 7 0 4 6 12
1 1 12 31
4 3 27 5 38 40 20 33 47
#c 0 12 2 10 5 1 10 5 11 5 9 11 7 9 3 2 8 3 5 8 7 8 10 6 11 9 3 1 11 8 2 1 10 7 6 12 8 4 1 0 1 2 9 4 10 10 4 7 0 4 6 12
2 2 2 30 24 8
2 2 15 41 11 28
#c 0 12 2 10 5 1 10 5 11 5 9 11 7 9 3 2 8 3 5 8 7 8 10 6 11 9 3 1 11 8 2 1 10 7 6 12 8 4 1 0 1 2 9 4 10 10 4 7 0 4 6 12
1 1 17 15
2 3 14 26 2 41 30
#c 0 12 2 10 5 1 10 5 11 5 9 11 7 9 3 2 8 3 5 8 7 8 10 6 11 9 3 1 11 8 2 1 10 7 6 12 8 4 1 0 1 2 9 4 10 10 4 7 0 4 6 12
2 1 37 49 27
2 4 43 46 5 38 40 31
#c 0 12 2 10 5 1 10 5 11 5 9 11 7 9 3 2 8 3 5 8 7 8 10 6 11 9 3 4 11 8 2 1 10 7 6 12 8 1 1 0 1 2 9 4 10 10 4 7 0 1 6 12
1 2 7 14 17
3 1 18 4 9 26
#c 0 12 2 10 5 1 10 5 11 5 9 11 7 9 3 2 8 3 5 8 7 8 10 6 11 9 3 4 11 8 2 1 10 7 6 12 8 1 1 0 1 2 9 4 10 10 4 7 0 1 6 12
1 1 23 22
2 5 34 50 3 45 6 32 44
#c 0 12 2 10 5 1 10 5 11 5 9 11 7 9 3 2 8 3 5 8 7 8 10 6 11 9 3 4 11 8 2 1 10 7 6 12 8 1 1 0 1 2 9 4 10 10 4 7 0 1 6 12
2 2 33 47 19 16
2 3 20 12 36 29 21
#c 0 12 2 10 5 1 10 5 11 5 9 11 7 9 3 2 8 3 5 8 7 8 10 6 11 9 3 4 11 8 2 1 10 7 6 12 8 1 1 0 1 2 9 4 10 10 4 7 0 1 6 12
1 1 16 50
4 2 19 36 29 21 34 23
#c 0 12 2 10 5 1 10 5 11 5 9 11 7 9 3 2 8 3 5 8 7 8 10 6 11 9 3 4 11 8 2 1 10 7 6 12 8 1 1 0 1 2 9 4 10 10 4 7 0 1 6 12
1 1 13 4
3 3 25 42 10 18 7 9
#c 0 12 2 10 5 1 10 5 11 5 9 11 7 9 3 2 8 3 5 8 7 8 10 6 11 9 3 4 11 8 2 1 10 7 6 12 8 1 1 0 1 2 9 4 10 10 4 7 0 1 6 12
#c 0 12 2 10 5 1 10 5 11 5 9 11 7 9 3 2 8 3 5 8 7 8 10 6 11 9 3 4 11 8 2 1 10 7 6 12 8 1 1 0 1 2 9 4 10 10 4 7 0 1 6 12
1 1 24 23
3 2 11 8 28 34 50
#c 0 12 2 10 5 1 10 5 11 5 9 11 7 9 3 2 8 3 5 8 7 8 10 6 11 9 3 4 11 8 2 1 10 7 6 12 8 1 1 0 1 2 9 4 10 10 4 7 0 1 6 12
1 1 1 34
2 2 51 35 23 50
#c 0 6 2 10 5 1 10 5 11 5 9 11 7 9 3 2 8 3 5 8 7 8 10 6 11 9 3 4 11 8 2 1 10 7 12 12 8 1 1 0 1 2 9 4 10 10 4 7 0 1 6 12
1 1 0 35
2 2 39 48 51 34
#c 0 6 2 10 5 1 10 5 11 5 9 11 7 9 3 2 8 3 5 8 7 8 10 6 11 9 3 4 11 8 2 1 10 7 12 12 8 1 1 0 1 2 9 4 10 10 4 7 0 1 6 12
3 3 49 37 31 16 19 21
3 2 5 38 40 36 29
#c 0 6 2 10 5 1 10 5 11 5 9 11 7 9 3 2 8 3 5 8 7 8 10 6 11 9 3 4 11 8 2 1 10 7 12 12 8 1 1 0 1 2 9 4 10 10 4 7 0 1 6 12
2 2 41 15 51 34
2 1 2 30 35
#c 0 6 2 10 5 1 10 5 11 5 9 11 7 9 3 2 8 3 5 8 7 8 10 6 11 9 3 4 11 8 2 1 10 7 12 12 8 1 1 0 1 2 9 4 10 10 4 7 0 1 6 12
#c 0 6 2 10 5 1 10 5 11 5 9 11 7 9 3 2 8 3 5 8 7 8 10 6 11 9 3 4 11 8 2 1 10 7 12 12 8 1 1 0 1 2 9 4 10 10 4 7 0 1 6 12
1 1 46 14
2 2 43 27 26 17
#c 0 6 2 10 5 1 10 5 11 5 9 11 7 9 3 2 8 3 5 8 7 8 10 6 11 9 3 4 11 8 2 1 10 7 12 12 8 1 1 0 1 2 9 4 10 10 4 7 0 1 6 12
1 1 18 24
3 3 4 7 9 11 8 28
#c 0 6 2 10 5 1 10 5 11 5 9 11 7 9 3 2 8 3 5 8 7 8 10 6 11 9 3 4 11 8 2 1 10 7 12 12 8 1 1 0 1 2 9 4 10 10 4 7 0 1 6 12
1 1 50 5
2 5 23 1 38 40 31 37 49
#c 0 6 2 10 5 1 10 5 11 5 9 11 7 9 3 2 8 3 5 8 7 8 10 6 11 9 3 4 11 8 2 1 10 7 12 12 8 1 1 0 1 2 9 4 10 10 4 7 0 1 6 12
2 2 12 33 27 43
2 1 20 47 46
#c 0 6 2 10 5 1 10 5 11 5 9 11 4 9 3 2 8 3 5 8 7 8 10 6 11 9 3 7 11 8 2 1 10 4 12 12 8 1 1 0 1 2 9 7 10 10 4 7 0 1 6 12
2 2 16 29 18 4
3 2 19 36 21 7 9
#c 0 6 2 10 5 1 10 5 11 5 9 11 4 9 3 2 8 3 5 8 7 8 10 6 11 9 3 7 11 8 2 1 10 4 12 12 8 1 1 0 1 2 9 7 10 10 4 7 0 1 6 12
1 1 13 18
3 3 25 42 10 4 7 9
#c 0 6 2 10 5 1 10 5 11 5 9 11 4 5 3 2 8 3 9 8 7 8 10 6 11 9 3 7 11 8 2 1 10 4 12 12 8 1 1 0 1 2 9 7 10 10 4 7 0 1 6 12
#c 0 6 2 10 5 1 10 5 11 5 9 11 4 5 3 2 8 3 9 8 7 8 10 6 11 9 3 7 11 8 2 1 10 4 12 12 8 1 1 0 1 2 9 7 10 10 4 7 0 1 6 12
1 1 28 34
3 2 11 24 8 51 35
#c 0 6 2 10 5 1 10 5 11 5 9 11 4 5 3 2 8 3 9 8 7 8 10 6 11 9 3 7 11 8 2 1 10 4 12 12 8 1 1 0 1 2 9 7 10 10 4 7 0 1 6 12
1 3 35 31 49 38
2 3 51 34 5 40 37
#c 0 6 2 10 5 1 10 5 11 5 9 11 4 5 3 2 8 3 9 8 7 8 10 6 11 9 3 7 11 8 2 1 10 4 12 12 8 1 1 0 1 2 9 7 10 10 4 7 0 1 6 12
2 2 0 39 26 17
#c 0 6 2 10 5 1 10 5 11 5 9 11 4 5 3 2 8 3 9 8 7 8 10 6 11 9 3 7 11 8 2 1 10 4 12 12 8 1 1 0 1 2 9 7 10 10 4 7 0 1 6 12
2 2 31 5 48 0
4 1 38 40 37 49 39
#c 0 6 2 10 5 1 10 5 11 5 9 11 4 5 3 2 8 3 9 8 7 8 10 6 11 9 3 7 11 8 2 1 10 4 12 12 8 1 1 0 1 2 9 7 10 10 4 7 0 1 6 12
1 1 15 5
3 5 2 41 30 38 40 31 37 49
#c 0 6 2 10 5 1 10 5 11 5 9 11 4 5 3 2 8 3 9 8 7 8 10 6 11 9 3 7 11 8 2 1 10 4 12 12 8 1 1 0 1 2 9 7 10 10 4 7 0 1 6 12
1 3 26 29 19 16
2 2 14 17 36 21
#c 0 6 2 10 5 1 10 5 11 5 9 11 4 5 3 2 8 3 9 8 7 8 10 6 11 9 3 7 11 8 2 1 10 4 12 12 8 1 1 0 1 2 9 7 10 10 4 7 0 1 6 12
1 1 46 10
2 3 12 33 25 42 18
#c 0 6 2 10 5 1 10 5 11 5 9 11 4 5 3 2 8 3 9 8 7 8 10 6 11 9 3 7 11 8 2 1 10 4 12 12 8 1 1 0 1 2 9 7 10 10 4 7 0 1 6 12
1 1 9 47
3 3 4 7 13 20 27 43
#c 0 6 2 10 5 1 10 5 11 5 9 11 4 5 3 2 8 3 9 8 7 8 10 6 11 9 3 7 11 8 2 1 10 4 12 12 8 1 1 0 1 2 9 7 10 10 4 7 0 1 6 12
1 1 50 20
2 3 23 1 47 27 43
#c 0 6 2 10 5 1 10 5 11 5 9 11 4 5 3 2 8 3 9 8 7 8 10 6 11 9 3 7 11 8 2 1 10 4 12 12 8 1 1 0 1 2 9 7 10 10 4 7 0 1 6 12
2 2 27 20 28 8
2 2 47 43 11 24
#c 0 6 2 10 5 1 10 5 11 5 9 11 4 5 3 2 8 3 9 8 7 8 10 6 11 9 3 7 11 8 2 1 10 4 12 12 8 1 1 0 1 2 9 7 10 10 4 7 0 1 6 12
2 2 16 29 3 32
3 4 19 36 21 45 6 22 44
#c 0 6 2 10 5 1 10 5 11 5 9 11 4 5 3 2 8 3 9 8 7 8 10 6 11 9 3 7 11 8 2 1 10 4 12 12 8 1 1 0 1 2 9 7 10 10 4 7 0 1 6 12
1 2 10 12 33
3 1 25 42 18 46
#c 0 6 2 10 5 1 10 5 11 5 9 11 4 5 3 2 8 3 9 8 7 8 10 6 11 9 3 7 11 8 2 1 10 4 12 12 8 1 1 0 1 2 9 7 10 10 4 7 0 1 6 12
3 2 44 45 22 1 23
3 1 3 6 32 50
#c 0 6 2 10 5 1 10 5 11 5 9 11 4 5 3 2 8 3 9 8 7 8 10 6 11 9 3 7 11 8 2 1 10 4 12 12 8 1 1 0 1 2 9 7 10 10 4 7 0 1 6 12
3 2 11 24 8 14 17
#c 0 6 2 10 5 1 10 5 11 5 9 11 4 5 3 2 8 3 9 8 7 8 10 6 11 9 3 7 11 8 2 1 10 4 12 12 8 1 1 0 1 2 9 7 10 10 4 7 0 1 6 12
1 2 51 32 44
2 4 35 34 3 45 6 22
#c 0 6 2 10 5 1 10 5 11 5 9 11 4 5 3 2 8 3 9 8 7 8 10 6 11 9 3 7 11 8 2 1 10 4 12 12 8 1 1 0 1 2 9 7 10 10 4 7 0 1 6 12
1 1 39 51
2 2 0 48 35 34
#c 0 6 2 10 5 1 10 5 11 5 9 11 4 5 3 2 8 3 9 8 7 8 10 6 11 9 3 7 11 8 2 1 10 4 12 12 8 1 1 0 1 2 9 7 10 10 4 7 0 1 6 12
3 2 5 37 38 34 51
3 1 40 31 49 35
#c 0 6 2 10 5 1 10 5 11 5 9 11 4 5 3 2 8 3 9 8 7 8 10 6 11 9 3 7 11 8 2 1 10 4 12 12 8 1 1 0 1 2 9 7 10 10 4 7 0 1 6 12
2 2 41 15 4 7
2 2 2 30 9 13
#c 0 6 2 10 5 1 10 5 11 5 9 11 4 5 3 2 8 3 9 8 7 8 10 6 11 9 3 7 11 8 2 1 10 4 12 12 8 1 1 0 1 2 9 7 10 10 4 7 0 1 6 12
2 2 26 17 12 33
#c 0 6 2 10 5 1 10 5 11 5 9 11 4 5 3 2 8 3 9 8 7 8 10 6 11 9 3 7 11 8 2 1 10 4 12 12 8 1 1 0 1 2 9 7 10 10 4 7 0 1 6 12
1 1 12 16
2 4 46 33 19 36 29 21
#c 0 6 2 10 5 1 10 5 11 5 9 11 4 5 3 2 8 3 9 8 7 8 10 6 11 9 3 7 11 8 2 1 10 4 12 12 8 1 1 0 1 2 9 7 10 10 4 7 0 1 6 12
1 1 7 39
3 2 4 9 13 0 48
#c 0 6 2 10 5 1 10 5 11 5 9 11 4 5 3 2 8 3 9 8 7 8 10 6 11 9 3 7 11 8 2 1 10 4 12 12 8 1 1 0 1 2 9 7 10 10 4 7 0 1 6 12
2 4 23 1 19 36 29 21
#c 0 6 2 10 5 1 10 5 11 5 9 11 4 5 3 2 8 3 9 8 7 8 10 6 11 9 3 7 11 8 2 1 10 4 12 12 8 1 1 0 1 2 9 7 10 10 4 7 0 1 6 12
1 1 43 50
3 2 20 47 27 23 1
#c 0 6 2 10 5 1 10 5 11 5 9 11 4 5 3 2 8 3 9 8 7 8 10 6 11 9 3 7 11 8 2 1 10 4 12 12 8 1 1 0 1 2 9 6 10 10 4 7 0 1 7 12
1 1 21 8
4 3 19 16 36 29 11 24 28
#c 0 6 2 10 5 1 10 5 11 5 9 11 4 5 3 2 8 3 9 8 7 8 10 6 11 9 3 7 11 8 2 1 10 4 12 12 8 1 1 0 1 2 9 6 10 10 4 7 0 1 7 12
2 2 25 18 7 9
2 2 42 10 4 13
#c 0 6 2 10 5 1 10 5 11 5 9 11 4 5 3 2 8 3 9 8 7 8 10 6 11 9 3 7 11 8 2 1 10 4 12 12 8 1 1 0 1 2 9 6 10 10 4 7 0 1 7 12
2 2 45 22 38 49
4 4 3 6 32 44 5 40 31 37
#c 0 6 2 10 5 1 10 5 11 5 9 11 4 5 3 2 8 3 9 8 7 8 10 6 11 9 3 7 11 8 2 1 10 4 12 12 8 1 1 0 1 2 9 6 10 10 4 7 0 1 7 12
1 1 8 17
3 2 11 24 28 14 26
#c 0 6 2 10 5 1 10 5 11 5 9 11 4 5 3 2 8 3 9 8 7 8 10 6 11 9 3 7 11 8 2 1 10 4 12 12 8 1 1 0 1 2 9 6 10 10 4 7 0 1 7 12
1 1 34 14
#c 0 6 2 10 5 1 10 5 11 5 9 11 4 5 3 2 8 3 9 8 7 8 10 6 11 9 3 7 11 8 2 1 10 4 12 12 8 1 1 0 1 2 9 6 10 10 4 7 0 1 7 12
1 1 39 43
2 2 0 48 23 1
#c 0 6 2 10 5 1 10 5 11 5 9 11 4 5 3 2 8 3 9 8 7 8 10 6 11 9 3 7 11 8 2 1 10 4 12 12 8 1 1 0 1 2 9 6 10 10 4 7 0 1 7 12
3 2 5 38 37 23 43
3 1 40 31 49 1
#c 0 6 2 10 5 6 10 5 11 5 9 11 4 5 3 2 8 3 9 8 7 8 10 1 11 9 3 7 11 8 2 1 10 4 12 12 8 6 6 0 1 2 9 1 10 10 4 7 0 1 7 12
1 1 30 12
3 2 2 15 41 46 33
#c 0 6 2 10 5 6 10 5 11 5 9 11 4 5 3 2 8 3 9 8 7 8 10 1 11 9 3 7 11 8 2 1 10 4 12 12 8 6 6 0 1 2 9 1 10 10 4 7 0 1 7 12
#c 0 6 2 10 5 6 10 5 11 5 9 11 4 5 3 2 8 3 9 8 7 8 10 1 11 9 3 7 11 8 2 1 10 4 12 12 8 6 6 0 1 2 9 1 10 10 4 7 0 1 7 12
#c 0 6 2 10 5 6 10 5 11 5 9 11 4 5 3 2 8 3 9 8 7 8 10 1 11 9 3 7 11 8 2 1 10 4 12 12 8 6 6 0 1 2 9 1 10 10 4 7 0 1 7 12
1 1 13 41
3 3 4 7 9 2 15 30
#c 0 6 2 10 5 6 10 5 11 5 9 11 4 5 3 2 8 3 9 8 7 8 10 1 11 9 3 7 11 8 2 1 10 4 12 12 8 6 6 0 1 2 9 1 10 10 4 7 0 1 7 12
3 3 1 5 38 11 24 28
#c 0 6 2 10 5 6 10 5 11 5 9 11 4 5 3 2 8 3 9 8 7 8 10 1 11 9 3 7 11 8 2 1 10 4 12 12 8 6 6 0 1 2 9 1 10 10 4 7 0 1 7 12
2 2 20 27 8 24
2 2 47 50 11 28
#c 0 6 2 10 5 6 10 5 11 5 9 11 4 5 3 2 8 3 9 8 7 8 10 1 11 9 3 7 11 8 2 1 10 4 12 12 8 6 6 0 1 2 9 1 10 10 4 7 0 1 7 12
1 1 29 39
4 2 19 16 36 21 0 48
#c 0 6 2 10 5 6 10 5 11 5 9 11 4 5 3 2 8 3 9 8 7 8 10 1 11 9 3 7 11 8 2 1 10 4 12 12 8 6 6 0 1 2 9 1 10 10 4 7 0 1 7 12
1 2 25 31 49
3 3 42 10 18 40 23 43
#c 0 6 2 10 5 6 10 5 11 5 9 11 4 5 3 2 8 3 9 8 7 8 10 1 11 9 3 7 11 8 2 1 10 4 12 12 8 6 6 0 1 2 9 1 10 10 4 7 0 1 7 12
2 2 3 6 14 17
4 1 45 32 22 44 26
#c 0 6 2 10 5 6 10 5 11 5 9 11 4 5 3 2 8 3 9 8 7 8 10 1 11 9 3 7 11 8 2 1 10 4 12 12 8 6 6 0 1 2 9 1 10 10 4 7 0 1 7 12
1 1 8 23
3 4 11 24 28 40 31 49 43
#c 0 6 2 10 5 6 10 5 11 5 9 11 4 5 3 2 8 3 9 8 7 8 10 1 11 9 3 7 11 8 2 1 10 4 12 12 8 6 6 0 1 2 9 1 10 10 4 7 0 1 7 12
1 1 34 3
2 5 51 35 45 6 32 22 44
#c 0 6 2 10 5 6 10 5 11 5 9 11 4 5 3 2 8 3 9 8 7 8 10 1 11 9 3 7 11 8 2 1 10 4 12 12 8 6 6 0 1 2 9 1 10 10 4 7 0 1 7 12
1 1 39 3
2 5 0 48 45 6 32 22 44
#c 0 6 2 10 5 6 10 5 11 5 9 11 4 5 3 2 8 3 9 8 7 8 10 1 11 9 3 7 11 8 2 1 10 4 12 12 8 6 6 0 1 2 9 1 10 10 4 7 0 1 7 12
1 1 23 46
4 2 40 31 49 43 12 33
#c 0 6 2 10 5 6 10 5 11 5 9 11 4 5 3 2 8 3 9 8 7 8 10 1 11 9 3 7 11 8 2 1 10 4 12 12 8 6 6 0 1 2 9 1 10 10 4 7 0 1 7 12
#c 0 6 2 10 5 6 10 5 11 5 9 11 4 5 3 2 8 3 9 8 7 8 10 1 11 9 3 7 11 8 2 1 10 4 12 12 8 6 6 0 1 2 9 1 10 10 4 7 0 1 7 12
1 1 14 38
2 3 26 17 1 5 37
#c 0 6 2 10 5 6 10 5 11 5 9 11 4 5 3 2 8 3 9 8 7 8 10 1 11 9 3 7 11 8 2 1 10 4 12 12 8 6 6 0 1 2 9 1 10 10 4 7 0 1 7 12
1 1 46 50
2 3 12 33 20 47 27
#c 0 6 2 10 5 6 10 5 11 5 9 11 4 5 3 2 8 3 9 8 7 8 10 1 11 9 3 7 11 8 2 1 10 4 12 12 8 6 6 0 1 2 9 1 10 10 4 7 0 1 7 12
2 2 7 4 14 17
2 1 9 13 26
#c 0 6 2 10 3 6 10 3 11 5 9 11 4 5 5 2 8 5 9 8 7 8 10 1 11 9 3 7 11 8 2 1 10 4 12 12 8 6 6 0 1 2 9 1 10 10 4 7 0 1 7 12
1 1 38 51
3 2 1 5 37 35 34
#c 0 6 2 10 3 6 10 3 11 5 9 11 4 5 5 2 8 5 9 8 7 8 10 1 11 9 3 7 11 8 2 1 10 4 12 12 8 6 6 0 1 2 9 1 10 10 4 7 0 1 7 12
1 1 47 7
3 2 20 27 50 26 4
#c 0 6 2 10 3 6 10 7 11 5 9 11 4 5 5 2 8 5 9 8 7 8 10 1 11 9 3 7 11 8 2 1 10 4 12 12 8 6 6 0 1 2 9 1 10 10 4 3 0 1 7 12
2 2 29 21 4 26
3 1 19 16 36 47
#c 0 6 2 10 3 6 10 7 11 5 9 11 4 5 5 2 8 5 9 8 7 8 10 1 11 9 3 7 11 8 2 1 10 4 12 12 8 6 6 0 1 2 9 1 10 10 4 3 0 1 7 12
2 2 10 25 48 39
2 1 42 18 0
#c 0 6 2 10 3 6 10 7 11 5 9 11 4 5 5 2 8 5 9 8 7 8 10 1 11 9 3 7 11 8 2 1 10 4 12 12 8 6 6 0 1 2 9 1 10 10 4 3 0 1 7 12
1 1 45 46
5 2 3 6 32 22 44 12 33
#c 0 6 2 10 3 6 10 7 11 5 9 11 4 5 5 2 8 5 9 8 7 8 10 1 11 9 3 7 11 8 2 1 10 4 12 12 8 6 6 0 1 2 9 1 10 4 10 3 0 1 7 12
1 1 8 5
3 3 11 24 28 1 38 37
#c 0 6 2 10 3 6 10 7 11 5 9 11 4 5 5 2 8 5 9 8 7 8 10 1 11 9 3 7 11 8 2 1 10 4 12 12 8 6 6 0 1 2 9 1 10 4 10 3 0 1 7 12
1 1 35 38
2 3 51 34 1 5 37
#c 0 6 2 10 3 6 10 7 11 5 9 11 4 5 5 2 8 5 9 8 7 8 10 1 11 9 3 7 11 8 2 1 10 4 12 6 8 6 12 0 1 2 9 1 10 4 10 3 0 1 7 12
1 1 39 30
2 3 0 48 2 15 41
#c 0 6 2 10 3 6 10 7 11 5 9 11 4 5 5 2 8 5 9 8 7 8 10 1 11 9 3 7 11 8 2 1 10 4 12 6 8 6 12 0 1 2 9 1 10 4 10 3 0 1 7 12
2 2 31 49 9 17
3 2 40 23 43 13 14
#c 0 6 2 10 3 6 10 7 11 5 9 11 4 5 5 2 8 5 9 8 7 8 10 1 11 9 3 7 11 8 2 1 10 4 12 6 8 6 12 0 1 2 9 1 10 4 10 3 0 1 7 12
2 2 2 41 51 34
2 1 15 30 38
#c 0 6 2 10 3 6 10 7 11 5 9 11 4 5 5 2 8 5 9 8 7 8 10 1 11 9 3 7 11 8 2 1 10 4 12 6 8 6 12 0 1 2 9 1 10 4 10 3 0 1 7 12
1 1 4 27
2 3 26 47 20 50 7
#c 0 6 2 10 3 6 10 7 11 5 9 11 4 5 5 2 8 5 9 8 7 8 10 1 11 9 3 7 11 8 2 1 10 4 12 6 8 6 12 0 1 2 9 1 10 4 10 3 0 1 7 12
1 1 12 9
2 3 33 45 13 14 17
#c 0 6 2 10 3 6 10 7 11 5 9 11 4 5 5 2 8 5 9 8 7 8 10 1 11 9 3 7 11 8 2 1 10 4 12 6 8 6 12 0 1 2 9 1 10 4 10 3 0 1 7 12
2 2 14 17 35 5
2 2 9 13 1 37
#c 0 6 2 10 3 6 10 7 11 5 9 11 4 5 5 2 8 5 9 8 7 8 10 1 11 9 3 7 11 8 2 1 10 4 12 6 8 6 12 0 1 2 9 1 10 4 10 3 0 1 7 12
2 2 37 5 43 31
2 3 1 35 40 49 23
#c 0 6 2 10 3 6 10 7 11 5 9 11 4 5 5 2 8 5 9 8 7 8 10 1 11 9 3 7 11 8 2 1 10 4 12 6 8 6 12 0 1 2 9 1 10 4 10 3 0 1 7 12
2 2 50 20 43 40
2 3 27 7 31 49 23
#c 0 6 2 10 3 6 10 7 11 5 9 11 4 5 5 2 8 5 9 8 7 8 10 1 11 9 3 7 11 8 2 1 10 4 12 6 8 6 12 0 1 2 9 1 10 4 10 3 0 1 7 12
2 2 16 19 30 15
3 2 36 29 21 2 41
#c 0 6 2 10 3 6 10 7 11 5 9 11 4 5 5 2 8 5 9 8 7 8 10 1 11 9 3 7 11 8 2 1 10 4 12 6 8 6 12 0 1 2 9 1 10 4 10 3 0 1 7 12
1 1 18 33
3 2 25 42 10 12 45
#c 0 6 2 10 3 6 10 7 11 5 9 11 4 5 5 2 8 5 9 8 7 8 10 1 11 9 3 7 11 8 2 1 10 4 12 6 8 6 12 0 1 2 9 1 10 4 10 3 0 1 7 12
2 2 6 22 8 11
4 2 3 32 44 46 24 28
#c 0 6 2 10 3 6 10 7 11 5 9 11 4 5 5 2 8 5 9 8 7 8 10 1 11 9 3 7 11 8 2 1 10 4 12 6 8 6 12 0 1 2 9 1 10 4 10 3 0 1 7 12
1 1 24 45
3 2 11 8 28 12 33
#c 0 6 2 10 3 6 10 7 11 5 9 11 4 5 5 2 8 5 9 8 7 8 10 1 11 9 3 7 11 8 2 1 10 4 12 6 8 6 12 0 1 2 9 1 10 4 10 3 0 1 7 12
1 1 51 48
2 2 34 38 0 39
#c 0 6 2 10 3 6 10 7 11 5 9 11 4 5 5 2 8 5 9 8 7 8 10 1 11 9 3 7 11 8 2 1 10 4 12 6 8 6 12 0 1 2 9 1 10 4 10 3 0 1 7 12
#c 0 6 2 10 3 6 10 7 11 5 9 11 4 5 5 2 8 5 9 8 7 8 10 1 11 9 3 7 11 8 2 1 10 4 12 6 8 6 12 0 1 2 9 1 10 4 10 3 0 1 7 12
1 1 23 50
4 3 40 31 49 43 20 27 7
#c 0 6 2 10 3 6 10 7 11 5 9 11 4 5 5 2 8 5 9 8 7 8 10 1 11 9 3 7 11 8 2 1 10 4 12 6 8 6 12 0 1 2 9 1 10 4 10 3 0 1 7 12
2 2 30 15 10 18
2 2 2 41 25 42
#c 0 6 2 10 3 6 10 7 11 5 9 11 4 5 5 2 8 5 9 8 7 8 10 1 11 9 3 7 11 8 2 1 10 4 12 6 8 6 12 0 1 2 9 1 10 4 10 3 0 1 7 12
1 1 4 0
2 2 26 47 39 48
#c 0 6 2 10 3 6 10 7 11 5 9 11 4 5 5 2 8 5 9 8 7 8 10 1 11 9 3 7 11 8 2 1 10 4 12 6 8 6 12 0 1 2 9 1 10 4 10 3 0 1 7 12
1 1 33 24
2 3 12 45 11 8 28
#c 0 6 2 10 3 6 10 7 11 5 9 11 4 5 5 2 8 5 9 8 7 8 10 1 11 9 3 7 11 8 2 1 10 4 12 6 8 6 12 0 1 2 9 1 10 4 10 3 0 1 7 12
2 2 13 17 23 31
2 3 9 14 40 49 43
#c 0 6 2 10 3 6 10 7 11 5 9 11 4 5 5 2 8 5 9 8 7 8 10 1 11 9 3 7 11 8 2 1 10 4 12 6 8 6 12 0 1 2 9 1 10 4 10 3 0 1 7 12
1 1 35 12
3 2 1 5 37 33 45
#c 0 6 2 10 3 6 10 7 11 5 9 11 4 5 5 2 8 5 9 8 7 8 10 1 11 9 3 7 11 8 2 1 10 4 12 6 8 6 12 0 1 2 9 1 10 4 10 3 0 1 7 12
1 1 7 38
3 2 20 27 50 51 34
#c 0 6 2 10 3 6 10 12 11 5 9 11 4 5 5 2 8 5 9 8 7 8 10 1 11 9 3 7 11 8 2 1 10 4 12 6 8 6 7 0 1 2 9 1 10 4 10 3 0 1 7 12
2 2 16 21 33 45
3 1 19 36 29 12
#c 0 6 2 10 3 6 10 12 11 5 9 11 4 5 5 2 8 5 9 8 7 8 10 1 11 9 3 7 11 8 2 1 10 4 12 6 8 6 7 0 1 2 9 1 10 4 10 3 0 1 7 12
1 1 42 5
3 3 25 10 18 1 37 35
#c 0 6 2 10 3 6 10 12 11 5 9 11 4 5 5 2 8 5 9 8 7 8 10 1 11 9 3 7 11 8 2 1 10 4 12 6 8 6 7 0 1 2 9 1 10 4 10 3 0 1 7 12
1 1 32 50
5 3 3 6 22 44 46 20 27 38
#c 0 6 2 10 3 6 10 12 11 5 9 11 4 5 5 2 8 5 9 8 7 8 10 1 11 9 3 7 11 8 2 1 7 4 12 6 8 6 7 0 1 2 9 1 10 4 10 3 0 1 10 12
2 2 8 11 32 20
2 2 24 28 27 38
#c 0 6 2 10 3 6 10 12 11 5 9 11 4 5 5 2 8 5 9 8 7 8 10 1 11 9 3 7 11 8 2 1 7 4 12 6 8 6 7 0 1 2 9 1 10 4 10 3 0 1 10 12
1 3 7 15 30 2
2 1 51 34 41
#c 0 6 2 10 3 6 10 12 11 5 9 11 4 5 5 2 8 5 9 8 7 8 10 1 11 9 3 7 11 8 2 1 7 4 12 6 8 6 7 0 1 2 9 1 10 4 10 3 0 1 10 12
1 3 39 38 20 32
2 1 0 48 27
#c 0 6 2 10 3 6 10 12 11 5 9 11 4 5 5 2 8 5 9 8 7 8 10 1 11 9 3 7 11 8 2 1 7 4 12 6 8 6 7 0 1 2 9 1 10 4 10 3 0 1 10 12
2 2 23 40 20 32
3 2 31 49 43 27 38
#c 0 6 2 10 3 6 10 12 11 5 9 11 4 5 5 2 8 5 9 8 7 8 10 1 11 9 3 7 11 8 2 1 7 4 12 6 8 6 7 0 1 2 9 1 10 4 10 3 0 1 10 12
#c 0 6 2 10 3 6 10 12 11 5 9 11 4 5 5 2 8 5 9 8 7 8 10 1 11 9 3 7 11 8 2 1 7 4 12 6 8 6 7 0 1 2 9 1 10 4 10 3 0 1 10 12
1 1 4 8
2 3 26 47 11 24 28
#c 0 6 2 10 3 6 10 12 11 5 9 11 4 5 5 2 8 5 9 8 7 8 10 1 11 9 3 7 11 8 2 1 7 4 12 6 8 6 7 0 1 2 9 1 10 4 10 3 0 1 10 12
1 1 33 41
2 3 12 45 2 15 30
#c 0 6 2 10 3 6 10 12 11 5 9 11 4 5 5 2 8 5 9 8 7 8 10 1 11 9 3 7 11 8 2 1 7 4 12 6 8 6 7 0 1 2 9 1 10 4 10 3 0 1 10 12
3 2 9 13 17 26 4
#c 0 6 2 10 3 6 10 12 11 5 9 11 4 5 5 2 8 5 9 8 7 8 10 1 11 9 3 7 11 8 2 1 7 4 12 6 8 6 7 0 1 2 9 1 10 4 10 3 0 1 10 12
1 1 1 47
3 2 5 37 35 26 4
#c 0 6 2 10 3 6 10 12 11 5 9 11 4 5 5 2 8 5 9 8 7 8 10 1 11 9 3 7 11 8 2 1 7 4 12 6 8 6 7 0 1 2 9 1 10 4 10 3 0 1 10 12
2 2 32 27 41 15
2 2 20 38 2 30
#c 0 6 2 10 3 6 10 12 11 5 9 11 4 5 5 2 8 5 9 8 7 8 10 1 11 9 3 7 11 8 2 1 7 4 12 6 8 6 7 0 1 2 9 1 10 4 10 3 0 1 10 12
2 2 19 36 12 45
3 1 16 29 21 33
#c 0 6 2 10 3 6 10 12 11 5 9 11 4 5 5 2 8 5 9 8 7 8 10 1 11 9 3 7 11 8 2 1 7 4 12 6 8 6 7 0 1 2 9 1 10 4 10 3 0 1 10 12
1 1 42 27
3 3 25 10 18 20 38 32
#c 0 6 2 10 3 6 10 12 11 5 9 11 4 5 5 2 8 5 9 8 7 8 10 1 11 9 3 7 11 8 2 1 7 4 12 6 8 6 7 0 1 2 9 1 10 4 10 3 0 1 10 12
3 2 3 6 22 0 48
3 1 44 46 50 39
#c 0 6 2 10 3 6 10 12 11 5 9 11 4 5 5 2 8 5 9 8 7 8 10 1 11 9 3 7 11 8 2 1 7 4 12 6 8 6 7 0 1 2 9 1 10 4 10 3 0 1 10 12
1 1 8 12
3 2 11 24 28 33 45
#c 0 6 2 10 3 6 10 12 11 5 9 11 4 5 5 2 8 5 9 8 7 8 10 1 11 9 3 7 11 8 2 1 7 4 12 6 8 6 7 0 1 2 9 1 10 4 10 3 0 1 10 12
1 1 51 0
2 2 34 7 39 48
#c 0 6 2 10 3 6 10 12 11 5 9 11 4 5 5 2 8 5 9 8 7 8 10 1 11 9 3 7 11 8 2 1 7 4 12 6 8 6 7 0 1 2 9 1 10 4 10 3 0 1 10 12
1 1 39 22
2 5 0 48 3 6 44 46 50
#c 0 6 2 10 3 6 10 12 11 5 9 11 4 5 5 2 8 5 9 8 7 8 10 1 11 9 3 7 11 8 2 1 7 4 12 6 8 6 7 0 1 2 9 1 10 4 10 3 0 1 10 12
2 2 49 31 16 29
3 3 40 23 43 19 36 21
#c 0 6 2 10 3 6 10 12 11 5 9 11 4 5 5 2 8 5 9 8 7 8 10 1 11 9 3 7 11 8 2 1 7 4 12 6 8 6 7 0 1 2 9 1 10 4 10 3 0 1 10 12
1 1 2 26
3 2 15 41 30 4 47
#c 0 6 3 10 3 6 10 12 11 5 9 11 4 5 5 2 8 5 9 8 7 8 10 1 11 9 2 7 11 8 2 1 7 4 12 6 8 6 7 0 1 2 9 1 10 4 10 3 0 1 10 12
1 1 4 49
2 4 47 2 40 31 23 43
#c 0 6 3 10 3 6 10 12 11 5 9 11 4 5 5 2 8 5 9 8 7 8 10 1 11 9 2 7 11 8 2 1 7 4 12 6 8 6 7 0 1 2 9 1 10 4 10 3 0 1 10 12
1 2 45 44 6
2 4 12 33 3 22 46 50
#c 0 6 3 10 3 6 10 12 11 5 9 11 4 5 5 2 8 5 9 8 7 8 10 1 11 9 2 7 11 8 2 1 7 4 12 6 8 6 7 0 1 2 9 1 10 4 10 3 0 1 10 12
2 2 14 9 4 2
2 1 13 17 47
#c 0 6 3 10 3 6 10 12 11 5 9 11 4 5 5 2 8 5 9 8 7 8 10 1 11 9 2 7 11 8 2 1 7 4 12 6 8 6 7 0 1 2 9 1 10 4 10 3 0 1 10 12
3 4 1 5 37 31 49 23 43
#c 0 6 3 10 3 6 10 12 11 5 9 11 4 5 5 2 8 5 9 8 7 8 10 1 11 9 2 7 11 8 2 1 7 4 12 6 8 6 7 0 1 2 9 1 10 4 10 3 0 1 10 12
2 2 27 32 2 47
2 1 20 38 4
#c 0 6 3 10 3 6 10 12 11 5 9 11 4 5 5 2 8 5 9 8 7 8 10 1 11 9 2 7 11 8 2 1 7 4 12 6 8 6 7 0 1 2 9 1 10 4 10 3 0 1 10 12
2 2 16 21 39 0
3 1 19 36 29 48
#c 0 6 3 10 3 6 10 12 11 5 9 11 4 5 5 2 8 5 9 8 7 8 10 1 11 9 2 7 11 8 2 1 7 4 12 6 8 6 7 0 1 2 9 1 10 4 10 3 0 1 10 12
2 2 18 25 46 50
2 4 42 10 3 6 22 44
#c 0 6 3 10 3 6 10 12 11 5 9 11 4 5 5 2 8 5 9 8 7 8 10 1 11 9 2 7 11 8 2 1 7 4 12 6 8 6 7 0 1 2 9 1 10 4 10 3 0 1 10 12
1 2 22 41 30
5 2 3 6 44 46 50 15 26
#c 0 6 3 10 3 6 10 12 11 5 9 11 4 5 5 2 8 5 9 8 7 8 10 1 11 9 2 7 11 8 2 1 7 4 12 6 8 6 7 0 1 2 9 1 10 4 10 3 0 1 10 12
2 3 8 11 32 20 38
2 1 24 28 27
#c 0 6 3 10 3 6 10 12 11 5 9 11 4 5 5 2 8 5 9 8 7 8 10 1 11 9 2 7 11 8 2 1 7 4 12 6 8 6 7 0 1 2 9 1 10 4 10 3 0 1 10 12
#c 0 6 3 10 3 6 10 12 11 5 9 11 4 5 5 2 8 5 9 8 7 8 10 1 11 9 2 7 11 8 2 1 7 4 12 6 8 6 7 0 1 2 9 1 10 4 10 3 0 1 10 12
1 1 0 50
2 5 39 48 3 6 22 44 46
#c 0 6 3 10 3 6 10 12 11 5 9 11 4 5 5 2 8 5 9 8 7 8 10 1 11 9 2 7 11 8 2 1 7 4 12 6 8 6 7 0 1 2 9 1 10 4 10 3 0 1 10 12
1 1 31 46
4 5 40 49 23 43 3 6 22 44 50
#c 0 6 3 10 3 6 10 12 11 5 9 11 4 5 5 2 8 5 9 8 7 8 10 1 11 9 2 7 11 8 2 1 7 4 12 6 8 6 7 0 1 2 9 1 10 4 10 3 0 1 10 12
1 1 41 12
3 2 15 30 26 33 45
#c 0 6 3 10 3 6 10 12 11 5 9 11 4 5 5 2 8 5 9 8 7 8 10 1 11 9 2 7 11 8 2 1 7 4 12 6 8 6 7 0 1 2 9 1 10 4 10 3 0 1 10 12
1 1 2 32
2 3 4 47 20 27 38
#c 0 6 3 10 3 6 10 12 11 5 9 11 4 5 5 2 8 5 9 8 7 8 10 1 11 9 2 7 11 8 2 1 7 4 12 6 8 6 7 0 1 2 9 1 10 4 10 3 0 1 10 12
1 1 12 27
2 3 33 45 20 38 32
#c 0 6 3 10 3 6 10 12 11 5 9 11 7 5 5 2 8 5 9 8 7 8 10 1 11 9 2 4 11 8 2 1 7 4 12 6 8 6 7 0 1 2 9 1 10 4 10 3 0 1 10 12
2 2 13 17 26 41
2 2 9 14 15 30
#c 0 6 3 10 3 6 10 12 11 5 9 11 7 5 5 2 8 5 9 8 7 8 10 1 11 9 2 4 11 8 2 1 7 4 12 6 8 6 7 0 1 2 9 1 10 4 10 3 0 1 10 12
1 2 35 18 42
3 2 1 5 37 25 10
#c 0 6 3 10 3 6 10 12 11 5 9 11 7 5 5 2 8 5 9 8 7 8 10 1 11 9 2 4 11 8 2 1 7 4 12 6 8 6 7 0 1 2 9 1 10 4 10 3 0 1 10 12
1 1 38 28
3 3 20 32 12 11 24 8
#c 0 6 3 10 3 6 10 12 11 5 9 11 7 5 5 2 8 5 9 8 7 8 10 1 11 9 2 4 11 8 2 1 7 4 12 6 8 6 7 0 1 2 9 1 10 4 10 3 0 1 10 12
1 3 29 24 28 11
4 1 19 16 36 21 8
#c 0 6 3 10 3 6 10 12 11 5 9 11 7 5 5 2 8 5 9 8 7 8 10 1 11 9 2 4 11 8 2 1 7 4 12 6 8 6 7 0 1 2 9 1 10 4 10 3 0 1 10 12
2 2 18 10 26 15
2 2 25 42 41 30
#c 0 6 3 10 3 6 10 12 11 5 2 11 7 5 5 9 8 5 2 8 7 8 10 1 11 9 9 4 11 8 2 1 7 4 12 6 8 6 7 0 1 2 9 1 10 4 10 3 0 1 10 12
1 1 6 20
5 3 3 22 44 46 50 38 32 12
#c 0 6 3 10 3 6 7 12 11 5 2 11 7 5 5 9 8 5 2 8 10 8 10 1 11 9 9 4 11 8 2 1 7 4 12 6 8 6 7 0 1 2 9 1 10 4 10 3 0 1 10 12
1 1 24 27
3 2 11 8 28 33 45
#c 0 6 3 10 3 6 7 12 11 5 2 11 7 5 5 9 8 5 2 8 10 8 10 1 11 9 9 4 11 8 2 1 7 4 12 6 8 6 7 0 1 2 9 1 10 4 10 3 0 1 10 12
1 1 7 6
2 3 51 34 38 32 12
#c 0 6 3 10 3 6 7 12 11 5 2 11 7 5 5 9 8 5 2 8 10 8 10 1 11 9 9 4 11 8 2 1 7 4 12 6 8 6 7 0 1 2 9 1 10 4 10 3 0 1 10 12
1 1 0 37
2 3 39 48 1 5 35
#c 0 6 3 10 3 6 7 12 11 5 2 11 7 5 5 9 8 5 2 8 10 8 10 1 11 9 9 4 11 8 2 1 7 4 12 6 8 6 7 0 1 2 9 1 10 4 10 3 0 1 10 12
4 3 40 31 23 43 38 32 12
#c 0 6 3 10 3 6 7 12 11 5 2 11 7 5 5 9 8 5 2 8 10 8 10 1 11 9 9 4 11 8 2 1 7 4 12 6 8 6 7 0 1 2 9 1 10 4 10 3 0 1 10 12
2 2 10 18 11 8
2 2 41 30 24 28
#c 0 6 3 10 3 6 7 12 11 5 2 11 7 5 5 9 8 5 2 8 10 8 10 1 11 9 9 4 11 8 2 1 7 4 12 6 8 6 7 0 1 2 9 1 10 4 10 3 0 1 10 12
#c 0 6 3 10 3 6 7 12 11 5 2 11 7 5 5 9 8 5 2 8 10 8 10 1 11 9 9 4 11 8 2 1 7 4 12 6 8 6 7 0 1 2 9 1 10 4 10 3 0 1 10 12
1 1 45 0
2 2 33 27 39 48
#c 0 6 3 10 3 6 7 12 11 5 2 11 7 5 5 9 8 5 2 8 10 8 10 1 11 9 9 4 11 8 2 1 7 4 12 6 8 6 7 0 1 2 9 1 10 4 10 3 0 1 10 12
2 3 9 13 5 1 37
2 1 14 17 35
#c 0 6 3 10 3 6 7 12 11 5 2 11 7 5 5 9 8 5 2 8 10 8 10 1 11 9 9 4 11 8 2 1 7 4 12 6 8 6 7 0 1 2 9 1 10 4 10 3 0 1 10 12
1 1 1 0
3 2 5 37 35 39 48
#c 6 0 3 10 3 6 7 12 11 5 2 11 7 5 5 9 8 5 2 8 10 8 10 1 11 9 9 4 11 8 2 1 7 4 12 6 8 6 7 0 1 2 9 1 10 4 10 3 0 1 10 12
1 1 38 2
3 2 32 12 6 4 47
#c 6 0 3 10 3 6 7 12 11 5 2 11 7 5 5 9 8 5 2 8 10 8 10 1 11 9 9 4 11 8 2 1 7 4 12 6 8 6 7 0 1 2 9 1 10 4 10 3 0 1 10 12
1 1 21 35
4 3 19 16 36 29 5 37 0
#c 6 0 3 10 3 6 7 12 11 5 2 11 7 5 5 9 8 5 2 8 10 8 10 1 11 9 9 4 11 8 2 1 7 4 12 6 8 6 7 0 1 2 9 1 10 4 10 3 0 1 10 12
2 2 25 15 33 27
2 1 42 26 45
#c 6 0 3 10 3 6 7 12 11 5 2 11 7 5 5 9 8 5 2 8 10 8 10 1 11 9 9 4 11 8 2 1 7 4 12 6 8 6 7 0 1 2 9 1 10 4 10 3 0 1 10 12
2 2 50 44 18 30
4 2 3 22 46 20 41 10
#c 6 0 3 10 3 6 7 12 11 5 2 11 7 5 5 9 8 5 2 8 10 8 10 1 11 9 9 4 11 8 2 1 7 4 12 6 8 6 7 0 1 2 9 1 10 4 10 3 0 1 10 12
1 1 28 12
3 3 11 24 8 38 32 6
#c 6 0 3 10 3 6 7 12 11 5 2 11 7 5 5 9 8 5 2 8 10 8 10 1 11 9 9 4 11 8 2 1 7 4 12 6 8 6 7 0 1 2 9 1 10 4 10 3 0 1 10 12
1 1 7 14
2 3 51 34 9 13 17
#c 6 0 3 10 3 6 7 12 11 5 2 11 7 5 5 9 8 5 2 8 10 8 10 1 11 9 9 4 11 8 2 1 7 4 12 6 8 6 7 0 1 2 9 1 10 4 10 3 0 1 10 12
1 1 1 11
2 3 39 48 24 8 28
#c 6 0 3 10 3 6 7 12 11 5 2 11 7 5 5 9 8 5 2 8 10 8 10 1 11 9 9 4 11 8 2 1 7 4 12 6 8 6 7 0 1 2 9 1 10 4 10 3 0 1 10 12
2 2 40 23 1 39
3 1 31 49 43 48
#c 6 0 3 10 3 6 7 12 11 5 2 11 7 5 5 9 8 5 2 8 10 8 10 1 11 9 9 4 11 8 2 1 7 4 12 6 8 6 7 0 1 2 9 1 10 4 10 3 0 1 10 12
1 1 30 2
3 2 41 18 10 4 47
#c 6 0 3 10 3 6 7 12 11 5 2 11 7 5 5 9 8 5 2 8 10 8 10 1 11 9 9 4 11 8 2 1 7 4 12 6 8 6 7 0 1 2 9 1 10 4 10 3 0 1 10 12
1 2 2 32 12
2 2 4 47 38 6
#c 6 0 3 10 3 6 7 12 11 5 2 11 7 5 5 9 8 5 2 8 10 8 10 1 11 9 9 4 11 8 2 1 7 4 12 6 8 6 7 0 1 2 9 1 10 4 10 3 0 1 10 12
1 1 45 16
2 4 33 27 19 36 29 21
#c 6 0 3 10 3 6 7 12 11 5 2 11 7 5 5 9 8 5 2 8 10 8 10 1 11 9 9 4 11 8 2 1 7 4 12 6 8 6 7 0 1 2 9 1 10 4 10 3 0 1 10 12
2 2 13 9 11 28
2 2 14 17 24 8
#c 6 0 3 10 3 6 7 12 11 5 2 11 7 5 5 9 8 5 2 8 10 8 10 1 11 9 9 4 11 8 2 1 7 4 12 6 8 6 7 0 1 2 9 1 10 4 10 3 0 1 10 12
1 1 35 45
3 2 5 37 0 33 27
#c 6 0 3 10 3 6 7 12 11 5 2 11 7 5 5 9 8 5 2 8 10 8 10 1 11 9 9 4 11 8 2 1 7 4 12 6 8 6 7 0 1 2 9 1 10 4 10 3 0 1 10 12
1 1 6 25
3 3 38 32 12 42 26 15
#c 6 0 3 10 3 6 7 12 11 5 2 11 7 5 5 9 8 5 2 8 10 8 10 1 11 9 9 4 11 8 2 1 7 4 12 6 8 6 7 0 1 2 9 1 10 4 10 3 0 1 10 12
2 2 16 36 43 49
3 3 19 29 21 40 31 23
#c 6 0 3 10 3 6 7 12 11 5 2 11 7 5 5 9 8 5 2 8 10 8 10 1 11 9 9 4 11 8 2 1 7 4 12 6 8 6 7 0 1 2 9 1 10 4 10 3 0 1 10 12
2 2 15 42 47 2
2 1 25 26 4
#c 6 0 3 10 3 6 7 12 11 5 2 11 7 5 5 9 8 5 2 8 10 8 10 1 11 9 9 4 11 8 2 1 7 4 12 6 8 6 7 0 1 2 9 1 10 4 10 3 0 1 10 12
5 2 3 22 44 50 20 33 27
#c 6 0 3 10 3 6 7 12 11 5 2 11 7 5 5 9 8 5 2 8 10 8 10 1 11 9 9 4 11 8 2 1 7 4 12 6 8 6 7 0 1 2 9 1 10 4 10 3 0 1 10 12
2 2 11 8 14 9
2 2 24 28 13 17
#c 6 0 3 10 3 6 7 12 11 5 2 11 7 5 5 9 8 5 2 8 10 8 10 1 11 9 9 4 11 8 2 1 7 4 12 6 8 6 7 0 1 2 9 1 10 4 10 3 0 1 10 12
1 1 7 11
2 3 51 34 24 8 28
#c 6 0 3 10 3 6 7 12 11 5 2 11 7 5 5 9 8 5 2 8 10 8 10 1 11 9 9 4 11 8 2 1 7 4 12 6 8 6 7 0 1 2 9 1 10 4 10 3 0 1 10 12
1 1 48 32
2 3 39 1 38 12 6
#c 6 0 3 10 3 6 7 12 11 5 2 11 7 5 5 9 8 5 2 8 10 8 10 1 11 9 9 4 11 8 2 1 7 4 12 6 8 6 7 0 1 2 9 1 10 4 10 3 0 1 10 12
1 2 31 17 13
4 2 40 49 23 43 9 14
#c 6 0 3 10 3 6 7 12 11 5 2 11 7 5 5 9 8 5 2 8 10 8 10 1 11 9 9 4 11 8 2 1 7 4 12 6 8 6 7 0 1 2 9 1 10 4 10 3 0 1 10 12
2 2 30 10 22 50
2 4 41 18 3 44 46 20
#c 6 0 3 10 3 6 7 12 11 5 2 11 7 5 5 9 8 5 2 8 10 8 10 1 11 9 9 4 11 8 2 1 7 4 12 6 8 6 7 0 1 2 9 1 10 4 10 3 0 1 10 12
1 1 4 50
2 5 47 2 3 22 44 46 20
#c 6 0 3 10 3 6 7 12 11 5 2 11 7 5 5 9 8 5 2 8 10 8 10 1 11 9 9 4 11 8 2 1 7 4 12 6 8 6 7 0 1 2 9 1 10 4 10 3 0 1 10 12
1 1 33 7
2 2 45 27 51 34
#c 6 0 3 10 3 6 7 12 11 5 2 11 7 5 5 9 8 5 2 8 10 8 10 1 11 9 9 4 11 8 2 1 7 4 12 6 8 6 7 0 1 2 9 1 10 4 10 3 0 1 10 12
1 1 9 19
3 4 13 14 17 16 36 29 21
#c 6 0 3 10 3 6 7 12 11 5 2 11 7 5 5 9 8 5 2 8 10 8 10 1 11 9 9 4 11 8 2 1 7 4 12 6 8 6 7 0 1 2 9 1 10 4 10 3 0 1 10 12
2 2 35 37 9 17
2 2 5 0 13 14
#c 6 0 3 10 3 6 7 12 11 5 2 11 7 5 5 9 8 5 2 8 10 8 10 1 11 9 9 4 11 8 2 1 7 4 12 6 8 6 7 0 1 2 9 1 10 4 10 3 0 1 10 12
1 1 38 48
3 2 32 12 6 39 1
#c 6 0 3 10 3 6 7 12 11 5 2 11 7 5 5 9 8 5 2 8 10 8 10 1 11 9 9 4 11 8 2 1 7 4 12 6 8 6 7 0 1 2 9 1 10 4 10 3 0 1 10 12
2 2 21 36 43 49
3 3 19 16 29 40 31 23
#c 6 0 3 10 3 6 7 12 11 5 2 11 7 5 5 9 8 5 2 8 10 8 10 1 11 9 9 4 11 8 2 1 7 4 12 6 8 6 7 0 1 2 9 1 10 4 10 3 0 1 10 12
3 2 25 42 15 4 47
#c 6 0 3 10 3 6 7 12 11 5 2 11 7 5 5 9 8 5 2 8 10 8 10 1 11 9 9 4 11 8 2 1 7 4 12 6 8 6 7 0 1 2 9 1 10 4 10 3 0 1 10 12
3 4 50 3 44 16 19 29 36
3 1 22 46 20 21
#c 6 0 3 10 3 6 7 12 11 5 2 11 7 5 5 9 8 5 2 8 10 8 10 1 11 9 9 4 11 8 2 1 7 4 12 6 8 6 7 0 1 2 9 1 10 4 10 3 0 1 10 12
1 1 28 47
3 2 11 24 8 4 2
#c 6 0 3 10 3 6 7 12 11 5 2 11 7 5 5 9 8 5 2 8 10 8 10 1 11 9 9 4 11 8 2 1 7 4 12 6 8 6 7 0 1 2 9 1 10 4 10 3 0 1 10 12
1 1 34 38
2 3 51 7 32 12 6
#c 6 0 3 10 3 6 7 12 11 5 2 11 7 5 5 9 8 5 2 8 10 8 10 1 11 9 9 4 11 8 2 1 7 4 12 6 8 6 7 0 1 2 9 1 10 4 10 3 0 1 10 12
1 1 48 43
2 4 39 1 40 31 49 23
#c 6 0 3 10 3 6 7 12 11 5 2 11 7 5 5 9 8 5 2 8 10 8 10 1 11 9 9 4 11 8 2 1 7 4 12 6 8 6 7 0 1 2 9 1 10 4 10 3 0 1 10 12
2 2 23 49 33 45
3 1 40 31 43 27
#c 6 0 3 10 3 6 7 12 11 5 2 11 7 5 5 9 8 5 2 8 10 8 10 1 11 9 9 4 11 8 2 1 7 4 12 6 8 6 7 0 1 2 9 1 10 4 10 3 0 1 10 12
#c 6 0 3 10 3 6 7 12 11 5 2 11 7 5 5 9 8 5 2 8 10 8 10 1 11 9 9 4 11 8 2 1 7 4 12 6 8 6 7 0 1 2 9 1 10 4 10 3 0 1 10 12
1 1 4 11
2 3 47 2 24 8 28
#c 6 0 3 10 3 6 7 12 11 5 2 11 7 5 5 9 8 5 2 8 10 8 10 1 11 9 9 4 11 8 2 1 7 4 12 6 8 6 7 0 1 2 9 1 10 4 10 3 0 1 10 12
1 1 33 48
2 2 45 27 39 1
#c 6 0 3 10 3 6 7 12 11 5 2 11 7 5 5 9 8 5 2 8 10 8 10 1 11 9 9 4 11 8 2 1 7 4 12 6 8 6 7 0 1 2 9 1 10 4 10 3 0 1 10 12
1 1 13 7
3 2 9 14 17 51 34
#c 6 0 3 10 3 6 7 5 11 5 2 11 7 12 5 9 8 5 2 8 10 8 10 1 11 9 9 4 11 8 2 1 7 4 12 6 8 6 7 0 1 2 9 1 10 4 10 3 0 1 10 12
1 2 35 7 9
3 2 5 37 0 14 17
#c 6 0 3 10 3 6 7 5 11 5 2 11 7 12 5 9 8 5 2 8 10 8 10 1 11 9 9 4 11 8 2 1 7 4 12 6 8 6 7 0 1 2 9 1 10 4 10 3 0 1 10 12
2 3 32 12 15 25 42
2 1 38 6 26
#c 6 0 3 10 3 6 7 5 11 5 2 11 7 12 5 9 8 5 2 8 10 8 10 1 11 9 9 4 11 8 2 1 7 4 12 6 8 6 7 0 1 2 9 1 10 4 10 3 0 1 10 12
1 2 19 39 1
4 1 16 36 29 21 48
#c 6 0 3 10 3 6 7 5 11 5 2 11 7 12 5 9 8 5 2 8 10 8 10 1 11 9 9 4 11 8 2 1 7 4 12 6 8 6 7 0 1 2 9 1 10 4 10 3 0 1 10 12
2 2 26 42 5 0
2 2 25 15 37 35
#c 6 0 3 10 3 6 7 5 11 5 2 11 7 12 5 9 8 5 2 8 10 8 10 1 11 9 9 4 11 8 2 1 7 4 12 6 8 6 7 0 1 2 9 1 10 4 10 3 0 1 10 12
2 3 44 22 28 11 8
4 1 3 46 50 20 24
#c 6 0 3 10 3 6 7 5 11 5 2 11 7 12 5 9 8 5 2 8 10 8 10 1 11 9 9 4 11 8 2 1 7 4 12 6 8 6 7 0 1 2 9 1 10 4 10 3 0 1 10 12
2 2 11 28 5 37
2 2 24 8 35 0
#c 6 0 3 10 3 6 7 5 11 5 2 11 7 12 5 9 8 5 2 8 10 8 10 1 11 9 9 4 11 8 2 1 7 4 12 6 8 6 7 0 1 2 9 1 10 4 10 3 0 1 10 12
1 2 13 14 9
2 2 51 34 17 7
#c 6 0 3 10 3 6 7 5 11 5 2 11 7 12 5 9 8 5 2 8 10 8 10 1 11 9 9 4 11 8 2 1 7 4 12 6 8 6 7 0 1 2 9 1 10 4 10 3 0 1 10 12
1 1 39 17
2 3 48 1 9 14 7
#c 6 0 3 10 3 6 7 5 11 5 2 11 7 12 5 9 8 5 2 8 10 8 10 1 11 9 9 4 11 8 2 1 7 4 12 6 8 6 7 0 1 2 9 1 10 4 10 3 0 1 10 12
2 1 49 31 14
3 3 40 23 43 9 17 7
#c 6 0 3 10 3 6 7 5 11 5 2 11 7 12 5 9 8 5 2 8 10 8 10 1 11 9 9 4 11 8 2 1 7 4 12 6 8 6 7 0 1 2 9 1 10 4 10 3 0 1 10 12
1 1 10 27
3 2 41 30 18 33 45
#c 6 0 3 10 3 6 7 5 11 5 2 11 7 12 5 9 8 5 2 8 10 8 10 1 11 9 9 4 11 8 2 1 7 4 12 6 8 6 7 0 1 2 9 1 10 4 10 3 0 1 10 12
1 2 4 41 18
2 2 47 2 30 10
#c 6 0 3 10 3 6 7 5 11 5 2 11 7 12 5 9 8 5 2 8 10 8 10 1 11 9 9 4 11 8 2 1 7 4 12 6 8 6 7 0 1 2 9 1 10 4 10 3 0 1 10 12
2 3 33 45 38 32 6
#c 6 0 3 10 3 6 7 5 11 5 2 11 7 12 5 9 8 5 2 8 10 8 10 1 11 9 9 4 11 8 2 1 7 4 12 6 8 6 7 0 1 2 9 1 10 4 10 3 0 1 10 12
2 2 17 7 37 5
2 2 9 14 35 0
#c 6 0 3 10 3 6 7 5 11 5 2 11 7 12 5 9 8 5 2 8 10 8 10 1 11 9 9 4 11 8 2 1 7 4 12 6 8 6 7 0 1 2 9 1 10 4 10 3 0 1 10 12
1 1 37 48
3 2 5 35 0 39 1
#c 6 0 3 10 3 6 7 5 11 5 2 11 7 12 5 9 8 5 2 8 10 8 10 1 11 9 9 4 11 8 2 1 7 4 12 6 8 6 7 0 1 2 9 1 10 4 10 3 0 1 10 12
2 2 38 12 26 25
2 2 32 6 42 15
#c 6 0 3 10 3 6 7 5 11 5 2 11 7 12 5 9 8 5 2 8 10 8 10 1 11 9 9 4 11 8 2 1 7 4 12 6 8 6 7 0 1 2 9 1 10 4 10 3 0 1 10 12
2 1 21 19 30
3 3 16 36 29 41 18 10
#c 6 0 3 10 3 6 7 5 11 5 2 11 7 12 5 9 8 5 2 8 10 8 10 1 11 9 9 4 11 8 2 1 7 4 12 6 8 6 7 0 1 2 9 1 10 4 10 3 0 1 10 12
2 2 15 42 35 0
2 2 25 26 5 37
#c 6 0 3 10 3 6 7 5 11 5 2 11 7 12 5 9 8 5 2 8 10 8 10 1 11 9 9 4 11 8 2 1 7 4 12 6 8 6 7 0 1 2 9 1 10 4 10 3 0 1 10 12
2 2 3 22 26 25
4 2 44 46 50 20 42 15
#c 6 0 3 10 3 6 7 5 11 5 2 11 7 12 5 9 8 5 2 8 10 8 10 1 11 9 9 4 11 8 2 1 7 4 12 6 8 6 7 0 1 2 9 1 10 4 10 3 0 1 10 12
3 4 11 8 28 40 31 49 43
#c 6 0 3 10 3 6 7 5 11 5 2 11 7 12 5 9 8 5 2 8 10 8 10 1 11 9 9 4 11 8 2 1 7 4 12 6 8 6 7 0 1 2 9 1 10 4 10 3 0 1 10 12
1 2 13 39 1
2 1 51 34 48
#c 6 0 3 10 3 6 7 5 11 5 2 11 7 12 5 9 8 5 2 8 10 8 10 1 11 9 9 4 11 8 2 1 7 4 12 6 8 6 7 0 1 2 9 1 10 4 10 3 0 1 10 12
1 1 48 3
2 5 39 1 22 44 46 50 20
#c 6 0 3 10 3 6 7 5 11 5 2 11 7 12 5 9 8 5 2 8 10 8 10 1 11 9 9 4 11 8 2 1 7 4 12 6 8 6 7 0 1 2 9 1 10 4 10 3 0 1 10 12
2 2 49 31 5 0
3 2 40 23 43 37 35
#c 6 0 3 10 3 6 7 5 11 5 2 11 7 12 5 9 8 5 2 8 10 8 10 1 11 9 9 4 11 8 2 1 7 4 12 6 8 6 7 0 1 2 9 1 10 4 10 3 0 1 10 12
2 2 10 18 13 34
2 1 41 30 51
#c 6 0 3 10 3 6 7 5 11 5 2 11 7 12 5 9 8 5 2 8 10 8 10 1 11 9 9 4 11 8 2 1 7 4 12 6 8 6 7 0 1 2 9 1 10 4 10 3 0 1 10 12
#c 6 0 3 10 3 6 7 5 11 5 2 11 7 12 5 9 8 5 2 8 10 8 10 1 11 9 9 4 11 8 2 1 7 4 12 6 8 6 7 0 1 2 9 1 10 4 10 3 0 1 10 12
#c 6 0 3 10 3 6 7 5 11 5 2 11 7 12 5 9 8 5 2 8 10 8 10 1 11 9 9 4 11 8 2 1 7 4 12 6 8 6 7 0 1 2 9 1 10 4 10 3 0 1 10 12
2 2 14 9 6 12
2 2 17 7 38 32
#c 6 0 3 10 3 6 7 5 11 5 2 11 7 12 5 9 8 5 2 8 10 8 10 1 11 9 9 4 11 8 2 1 7 4 12 6 8 6 7 0 1 2 9 1 10 4 10 3 0 1 10 12
1 1 0 20
3 5 5 37 35 3 22 44 46 50
#c 6 0 3 10 3 6 7 5 11 5 2 11 7 12 5 9 8 5 2 8 10 8 10 1 11 9 9 4 11 8 2 1 7 4 12 6 8 6 7 0 1 2 9 1 10 4 10 3 0 1 10 12
1 1 38 33
3 2 32 12 6 45 27
#c 6 0 3 10 3 6 7 5 11 5 2 11 7 12 5 9 8 5 2 8 10 8 10 1 11 9 9 4 11 8 2 1 7 7 12 6 8 6 4 0 1 2 9 1 10 4 10 3 0 1 10 12
2 2 21 19 47 2
3 1 16 36 29 4
#c 6 0 3 10 3 6 7 5 11 5 2 11 7 12 5 9 8 5 2 8 10 8 10 1 11 9 9 4 11 8 2 1 7 7 12 6 8 6 4 0 1 2 9 1 10 4 10 3 0 1 10 12
1 1 15 38
3 2 25 42 26 45 27
#c 6 0 3 10 3 6 7 5 11 5 2 11 7 12 5 9 8 5 2 8 10 8 10 1 11 9 9 4 11 8 2 1 7 7 12 6 8 6 4 0 1 2 9 1 10 4 10 3 0 1 10 12
3 3 20 22 3 42 26 15
3 1 44 46 50 25
#c 6 0 3 10 3 6 7 5 11 5 2 11 7 12 5 9 8 5 2 8 10 8 10 1 11 9 9 4 11 8 2 1 7 7 12 6 8 6 4 0 1 2 9 1 10 4 10 3 0 1 10 12
1 3 28 6 33 32
3 1 11 24 8 12
#c 6 0 3 10 3 6 7 5 11 5 2 11 7 12 5 9 8 5 2 8 10 8 10 1 11 9 9 4 11 8 2 1 7 7 12 6 8 6 4 0 1 2 9 1 10 4 10 3 0 1 10 12
1 1 34 30
2 3 51 13 41 18 10
#c 6 0 3 10 3 6 7 5 11 5 2 11 7 12 5 9 8 5 2 8 10 8 10 1 11 9 9 4 11 8 2 1 7 7 12 6 8 6 4 0 1 2 9 1 10 4 10 3 0 1 10 12
1 1 48 34
2 2 39 1 51 13
#c 6 0 3 10 3 6 7 5 11 5 2 11 7 12 5 9 8 5 2 8 10 8 10 1 11 9 9 4 11 8 2 1 7 7 12 6 8 6 4 0 1 2 9 1 10 4 10 3 0 1 10 12
2 2 23 31 51 13
3 1 40 49 43 34
#c 6 0 3 10 3 6 7 5 11 5 2 11 7 12 5 9 8 5 2 8 10 8 10 1 11 9 9 4 11 8 2 1 7 7 12 6 8 6 4 0 1 2 9 1 10 4 10 3 0 1 10 12
2 2 18 41 38 27
2 1 30 10 45
#c 6 0 3 10 3 6 7 5 11 5 2 11 7 12 5 9 8 5 2 8 10 8 10 1 11 9 9 4 11 8 2 1 7 7 12 6 8 6 4 0 1 2 9 1 10 4 10 3 0 1 10 12
1 1 47 31
2 4 4 2 40 49 23 43
#c 6 0 3 10 3 6 7 5 11 5 2 11 7 12 5 9 8 5 2 8 10 8 10 1 11 9 9 4 11 8 2 1 7 7 12 6 8 6 4 0 1 2 9 1 10 4 10 3 0 1 10 12
1 1 45 32
2 3 27 38 12 6 33
#c 6 0 3 10 3 6 7 5 11 5 2 11 7 12 5 9 8 5 2 8 10 8 10 1 11 9 9 4 11 8 2 1 7 7 12 6 8 6 4 0 1 2 9 1 10 4 10 3 0 1 10 12
2 2 7 14 27 38
2 1 9 17 45
#c 6 0 3 10 3 6 7 5 11 5 2 11 7 12 5 9 8 5 2 8 10 8 10 1 11 9 9 4 11 8 2 1 7 7 12 6 8 6 4 0 1 2 9 1 10 4 10 3 0 1 10 12
1 1 0 26
3 3 5 37 35 25 42 15
#c 6 0 3 10 3 6 7 5 11 5 2 11 7 12 5 9 8 5 2 8 10 8 10 1 11 9 9 4 11 8 2 1 7 7 12 6 8 6 4 0 1 2 9 1 10 4 10 3 0 1 10 12
2 1 33 6 14
2 3 32 12 9 17 7
#c 6 0 3 10 3 6 7 5 11 5 2 11 7 12 5 9 8 5 2 8 10 8 10 1 11 9 9 4 11 8 2 1 7 7 12 6 8 6 4 0 1 2 9 1 10 4 10 3 0 1 10 12
2 1 36 21 1
3 2 19 16 29 39 48
#c 6 0 3 10 3 6 7 5 11 5 2 11 7 12 5 9 8 5 2 8 10 8 10 1 11 9 9 4 11 8 2 1 7 7 12 6 8 6 4 0 1 2 9 1 10 4 10 3 0 1 10 12
1 1 42 51
3 2 25 26 15 34 13
#c 6 0 3 10 3 6 7 5 11 5 2 11 7 12 5 9 8 5 2 8 10 8 10 1 11 9 9 4 11 8 2 1 7 7 12 6 8 6 4 0 1 2 9 1 10 4 10 3 0 1 10 12
2 2 3 46 23 31
4 3 22 44 50 20 40 49 43
#c 6 0 3 10 3 6 7 5 11 5 2 11 7 12 5 9 8 5 2 8 10 8 10 1 11 9 9 4 11 8 2 1 7 7 12 6 8 6 4 0 1 2 9 1 10 4 10 3 0 1 10 12
1 1 24 43
3 4 11 8 28 40 31 49 23
#c 6 0 3 10 3 6 7 5 11 5 2 11 7 12 5 9 8 5 2 8 10 8 10 1 11 9 9 4 11 8 2 1 7 7 12 6 8 6 4 0 1 2 9 1 10 4 10 3 0 1 10 12
1 1 34 0
2 3 51 13 5 37 35
#c 12 0 3 10 3 6 7 5 11 5 2 11 7 12 5 9 8 5 2 8 10 8 10 1 11 9 9 4 11 8 2 1 7 7 6 6 8 6 4 0 1 2 9 1 10 4 10 3 0 1 10 12
1 1 48 21
2 4 39 1 19 16 36 29
#c 12 0 3 10 3 6 7 5 11 5 2 11 7 12 5 9 8 5 2 8 10 8 10 1 11 9 9 4 11 8 2 1 7 7 6 6 8 6 4 0 1 2 9 1 10 4 10 3 0 1 10 12
1 1 40 32
4 3 31 49 23 43 12 6 33
#c 12 0 3 10 3 6 7 5 11 5 2 11 7 12 5 9 8 5 2 8 10 8 10 1 11 9 9 4 11 8 2 1 1 7 6 6 8 6 4 0 7 2 9 1 10 4 10 3 0 1 10 12
1 1 10 2
3 2 41 30 18 4 47
#c 12 0 3 10 3 6 7 5 11 5 2 11 7 12 5 9 8 5 2 8 10 8 10 1 11 9 9 4 11 8 2 1 1 7 6 6 8 6 4 0 7 2 9 1 10 4 10 3 0 1 10 12
1 1 2 19
2 4 4 47 16 36 29 21
#c 12 0 3 10 3 6 7 5 11 5 2 11 7 12 5 9 8 5 2 8 10 8 10 1 11 9 9 4 11 8 2 1 1 7 6 6 8 6 4 0 7 2 9 1 10 4 10 3 0 1 10 12
1 3 45 25 26 42
2 1 27 38 15
#c 12 0 3 10 3 6 7 5 11 5 2 11 7 12 5 9 8 5 2 8 10 8 10 1 11 9 9 4 11 8 2 1 1 7 6 6 8 6 4 0 7 2 9 1 10 4 10 3 0 1 10 12
2 2 9 7 3 44
2 4 14 17 22 46 50 20
#c 12 0 3 10 3 6 7 5 11 5 2 11 7 12 5 9 8 5 2 8 10 8 10 1 11 9 9 4 11 8 2 1 1 7 6 6 8 6 4 0 7 2 9 1 10 4 10 3 0 1 10 12
2 2 34 37 2 4
2 1 5 35 47
#c 12 0 3 10 3 6 7 5 11 5 2 11 7 12 5 9 8 5 2 8 10 8 10 1 11 9 9 4 11 8 2 1 1 7 6 6 8 6 4 0 7 2 9 1 10 4 10 3 0 1 10 12
2 2 40 33 2 47
2 1 12 6 4
#c 12 0 3 10 3 6 7 5 11 5 2 11 7 12 5 9 8 5 2 8 10 8 10 1 11 9 9 4 11 8 2 1 1 7 6 6 8 6 4 0 7 2 9 1 10 4 10 3 0 1 10 12
2 2 36 21 4 47
3 1 19 16 29 2
#c 12 0 3 10 3 6 7 5 11 5 2 11 7 12 5 9 8 5 2 8 10 8 10 1 11 9 9 4 11 8 2 1 1 7 6 6 8 6 4 0 7 2 9 1 10 4 10 3 0 1 10 12
2 2 42 26 38 45
2 1 25 15 27
#c 12 0 3 10 3 6 7 5 11 5 2 11 7 12 5 9 8 5 2 8 10 8 10 1 11 9 9 4 11 8 2 1 1 7 6 6 8 6 4 0 7 2 9 1 10 4 10 3 0 1 10 12
1 1 44 23
5 4 3 22 46 50 20 31 49 43 32
#c 12 0 3 10 3 6 7 5 11 5 2 11 7 12 5 9 8 5 2 8 10 8 10 1 11 9 9 4 11 8 2 1 1 7 6 6 8 6 4 0 7 2 9 1 10 4 10 3 0 1 10 12
1 1 11 16
3 4 24 8 28 19 36 29 21
#c 12 0 3 10 3 6 7 5 11 5 2 11 7 12 5 9 8 5 2 8 10 8 10 1 11 9 9 4 11 8 2 1 1 7 6 6 8 6 4 0 7 2 9 1 10 4 10 3 0 1 10 12
2 2 13 0 48 1
#c 12 0 3 10 3 6 7 5 11 5 2 11 7 12 5 9 8 5 2 8 10 8 10 1 11 9 9 4 11 8 2 1 1 7 6 6 8 6 4 0 7 2 9 1 10 4 10 3 0 1 10 12
1 1 48 28
2 3 39 1 11 24 8
#c 12 0 3 10 3 6 7 5 11 5 2 11 7 12 5 9 8 5 2 8 10 8 10 1 11 9 9 4 11 8 2 1 1 7 6 6 8 6 4 0 7 2 9 1 10 4 10 3 0 1 10 12
2 2 32 43 9 14
3 2 31 49 23 17 7
#c 12 0 3 10 3 6 7 5 11 5 2 11 7 12 5 9 8 5 2 8 10 8 10 1 11 9 9 4 11 8 2 1 1 7 6 6 8 6 4 0 7 2 9 1 10 4 10 3 0 1 10 12
2 1 10 41 5
2 3 30 18 37 35 34
#c 12 0 3 10 3 6 7 5 11 5 2 11 7 12 5 9 8 5 2 8 10 8 10 1 11 9 9 4 11 8 2 1 1 7 6 6 8 6 4 0 7 2 9 1 10 4 10 3 0 1 10 12
1 2 2 50 44
2 4 4 47 3 22 46 20
#c 12 0 3 10 3 6 7 5 11 5 2 11 7 12 5 9 8 5 2 8 10 8 10 1 11 9 9 4 11 8 2 1 1 7 6 6 8 6 4 0 7 2 9 1 10 4 10 3 0 1 10 12
1 1 45 51
2 2 27 38 13 0
#c 12 0 3 10 3 6 7 5 11 5 2 11 7 12 5 9 8 5 2 8 10 8 10 1 11 9 9 4 11 8 2 1 1 7 6 6 8 6 4 0 7 2 9 1 10 4 10 3 0 1 10 12
2 2 7 14 29 21
2 3 9 17 19 16 36
#c 12 0 3 10 3 6 7 5 11 5 2 11 7 12 5 9 8 5 2 8 10 8 10 1 11 9 9 4 11 8 2 1 1 7 6 6 8 6 4 0 7 2 9 1 10 4 10 3 0 1 10 12
1 1 5 45
3 2 37 35 34 27 38
#c 12 0 3 10 3 6 7 5 11 5 2 11 7 12 5 9 8 5 2 8 10 8 10 1 11 9 9 4 11 8 2 1 1 7 6 6 8 6 4 0 7 2 9 1 10 4 10 3 0 1 10 12
1 1 33 36
3 4 12 6 40 19 16 29 21
#c 12 0 3 10 3 6 7 5 11 5 2 11 7 12 5 9 8 5 2 8 10 8 10 1 11 9 9 4 11 8 2 1 1 7 6 6 8 6 4 0 7 2 9 1 10 4 10 3 0 1 10 12
1 1 19 4
4 2 16 36 29 21 47 2
#c 12 0 3 10 3 6 7 5 11 5 2 11 7 12 5 9 8 5 2 8 10 8 10 1 11 9 9 4 11 8 2 1 1 7 6 6 8 6 4 0 7 2 9 1 10 4 10 3 0 1 10 12
2 2 15 26 19 36
2 3 25 42 16 29 21
#c 12 0 3 10 3 6 7 5 11 5 2 11 7 12 5 9 8 5 2 8 10 8 10 1 11 9 9 4 11 8 2 1 1 7 6 6 8 6 4 0 7 2 9 1 10 4 10 3 0 1 10 12
3 2 44 46 3 27 38
3 1 22 50 20 45
#c 12 0 3 10 3 6 7 5 11 5 2 11 7 12 5 9 8 5 2 8 10 8 10 1 11 9 9 4 11 8 2 1 1 7 6 6 8 6 4 0 7 2 9 1 10 4 10 3 0 1 10 12
2 2 11 24 18 30
2 2 8 28 41 10
#c 12 0 3 10 3 6 7 5 11 5 2 11 7 12 5 9 8 5 2 8 10 8 10 1 11 9 9 4 11 8 2 1 1 7 6 6 8 6 4 0 7 2 9 1 10 4 10 3 0 1 10 12
2 3 51 0 41 30 10
#c 12 0 3 10 3 6 7 5 11 5 2 11 7 12 5 9 8 5 2 8 10 8 10 1 11 9 9 4 11 8 2 1 1 7 6 6 8 6 4 0 7 2 9 1 10 4 10 3 0 1 10 12
1 1 48 2
2 2 39 1 4 47
#c 12 0 0 10 3 6 7 5 11 5 2 11 7 12 5 9 8 5 2 8 10 8 10 1 11 9 9 4 11 8 2 1 1 7 6 6 8 6 4 0 7 2 9 1 10 4 10 3 3 1 10 12
2 2 49 31 36 21
3 3 23 43 32 19 16 29
#c 12 0 0 10 3 6 7 5 11 5 2 11 7 12 5 9 8 5 2 8 10 8 10 1 11 9 9 4 11 8 2 1 1 7 6 6 8 6 4 0 7 2 9 1 10 4 10 3 3 1 10 12
1 1 41 31
3 4 30 18 10 49 23 43 32
#c 12 0 0 10 3 6 7 5 11 5 2 11 7 12 5 9 8 5 2 8 10 8 10 1 11 9 9 4 11 8 2 1 1 7 6 6 8 6 4 0 7 2 9 1 10 4 10 3 3 1 10 12
2 3 4 47 9 17 7
#c 12 0 0 10 3 6 7 5 11 5 2 11 7 12 5 9 8 5 2 8 10 8 10 1 11 9 9 4 11 8 2 1 1 7 6 6 8 6 4 0 7 2 9 1 10 4 10 3 3 1 10 12
2 2 27 38 51 13
#c 12 0 0 10 3 6 7 5 11 5 2 11 7 12 5 9 8 5 2 8 10 8 10 1 11 9 9 4 11 8 2 1 1 7 6 6 8 6 4 0 7 2 9 1 10 4 10 3 3 1 10 12
2 2 9 17 25 15
2 2 14 7 42 26
#c 12 0 0 10 3 6 7 5 11 5 2 11 7 12 5 9 8 5 2 8 10 8 10 1 11 9 9 4 11 8 2 1 1 7 6 6 8 6 4 0 7 2 9 1 10 4 10 3 3 1 10 12
1 1 37 30
3 3 5 35 34 41 18 10
#c 12 0 0 10 3 6 7 5 11 5 2 11 7 12 5 9 8 5 2 8 10 8 10 1 11 9 9 4 11 8 2 1 1 7 6 6 8 6 4 0 7 2 9 1 10 4 10 3 3 1 10 12
2 2 12 33 31 32
2 3 6 40 49 23 43
#c 12 0 0 10 3 6 7 5 11 5 2 11 7 12 5 9 8 5 2 8 10 8 10 1 11 9 9 4 11 8 2 1 1 7 6 6 8 6 4 0 7 2 9 1 10 4 10 3 3 1 10 12
1 1 21 11
4 3 19 16 36 29 24 8 28
#c 12 0 0 10 3 6 7 5 11 5 2 11 7 12 5 9 8 5 2 8 10 8 10 1 11 9 9 4 11 8 2 1 1 7 6 6 8 6 4 0 7 2 9 1 10 4 10 3 3 1 10 12
2 2 42 25 38 45
2 1 26 15 27
#c 12 0 0 10 3 6 7 5 11 5 2 11 7 12 5 9 8 5 2 8 10 8 10 1 11 9 9 4 11 8 2 1 1 7 6 6 8 6 4 0 7 2 9 1 10 4 10 3 3 1 10 12
2 3 50 3 35 37 34
4 1 22 44 46 20 5
#c 12 0 0 10 3 6 7 5 11 5 2 11 7 12 5 9 8 5 2 8 10 8 10 1 11 9 9 4 11 8 2 1 1 7 6 6 8 6 4 0 7 2 9 1 10 4 10 3 3 1 10 12
#c 12 0 0 10 3 6 7 5 11 5 2 11 7 12 5 9 8 5 2 8 10 8 10 1 11 9 9 4 11 8 2 1 1 7 6 6 8 6 4 0 7 2 9 1 10 4 10 3 3 1 10 12
1 1 51 37
2 3 13 0 5 35 34
#c 12 0 0 10 3 6 7 5 11 5 2 11 7 12 5 9 8 5 2 8 10 8 10 1 11 9 9 4 11 8 2 1 1 7 6 6 8 6 4 0 7 2 9 1 10 4 10 3 3 1 10 12
1 1 39 38
2 2 1 2 45 27
#c 12 0 0 10 3 6 7 5 11 5 2 11 7 12 5 9 8 5 2 8 10 8 10 1 11 9 9 4 11 8 2 1 1 7 6 6 8 6 4 0 7 2 9 1 10 4 10 3 3 1 10 12
1 1 23 12
4 3 31 49 43 32 6 33 40
#c 12 0 0 10 3 6 7 5 11 5 2 11 7 12 5 9 8 5 2 8 10 8 10 1 11 9 9 4 11 8 2 1 1 7 6 6 8 6 4 0 7 2 9 1 10 4 10 3 3 1 10 12
1 1 10 8
3 3 41 30 18 11 24 28
#c 12 0 0 10 3 6 7 5 11 5 2 11 7 12 5 9 8 5 2 8 10 8 10 1 11 9 9 4 11 8 2 1 1 7 6 6 8 6 4 0 7 2 9 1 10 4 10 3 3 1 10 12
1 1 4 5
2 3 47 48 37 35 34
#c 12 0 0 10 3 6 7 5 11 5 2 11 7 12 5 9 8 5 2 8 10 8 10 1 11 9 9 4 11 8 2 1 1 7 6 6 8 6 4 0 7 2 9 1 10 4 10 3 3 1 10 12
1 2 27 50 46
2 4 45 38 3 22 44 20
#c 12 0 0 10 3 6 7 5 11 5 2 11 7 12 5 9 8 5 2 8 10 8 10 1 11 9 9 4 11 8 2 1 1 7 6 6 8 6 4 0 7 2 9 1 10 4 10 3 3 1 10 12
1 1 14 10
3 3 9 17 7 41 30 18
#c 12 0 0 10 3 6 7 5 11 5 2 11 7 12 5 9 8 5 2 8 10 8 10 1 11 9 9 4 11 8 2 1 1 7 6 6 8 6 4 0 7 2 9 1 10 4 10 3 3 1 10 12
1 1 37 26
3 3 5 35 34 25 42 15
#c 12 0 0 10 3 6 7 5 11 5 2 11 7 12 5 9 8 5 2 8 10 8 10 1 11 9 9 4 11 8 2 1 1 7 6 6 8 6 4 0 7 2 9 1 10 4 10 3 3 1 10 12
2 2 6 40 0 51
2 1 12 33 13
#c 12 0 0 10 3 6 7 5 11 5 2 11 7 12 5 9 8 5 2 8 10 8 10 1 11 9 9 4 11 8 2 1 1 7 6 6 8 6 4 0 7 2 9 1 10 4 10 3 3 1 10 12
2 2 21 29 14 17
3 2 19 16 36 9 7
#c 12 0 0 10 3 6 7 5 11 5 2 11 7 12 5 9 8 5 2 8 10 8 10 1 11 9 9 4 11 8 2 1 1 7 6 6 8 6 4 0 7 2 9 1 10 4 10 3 3 1 10 12
1 1 25 1
3 2 42 26 15 39 2
#c 12 0 0 10 3 6 7 5 11 5 2 11 7 12 5 9 8 5 2 8 10 8 10 1 11 9 9 4 11 8 2 1 1 7 6 6 8 6 4 0 7 2 9 1 10 4 10 3 3 1 10 12
2 2 46 22 30 10
4 2 3 44 50 20 41 18
#c 12 0 0 10 3 6 7 5 11 5 2 11 7 12 5 9 8 5 2 8 10 8 10 1 11 9 9 4 11 8 2 1 1 7 6 6 8 6 4 0 7 2 9 1 10 4 10 3 3 1 10 12
2 2 28 8 14 7
2 2 11 24 9 17
#c 12 0 0 10 3 6 7 5 11 5 2 11 7 12 5 9 8 5 2 8 10 8 10 1 11 9 9 4 11 8 2 1 1 7 6 6 8 6 4 0 7 2 9 1 10 4 10 3 3 1 10 12
2 5 13 0 3 22 46 50 20
#c 12 0 0 10 3 6 7 5 11 5 2 11 7 12 5 9 8 5 2 8 10 8 10 1 11 9 9 4 11 8 2 1 1 7 6 6 8 6 4 0 7 2 9 1 10 4 10 3 3 1 10 12
1 1 39 24
2 3 1 2 11 8 28
#c 12 0 0 10 3 6 7 5 11 5 2 11 7 12 5 9 8 5 2 8 10 8 10 1 11 9 9 4 11 8 2 1 1 7 6 6 8 6 4 0 7 2 9 1 10 4 10 3 3 1 10 12
1 1 43 4
4 2 31 49 23 32 47 48
#c 12 0 0 10 3 6 7 5 11 5 2 11 7 12 5 9 8 5 2 8 10 8 10 1 11 9 9 4 11 8 2 1 1 7 6 6 8 6 4 0 7 2 9 1 10 4 10 3 3 1 10 12
2 1 10 18 1
2 2 41 30 39 2
#c 12 0 0 10 3 6 7 5 11 5 2 11 7 12 5 9 8 5 2 8 10 8 10 1 11 9 9 4 11 8 2 1 1 7 6 6 8 6 4 0 7 2 9 1 10 4 10 3 3 1 10 12
2 3 4 48 37 35 34
#c 12 0 0 10 3 6 7 5 11 5 2 11 7 12 5 9 8 5 2 8 10 8 10 1 11 9 9 4 11 8 2 1 1 7 6 6 8 6 4 0 7 2 9 1 10 4 10 3 3 1 10 12
1 1 27 7
2 3 45 38 9 14 17
#c 12 0 0 10 3 6 7 5 11 5 2 11 7 12 5 9 8 5 2 8 10 8 10 1 11 9 9 4 11 8 2 1 1 7 6 6 8 6 4 0 7 2 9 1 10 4 10 3 3 1 10 12
1 1 17 28
3 3 9 14 7 11 24 8
#c 12 0 0 10 3 6 7 5 11 5 2 11 7 12 5 9 8 5 2 8 10 8 10 1 11 9 9 4 11 8 2 1 1 7 6 6 8 6 4 0 7 2 9 1 10 4 10 3 3 1 10 12
1 1 37 36
3 4 5 35 34 19 16 29 21
#c 12 0 0 10 3 6 7 5 11 5 2 11 7 12 5 9 8 5 2 8 10 8 10 1 11 9 9 4 11 8 2 1 1 7 6 6 8 6 4 0 7 2 9 1 10 4 10 3 3 1 10 12
1 1 12 44
3 5 6 33 40 3 22 46 50 20
#c 12 0 0 10 3 6 7 5 11 5 2 11 7 12 5 9 8 5 2 8 10 8 10 1 11 9 9 4 11 8 2 1 1 7 6 6 8 6 4 0 7 2 9 1 10 4 10 3 3 1 10 12
2 2 19 29 2 1
3 1 16 36 21 39
#c 12 0 0 10 3 6 7 5 11 5 2 11 7 12 5 9 8 5 2 8 10 8 10 1 11 9 9 4 11 8 2 1 1 7 6 6 8 6 4 0 7 2 9 1 10 4 10 3 3 1 10 12
2 2 26 15 9 7
2 2 25 42 14 17
#c 12 0 0 10 3 6 7 9 11 9 2 11 7 12 5 5 8 5 2 8 10 8 10 1 11 9 5 4 11 8 2 1 1 7 6 6 8 6 4 0 7 2 9 1 10 4 10 3 3 1 10 12
2 1 50 44 38
4 2 3 22 46 20 45 27
#c 12 0 0 10 3 6 7 9 11 9 2 11 7 12 5 5 8 5 2 8 10 8 10 1 11 9 5 4 11 8 2 1 1 7 6 6 8 6 4 0 7 2 9 1 10 4 10 3 3 1 10 12
2 2 28 8 7 9
2 2 11 24 25 42
#c 12 0 0 10 3 6 7 9 11 9 2 11 7 12 5 5 8 5 2 8 10 8 10 1 11 9 5 4 11 8 2 1 1 7 6 6 8 6 4 0 7 2 9 1 10 4 10 3 3 1 10 12
1 1 0 40
2 3 51 13 12 6 33
#c 12 0 0 10 3 6 7 9 11 9 2 11 7 12 5 5 8 5 2 8 10 8 10 1 11 9 5 4 11 8 2 1 1 7 6 6 8 6 4 0 7 2 9 1 10 4 10 3 3 1 10 12
1 1 1 27
2 2 39 2 45 38
#c 12 0 0 10 3 6 7 9 11 9 2 11 7 12 5 5 8 5 2 8 10 8 10 1 11 9 5 4 11 8 2 1 1 7 6 6 8 6 4 0 7 2 9 1 10 4 10 3 3 1 10 12
2 2 43 32 14 17
3 2 31 49 23 26 15
#c 12 0 0 10 3 6 7 9 11 9 2 11 7 12 5 5 8 5 2 8 10 8 10 1 11 9 5 4 11 8 2 1 1 7 6 6 8 6 4 0 7 2 9 1 10 4 10 3 3 1 10 12
1 1 10 22
3 5 41 30 18 3 44 46 50 20
#c 12 0 0 10 3 6 7 9 11 9 2 11 7 12 5 5 8 5 2 8 10 8 10 1 11 9 5 4 11 8 2 1 1 7 6 6 8 6 4 0 7 2 9 1 10 4 10 3 3 1 10 12
1 2 4 10 18
2 2 47 48 41 30
#c 12 0 0 10 3 6 7 9 11 9 2 11 7 12 5 5 8 5 2 8 10 8 10 1 11 9 5 4 11 8 2 1 1 7 6 6 8 6 4 0 7 2 9 1 10 4 10 3 3 1 10 12
1 2 27 11 28
2 2 45 38 24 8
#c 12 0 0 10 3 6 7 9 11 9 2 11 7 12 5 5 8 5 2 8 10 8 10 1 11 9 5 4 11 8 2 1 1 7 6 6 8 6 4 0 7 2 9 1 10 4 10 3 3 1 10 12
2 2 17 14 27 38
2 1 26 15 45
#c 12 0 0 10 3 6 7 9 11 9 2 11 7 12 5 5 8 5 2 8 10 8 10 1 11 9 5 4 11 8 2 1 1 7 6 6 8 6 4 0 7 2 9 1 10 4 10 3 3 1 10 12
2 2 5 37 39 2
2 1 35 34 1
#c 12 0 0 10 3 6 7 9 11 9 2 11 7 12 5 5 8 5 2 8 10 8 10 1 11 9 5 4 11 8 2 1 1 7 6 6 8 6 4 0 7 2 9 1 10 4 10 3 3 1 10 12
1 2 40 44 46
3 4 12 6 33 3 22 50 20
#c 12 0 0 10 3 6 7 9 11 9 2 11 7 12 5 5 8 5 2 8 10 8 10 1 11 9 5 4 11 8 2 1 1 7 6 6 8 6 4 0 7 2 9 1 10 4 10 3 3 1 10 12
2 2 21 19 2 39
3 1 16 36 29 1
#c 12 0 0 10 3 6 7 9 11 9 2 11 7 12 5 5 8 5 2 8 10 8 10 1 11 9 5 4 11 8 2 1 1 7 6 6 8 6 4 0 7 2 9 1 10 4 10 3 3 1 10 12
1 2 42 23 32
3 3 25 9 7 31 49 43
#c 12 0 0 10 3 6 7 9 11 9 2 11 7 12 5 5 8 5 2 8 10 8 10 9 11 9 5 4 11 8 2 1 9 7 6 6 8 6 4 0 7 2 1 1 10 4 10 3 3 1 10 12
2 2 44 46 26 17
4 2 3 22 50 20 14 15
#c 12 0 0 10 3 6 7 9 11 9 2 11 7 12 5 5 8 5 2 8 10 8 10 9 11 9 5 4 11 8 2 1 9 7 6 6 8 6 4 0 7 2 1 1 10 4 10 3 3 1 10 12
3 2 11 24 8 45 27
#c 12 0 0 10 3 6 7 9 11 9 2 11 7 12 5 5 8 5 2 8 10 8 10 9 11 9 5 4 11 8 2 1 9 7 6 6 8 6 4 0 7 2 1 1 10 4 10 3 3 1 10 12
#c 12 0 0 10 3 6 7 9 11 9 2 11 7 12 5 5 8 5 2 8 10 8 10 9 11 9 5 4 11 8 2 1 9 7 6 6 8 6 4 0 7 2 1 1 10 4 10 3 3 1 10 12
1 1 1 12
2 3 39 2 6 33 40
#c 12 0 0 10 3 6 7 9 11 9 2 11 7 12 5 5 8 5 2 8 10 8 10 9 11 9 5 4 11 8 2 1 9 7 6 6 8 6 4 0 7 2 1 1 10 4 10 3 3 1 10 12
1 2 49 29 19
3 3 31 43 42 16 36 21
#c 12 0 0 10 3 6 7 9 11 9 2 11 7 12 5 5 8 5 2 8 10 8 10 9 11 9 5 4 11 8 2 1 9 7 6 6 8 6 4 0 7 2 1 1 10 4 10 3 3 1 10 12
1 1 41 47
3 2 30 18 10 4 48
#c 12 0 0 10 3 6 7 9 11 9 2 11 7 12 5 5 8 5 2 8 10 8 10 9 11 9 5 4 11 8 2 1 9 7 6 6 8 6 4 0 7 2 1 1 10 4 10 3 3 1 10 12
1 2 48 21 16
2 3 4 47 19 36 29
#c 12 0 0 10 3 6 7 9 11 9 2 11 7 12 5 5 8 5 2 8 10 8 10 9 11 9 5 4 11 8 2 1 9 7 6 6 8 6 4 0 7 2 1 1 10 4 10 3 3 1 10 12
1 1 38 5
2 3 45 27 37 35 34
#c 12 0 0 10 3 6 7 9 11 9 2 11 7 12 5 5 8 5 2 8 10 8 10 9 11 9 5 4 11 8 2 1 9 7 6 6 8 6 4 0 7 2 1 1 10 4 10 3 3 1 10 12
2 2 26 14 31 43
2 2 17 15 49 42
#c 12 0 0 10 3 6 7 9 11 9 2 11 7 12 5 5 8 5 2 8 10 8 10 9 11 9 5 4 11 8 2 1 9 7 6 6 8 6 4 0 7 2 1 1 10 4 10 3 3 1 10 12
2 2 34 35 13 51
2 1 5 37 0
#c 12 0 0 10 3 6 7 9 11 9 2 11 7 12 5 5 8 5 2 8 10 8 10 9 11 9 5 4 11 8 2 1 9 7 6 6 8 6 4 0 7 2 1 1 10 4 10 3 3 1 10 12
2 2 12 40 0 13
2 1 6 33 51
#c 12 0 0 10 3 6 7 9 11 9 2 11 7 12 5 5 8 5 2 8 10 8 10 9 11 9 5 4 11 8 2 1 9 7 6 6 8 6 4 0 7 2 1 1 10 4 10 3 3 1 10 12
#c 12 0 0 10 3 6 7 9 11 9 2 11 7 12 5 5 8 5 2 8 10 8 10 9 11 9 5 4 11 8 2 1 9 7 6 6 8 6 4 0 7 2 1 1 10 4 10 3 3 1 10 12
#c 12 0 0 10 3 6 7 9 11 9 2 11 7 12 5 5 8 5 2 8 10 8 10 9 11 9 5 4 11 8 2 1 9 7 6 6 8 6 4 0 7 2 1 1 10 4 10 3 3 1 10 12
3 2 3 22 44 0 13
3 1 46 50 20 51
#c 12 0 0 10 3 6 7 9 11 9 2 11 7 12 5 5 8 5 2 8 10 8 10 9 11 9 5 4 11 8 2 1 9 7 6 6 8 6 4 0 7 2 1 1 10 4 10 3 3 1 10 12
1 1 8 42
3 3 11 24 28 31 49 43
#c 12 0 0 10 3 6 7 9 11 9 2 11 7 12 5 5 8 5 2 8 10 8 10 9 11 9 5 4 11 8 2 1 9 7 6 6 8 6 4 0 7 2 1 1 10 4 10 3 3 1 10 12
1 1 13 11
2 3 51 0 24 8 28
#c 12 0 0 10 3 6 7 9 11 9 2 11 7 12 5 5 8 5 2 8 10 8 10 9 11 9 5 4 11 8 2 1 9 7 6 6 8 6 4 0 7 2 1 1 10 4 10 3 3 1 10 12
1 1 2 33
2 3 39 1 12 6 40
#c 12 0 0 10 3 6 7 9 11 9 2 11 7 12 5 5 8 5 2 8 10 8 10 9 11 9 5 4 11 8 2 1 9 7 6 6 8 6 4 0 7 2 1 1 10 4 10 3 3 1 10 12
2 3 43 49 10 41 18
2 1 31 42 30
#c 12 0 0 10 3 6 7 9 11 9 2 11 7 12 5 5 8 5 2 8 10 8 10 9 11 9 5 4 11 8 2 1 9 7 6 6 8 6 4 0 7 2 1 1 10 4 10 3 3 1 10 12
1 1 18 17
3 3 41 30 10 14 26 15
#c 12 0 0 10 3 6 7 9 11 9 2 11 7 12 5 5 8 5 2 8 10 8 10 9 11 9 5 4 11 8 2 1 9 7 6 6 8 6 4 0 7 2 1 1 10 4 10 3 3 1 10 12
1 1 4 26
2 3 47 48 14 17 15
#c 12 0 0 10 3 6 7 9 11 9 2 11 7 12 5 5 8 5 2 8 10 8 10 9 11 9 5 4 11 8 2 1 9 7 6 6 8 6 4 0 7 2 1 1 10 4 10 3 3 1 10 12
1 1 45 9
2 4 27 38 25 7 23 32
#c 12 0 0 10 3 6 7 9 11 9 2 11 7 12 5 5 8 5 2 8 10 8 10 9 11 9 5 4 11 8 2 1 9 7 6 6 8 6 4 0 7 2 1 1 10 4 10 3 3 1 10 12
#c 12 0 0 10 3 6 7 9 11 9 2 11 7 12 5 5 8 5 2 8 10 8 10 9 11 9 5 4 11 8 2 1 9 7 6 6 8 6 4 0 7 2 1 1 10 4 10 3 3 1 10 12
1 1 34 24
3 3 5 37 35 11 8 28
#c 12 0 0 10 3 6 7 9 11 9 2 11 7 12 5 5 8 5 2 8 10 8 10 9 11 9 5 4 11 8 2 1 9 7 6 6 8 6 4 0 7 2 1 1 10 4 10 3 3 1 10 12
2 1 6 12 19
2 4 33 40 16 36 29 21
#c 12 0 0 10 3 6 7 9 11 9 2 11 7 12 5 5 8 5 2 8 10 8 10 9 11 9 5 4 11 8 2 1 9 7 6 6 8 6 4 0 7 2 1 1 10 4 10 3 3 1 10 12
1 1 36 43
4 3 19 16 29 21 31 49 42
#c 12 0 0 10 3 6 7 9 11 9 2 11 7 12 5 5 8 5 2 8 10 8 10 9 11 9 5 4 11 8 2 1 9 7 6 6 8 6 4 0 7 2 1 1 10 4 10 3 3 1 10 12
2 3 23 9 28 8 24
3 1 25 7 32 11
#c 12 0 0 10 3 6 7 9 11 9 2 11 7 12 5 5 8 5 2 8 10 8 10 9 11 9 5 4 11 8 2 1 9 7 6 6 8 6 4 0 7 2 1 1 10 4 10 3 3 1 10 12
2 2 20 50 9 32
4 3 3 22 44 46 25 7 23
#c 12 0 0 10 3 6 7 9 11 9 2 11 7 12 5 5 8 5 2 8 10 8 10 9 11 9 5 4 11 8 2 1 9 7 6 6 8 6 4 0 7 2 1 1 10 4 10 3 3 1 10 12
1 2 8 0 13
3 1 11 24 28 51
#c 12 0 0 10 3 6 7 9 11 9 2 11 7 12 5 5 8 5 2 8 10 8 10 9 11 9 5 4 11 8 2 1 9 7 6 6 8 6 4 0 7 2 1 1 10 4 10 3 3 1 10 12
1 1 0 39
2 2 51 13 1 2
#c 12 0 0 10 3 6 7 9 11 9 2 11 7 12 5 5 8 5 2 8 10 8 10 9 11 9 5 4 11 8 2 1 9 7 6 6 8 6 4 0 7 2 1 1 10 4 10 3 3 1 10 12
2 3 39 2 24 8 28
#c 12 0 0 10 3 6 7 9 11 9 2 11 7 12 5 5 8 5 2 8 10 8 10 9 11 9 5 4 11 8 2 1 9 7 6 6 8 6 4 0 7 2 1 1 10 4 10 3 3 1 10 12
2 2 31 43 8 28
2 2 49 42 11 24
#c 12 0 0 10 3 6 7 9 11 9 2 11 7 12 5 5 8 5 2 8 10 8 10 9 11 9 5 4 11 8 2 1 9 7 6 6 8 6 4 0 7 2 1 1 10 4 10 3 3 1 10 12
3 2 30 18 10 51 0
#c 12 0 0 10 3 6 7 9 11 9 2 11 7 12 5 5 8 5 2 8 10 8 10 9 11 9 5 4 11 8 2 1 9 7 6 6 8 6 4 0 7 2 1 1 10 4 10 3 3 1 10 12
1 1 47 51
2 2 4 48 13 0
#c 12 0 0 10 3 6 7 9 11 9 2 11 7 12 5 5 8 5 2 8 10 8 10 9 11 9 5 4 11 8 2 1 9 7 6 6 8 6 4 0 7 2 1 1 10 4 10 3 3 1 10 12
1 1 38 1
2 2 45 27 39 2
#c 12 0 0 10 3 6 7 9 11 9 2 11 7 12 5 5 8 5 2 8 10 8 10 9 11 9 5 4 11 8 2 1 9 7 6 6 8 6 4 0 7 2 1 1 10 4 10 3 3 1 10 12
1 2 14 21 29
3 3 17 26 15 19 16 36
#c 12 0 0 10 3 6 7 9 11 9 2 11 7 12 5 5 8 5 2 8 10 8 10 9 11 9 5 4 11 8 2 1 9 7 6 6 8 6 4 0 7 2 1 1 10 4 10 3 3 1 10 12
#c 12 0 0 10 3 6 7 9 11 9 2 11 7 12 5 5 8 5 2 8 10 8 10 9 11 9 5 4 11 8 2 1 9 7 6 6 8 6 4 0 7 2 1 1 10 4 10 3 3 1 10 12
1 1 33 30
3 3 12 6 40 41 18 10
#c 12 0 0 10 3 6 7 9 11 9 2 11 7 12 5 5 8 5 2 8 10 8 10 9 11 9 5 4 11 8 2 1 9 7 6 6 8 6 4 0 7 2 1 1 10 4 10 3 3 1 10 12
2 2 29 36 7 23
3 3 19 16 21 25 9 32
#c 12 0 0 10 3 6 7 9 11 9 2 11 7 12 5 5 8 5 2 8 10 8 10 9 11 9 5 4 11 8 2 1 9 7 6 6 8 6 4 0 7 2 1 1 10 4 10 3 3 1 10 12
1 1 32 44
4 5 25 9 7 23 3 22 46 50 20
#c 12 0 0 10 3 6 7 9 11 9 2 11 7 12 5 5 8 5 2 8 10 8 10 9 11 9 5 4 11 8 2 1 9 7 6 6 8 6 4 0 7 2 1 1 10 4 10 3 3 1 10 12
1 1 22 12
5 3 3 44 46 50 20 6 33 40
#c 12 0 0 10 3 6 7 9 11 9 2 11 7 12 5 5 8 5 2 8 10 8 10 9 11 9 5 4 11 8 2 1 9 7 6 6 8 6 4 0 7 2 1 1 10 4 10 3 3 1 10 12
1 1 8 9
3 4 11 24 28 25 7 23 32
#c 12 0 0 10 3 6 7 9 11 9 2 11 7 12 5 5 8 5 2 8 10 8 10 9 11 9 5 4 11 8 2 1 9 7 6 6 8 6 4 0 7 2 1 1 10 4 10 3 3 1 10 12
1 1 51 49
2 3 13 0 31 43 42
#c 12 0 0 10 3 6 7 9 11 9 2 11 7 12 5 5 8 5 2 8 10 8 10 9 11 9 5 4 11 8 2 1 9 7 6 6 8 6 4 0 7 2 1 1 10 4 10 3 3 1 10 12
1 1 1 4
2 2 39 2 47 48
#c 12 0 0 10 3 6 7 9 11 9 2 11 7 12 5 5 8 5 2 8 10 8 10 9 11 9 5 4 11 8 2 1 9 7 6 6 8 6 4 0 7 2 1 1 10 4 10 3 3 1 10 12
1 1 49 10
3 3 31 43 42 41 30 18
#c 12 0 0 10 3 6 7 9 11 9 2 11 7 12 5 5 8 5 2 8 10 8 10 9 11 9 5 4 11 8 2 1 9 7 6 6 8 6 4 0 7 2 1 1 10 4 10 3 3 1 10 12
2 1 18 10 0
2 2 41 30 51 13
#c 12 0 0 10 3 6 7 9 11 9 2 11 7 12 5 5 8 5 2 8 10 8 10 9 11 9 5 4 11 8 2 1 9 7 6 6 8 6 4 0 7 2 1 1 10 4 10 3 3 1 10 12
1 1 4 25
2 4 47 48 9 7 23 32
#c 12 0 0 10 3 6 7 9 11 9 2 11 7 12 5 5 8 5 2 8 10 8 10 9 11 9 5 4 11 8 2 1 9 7 6 6 8 6 4 0 7 2 1 1 10 4 10 3 3 1 10 12
1 1 38 12
12 0 0 10 3 6 7 9 11 9 2 11 7 12 5 5 8 5 2 8 10 8 10 9 11 9 5 4 11 8 2 1 9 7 6 6 8 6 4 0 7 2 1 1 10 4 10 3 3 1 10 12
