#c 0 1 2 3 4 5 6 7 8 9 10 0 1 2 3 4 5 6 7 8 9 10 0 1 2 3 4 5 6 7 8 9 10 0 1 2 3 4 5 6 7 8 9 10 0 1 2 3 4 5
2 2 45 1 31 20
3 2 12 23 34 9 42
#c 0 9 2 3 4 5 6 7 8 9 10 0 1 2 3 4 5 6 7 8 1 10 0 1 2 3 4 5 6 7 8 1 10 0 1 2 3 4 5 6 7 8 9 10 0 9 2 3 4 5
2 2 35 46 31 23
3 3 2 13 24 12 34 20
#c 0 9 2 3 4 5 6 7 8 9 10 0 1 2 3 4 5 6 7 8 1 10 0 1 2 3 4 5 6 7 8 1 10 0 1 2 3 4 5 6 7 8 9 10 0 9 2 3 4 5
2 2 25 14 39 28
3 2 3 36 47 6 17
#c 0 9 2 3 4 5 6 7 8 9 10 0 1 2 6 4 5 6 7 8 1 10 0 1 2 6 4 5 3 7 8 1 10 0 1 2 3 4 5 3 7 8 9 10 0 9 2 3 4 5
1 1 4 47
4 4 15 26 37 48 3 36 39 28
#c 0 9 2 3 4 5 6 7 8 9 10 0 1 2 6 4 5 6 7 8 1 10 0 1 2 6 4 5 3 7 8 1 10 0 1 2 3 4 5 3 7 8 9 10 0 9 2 3 4 5
2 2 5 38 2 24
3 3 16 27 49 13 35 46
#c 0 9 5 3 4 2 6 7 8 9 10 0 1 2 6 4 5 6 7 8 1 10 0 1 5 6 4 5 3 7 8 1 10 0 1 2 3 4 2 3 7 8 9 10 0 9 2 3 4 5
2 2 6 25 16 49
2 3 17 14 27 2 24
#c 0 9 5 3 4 2 5 7 8 9 10 0 1 2 6 4 6 6 7 8 1 10 0 1 5 5 4 5 3 7 8 1 10 0 1 2 3 4 2 3 7 8 9 10 0 9 2 3 4 6
#c 0 9 5 3 4 2 5 7 8 9 10 0 1 2 6 4 6 6 7 8 1 10 0 1 5 5 4 5 3 7 8 1 10 0 1 2 3 4 2 3 7 8 9 10 0 9 2 3 4 6
2 2 30 19 37 26
2 3 8 41 4 15 48
#c 0 9 5 3 4 2 5 7 8 9 10 0 1 2 6 4 6 6 7 8 1 10 0 1 5 5 4 5 3 7 8 1 10 0 1 2 3 4 2 3 7 8 9 10 0 9 2 3 4 6
2 3 45 42 28 36 3
2 2 9 1 47 39
#c 0 9 5 3 4 2 5 7 8 9 10 0 1 2 6 4 6 6 7 8 1 10 0 1 5 5 4 5 3 7 8 1 10 0 1 2 3 4 2 3 7 8 9 10 0 9 2 3 4 6
2 2 21 32 23 31
2 3 10 43 12 34 20
#c 0 9 5 3 4 2 5 7 8 9 10 0 1 2 6 4 6 6 7 8 1 1 0 10 5 5 4 5 3 7 8 10 1 0 1 2 3 4 2 3 7 8 9 10 0 9 2 3 4 6
1 1 44 21
4 4 0 11 22 33 12 34 20 32
#c 0 9 5 3 4 2 5 7 8 9 10 0 1 2 6 4 6 6 7 8 1 1 0 10 5 5 4 5 3 7 8 10 1 0 1 2 3 4 2 3 7 8 9 10 0 9 2 3 4 6
1 1 32 8
4 3 12 34 20 21 19 30 41
#c 0 9 5 3 4 2 5 7 8 9 10 0 1 2 6 4 6 6 7 8 1 1 0 10 5 5 4 5 3 7 8 10 1 0 1 2 3 4 2 3 7 8 9 10 0 9 2 3 4 6
1 1 13 16
4 3 35 46 5 38 17 14 49
#c 0 9 5 3 4 2 5 7 8 9 10 0 1 2 6 4 6 6 7 8 1 1 0 10 5 5 4 5 3 7 8 10 1 0 1 2 3 4 2 3 7 8 9 10 0 9 2 3 4 6
1 1 47 45
4 3 3 36 39 28 9 42 1
#c 0 9 5 3 4 2 5 7 8 9 10 0 1 2 6 4 6 6 7 8 1 1 0 10 5 5 4 5 3 7 8 10 1 0 1 2 3 4 2 3 7 8 9 10 0 3 2 9 4 6
1 1 48 41
4 3 4 15 26 37 8 19 30
#c 0 9 5 3 4 2 5 7 8 9 10 0 1 2 6 4 6 6 7 8 1 1 0 10 5 5 4 5 3 7 8 10 1 0 1 2 3 4 2 3 7 8 9 10 0 3 2 9 4 6
2 2 2 24 17 16
3 2 27 6 25 14 49
#c 0 9 6 3 4 2 5 7 8 9 10 0 1 2 6 4 5 5 7 8 1 1 0 10 6 5 4 5 3 7 8 10 1 0 1 2 3 4 2 3 7 8 9 10 0 3 2 9 4 6
1 1 49 44
3 4 14 2 24 0 11 22 33
#c 0 9 6 3 4 2 5 7 8 9 10 0 1 2 6 4 5 5 7 8 1 1 0 10 6 5 4 5 3 7 8 10 1 0 1 2 3 4 2 3 7 8 9 10 0 3 2 9 4 6
2 2 18 29 48 37
2 3 7 40 4 15 26
#c 0 9 6 3 4 2 5 7 8 9 10 0 1 2 6 4 5 5 7 8 1 1 0 10 6 5 4 5 3 7 8 10 1 0 1 2 3 4 2 3 7 8 9 10 0 3 2 9 4 6
2 2 19 8 27 17
2 3 30 41 6 25 16
#c 0 9 6 3 4 2 5 7 8 9 10 0 1 2 6 4 5 5 7 8 1 1 0 10 6 5 4 5 3 7 8 10 1 0 1 2 3 4 2 3 7 8 9 10 0 3 2 9 4 6
1 1 9 30
3 3 42 1 47 8 19 41
#c 0 9 6 3 4 2 5 7 8 9 10 0 1 2 6 4 5 5 7 8 1 1 0 10 6 5 4 5 3 7 8 10 1 0 1 2 3 4 2 3 7 8 9 10 0 3 2 9 4 6
1 1 31 19
3 3 10 43 23 8 30 41
#c 0 9 6 3 4 2 5 7 8 9 10 0 1 2 6 4 5 5 7 10 1 1 0 10 6 5 4 5 3 7 8 8 1 0 1 2 3 4 2 3 7 8 9 10 0 3 2 9 4 6
1 1 11 38
4 4 0 22 33 44 13 35 46 5
#c 0 9 6 3 4 2 5 7 8 9 10 2 1 2 6 4 5 5 7 10 1 1 0 10 6 5 4 5 3 7 8 8 1 0 1 2 3 4 0 3 7 8 9 10 0 3 2 9 4 6
1 1 34 10
4 3 12 20 21 32 43 23 19
#c 0 9 6 3 4 2 5 7 8 9 10 2 1 2 6 4 5 5 7 10 1 1 0 10 6 5 4 5 3 7 8 8 1 0 1 2 3 4 0 3 7 8 9 10 0 3 2 9 4 6
2 2 35 11 29 18
3 2 13 46 5 7 40
#c 0 9 6 3 4 2 5 7 8 9 10 2 1 2 6 4 5 5 7 10 1 1 0 10 6 5 4 5 3 7 8 8 1 0 1 2 3 4 0 3 7 8 9 10 0 3 2 9 4 6
#c 0 9 6 3 4 2 5 7 8 9 10 2 1 2 6 4 5 5 7 10 1 1 0 10 6 5 4 5 3 7 8 8 1 0 1 2 3 4 0 3 7 8 9 10 0 3 2 9 4 6
#c 0 9 6 3 4 2 5 7 8 9 10 2 1 2 6 4 5 5 7 10 1 1 0 10 6 5 4 5 3 7 8 8 1 0 1 2 3 4 0 3 7 8 9 10 0 3 2 9 4 6
2 1 27 6 2
3 3 25 17 16 14 49 24
#c 0 9 5 3 4 2 6 7 8 9 10 2 1 2 6 4 5 5 7 10 1 1 0 10 6 5 4 6 3 7 8 8 1 0 1 2 3 4 0 3 7 8 9 10 0 3 2 9 4 6
2 3 14 24 17 2 25
3 1 49 27 6 16
#c 0 9 5 3 4 2 6 7 8 9 10 2 1 2 6 4 5 5 7 10 1 1 0 10 6 5 4 6 3 7 8 8 1 0 1 2 3 4 0 3 7 8 9 10 0 3 2 9 4 6
2 2 29 40 6 24
2 3 7 18 14 49 27
#c 0 9 5 3 4 2 6 7 8 9 10 2 1 2 6 4 5 5 7 10 1 1 0 10 6 5 4 6 3 7 8 8 1 0 1 2 3 4 0 3 7 8 9 10 0 3 2 9 4 6
1 1 31 15
3 4 8 30 41 4 26 37 48
#c 0 9 5 3 4 2 6 7 8 9 10 2 1 2 6 4 5 5 7 10 1 1 0 10 6 5 4 6 3 7 8 8 1 0 1 2 3 4 0 3 7 8 9 10 0 3 2 9 4 6
1 1 1 28
3 4 9 42 47 3 36 39 45
#c 0 9 5 3 4 2 6 7 8 9 10 2 1 2 6 4 5 5 7 10 1 1 0 10 6 5 4 6 3 7 8 8 1 0 1 2 3 4 0 3 7 8 9 10 0 3 2 9 4 6
2 4 23 10 12 20 21 34
2 1 43 19 32
#c 0 9 5 3 4 2 6 7 8 9 1 2 10 2 6 4 5 5 7 10 10 10 0 1 6 5 4 6 3 7 8 8 1 0 10 2 3 4 0 3 7 8 9 10 0 3 2 9 4 6
#c 0 9 5 3 4 2 6 7 8 9 1 2 10 2 6 4 5 5 7 10 10 10 0 1 6 5 4 6 3 7 8 8 1 0 10 2 3 4 0 3 7 8 9 10 0 3 2 9 4 6
1 3 10 11 5 46
2 2 32 23 13 35
#c 0 9 5 3 4 2 6 7 8 9 1 2 10 2 6 4 5 5 7 10 10 10 0 1 6 5 4 6 3 7 8 8 1 0 10 2 3 4 0 3 7 8 9 10 0 3 2 9 4 6
1 1 5 8
4 3 13 35 46 11 30 41 31
#c 0 9 5 3 4 2 6 7 8 9 1 2 10 2 6 4 5 5 7 10 10 10 0 1 6 5 4 6 3 7 8 8 1 0 10 2 3 4 0 3 7 8 9 10 0 3 2 9 4 6
2 2 45 36 1 9
3 2 3 39 28 42 47
#c 0 9 5 3 4 2 6 7 8 9 1 2 10 2 6 4 5 5 7 10 10 10 0 1 6 5 4 6 3 7 8 8 1 0 10 2 3 4 0 3 7 8 9 10 0 3 2 9 4 6
2 2 4 37 23 10
3 1 15 26 48 32
#c 0 9 5 3 4 2 6 7 8 9 1 2 10 2 6 4 5 5 7 10 10 10 0 1 6 5 4 6 3 7 8 8 1 0 10 2 3 4 0 3 7 8 9 10 0 3 2 9 4 6
2 2 2 25 47 9
2 2 17 16 42 1
#c 0 9 5 3 4 2 6 7 8 9 1 2 10 2 6 4 5 5 7 10 10 10 0 1 6 5 4 6 3 7 8 8 1 0 10 2 3 4 0 3 7 8 9 10 0 3 2 9 4 6
2 3 27 6 47 9 42
3 1 14 49 24 1
#c 0 9 5 3 4 2 6 7 8 9 1 2 10 2 6 4 5 5 7 10 10 10 0 1 6 5 4 6 3 7 8 8 1 0 10 2 3 4 0 3 7 8 9 10 0 3 2 9 4 6
1 1 18 14
3 4 7 29 40 49 24 27 6
#c 0 9 5 3 4 2 6 7 8 9 1 2 10 2 6 4 5 5 7 10 10 10 0 1 6 5 4 6 3 7 8 8 1 0 10 2 3 4 0 3 7 8 9 10 0 3 2 9 4 6
2 2 31 41 48 26
2 3 8 30 4 15 37
#c 0 9 5 3 4 2 6 7 8 9 1 2 10 2 6 4 5 5 7 10 10 10 0 1 6 5 4 6 3 7 8 8 1 0 10 2 3 4 0 3 7 8 9 10 0 3 2 9 4 6
2 2 1 9 14 6
2 3 42 47 49 24 27
#c 0 6 5 3 4 2 9 7 8 6 1 2 10 2 9 4 5 5 7 10 10 10 0 1 6 5 4 6 3 7 8 8 1 0 10 2 3 4 0 3 7 8 9 10 0 3 2 9 4 6
3 1 19 20 21 17
3 3 43 12 34 25 16 2
#c 0 6 5 3 4 2 9 7 8 6 1 2 10 2 9 4 5 5 7 10 10 10 0 1 6 5 4 6 3 7 8 8 1 0 10 2 3 4 0 3 7 8 9 10 0 3 2 9 4 6
2 2 33 44 35 11
3 3 0 22 38 13 46 5
#c 0 6 5 3 4 2 9 7 8 6 1 2 10 2 9 4 5 5 7 10 10 10 0 1 6 5 4 6 3 7 8 8 1 0 10 2 3 4 0 3 7 8 9 10 0 3 2 9 4 6
1 1 23 22
2 4 32 10 0 33 44 38
#c 0 6 5 3 4 2 9 7 8 6 1 2 10 2 9 4 5 5 7 10 10 10 1 0 6 5 4 6 3 7 8 8 1 0 10 2 3 4 0 3 7 8 9 10 0 3 2 9 4 6
2 2 5 46 43 21
3 4 13 35 11 19 12 20 34
#c 0 6 5 3 4 2 9 7 8 6 1 2 10 2 9 4 5 5 7 10 10 10 1 0 6 5 4 6 3 7 8 8 1 0 10 2 3 4 0 3 7 8 9 10 0 3 2 9 4 6
2 2 3 45 41 30
3 2 36 39 28 8 31
#c 0 6 5 3 4 2 9 7 8 6 1 2 10 2 9 4 5 5 7 10 10 10 1 0 6 5 4 6 3 7 8 8 1 0 10 2 3 4 0 3 7 8 9 10 0 3 2 9 4 6
1 1 26 49
4 4 4 15 37 48 24 27 1 9
#c 0 6 5 3 4 2 9 7 8 6 1 2 10 2 9 4 5 5 7 10 10 10 1 0 6 5 4 6 3 7 8 8 1 0 10 2 3 4 0 3 7 8 9 10 0 3 2 9 4 6
2 2 17 25 43 34
2 4 16 2 19 12 20 21
#c 0 6 5 3 4 2 9 7 8 6 1 2 10 2 9 4 5 5 7 10 10 10 1 0 6 5 4 6 3 7 8 8 1 0 10 2 3 4 0 3 7 8 9 10 0 3 2 9 4 6
2 2 27 9 13 46
3 3 49 24 1 35 5 11
#c 0 6 5 3 4 2 9 7 8 2 1 2 10 6 9 4 5 5 7 10 10 10 1 0 6 5 4 2 3 7 8 8 1 0 10 2 3 4 0 3 7 8 9 10 0 3 6 9 4 6
2 2 40 29 38 44
2 3 7 18 0 33 23
#c 0 6 5 3 4 2 9 7 8 2 1 2 10 6 9 4 5 5 7 10 10 10 1 0 6 5 4 2 3 7 8 8 1 0 10 2 3 4 0 3 7 8 9 10 0 3 6 9 4 6
1 1 41 39
3 4 8 30 31 3 36 28 45
#c 0 6 5 3 4 2 9 7 8 2 1 2 10 6 9 4 5 5 7 10 10 10 1 0 6 5 4 2 3 7 8 8 1 0 10 2 3 4 0 3 7 8 9 10 0 3 6 9 4 6
1 1 42 17
3 3 47 14 6 25 16 2
#c 0 6 5 3 4 2 9 7 8 2 1 2 10 6 9 4 5 5 7 10 10 10 1 0 6 5 4 2 3 7 8 8 1 0 10 2 3 4 0 3 7 8 9 10 0 3 6 9 4 6
1 1 43 31
5 3 19 12 20 21 34 8 30 41
#c 0 6 5 3 4 2 9 7 8 2 1 2 10 6 9 4 5 5 7 10 10 10 1 0 6 5 4 2 3 7 8 10 1 0 10 2 3 4 0 3 7 8 9 8 0 3 6 9 4 6
1 1 23 25
4 3 0 33 44 38 17 16 2
#c 0 6 5 3 4 2 9 7 8 2 1 2 10 6 9 4 5 5 7 10 10 10 1 0 6 5 4 2 3 7 8 10 1 0 10 2 3 4 0 3 7 8 9 8 0 3 6 9 4 6
1 1 10 38
2 4 32 22 0 33 44 23
#c 0 6 5 3 4 2 9 7 8 2 0 2 10 6 9 4 5 5 7 10 10 10 1 0 6 5 4 2 3 7 8 10 1 0 10 2 3 4 1 3 7 8 9 8 0 3 6 9 4 6
2 2 35 9 33 44
3 3 5 11 27 0 23 10
#c 0 6 5 3 4 2 9 7 8 2 0 2 10 6 9 4 5 5 7 10 10 10 1 0 6 5 4 2 3 7 8 10 1 0 10 2 3 4 1 3 7 8 9 8 0 3 6 9 4 6
#c 0 6 5 3 4 2 9 7 8 2 0 2 10 6 9 4 5 5 7 10 10 10 1 0 6 5 4 2 3 7 8 10 1 0 10 2 3 4 1 3 7 8 9 8 0 3 6 9 4 6
2 2 48 4 6 42
3 2 15 26 37 47 14
#c 0 6 5 3 4 2 9 7 8 2 0 2 10 6 9 4 5 5 7 10 10 10 1 0 6 5 4 2 3 7 8 10 1 0 10 2 3 4 1 3 7 8 9 8 0 3 6 9 4 6
2 2 25 2 48 37
2 3 17 16 4 15 26
#c 0 6 5 3 4 2 9 7 8 2 0 2 10 6 9 4 5 5 7 10 10 10 1 0 6 5 4 2 3 7 8 10 1 0 10 2 3 4 1 3 7 8 9 8 0 3 6 9 4 6
2 2 1 49 38 32
3 1 24 13 46 22
#c 0 6 5 3 4 2 9 7 8 2 0 2 10 6 9 4 5 5 7 10 10 10 1 0 6 5 4 2 3 7 8 10 1 0 10 2 3 4 1 3 7 8 9 8 0 3 6 9 4 6
2 3 29 40 20 21 34
2 3 7 18 19 12 31
#c 0 6 5 3 4 2 9 7 8 2 0 2 10 6 9 4 5 5 7 10 10 10 1 0 6 5 4 2 3 7 8 10 1 0 10 2 3 4 1 3 7 8 9 8 0 3 6 9 4 6
1 1 41 22
3 2 8 30 43 32 38
#c 0 6 5 3 4 2 9 7 8 2 0 2 10 6 9 4 5 5 7 10 10 10 1 0 6 5 4 2 3 7 8 10 1 0 10 2 3 4 1 3 7 8 9 8 0 3 6 9 4 6
2 2 6 47 5 35
2 3 42 14 11 27 9
#c 0 6 5 3 4 9 2 7 8 2 0 2 10 6 9 4 5 5 7 10 10 10 1 0 6 5 4 2 3 7 8 10 1 0 10 9 3 4 1 3 7 8 9 8 0 3 6 2 4 6
3 2 34 20 12 0 23
3 3 19 21 31 33 44 10
#c 0 6 5 3 4 9 2 7 8 2 0 2 10 6 9 4 5 5 7 10 10 10 1 0 6 5 4 2 3 7 8 10 1 0 10 9 3 4 1 3 7 8 9 8 0 3 6 2 4 6
2 2 10 44 41 8
3 2 0 33 23 30 43
#c 0 6 5 3 4 9 2 7 8 2 0 2 10 6 9 4 5 5 7 10 10 10 1 0 6 5 4 2 3 7 8 10 1 0 10 9 3 4 1 3 7 8 9 8 0 3 6 2 4 6
1 3 38 29 7 18
2 1 32 22 40
#c 0 6 5 3 4 9 2 7 8 2 0 2 10 6 9 4 5 5 7 10 10 10 1 0 6 5 4 2 3 7 8 10 1 0 10 9 3 4 1 3 7 8 9 8 0 3 6 2 4 6
1 1 47 25
4 3 11 27 9 6 17 16 2
#c 0 6 5 3 4 9 2 7 8 2 0 2 10 6 9 4 5 5 7 10 10 10 1 0 6 5 4 2 3 7 8 10 1 0 10 9 3 4 1 3 7 8 9 8 0 3 6 2 4 6
#c 0 6 5 3 4 9 2 7 8 2 0 2 10 6 9 4 5 5 7 10 10 10 1 0 6 5 4 2 3 7 8 10 1 0 10 9 3 4 1 3 7 8 9 8 0 3 6 2 4 6
2 2 15 37 13 24
3 3 4 26 48 49 1 46
#c 0 6 5 3 4 9 2 7 8 2 0 2 10 6 9 4 5 5 7 10 10 10 1 0 6 5 4 2 3 7 8 10 1 0 10 9 3 4 1 3 7 8 9 8 0 3 6 2 4 6
2 2 25 16 41 8
2 2 17 2 30 43
#c 0 6 5 3 4 9 2 7 5 2 0 2 10 6 9 4 8 5 7 10 10 10 1 0 6 8 4 2 3 7 8 10 1 0 10 9 3 4 1 3 7 5 9 8 0 3 6 2 4 6
1 1 46 35
4 3 49 24 1 13 42 14 5
#c 0 6 5 3 4 9 2 7 5 2 0 2 10 6 9 4 8 5 7 10 10 10 1 0 6 8 4 2 3 7 8 10 1 0 10 9 3 4 1 3 7 5 9 8 0 3 6 2 4 6
1 1 29 10
3 4 7 18 40 0 33 44 23
#c 0 6 5 3 4 9 2 7 5 2 0 2 10 6 9 4 8 5 7 10 10 10 1 0 6 8 4 2 3 7 8 10 1 0 10 9 3 4 1 3 7 5 9 8 0 3 6 2 4 6
1 1 16 32
3 2 30 43 25 22 38
#c 0 6 5 3 4 9 2 7 5 2 0 2 10 6 9 4 1 5 7 10 10 10 1 0 6 8 4 2 3 7 8 10 8 0 10 9 3 4 1 3 7 5 9 8 0 3 6 2 4 6
#c 0 6 5 3 4 9 2 7 5 2 0 2 10 6 9 4 1 5 7 10 10 10 1 0 6 8 4 2 3 7 8 10 8 0 10 9 3 4 1 3 7 5 9 8 0 3 6 2 4 6
2 2 21 34 38 16
4 1 19 12 20 31 22
#c 0 6 5 3 4 9 2 7 5 2 0 2 10 6 9 4 1 5 7 10 10 10 1 0 6 8 4 2 3 7 8 10 8 0 10 9 3 4 1 3 7 5 9 8 0 3 6 2 4 6
2 2 44 33 2 8
3 2 0 23 10 17 41
#c 0 6 5 3 4 9 2 7 5 2 0 2 10 6 9 4 1 5 7 10 10 10 1 0 6 8 4 2 3 7 8 10 8 0 10 9 3 4 1 3 7 5 9 8 0 3 6 2 4 6
#c 0 6 5 3 4 9 2 7 5 2 0 2 10 6 9 4 1 5 7 10 10 10 1 0 6 8 4 2 3 7 8 10 8 0 10 9 3 4 1 3 7 5 9 8 0 3 6 2 4 6
2 2 9 47 14 5
3 2 11 27 6 42 35
#c 0 6 5 3 4 9 2 7 5 2 0 2 10 6 9 4 1 5 7 10 10 10 1 0 6 8 4 2 3 7 8 10 8 0 10 9 3 4 1 3 7 5 9 8 0 3 6 2 4 6
#c 0 6 5 3 4 9 2 7 5 2 0 2 10 6 9 4 1 5 7 10 10 10 1 0 6 8 4 2 3 7 8 10 8 0 10 9 3 4 1 3 7 5 9 8 0 3 6 2 4 6
2 2 37 4 38 22
3 1 15 26 48 16
#c 0 6 5 3 4 9 2 7 5 2 0 2 10 6 9 4 1 5 7 10 10 10 1 0 6 8 4 2 3 7 8 10 8 0 10 9 3 4 1 3 7 5 9 8 0 3 6 2 4 6
2 2 17 8 27 11
2 3 2 41 9 6 47
#c 0 6 5 3 4 9 2 7 2 2 0 5 10 6 9 4 1 2 7 10 10 10 1 0 6 8 4 5 3 7 8 10 8 0 10 9 3 4 1 3 7 5 9 8 0 3 6 2 4 6
2 1 46 1 32
3 3 49 24 13 30 43 25
#c 0 6 5 3 4 9 2 7 2 2 0 5 10 6 9 4 1 2 7 10 10 10 1 0 6 8 4 5 3 7 8 10 8 0 10 9 3 4 1 3 7 5 9 8 0 3 6 2 4 6
2 2 40 29 13 49
2 3 7 18 24 1 46
#c 0 6 5 3 4 9 2 7 2 2 0 5 10 6 9 4 1 2 7 10 10 10 1 0 6 8 4 5 3 7 8 10 8 0 10 9 3 4 1 3 7 5 9 8 0 3 6 2 4 6
2 2 32 25 15 4
2 3 30 43 26 37 48
#c 0 6 5 3 4 9 2 7 2 2 0 5 10 6 9 4 1 2 7 10 10 10 1 0 6 8 4 5 3 7 8 10 8 0 10 9 3 4 1 3 7 5 9 8 0 3 6 2 4 6
1 1 14 28
3 4 42 5 35 3 36 39 45
#c 0 6 5 3 4 9 2 7 2 2 0 5 10 6 9 4 1 2 7 10 10 10 1 0 6 8 4 5 3 7 8 10 8 0 10 9 3 4 1 3 7 5 9 8 0 3 6 2 4 6
3 3 20 19 21 39 28 45
3 2 12 34 31 3 36
#c 0 6 5 3 4 9 2 7 2 2 0 5 10 6 9 4 1 2 7 10 10 10 1 0 6 8 4 5 3 7 8 10 8 0 10 9 3 4 1 3 7 5 9 8 0 3 6 2 4 6
1 1 44 22
4 2 0 33 23 10 38 16
#c 0 6 5 3 4 9 2 7 2 2 0 5 10 6 9 4 1 2 7 10 10 10 1 0 6 8 4 5 3 7 8 10 8 0 10 9 3 4 1 3 7 5 9 8 0 3 6 2 4 6
2 4 22 38 49 24 1 46
#c 0 6 5 3 4 9 2 7 2 2 0 5 10 6 9 4 1 2 7 10 10 10 1 0 6 8 4 5 3 7 8 10 8 0 10 9 3 4 1 3 7 5 9 8 0 3 6 2 4 6
1 1 9 44
4 4 6 47 17 8 0 33 23 10
#c 0 6 5 3 4 9 2 7 2 2 0 5 10 6 9 4 1 2 7 10 10 10 1 0 6 8 4 5 3 7 8 10 8 0 10 9 3 4 1 3 7 5 9 8 0 3 6 2 4 6
2 2 28 39 2 41
3 2 3 36 45 27 11
#c 0 6 5 3 4 9 2 7 2 2 0 5 10 6 9 4 1 2 7 10 10 10 1 0 6 8 4 5 3 7 8 10 8 0 10 9 3 4 1 3 7 5 9 8 0 3 6 2 4 6
1 1 26 32
4 3 4 15 37 48 30 43 25
#c 0 6 5 3 4 9 2 7 2 2 0 5 10 6 9 4 1 2 7 10 10 10 1 0 6 8 4 5 3 7 8 10 8 0 10 9 3 4 1 3 7 5 9 8 0 3 6 2 4 6
2 2 41 11 46 13
2 3 2 27 49 24 1
#c 0 6 5 3 4 9 2 7 2 2 0 6 10 5 9 4 1 2 7 10 10 10 1 0 6 8 4 5 3 7 8 10 8 0 10 9 3 4 1 3 7 6 9 8 0 3 5 2 4 6
1 1 49 28
4 4 24 1 41 11 3 36 39 45
#c 0 6 5 3 4 9 2 7 2 2 0 6 10 5 9 4 1 2 7 10 10 10 1 0 6 8 4 5 3 7 8 10 8 0 10 9 3 4 1 3 7 6 9 8 0 3 5 2 4 6
2 3 7 29 41 11 1
2 2 18 40 49 24
#c 0 6 5 3 4 9 2 7 2 2 0 6 10 5 9 4 1 2 7 10 10 10 1 0 6 8 4 5 3 7 8 10 8 0 10 9 3 4 1 3 7 6 9 8 0 3 5 2 4 6
1 3 43 18 29 40
3 1 30 25 32 7
#c 0 6 5 3 4 9 2 7 2 2 0 6 10 5 9 4 1 2 7 10 10 10 1 0 6 8 4 5 3 7 8 10 8 0 10 9 3 4 1 3 7 6 9 8 0 3 5 2 4 6
2 2 14 5 9 17
2 3 42 35 6 47 8
#c 0 6 5 3 4 9 2 7 2 2 0 6 10 5 9 4 1 2 7 10 10 10 1 0 6 8 4 5 3 7 8 10 8 0 10 9 3 4 1 3 7 6 9 8 0 3 5 2 4 6
3 3 31 21 19 32 30 43
3 1 12 20 34 25
#c 0 6 5 3 4 9 2 7 2 2 0 6 10 5 9 4 1 2 7 10 10 10 1 0 6 8 4 5 3 7 8 10 8 0 10 9 3 4 1 3 7 6 9 8 0 3 5 2 4 6
1 1 23 32
4 3 0 33 44 10 30 43 25
#c 0 6 5 3 4 9 2 7 2 2 0 6 10 5 9 4 1 2 7 10 10 10 1 0 6 8 4 5 3 7 8 10 8 0 10 9 3 4 1 3 7 6 9 8 0 3 5 2 4 6
1 1 38 36
2 4 22 16 3 39 28 45
#c 0 6 5 3 4 9 2 7 2 2 0 6 10 5 9 4 1 2 7 10 10 10 1 0 6 8 4 5 3 7 8 10 8 0 10 9 1 4 3 3 7 6 9 8 0 3 5 2 4 6
#c 0 6 5 3 4 9 2 7 2 2 0 6 10 5 9 4 1 2 7 10 10 10 1 0 6 8 4 5 3 7 8 10 8 0 10 9 1 4 3 3 7 6 9 8 0 3 5 2 4 6
#c 0 6 5 3 4 9 2 7 2 2 0 6 10 5 9 4 1 2 7 10 10 10 1 0 6 8 4 5 3 7 8 10 8 0 10 9 1 4 3 3 7 6 9 8 0 3 5 2 4 6
2 2 15 4 22 16
3 1 26 37 48 36
#c 0 6 5 3 4 9 2 7 2 2 0 6 10 5 9 4 1 2 7 10 10 10 1 0 6 8 4 5 3 7 8 10 8 0 10 9 1 4 3 3 7 6 9 8 0 3 5 2 4 6
1 1 46 26
3 4 2 27 13 4 15 37 48
#c 0 6 5 3 4 9 2 7 2 2 0 6 10 5 9 4 1 2 7 10 10 10 1 0 6 8 5 5 3 7 8 10 8 0 10 9 1 4 3 3 7 6 9 8 0 3 4 2 4 6
1 1 11 39
4 4 49 24 1 41 3 28 45 38
#c 0 6 5 3 4 9 2 7 2 2 0 6 10 5 9 4 1 2 7 10 10 10 1 0 6 8 5 5 3 7 8 10 8 0 10 9 1 4 3 3 7 6 9 8 0 3 4 2 4 6
#c 0 6 5 3 4 9 2 7 2 2 0 6 10 5 9 4 1 2 7 10 10 10 1 0 6 8 5 5 3 7 8 10 8 0 10 9 1 4 3 3 7 6 9 8 0 3 4 2 4 6
#c 0 6 5 3 4 9 2 7 2 2 0 6 10 5 9 4 1 2 7 10 10 10 1 0 6 8 5 5 3 7 8 10 8 0 10 9 1 4 3 3 7 6 9 8 0 3 4 2 4 6
1 1 35 27
3 3 42 14 5 2 13 26
#c 0 6 5 3 4 9 2 7 2 2 0 6 10 5 9 4 1 2 7 10 10 10 1 0 6 8 5 5 3 7 8 10 8 0 10 9 1 4 3 3 7 6 9 8 0 3 4 2 4 6
2 2 21 12 3 38
4 3 19 20 34 31 39 28 45
#c 0 6 5 3 4 9 2 7 2 2 0 6 10 5 9 4 1 2 7 10 10 10 1 0 6 8 5 5 3 7 8 10 8 0 10 9 1 4 3 3 7 6 9 8 0 3 4 2 4 6
1 1 33 46
4 4 0 44 23 10 4 15 37 48
#c 0 6 5 3 4 9 2 7 2 2 0 6 10 5 9 4 1 2 7 10 10 10 1 0 6 8 5 5 3 7 8 10 8 0 10 9 1 4 3 3 7 6 9 8 0 3 4 2 4 6
1 1 36 26
2 3 22 16 2 27 13
#c 0 6 5 3 4 9 2 7 2 2 0 6 10 5 9 4 1 2 7 10 10 10 1 0 6 8 5 5 3 7 8 10 8 0 10 9 1 4 3 3 7 6 9 8 0 3 4 2 4 6
2 2 9 6 28 39
3 3 47 17 8 3 45 38
#c 0 6 5 3 4 9 2 7 2 2 0 6 10 5 9 4 1 2 7 10 10 10 1 0 6 8 5 5 3 7 8 10 8 0 10 9 1 4 3 3 7 6 9 8 0 3 4 2 4 6
1 1 28 13
4 3 3 39 45 38 2 27 26
#c 0 6 5 3 4 9 2 7 2 2 0 6 10 3 9 4 1 2 7 10 10 10 1 0 6 8 5 5 5 7 8 10 8 0 10 9 1 4 3 3 7 6 9 8 0 3 4 2 4 6
1 1 48 12
4 5 4 15 37 46 19 20 21 34 31
#c 0 6 5 3 4 9 2 7 2 2 0 6 10 3 9 4 1 2 7 10 10 10 1 0 6 8 5 5 5 7 8 10 8 0 10 9 1 4 3 3 7 6 9 8 0 3 4 2 4 6
2 2 26 27 29 18
2 2 2 28 7 40
#c 0 6 5 3 4 9 2 7 2 2 0 6 10 3 9 4 1 2 7 10 10 10 1 0 6 8 5 5 5 7 8 10 8 0 10 9 1 4 3 3 7 6 9 8 0 3 4 2 4 6
2 3 41 11 40 7 29
3 1 49 24 1 18
#c 0 6 5 3 4 9 2 6 2 2 0 7 10 3 9 4 1 2 7 10 10 10 1 0 6 8 5 5 5 6 8 10 8 0 10 9 1 4 3 3 6 7 9 8 0 3 4 2 4 6
1 1 11 2
2 3 18 41 27 26 28
#c 0 6 5 3 4 9 2 6 2 2 0 7 10 3 9 4 1 2 7 10 10 10 1 0 6 8 5 5 5 6 8 10 8 0 10 9 1 4 3 3 6 7 9 8 0 3 4 2 4 6
1 1 43 28
3 3 30 25 32 2 27 26
#c 0 6 5 3 4 9 2 6 2 2 0 7 10 3 9 4 1 2 7 10 10 10 1 0 6 8 5 5 5 6 8 10 8 0 10 9 1 4 3 3 6 7 9 8 0 3 4 2 4 6
#c 0 6 5 3 4 9 2 6 2 2 0 7 10 3 9 4 1 2 7 10 10 10 1 0 6 8 5 5 5 6 8 10 8 0 10 9 1 4 3 3 6 7 9 8 0 3 4 2 4 6
2 2 19 34 46 37
4 3 12 20 21 31 4 15 48
#c 0 6 5 3 4 9 2 6 2 2 0 7 10 3 9 4 1 2 7 10 10 10 1 0 6 8 5 5 5 6 8 10 8 0 10 9 1 4 3 3 6 7 9 8 0 3 4 2 4 6
1 1 0 28
4 3 33 44 23 10 2 27 26
#c 0 6 5 3 4 9 2 6 2 2 0 7 10 3 9 4 1 2 7 10 10 10 1 0 6 8 5 5 5 6 8 10 8 0 10 9 1 4 3 3 6 7 9 8 0 3 4 2 4 6
1 1 16 41
2 2 22 36 18 11
#c 0 6 5 3 4 9 2 6 2 2 0 7 10 3 9 4 1 2 7 10 10 10 1 0 6 8 5 5 5 6 8 10 8 0 10 9 1 4 3 3 6 7 9 8 0 3 4 2 4 6
2 2 8 47 24 1
3 4 9 6 17 49 40 7 29
#c 0 6 5 3 4 9 2 6 2 2 0 7 10 3 9 4 1 2 7 10 10 10 1 0 6 8 5 5 5 6 8 10 8 0 10 9 1 4 3 3 6 7 9 8 0 3 4 2 4 6
#c 0 6 5 3 4 9 2 6 2 2 0 7 10 3 9 4 1 2 7 10 10 10 1 0 6 8 5 5 5 6 8 10 8 0 10 9 1 4 3 3 6 7 9 8 0 3 4 2 4 6
2 3 15 46 28 2 26
3 1 4 37 48 27
#c 0 6 5 3 4 9 2 6 2 2 0 7 10 3 9 4 1 2 7 10 10 10 1 0 6 8 5 5 5 6 8 10 8 0 10 9 1 4 3 3 6 7 9 8 0 3 4 2 4 6
1 1 27 18
3 2 2 26 28 41 11
#c 0 6 5 3 4 9 2 6 2 2 0 7 10 3 9 4 1 2 7 10 10 10 1 0 6 8 5 5 5 6 8 10 8 0 10 9 1 4 3 3 6 7 9 8 0 3 4 2 4 6
1 1 7 28
5 3 49 24 1 40 29 2 27 26
#c 0 6 5 3 4 9 2 6 2 2 0 7 10 3 9 4 1 2 7 10 10 10 1 0 6 8 5 5 5 6 8 10 8 0 10 9 1 4 3 3 6 7 9 8 0 3 4 2 4 6
#c 0 6 5 3 4 9 2 6 2 2 0 7 10 3 9 4 1 2 7 10 10 10 1 0 6 8 5 5 5 6 8 10 8 0 10 9 1 4 3 3 6 7 9 8 0 3 4 2 4 6
2 2 32 25 21 31
2 4 30 43 19 12 20 34
#c 0 6 5 3 4 9 2 6 2 2 0 7 10 3 9 4 1 2 7 10 10 10 1 0 6 8 5 5 5 6 8 10 8 0 10 9 1 4 3 3 6 7 9 8 0 3 4 2 4 6
1 1 5 30
3 3 42 14 35 43 25 32
#c 0 6 5 3 4 8 2 6 2 2 0 7 10 3 9 4 1 2 7 10 10 10 1 0 6 8 5 5 5 6 9 10 8 0 10 9 1 4 3 3 6 7 9 8 0 3 4 2 4 6
1 1 34 33
5 4 19 12 20 21 31 0 44 23 10
#c 0 6 5 3 4 8 2 6 2 2 0 7 10 3 9 4 1 2 7 10 10 10 1 0 6 8 5 5 5 6 9 10 8 0 10 9 1 4 3 3 6 7 9 8 0 3 4 2 4 6
1 1 0 30
4 3 33 44 23 10 42 14 35
#c 9 6 5 3 4 8 2 6 2 2 0 7 10 3 9 4 1 2 7 10 10 10 1 0 6 8 5 5 5 6 0 10 8 0 10 9 1 4 3 3 6 7 9 8 0 3 4 2 4 6
1 1 36 48
2 4 22 16 4 15 37 46
#c 9 6 5 3 4 8 2 6 2 2 0 7 10 3 9 4 1 2 7 10 10 10 1 0 6 8 5 5 5 6 0 10 8 0 10 9 1 4 3 3 6 7 9 8 0 3 4 2 4 6
2 2 8 17 46 37
3 3 9 6 47 4 15 48
#c 9 6 5 3 4 8 2 6 2 2 0 7 10 3 9 4 1 2 7 10 10 10 1 0 6 8 5 5 5 6 0 10 8 0 10 9 1 4 3 3 6 7 9 8 0 3 4 2 4 6
2 3 45 13 49 29 7
3 3 3 39 38 24 1 40
#c 9 6 5 3 4 8 2 6 2 2 0 7 10 3 9 4 1 2 7 10 10 10 1 0 6 8 5 5 5 6 0 10 8 0 10 9 1 4 3 3 6 7 9 8 0 3 4 2 4 6
2 1 4 46 21
3 5 15 37 48 19 12 20 34 31
#c 9 6 5 3 4 8 2 6 2 2 0 7 10 3 9 4 1 2 7 10 10 10 1 0 6 8 5 5 5 6 0 10 8 0 10 9 1 4 3 3 6 7 9 8 0 3 4 2 4 6
1 1 27 42
3 3 2 26 28 14 35 0
#c 9 6 5 3 4 8 2 6 2 2 0 7 10 3 9 4 1 2 7 10 10 10 1 0 6 8 5 9 5 6 0 10 8 0 10 9 1 4 3 3 6 7 5 8 0 3 4 2 4 6
1 1 1 26
5 3 49 24 40 7 29 2 28 42
#c 9 6 5 3 4 8 2 6 2 2 0 7 10 3 9 4 1 2 7 10 10 10 1 0 6 8 5 9 5 6 0 10 8 0 10 9 1 4 3 3 6 7 5 8 0 3 4 2 4 6
1 1 41 36
2 2 18 11 22 16
#c 9 6 5 3 4 8 2 6 2 2 0 7 10 3 9 4 1 2 7 10 10 10 1 0 6 8 5 9 5 6 0 10 8 0 10 9 1 4 3 3 6 7 5 8 0 3 4 2 4 6
2 3 25 5 2 42 28
2 1 43 32 26
#c 9 6 8 3 4 5 2 6 2 2 0 7 10 3 9 4 1 2 7 10 10 10 1 0 6 5 5 9 8 6 0 10 8 0 10 9 1 4 3 3 6 7 8 8 0 3 4 2 4 6
2 2 14 27 16 22
2 1 35 0 36
#c 9 6 8 3 4 5 2 6 2 2 0 7 10 3 9 4 1 2 7 10 10 10 1 0 6 5 5 9 8 6 0 10 8 0 10 9 1 4 3 3 6 7 8 8 0 3 4 2 4 6
#c 9 6 8 3 4 5 2 6 2 2 0 7 10 3 9 4 1 2 7 10 10 10 1 0 6 5 5 9 8 6 0 10 8 0 10 9 1 4 3 3 6 7 8 8 0 3 4 2 4 6
2 2 30 44 26 25
3 1 33 23 10 5
#c 9 6 8 3 4 5 2 6 2 2 0 7 10 3 9 4 1 2 7 10 10 10 1 0 6 5 5 9 8 6 0 10 8 0 10 9 1 4 3 3 6 7 8 8 0 3 4 2 4 6
1 1 22 43
2 4 16 36 32 2 42 28
#c 9 6 8 3 4 5 2 6 2 2 0 7 10 3 9 4 1 2 7 10 10 10 1 0 6 5 5 9 8 6 0 10 8 0 10 9 1 4 3 3 6 7 8 8 0 3 4 2 4 6
4 2 9 6 47 17 26 25
#c 9 6 8 3 4 2 2 6 5 2 0 7 10 3 9 4 1 2 7 10 10 10 1 0 6 5 5 9 8 6 0 10 8 0 10 9 1 4 3 3 6 7 8 8 0 3 4 2 4 6
1 1 39 0
4 3 3 45 38 13 14 35 27
#c 3 6 8 3 4 2 2 6 5 2 0 7 10 3 9 4 1 2 7 10 10 10 1 0 6 5 5 9 8 6 0 10 8 0 10 9 1 4 3 9 6 7 8 8 0 3 4 2 4 6
2 1 4 48 49
3 5 15 37 46 24 1 40 7 29
#c 3 6 8 3 4 2 2 6 5 2 0 7 10 3 9 4 1 2 7 10 10 10 1 0 6 5 5 9 8 6 0 10 8 0 10 9 1 4 3 9 6 7 8 8 0 3 4 2 4 6
1 1 25 41
2 2 26 8 18 11
#c 3 6 8 3 4 2 2 6 5 2 0 7 10 3 9 4 1 2 7 10 10 10 1 0 6 5 5 9 8 6 0 10 8 0 10 9 1 4 3 9 6 7 8 8 0 3 4 2 4 6
1 1 1 41
5 2 49 24 40 7 29 18 11
#c 3 7 8 3 4 2 2 6 5 2 0 7 10 3 9 4 1 2 7 10 10 10 1 0 6 5 5 9 8 6 0 10 8 0 10 9 1 4 3 9 6 6 8 8 0 3 4 2 4 6
2 2 18 11 25 8
#c 3 7 8 3 4 2 2 6 5 2 0 7 10 3 9 4 1 2 7 10 10 10 1 0 6 5 5 9 8 6 0 10 8 0 10 9 1 4 3 9 6 6 8 8 0 3 4 2 4 6
1 1 43 23
4 4 32 2 42 28 33 44 10 30
#c 3 7 8 3 4 2 2 6 5 2 0 7 10 3 9 4 1 2 7 10 10 10 1 0 6 5 5 9 8 6 0 10 8 0 10 9 1 4 3 9 6 6 8 8 0 3 4 2 4 6
1 1 39 32
3 4 14 35 27 43 2 42 28
#c 3 7 8 3 4 2 2 6 5 2 0 7 10 3 9 4 1 2 7 10 10 10 1 0 6 5 5 9 8 6 0 10 8 0 10 9 1 4 3 9 6 6 8 8 0 3 4 2 4 6
2 2 20 31 24 41
4 4 19 12 21 34 49 40 7 29
#c 3 7 8 3 4 2 2 6 5 2 0 7 10 3 9 4 1 2 7 10 10 10 1 0 6 5 5 9 8 6 0 10 8 0 10 9 1 4 3 9 6 6 8 8 0 3 4 2 4 6
1 1 30 34
4 5 33 44 23 10 19 12 20 21 31
#c 3 7 8 3 4 2 2 6 5 2 0 7 10 3 9 4 1 2 7 10 10 10 1 0 6 5 5 9 8 6 0 10 8 0 10 9 1 4 3 9 6 6 8 8 0 3 4 2 4 6
1 1 16 44
2 4 22 36 33 23 10 30
#c 3 7 8 3 4 2 2 6 5 2 0 7 10 3 9 4 1 2 7 10 10 10 1 0 6 5 5 9 8 6 0 10 8 0 10 9 1 4 3 9 6 6 8 8 0 3 4 2 4 6
1 1 5 22
4 2 9 6 47 17 16 36
#c 3 7 8 3 4 2 2 6 5 2 0 7 10 3 9 4 1 2 7 10 10 10 1 0 6 5 5 9 8 6 0 10 8 0 10 9 1 4 3 9 6 6 8 8 0 3 4 2 4 6
2 2 38 0 1 18
3 1 3 45 13 11
#c 3 7 8 3 4 2 2 6 5 2 0 7 10 3 9 4 1 2 7 10 10 10 1 0 6 5 5 9 8 6 0 10 8 0 10 9 1 4 3 9 6 6 8 8 0 3 4 2 4 6
2 2 37 15 16 36
3 1 4 48 46 22
#c 3 7 8 3 4 2 2 6 5 2 0 7 10 3 9 1 4 2 7 10 10 10 1 0 6 5 5 9 8 6 0 10 8 0 10 9 4 1 3 9 6 6 8 8 0 3 4 2 4 6
#c 3 7 8 3 4 2 2 6 5 2 0 7 10 3 9 1 4 2 7 10 10 10 1 0 6 5 5 9 8 6 0 10 8 0 10 9 4 1 3 9 6 6 8 8 0 3 4 2 4 6
2 1 40 41 10
4 4 49 24 7 29 33 44 23 30
#c 3 7 8 3 4 2 2 6 5 2 0 7 10 3 9 1 4 2 7 10 10 10 1 0 6 5 5 9 8 6 0 10 8 0 10 9 4 1 3 9 6 6 8 8 0 3 4 2 4 6
1 1 18 21
2 5 11 1 19 12 20 34 31
#c 3 7 8 3 4 2 2 6 5 2 0 7 10 3 9 1 4 2 7 10 10 10 1 0 6 5 5 9 8 6 0 10 8 0 10 9 4 1 3 9 6 6 8 8 0 3 4 2 4 6
1 1 2 25
4 2 43 32 42 28 26 8
#c 3 7 8 3 4 2 2 6 5 2 0 7 10 3 9 1 4 2 7 10 10 10 1 0 6 5 5 9 8 6 0 10 8 0 10 9 4 1 3 9 6 6 8 8 0 3 4 2 4 6
2 2 14 39 25 26
2 1 35 27 8
#c 3 7 8 3 4 2 2 6 5 2 0 7 10 3 9 1 4 2 7 10 10 10 1 0 6 5 5 9 8 6 0 10 8 0 10 9 4 1 3 9 6 6 8 8 0 3 4 2 4 6
3 3 12 21 34 2 32 28
3 2 19 20 31 43 42
#c 3 7 8 3 4 2 2 6 5 2 0 7 10 3 9 1 4 2 7 10 10 10 1 0 6 5 5 9 8 6 0 10 8 0 10 9 4 1 3 9 6 6 8 8 0 3 4 2 4 6
1 2 23 39 27
4 2 33 44 10 30 14 35
#c 3 7 8 3 4 2 2 6 5 2 0 7 10 3 9 1 4 2 7 10 10 10 1 0 6 5 5 9 8 6 0 10 8 0 10 9 4 1 3 9 6 6 8 8 0 3 4 2 4 6
1 1 37 8
2 2 22 15 26 25
#c 3 7 8 3 4 2 2 6 5 2 0 7 10 3 9 1 4 2 7 10 10 10 1 0 6 5 5 9 8 6 0 10 8 0 10 9 4 1 3 9 6 6 8 8 0 3 4 2 4 6
#c 3 7 8 3 4 2 2 6 5 2 0 7 10 3 9 1 4 2 7 10 10 10 1 0 6 5 5 9 8 6 0 10 8 0 10 9 4 1 3 9 6 6 8 8 0 3 4 2 4 6
2 2 3 13 23 10
3 3 45 38 0 33 44 30
#c 3 7 8 3 4 2 2 6 5 2 0 7 10 3 9 1 4 2 7 10 10 10 1 0 6 5 5 9 8 6 0 10 8 0 10 9 4 1 3 9 6 6 8 8 0 3 4 2 4 6
1 1 46 41
4 5 4 48 16 36 49 24 40 7 29
#c 3 7 8 3 4 2 2 6 5 2 0 7 10 3 9 1 4 2 7 10 10 10 1 0 6 5 5 9 8 6 0 10 8 0 10 9 4 1 3 9 6 6 8 8 0 3 4 2 4 6
1 1 25 38
2 4 26 8 3 45 13 0
#c 3 7 8 3 4 2 2 6 5 2 0 7 10 3 9 1 4 2 7 10 10 10 1 0 6 5 5 9 8 6 0 10 8 0 10 9 4 1 3 9 6 6 8 8 0 3 4 2 4 6
2 3 41 24 17 6 9
4 2 49 40 7 29 47 5
#c 3 7 8 3 4 2 2 6 5 2 0 7 10 3 9 1 4 2 7 10 10 10 1 0 6 5 5 9 8 6 0 10 8 0 10 9 4 1 3 9 6 6 8 8 0 3 4 2 4 6
1 1 18 48
2 4 11 1 4 46 16 36
#c 3 7 8 3 4 2 2 6 5 2 0 7 10 3 9 1 4 2 7 10 10 10 1 0 6 5 5 9 8 6 0 10 8 0 10 9 4 1 3 9 6 6 8 8 0 3 4 2 4 6
#c 3 7 8 3 4 2 2 6 5 2 0 7 10 3 9 1 4 2 7 10 10 10 1 0 6 5 5 9 8 6 0 10 8 0 10 9 4 1 3 9 6 6 8 8 0 3 4 2 4 6
#c 3 7 8 3 4 2 2 6 5 2 0 7 10 3 9 1 4 2 7 10 10 10 1 0 6 5 5 9 8 6 0 10 8 0 10 9 4 1 3 9 6 6 8 8 0 3 4 2 4 6
#c 3 7 8 3 4 2 2 6 5 2 0 7 10 3 9 1 4 2 7 10 10 10 1 0 6 5 5 9 8 6 0 10 8 0 10 9 4 1 3 9 6 6 8 8 0 3 4 2 4 6
2 2 44 33 4 46
3 3 23 10 30 48 16 36
#c 3 7 8 3 0 2 2 6 5 2 0 7 10 3 9 1 4 2 7 10 10 10 1 0 6 5 5 9 8 6 0 10 8 4 10 9 4 1 3 9 6 6 8 8 4 3 0 2 4 6
1 1 15 42
2 4 22 37 43 32 2 28
#c 3 7 8 3 0 2 2 6 5 2 0 7 10 3 9 8 4 2 7 10 10 10 1 0 6 5 5 9 8 6 0 10 8 4 10 9 4 1 3 9 6 6 1 8 4 3 0 2 4 6
1 2 5 41 7
4 4 9 6 47 17 49 24 40 29
#c 3 7 8 3 0 2 2 6 5 2 0 7 10 3 9 8 4 2 7 10 10 10 1 0 6 5 5 9 8 6 0 10 8 4 10 9 4 1 3 9 6 6 1 8 4 3 0 2 4 6
2 1 0 38 8
3 2 3 45 13 26 25
#c 3 7 8 3 0 2 2 6 5 2 0 7 10 3 9 8 4 2 7 10 10 10 1 0 6 5 5 9 8 6 0 10 8 4 10 9 4 1 3 9 6 6 1 8 4 3 0 2 4 6
2 2 48 44 28 2
3 3 16 36 33 43 32 15
#c 3 7 8 3 0 2 2 6 5 2 0 7 10 3 9 8 4 2 7 10 10 10 1 0 6 5 5 9 8 6 0 10 8 4 10 9 4 1 3 9 6 6 1 8 4 3 0 2 4 6
1 1 25 32
2 4 26 8 43 2 28 15
#c 3 7 8 3 0 2 2 6 5 2 0 7 10 3 9 8 4 2 7 10 10 10 1 0 6 5 5 9 8 6 0 10 8 4 10 9 4 1 3 9 6 6 1 8 4 3 0 2 4 6
#c 3 7 8 3 0 2 2 6 5 2 0 7 10 3 9 8 4 2 7 10 10 10 1 0 6 5 5 9 8 6 0 10 8 4 10 9 4 1 3 9 6 6 1 8 4 3 0 2 4 6
#c 3 7 8 3 0 2 2 6 5 2 0 7 10 3 9 8 4 2 7 10 10 10 1 0 6 5 5 9 8 6 0 10 8 4 10 9 4 1 3 9 6 6 1 8 4 3 0 2 4 6
2 2 2 28 1 11
3 1 43 32 15 18
#c 3 7 8 3 0 2 2 6 5 2 0 7 10 3 9 8 4 2 7 10 10 10 1 0 6 5 5 9 8 6 0 10 8 4 10 9 4 1 3 9 6 6 1 8 4 3 0 2 4 6
1 1 27 43
3 4 14 35 39 32 2 28 15
#c 3 7 8 3 0 2 2 6 5 2 0 7 10 3 9 8 4 2 7 10 10 10 1 0 6 5 5 9 8 6 0 10 8 4 10 9 4 1 3 9 6 6 1 8 4 3 0 2 4 6
2 2 20 34 33 36
4 3 19 12 21 31 48 16 44
#c 3 7 8 3 0 2 2 6 5 2 0 7 10 3 9 8 4 2 7 10 10 10 1 0 6 5 5 9 8 6 0 10 8 4 10 9 4 1 3 9 6 6 1 8 4 3 0 2 4 6
2 1 4 23 0
3 4 10 30 46 3 45 38 13
#c 3 7 8 3 0 2 2 6 5 2 0 7 10 3 9 8 4 2 7 10 10 10 1 0 6 5 5 9 8 6 0 10 8 4 10 9 4 1 3 9 6 6 1 8 4 3 0 2 4 6
#c 3 7 8 3 0 2 2 6 5 2 0 7 10 3 9 8 4 2 7 10 10 10 1 0 6 5 5 9 8 6 0 10 8 4 10 9 4 1 3 9 6 6 1 8 4 3 0 2 4 6
1 1 47 44
4 4 9 6 17 5 48 16 36 33
#c 3 7 8 3 0 2 2 6 5 2 0 7 10 3 9 8 4 2 7 10 10 10 1 0 6 5 5 9 8 6 0 10 8 4 10 9 4 1 3 9 6 6 1 8 4 3 0 2 4 6
1 1 3 15
4 4 45 38 13 0 43 32 2 28
#c 3 7 8 3 0 2 2 6 5 2 0 7 10 3 9 8 4 2 7 10 10 10 1 0 6 5 5 9 8 6 0 10 8 4 10 9 4 1 3 9 6 6 1 8 4 3 0 2 4 6
2 2 36 44 49 40
3 4 48 16 33 24 7 29 41
#c 3 7 8 3 0 2 2 6 5 2 0 7 10 3 9 8 4 2 7 10 10 10 1 0 6 5 5 9 8 6 0 10 8 4 10 9 4 1 3 9 6 6 1 8 4 3 0 2 4 6
1 1 8 28
2 4 26 25 43 32 2 15
#c 3 7 8 3 0 2 2 6 5 2 0 7 10 3 9 8 4 2 7 10 10 10 1 0 6 5 5 9 8 6 0 10 8 4 10 9 4 1 3 9 6 6 1 8 4 3 0 2 4 6
1 1 24 36
5 4 49 40 7 29 41 48 16 44 33
#c 3 7 8 3 0 2 2 6 5 2 0 7 10 3 9 8 4 2 7 10 10 10 1 0 6 5 5 9 8 6 0 10 8 4 10 9 4 1 3 9 6 6 1 8 4 3 0 2 4 6
1 1 1 33
2 4 18 11 48 16 36 44
#c 3 7 8 3 0 2 2 6 5 2 0 7 10 3 9 8 4 2 7 10 10 10 1 0 6 5 5 9 8 6 0 10 8 4 10 9 4 1 3 9 6 6 1 8 4 3 0 2 4 6
2 2 32 28 26 8
3 1 43 2 15 25
#c 3 7 8 3 0 2 2 6 5 2 0 7 10 3 9 8 4 2 7 10 10 10 1 0 6 5 5 9 8 6 0 10 8 4 10 9 4 1 3 9 6 6 1 8 4 3 0 2 4 6
1 1 39 16
3 4 14 35 27 48 36 44 33
#c 3 7 8 3 0 2 2 6 5 2 0 7 10 3 9 8 4 2 7 10 10 10 1 0 6 5 5 9 8 6 0 10 8 4 10 9 4 1 3 9 6 6 1 8 4 3 0 2 4 6
1 1 21 35
5 3 19 12 20 34 31 14 27 39
#c 3 7 8 3 0 2 2 6 5 2 0 7 10 3 9 8 4 2 7 10 10 10 1 0 6 5 5 9 8 6 0 10 8 4 10 9 4 1 3 9 6 6 1 8 4 3 0 2 4 6
2 1 30 10 26
3 2 23 4 46 25 8
#c 3 7 8 3 0 2 2 6 5 2 0 7 10 3 9 8 4 2 7 10 10 10 1 0 6 5 5 9 8 6 0 10 8 4 10 9 4 1 3 9 6 6 1 8 4 3 0 2 4 6
1 1 42 11
2 2 22 37 18 1
#c 3 7 8 3 0 2 2 6 5 2 0 7 10 3 9 8 4 2 7 10 10 10 1 0 6 5 5 9 8 6 0 10 8 4 10 9 4 1 3 9 6 6 1 8 4 3 0 2 4 6
#c 3 7 8 3 0 2 2 6 5 2 0 7 10 3 9 8 4 2 7 10 10 10 1 0 6 5 5 9 8 6 0 10 8 4 10 9 4 1 3 9 6 6 1 8 4 3 0 2 4 6
2 2 13 38 43 15
3 3 3 45 0 32 2 28
#c 3 7 8 3 0 2 2 6 5 2 0 7 10 3 9 8 4 2 7 10 10 10 1 0 6 5 5 9 8 6 0 10 8 4 10 9 4 1 3 9 6 6 1 8 4 3 0 2 4 6
1 1 16 1
4 2 48 36 44 33 18 11
#c 3 7 8 3 0 2 2 6 5 2 0 7 10 3 9 8 4 2 7 10 10 10 1 0 6 5 5 9 8 6 0 10 8 4 10 9 4 1 3 9 6 6 1 8 4 3 0 2 4 6
1 1 25 11
2 2 26 8 18 1
#c 3 7 8 3 0 2 2 6 5 2 0 7 10 3 9 8 4 2 7 10 10 10 1 0 6 5 5 9 8 6 0 10 8 4 10 9 4 1 3 9 6 6 1 8 4 3 0 2 4 6
3 3 49 7 41 36 33 48
3 2 24 40 29 16 44
#c 3 7 8 3 0 2 2 6 5 2 0 7 10 3 9 8 4 2 7 10 10 10 1 0 6 5 5 9 8 6 0 10 8 4 10 9 4 1 3 9 6 6 1 8 4 3 0 2 4 6
1 1 18 46
2 4 11 1 23 10 30 4
#c 3 7 8 3 0 2 2 6 5 2 0 7 10 3 9 8 4 2 7 10 10 10 1 0 6 5 5 9 8 6 0 10 8 4 10 9 4 1 3 9 6 6 1 8 4 3 0 2 4 6
1 1 15 44
4 4 43 32 2 28 48 16 36 33
#c 3 7 8 3 0 2 2 6 5 2 0 7 10 3 9 4 4 2 7 10 10 10 1 0 6 5 5 9 8 6 0 10 8 4 10 9 4 1 3 9 6 6 1 8 8 3 0 2 4 6
2 2 39 35 25 26
2 1 14 27 8
#c 3 7 8 3 0 2 2 6 5 2 0 7 10 3 9 4 4 2 7 10 10 10 1 0 6 5 5 9 8 6 0 10 8 4 10 9 4 1 3 9 6 6 1 8 8 3 0 2 4 6
3 1 34 20 12 32
3 4 19 21 31 43 2 28 44
#c 3 7 8 3 0 2 2 6 5 2 0 7 10 3 9 4 4 2 7 10 10 10 1 0 6 5 5 9 8 6 0 10 8 4 10 9 4 1 3 9 6 6 1 8 8 3 0 2 4 6
1 1 46 17
4 4 23 10 30 4 9 6 47 5
#c 3 7 8 3 0 2 2 6 5 2 0 7 10 3 9 4 4 2 7 10 10 10 1 0 6 5 5 9 8 6 0 10 8 4 10 9 4 1 3 9 6 6 1 8 8 3 0 2 4 6
1 1 37 11
2 2 22 42 18 1
#c 3 7 8 3 0 2 2 6 5 2 0 7 10 3 9 4 4 2 7 10 10 10 1 0 6 5 5 9 8 6 0 10 8 4 10 9 4 1 3 9 6 6 1 8 8 3 0 2 4 6
1 1 5 2
4 4 9 6 47 17 43 32 28 44
#c 3 7 8 3 0 2 2 6 5 2 0 7 10 3 9 4 4 2 7 10 10 10 1 0 6 5 5 9 8 6 0 10 8 4 10 9 4 1 3 9 6 6 1 8 8 3 0 2 4 6
1 1 3 41
4 5 45 38 13 0 49 24 40 7 29
#c 3 7 8 3 0 2 2 6 5 2 0 7 10 3 9 4 4 2 7 10 10 10 1 0 6 5 5 9 8 6 0 10 8 4 10 9 4 1 3 9 6 6 1 8 8 3 0 2 4 6
1 1 48 6
4 4 16 36 33 15 9 47 17 5
#c 3 7 8 3 0 2 2 6 5 2 0 7 10 3 9 4 4 2 7 10 10 10 1 0 6 5 5 9 8 6 0 10 8 4 10 9 4 1 3 9 6 6 1 8 8 3 0 2 4 6
1 1 26 48
2 4 25 8 16 36 33 15
#c 3 7 8 3 0 2 2 6 5 2 0 7 10 3 9 4 4 2 7 10 10 10 1 0 6 5 5 9 8 6 0 10 8 4 10 9 4 1 3 9 6 6 1 8 8 3 0 2 4 6
2 2 41 49 22 42
4 1 24 40 7 29 37
#c 3 7 8 3 0 2 2 6 5 2 0 7 10 3 9 4 4 2 7 10 10 10 1 0 6 5 5 9 8 6 0 10 8 4 10 9 4 1 3 9 6 6 1 8 8 3 0 2 4 6
1 1 18 49
2 5 11 1 24 40 7 29 41
#c 3 7 8 3 0 2 2 6 5 2 0 7 10 3 9 4 4 2 7 10 10 10 1 0 6 5 5 9 8 6 0 10 8 4 10 9 4 1 3 9 6 6 1 8 8 3 0 2 4 6
#c 3 7 8 3 0 2 2 6 5 2 0 7 10 3 9 4 4 2 7 10 10 10 1 0 6 5 5 9 8 6 0 10 8 4 10 9 4 1 3 9 6 6 1 8 8 3 0 2 4 6
2 1 35 14 43
2 4 27 39 32 2 28 44
#c 3 7 8 3 0 2 2 6 5 2 0 7 10 3 9 4 4 2 7 10 10 10 1 0 6 5 5 9 8 6 0 10 8 4 10 9 4 1 3 9 6 6 1 8 8 3 0 2 4 6
1 1 31 2
5 4 19 12 20 21 34 43 32 28 44
#c 3 7 8 3 0 2 2 6 5 2 0 7 10 3 9 4 4 2 7 10 10 10 1 0 6 5 5 9 8 6 0 10 8 4 10 9 4 1 3 9 6 6 1 8 8 3 0 2 4 6
1 1 30 38
4 4 23 10 4 46 3 45 13 0
#c 3 7 8 3 0 2 2 6 5 2 0 7 10 3 9 4 4 2 7 10 10 10 1 0 6 5 5 9 8 6 0 10 8 4 10 9 4 1 3 9 6 6 1 8 8 3 0 2 4 6
1 2 42 10 46
2 3 22 37 23 30 4
#c 3 7 8 3 0 2 2 6 5 2 0 7 10 3 9 4 4 2 7 10 10 10 1 0 6 5 5 9 8 6 0 10 8 4 10 9 4 1 3 9 6 6 1 8 8 3 0 2 4 6
1 1 17 13
4 4 9 6 47 5 3 45 38 0
#c 3 7 8 3 0 2 2 6 5 2 0 7 10 3 9 4 4 2 7 10 10 10 1 0 6 5 5 9 8 6 0 10 8 4 10 9 4 1 3 9 6 6 1 8 8 3 0 2 4 6
2 2 0 3 42 22
3 1 45 38 13 37
#c 3 7 8 3 0 2 2 6 5 2 0 7 10 3 9 4 4 2 7 10 10 10 1 0 6 5 5 9 8 6 0 10 8 4 10 9 4 1 3 9 6 6 1 8 8 3 0 2 4 6
2 2 48 16 41 29
3 4 36 33 15 49 24 40 7
#c 3 7 8 3 0 2 2 6 5 2 0 7 10 3 9 4 4 2 7 10 10 10 1 0 6 5 5 9 8 6 0 10 8 4 10 9 4 1 3 9 6 6 1 8 8 3 0 2 4 6
1 1 25 20
2 5 26 8 19 12 21 34 31
#c 3 7 8 3 0 2 2 6 5 2 0 7 10 3 9 4 4 2 7 10 10 10 1 0 6 5 5 9 8 6 0 10 8 4 10 9 4 1 3 9 6 6 1 8 8 3 0 2 4 6
1 1 29 38
5 4 49 24 40 7 41 3 45 13 0
#c 3 7 8 3 0 2 2 6 5 2 0 7 10 3 9 4 4 2 7 10 10 10 1 0 6 5 5 9 8 6 0 10 8 4 10 9 4 1 3 9 6 6 1 8 8 3 0 2 4 6
1 1 18 24
2 5 11 1 49 40 7 29 41
#c 3 7 8 3 0 2 2 6 5 2 0 7 10 3 9 4 4 2 7 10 10 10 1 0 6 5 5 9 8 6 0 10 8 4 10 9 4 1 3 9 6 6 1 8 8 3 0 2 4 6
1 1 2 18
4 2 43 32 28 44 11 1
#c 3 7 8 3 0 2 2 6 5 2 0 7 10 3 9 4 4 2 7 10 10 10 1 0 6 5 5 9 8 6 0 10 8 4 10 9 4 1 3 9 6 6 1 8 8 3 0 2 4 6
1 1 39 47
3 4 14 35 27 9 6 17 5
#c 3 7 8 3 0 2 2 6 5 2 0 7 10 3 9 4 4 2 7 10 10 10 1 0 6 5 5 9 8 6 0 10 8 4 10 9 4 1 3 9 6 6 1 8 8 3 0 2 4 6
2 1 31 20 39
4 3 19 12 21 34 14 35 27
#c 3 7 8 3 0 2 2 6 5 2 0 7 10 3 9 4 4 2 7 10 10 10 1 0 6 5 5 9 8 6 0 10 8 4 10 9 4 1 3 9 6 6 1 8 8 3 0 2 4 6
2 2 10 4 36 15
3 3 23 30 46 48 16 33
#c 3 7 8 3 0 2 2 6 5 2 0 7 10 3 9 4 4 2 7 10 10 10 1 0 6 5 5 9 8 6 0 10 8 4 10 9 4 1 3 9 6 6 1 8 8 3 0 2 4 6
1 1 42 33
2 4 22 37 48 16 36 15
#c 3 7 8 3 0 2 2 6 5 2 0 7 10 3 9 4 4 2 7 10 10 10 1 0 6 5 5 9 8 6 0 10 8 4 10 9 4 1 3 9 6 6 1 8 8 3 0 2 4 6
1 1 5 37
4 2 9 6 47 17 22 42
#c 3 7 8 3 0 2 2 6 5 2 0 7 10 3 9 4 4 2 7 10 10 10 1 0 6 5 5 9 8 6 0 10 8 4 10 9 4 1 3 9 6 6 1 8 8 3 0 2 4 6
2 2 38 13 42 37
3 1 3 45 0 22
#c 3 7 8 3 0 2 2 6 5 2 0 7 10 1 9 4 4 2 7 10 10 10 1 0 6 5 5 9 8 6 0 10 8 4 10 9 4 3 1 9 6 6 3 8 8 3 0 2 4 6
2 2 36 48 39 35
3 2 16 33 15 14 27
#c 3 7 8 3 0 2 2 6 5 2 0 7 10 1 9 4 4 2 7 10 10 10 1 0 6 5 5 9 8 6 0 10 8 4 10 9 4 3 1 9 6 6 3 8 8 3 0 2 4 6
1 1 26 13
2 2 25 8 22 38
#c 3 7 8 3 0 2 2 6 5 2 0 7 10 1 9 4 4 2 7 10 10 10 1 0 6 5 5 9 8 6 0 10 8 4 10 9 4 3 1 9 6 6 3 8 8 3 0 2 4 6
1 1 7 17
5 4 49 24 40 29 41 9 6 47 5
#c 3 7 8 3 0 2 2 6 5 2 0 7 10 1 9 4 4 2 7 10 10 10 1 0 6 5 5 9 8 6 0 10 8 4 10 9 4 3 1 9 6 6 3 8 8 3 0 2 4 6
#c 3 7 8 3 0 2 2 6 5 2 0 7 10 1 9 4 4 2 7 10 10 10 1 0 6 5 5 9 8 6 0 10 8 4 10 9 4 3 1 9 6 6 3 8 8 3 0 2 4 6
1 1 44 27
4 3 43 32 2 28 14 35 39
#c 3 7 8 3 0 2 2 6 5 2 0 7 10 1 9 4 4 2 7 10 10 10 1 0 6 5 5 8 8 6 0 10 8 4 10 9 4 3 1 9 6 6 3 8 9 3 0 2 4 6
2 2 35 39 26 8
2 1 14 44 25
#c 3 7 8 3 0 2 2 6 5 2 0 7 10 1 9 4 4 2 7 10 10 10 1 0 6 5 5 8 8 6 0 10 8 4 10 9 4 3 1 9 6 6 3 8 9 3 0 2 4 6
2 2 21 20 18 11
4 1 19 12 34 31 1
#c 3 7 8 3 0 2 2 6 5 2 0 7 10 1 9 4 4 2 7 10 10 10 1 0 6 5 5 8 8 6 0 10 8 4 10 9 4 3 1 9 6 6 3 8 9 3 0 2 4 6
#c 3 7 8 3 0 2 2 6 5 2 0 7 10 1 9 4 4 2 7 10 10 10 1 0 6 5 5 8 8 6 0 10 8 4 10 9 4 3 1 9 6 6 3 8 9 3 0 2 4 6
1 1 38 0
2 4 22 13 3 45 42 37
#c 3 7 8 3 0 2 2 6 5 2 0 7 10 1 9 4 4 2 7 10 10 10 1 0 6 5 5 8 8 6 0 10 8 4 10 9 4 3 1 9 6 6 3 8 9 3 0 2 4 6
2 3 5 47 14 35 39
3 1 9 6 17 44
#c 3 7 8 3 0 2 2 6 5 2 0 7 10 1 9 4 4 2 7 10 10 10 1 0 6 5 5 8 8 6 0 10 8 4 10 9 4 3 1 9 6 6 3 8 9 3 0 2 4 6
2 2 0 3 10 46
3 3 45 42 37 23 30 4
#c 3 7 8 3 0 2 2 6 5 2 0 7 10 1 9 4 4 2 7 10 10 10 1 0 6 5 5 8 8 6 0 10 8 4 10 9 4 3 1 9 6 6 3 8 9 3 0 2 4 6
1 1 15 8
4 2 48 16 36 33 26 25
#c 3 7 8 3 0 2 2 6 4 2 0 7 10 1 9 5 4 2 7 10 10 10 1 0 6 5 5 8 8 6 0 10 8 4 10 9 4 3 1 9 6 6 3 8 9 3 0 2 4 6
#c 3 7 8 3 0 2 2 6 4 2 0 7 10 1 9 5 4 2 7 10 10 10 1 0 6 5 5 8 8 6 0 10 8 4 10 9 4 3 1 9 6 6 3 8 9 3 0 2 4 6
1 1 49 11
5 2 24 40 7 29 41 18 1
#c 3 7 8 3 0 2 2 6 4 2 0 7 10 1 9 5 4 2 7 10 10 10 1 0 6 5 5 8 8 6 0 10 8 4 10 9 4 3 1 9 6 6 3 8 9 3 0 2 4 6
1 1 11 48
2 4 18 1 16 36 33 8
#c 3 7 8 3 0 2 2 6 4 2 0 7 10 1 9 5 4 2 7 10 10 10 1 0 6 5 5 8 8 6 0 10 8 4 10 9 4 3 1 9 6 6 3 8 9 3 0 2 4 6
1 1 28 41
4 5 43 32 2 27 49 24 40 7 29
#c 3 7 8 3 0 2 2 6 4 2 0 7 10 1 9 5 4 2 7 10 10 10 1 0 6 5 5 8 8 6 0 10 8 4 10 9 4 3 1 9 6 6 3 8 9 3 0 2 4 6
1 2 39 43 28
3 3 14 35 44 32 2 27
#c 3 7 8 3 0 2 2 6 4 2 0 7 10 1 9 5 4 2 7 10 10 10 1 0 6 5 5 8 8 6 0 10 8 4 10 9 4 3 1 9 6 6 3 8 9 3 0 2 4 6
1 1 31 14
5 3 19 12 20 21 34 35 39 44
#c 3 7 8 3 0 2 2 6 4 2 0 7 10 1 9 5 4 2 7 10 10 10 1 0 6 5 5 8 8 6 0 10 8 4 10 9 4 3 1 9 6 6 3 8 9 3 0 2 4 6
1 1 4 18
4 2 23 10 30 46 11 1
#c 3 7 8 3 0 2 2 6 4 2 0 7 10 1 9 5 4 2 7 10 10 10 1 0 6 5 5 8 8 6 0 10 8 4 10 9 4 3 1 9 6 6 3 8 9 3 0 2 4 6
1 1 22 1
2 2 38 13 18 11
#c 3 7 8 3 0 2 2 6 4 2 0 7 10 1 9 5 4 2 7 10 10 10 1 0 6 5 5 8 8 6 0 10 8 4 10 9 4 3 1 9 6 6 3 8 9 3 0 2 4 6
1 1 47 38
4 2 9 6 17 5 22 13
#c 3 7 8 3 0 2 2 6 4 2 0 7 10 1 9 5 4 2 7 10 10 10 1 0 6 5 5 8 8 6 0 10 8 4 10 9 4 3 1 9 6 6 3 8 9 3 0 2 4 6
1 1 37 19
4 5 3 45 0 42 12 20 21 34 31
#c 3 7 8 3 0 2 2 6 4 2 0 7 10 1 9 5 4 2 7 10 10 10 1 0 6 5 5 8 8 6 0 10 8 4 10 9 4 3 1 9 6 6 3 8 9 3 0 2 4 6
1 1 48 15
4 2 16 36 33 8 26 25
#c 3 7 8 3 0 2 2 6 4 2 0 7 10 1 9 5 4 2 7 10 10 10 1 0 6 5 5 8 8 6 0 10 8 4 10 9 4 3 1 9 6 6 3 8 9 3 0 2 4 6
1 1 15 43
2 4 26 25 32 2 28 27
#c 3 7 8 3 0 2 2 6 4 2 0 7 10 1 9 5 4 2 7 10 10 10 1 0 6 5 5 8 8 6 0 10 8 4 10 9 4 3 1 9 6 6 3 8 9 3 0 2 4 6
2 2 41 7 16 33
4 3 49 24 40 29 48 36 8
#c 3 7 8 3 0 2 2 6 4 2 0 7 10 1 9 5 4 2 7 10 10 10 1 0 6 5 5 8 8 6 0 10 8 4 10 9 4 3 1 9 6 6 3 8 9 3 0 2 4 6
1 1 11 15
2 2 18 1 26 25
#c 3 7 8 3 0 2 2 6 4 2 0 7 10 1 9 5 4 2 7 10 10 10 1 0 6 5 5 8 8 6 0 10 8 4 10 9 4 3 1 9 6 6 3 8 9 3 0 2 4 6
2 2 28 27 15 26
3 1 43 32 2 25
#c 3 7 8 3 0 2 2 6 4 2 0 7 10 1 9 5 4 2 7 10 10 10 1 0 6 5 5 8 8 6 0 10 8 4 10 9 4 3 1 9 6 6 3 8 9 3 0 2 4 6
2 2 39 35 24 7
2 4 14 44 49 40 29 41
#c 3 7 8 3 0 2 2 6 4 2 0 7 10 1 9 5 4 2 7 10 10 10 1 0 6 5 5 8 8 6 0 10 8 4 10 9 4 3 1 9 6 6 3 8 9 3 0 2 4 6
3 3 21 20 19 0 45 37
3 2 12 34 31 3 42
#c 10 7 8 3 0 2 2 6 4 2 0 7 10 1 9 5 4 2 7 3 3 3 1 0 6 5 5 8 8 6 0 10 8 4 10 9 4 10 1 9 6 6 3 8 9 10 0 2 4 6
1 1 10 36
4 4 23 30 4 46 48 16 33 8
#c 10 7 8 3 0 2 2 6 4 2 0 7 10 1 9 5 4 2 7 3 3 3 1 0 6 5 5 8 8 6 0 10 8 4 10 9 4 10 1 9 6 6 3 8 9 10 0 2 4 6
1 1 22 12
2 5 38 13 34 31 0 45 37
#c 10 7 8 3 0 2 2 6 4 2 0 7 10 1 9 5 4 2 7 3 3 3 1 0 6 5 5 8 8 6 0 10 8 4 10 9 4 10 1 9 6 6 3 8 9 10 0 2 4 6
1 1 5 39
4 3 9 6 47 17 14 35 44
#c 10 7 8 3 0 2 2 6 4 2 0 7 10 1 9 5 4 2 7 3 3 3 1 0 6 5 5 8 8 6 0 10 8 4 10 9 4 10 1 9 6 6 3 8 9 10 0 2 4 6
2 2 42 3 6 5
3 3 21 20 19 9 47 17
#c 10 7 8 2 0 3 3 6 4 2 0 7 10 1 9 5 4 2 7 3 3 3 1 0 6 5 5 8 8 6 0 10 8 4 10 9 4 10 1 9 6 6 2 8 9 10 0 2 4 6
1 1 36 22
4 2 48 16 33 8 38 13
#c 10 7 8 2 0 3 3 6 4 2 0 7 10 1 9 5 4 2 7 3 3 3 1 0 6 5 5 8 8 6 0 10 8 4 10 9 4 10 1 9 6 6 2 8 9 10 0 2 4 6
1 1 26 6
2 4 25 15 21 20 19 5
#c 10 7 8 2 0 3 3 6 4 2 0 7 10 1 9 5 4 2 7 3 3 3 1 0 6 5 5 8 8 6 0 10 8 4 10 9 4 10 1 9 6 6 2 8 9 10 0 2 4 6
3 3 24 49 40 42 9 17
3 2 7 29 41 47 3
#c 10 7 8 2 0 3 3 6 4 2 0 7 10 1 9 5 4 2 7 3 3 3 1 0 6 5 5 8 8 6 0 10 8 4 10 9 4 10 1 9 6 6 2 8 9 10 0 2 4 6
2 4 18 1 9 47 17 3
#c 10 7 8 2 0 3 3 6 4 2 0 7 10 1 9 5 4 2 7 3 3 3 1 0 6 5 5 8 8 6 0 10 8 4 10 9 4 10 1 9 6 6 2 8 9 10 0 2 4 6
#c 10 7 8 2 0 3 3 6 4 2 0 7 10 1 9 5 4 2 7 3 3 3 1 0 6 5 5 8 8 6 0 10 8 4 10 9 4 10 1 9 6 6 2 8 9 10 0 2 4 6
#c 10 7 8 2 0 3 3 6 4 2 0 7 10 1 9 5 4 2 7 3 3 3 1 0 6 5 5 8 8 6 0 10 8 4 10 9 4 10 1 9 6 6 2 8 9 10 0 2 4 6
3 2 31 45 37 23 10
3 3 12 34 0 30 4 46
#c 10 7 8 2 0 3 3 6 4 2 0 7 10 1 9 5 4 2 7 3 3 3 1 0 6 5 5 8 8 6 0 10 8 4 10 9 4 10 1 9 6 6 2 8 9 10 0 2 4 6
2 2 30 10 43 28
3 3 23 4 46 32 2 27
#c 10 7 8 2 0 3 3 6 4 2 0 7 10 1 9 5 4 2 7 3 3 3 1 0 6 5 5 8 8 6 0 10 8 4 10 9 4 10 1 9 6 6 2 8 9 10 0 2 4 6
1 1 13 31
2 5 22 38 12 34 0 45 37
#c 10 7 8 2 0 3 3 6 4 2 0 7 10 10 9 5 4 2 7 3 3 3 1 0 6 5 5 8 8 6 0 1 8 4 10 9 4 10 1 9 6 6 2 8 9 10 0 2 4 6
2 2 17 42 33 48
3 3 9 47 3 16 36 8
#c 10 7 8 2 0 3 3 6 4 2 0 7 10 10 9 5 4 2 7 3 3 3 1 0 6 5 5 8 8 6 0 1 8 4 10 9 4 10 1 9 6 6 2 8 9 10 0 2 4 6
2 2 19 6 15 25
3 1 21 20 5 26
#c 10 7 8 2 0 3 3 6 4 2 0 7 10 10 9 5 4 2 7 3 3 3 1 0 6 5 5 8 8 6 0 1 8 4 10 9 4 10 1 9 6 6 2 8 9 10 0 2 4 6
2 2 33 16 25 15
3 1 48 36 8 26
#c 10 7 8 2 0 3 3 6 4 2 0 7 10 10 9 5 4 2 7 3 3 3 1 0 6 5 5 8 8 6 0 1 8 4 10 9 4 10 1 9 6 6 2 8 9 10 0 2 4 6
1 1 26 7
2 5 25 15 49 24 40 29 41
#c 10 7 8 2 0 3 3 5 4 2 0 7 10 10 9 5 4 2 7 3 3 3 1 0 6 5 6 8 8 6 0 1 8 4 10 9 4 10 1 9 6 6 2 8 9 10 0 2 4 6
2 2 40 29 1 18
4 1 49 24 41 26 11
#c 10 7 8 2 0 3 3 5 4 2 0 7 10 10 9 5 4 2 7 3 3 3 1 0 6 5 6 8 8 6 0 1 8 4 10 9 4 10 1 9 6 6 2 8 9 10 0 2 4 6
2 4 11 1 20 19 6 5
#c 10 7 8 2 0 3 3 5 4 2 0 7 10 10 9 5 4 2 7 3 3 3 1 0 6 5 6 8 8 6 0 1 8 4 10 9 4 10 1 9 6 6 2 8 9 10 0 2 4 6
#c 10 7 8 2 0 3 3 5 4 2 0 7 10 10 9 5 4 2 7 3 3 3 1 0 6 5 6 8 8 6 0 1 8 4 10 9 4 10 1 9 6 6 2 8 9 10 0 2 4 6
1 1 35 9
3 4 14 39 44 47 17 42 3
#c 10 7 8 2 0 3 3 5 4 2 0 7 10 10 9 5 4 2 7 3 3 3 1 0 6 5 6 8 8 6 0 1 8 4 10 9 4 10 1 9 6 6 2 8 9 10 0 2 4 6
2 2 0 34 5 20
4 3 12 45 37 13 21 19 6
#c 10 7 8 2 0 3 3 5 4 2 0 7 10 10 9 5 4 2 7 3 3 3 1 0 6 5 6 8 8 6 0 1 8 4 10 9 4 10 1 9 6 6 2 8 9 10 0 2 4 6
1 1 46 14
4 3 23 10 30 4 35 39 44
#c 10 7 8 2 0 3 3 5 4 2 0 7 10 10 9 5 4 2 7 3 3 3 1 0 6 5 6 8 8 6 0 1 8 4 10 9 4 10 1 9 6 6 2 8 9 10 0 2 4 6
1 2 38 35 44
2 2 22 31 14 39
#c 10 7 8 2 0 3 3 5 4 2 0 7 10 10 9 5 4 2 7 3 3 3 1 0 6 5 6 8 8 6 0 1 8 4 10 9 4 10 1 9 6 6 2 8 9 10 0 2 4 6
1 1 42 36
4 4 9 47 17 3 48 16 33 8
#c 10 7 8 2 0 3 3 5 4 2 0 7 10 10 9 5 4 2 7 3 3 3 1 0 6 5 6 8 8 6 0 1 8 4 10 9 4 10 1 9 6 6 2 8 9 10 0 2 4 6
2 2 21 20 9 47
3 3 19 6 5 17 42 3
#c 10 7 8 2 0 3 3 5 4 2 0 7 10 10 9 5 4 2 7 3 3 3 1 0 6 5 6 8 8 6 0 1 8 4 10 9 4 10 1 9 6 6 2 8 9 10 0 2 4 6
2 2 48 33 9 17
3 3 16 36 8 47 42 3
#c 10 7 8 2 0 3 3 5 4 2 0 7 10 10 9 5 4 2 7 3 3 3 1 0 6 5 6 8 8 6 0 1 8 4 10 9 4 10 1 9 6 6 2 8 9 10 0 2 4 6
#c 10 7 8 2 0 3 3 5 4 2 0 7 10 10 9 5 4 2 7 3 3 3 1 0 6 5 6 8 8 6 0 1 8 4 10 9 4 10 1 9 6 6 2 8 9 10 0 2 4 6
1 1 24 1
5 2 49 40 29 41 26 18 11
#c 10 7 8 2 0 3 3 5 4 2 0 7 10 10 9 5 4 2 7 3 3 3 1 0 6 5 6 8 8 6 0 1 8 4 10 9 4 10 1 9 6 6 2 8 9 10 0 2 4 6
1 1 11 13
2 5 18 1 12 34 0 45 37
#c 10 7 8 2 0 3 3 5 4 2 0 7 10 10 9 5 4 2 7 3 3 3 1 0 6 5 6 8 8 6 0 1 8 4 10 9 4 10 1 9 6 6 2 8 9 10 0 2 4 6
2 4 32 43 46 23 4 30
3 1 2 28 27 10
#c 10 7 8 2 0 3 3 5 4 2 0 7 10 10 9 5 4 2 7 3 3 3 1 0 6 5 6 8 8 6 0 1 8 4 10 9 4 10 1 9 6 6 2 8 9 10 0 2 4 6
1 1 14 7
3 2 35 39 44 25 15
#c 10 7 8 2 0 3 3 5 4 2 0 7 10 10 9 5 4 2 7 3 3 3 1 0 6 5 6 8 8 6 0 1 8 4 10 9 4 10 1 9 6 6 2 8 9 10 0 2 4 6
1 1 12 10
5 4 34 0 45 37 13 23 30 4 46
#c 10 7 8 2 0 3 3 5 4 2 0 7 10 10 9 5 4 2 7 3 3 3 1 0 6 5 6 8 8 6 0 1 8 4 10 9 4 10 1 9 6 6 2 8 9 10 0 2 4 6
1 2 30 34 37
4 4 23 10 4 46 12 0 45 13
#c 10 7 8 2 0 3 3 5 4 2 0 7 10 10 9 5 4 2 7 3 3 3 1 0 6 5 6 8 8 6 0 1 8 4 10 9 4 10 1 9 6 6 2 8 9 10 0 2 4 6
1 1 38 2
2 4 22 31 43 32 28 27
#c 10 7 8 2 0 3 3 5 4 2 0 7 10 10 9 5 4 2 7 3 3 3 1 0 6 5 6 8 8 6 0 1 8 4 10 9 4 10 1 9 6 6 2 8 9 10 0 2 4 6
2 2 17 42 25 7
3 1 9 47 3 15
#c 10 7 8 2 0 3 3 5 4 2 0 7 10 10 9 5 4 2 7 3 3 3 1 0 6 5 6 8 8 6 0 1 8 4 10 9 4 10 1 9 6 6 2 8 9 10 0 2 4 6
1 1 6 33
4 4 21 20 19 5 48 16 36 8
#c 10 7 8 2 0 3 3 5 4 2 0 7 10 10 9 5 4 2 7 3 3 3 1 0 6 5 6 8 8 6 0 1 8 4 10 9 4 10 1 9 6 6 2 8 9 10 0 2 4 6
2 2 8 36 39 44
3 2 48 16 33 14 35
#c 10 7 8 2 0 3 3 5 4 2 0 7 10 10 9 5 4 2 7 3 3 3 1 0 6 5 6 8 8 6 0 1 8 4 10 9 4 10 1 9 6 6 2 8 9 10 0 2 4 6
1 1 25 8
2 4 15 7 48 16 36 33
#c 10 7 8 2 0 3 3 5 4 2 0 7 10 10 9 5 4 2 7 3 3 3 1 0 6 5 6 8 8 6 0 1 8 4 10 9 4 10 1 9 6 6 2 8 9 10 0 2 4 6
1 1 40 7
5 2 49 24 29 41 26 25 15
#c 10 7 8 2 0 3 3 5 4 2 0 7 10 10 9 5 4 2 7 3 3 3 1 0 6 5 6 8 8 6 0 1 8 4 10 9 4 10 1 9 6 6 2 8 9 10 0 2 4 6
1 1 18 7
2 2 11 1 25 15
#c 10 7 8 2 0 3 3 5 4 2 0 7 10 10 9 5 4 2 7 3 3 3 1 0 6 5 6 8 8 6 0 1 8 4 10 9 4 10 1 9 6 6 2 8 9 10 0 2 4 6
2 2 27 32 1 18
3 1 43 2 28 11
#c 10 7 8 2 0 3 3 5 4 2 0 7 10 10 9 5 4 2 7 3 3 3 1 0 6 5 6 8 8 6 0 1 8 4 10 9 4 10 1 9 6 6 2 8 9 10 0 2 4 6
3 2 14 35 39 38 31
#c 10 7 8 2 0 3 3 5 4 2 0 7 10 10 9 5 4 2 7 3 3 3 1 0 6 5 6 8 8 6 0 1 8 4 10 9 4 10 1 9 6 6 2 8 9 10 0 2 4 6
2 1 12 37 30
4 4 34 0 45 13 23 10 4 46
#c 10 7 8 2 0 3 3 5 4 2 0 7 0 10 9 5 4 2 7 3 3 3 1 0 6 5 6 8 8 6 10 1 8 4 10 9 4 0 1 9 6 6 2 8 9 10 0 2 4 6
1 1 23 38
5 2 10 4 46 12 37 22 31
#c 10 7 8 2 0 3 3 5 4 2 0 7 0 10 9 5 4 2 7 3 3 3 1 0 6 5 6 8 8 6 10 1 8 4 10 9 4 0 1 9 6 6 2 8 9 10 0 2 4 6
#c 10 7 8 2 0 3 3 5 4 2 0 7 0 10 9 5 4 2 7 3 3 3 1 0 6 5 6 8 8 6 10 1 8 4 10 9 4 0 1 9 6 6 2 8 9 10 0 2 4 6
1 1 3 48
4 4 9 47 17 42 16 36 33 8
#c 10 7 8 2 0 3 3 5 4 2 0 7 0 10 9 5 4 2 7 3 3 3 1 0 6 5 6 8 8 6 10 1 8 4 10 9 4 0 1 9 6 6 2 8 9 10 0 2 4 6
2 2 5 6 7 15
3 1 21 20 19 25
#c 10 7 8 2 0 3 3 5 4 2 0 7 0 10 9 5 4 2 7 3 3 3 1 0 6 5 6 8 8 6 10 1 8 4 10 9 4 0 1 9 6 6 2 8 9 10 0 2 4 6
2 2 36 16 24 26
3 4 48 33 8 49 40 29 41
#c 10 7 8 2 0 3 3 5 4 2 0 7 0 10 9 5 4 2 7 3 3 3 1 0 6 5 6 8 8 6 10 1 8 4 10 9 4 0 1 9 6 6 2 8 9 10 0 2 4 6
1 1 15 37
2 5 25 7 23 10 4 46 12
#c 10 7 8 2 0 3 3 5 4 2 0 7 0 10 9 5 4 2 7 3 3 3 1 0 6 5 6 8 8 6 10 1 8 4 10 9 4 0 1 9 6 6 2 8 9 10 0 2 4 6
1 2 29 35 39
5 2 49 24 40 41 26 14 44
#c 10 7 8 2 0 3 3 5 4 2 0 7 0 10 9 5 4 2 7 3 3 3 1 0 6 5 6 8 8 6 10 1 8 4 10 9 4 0 1 9 6 6 2 8 9 10 0 2 4 6
2 5 11 1 23 10 4 12 37
#c 10 7 8 2 0 3 3 5 4 2 0 7 0 10 9 5 4 2 7 3 3 3 1 0 6 5 6 8 8 6 10 1 8 4 10 9 4 0 1 9 6 6 2 8 9 10 0 2 4 6
2 1 2 27 37
3 5 43 32 28 23 10 4 46 12
#c 10 7 8 2 0 3 3 5 4 2 0 7 0 10 9 5 4 2 7 3 3 3 1 0 6 5 6 8 8 6 10 1 8 4 10 9 4 0 1 9 6 6 2 8 9 10 0 2 4 6
2 2 39 35 28 43
2 3 14 44 32 2 27
#c 10 7 8 2 0 3 3 5 4 2 0 7 0 10 9 5 4 2 7 3 3 3 1 0 6 5 6 8 8 6 10 1 8 4 10 9 4 0 1 9 6 6 2 8 9 10 0 2 4 6
2 2 34 45 7 25
3 1 0 13 30 15
#c 10 7 8 2 0 3 3 5 4 2 0 7 0 10 9 5 4 2 7 3 3 3 1 0 6 5 6 8 8 6 10 1 8 4 10 9 4 0 1 9 6 6 2 8 9 10 0 2 4 6
1 1 46 20
5 4 23 10 4 12 37 21 19 6 5
#c 10 7 8 2 0 3 3 5 4 2 0 7 0 10 9 5 4 2 7 3 3 3 1 0 6 5 6 8 8 6 10 1 8 4 10 9 4 0 1 9 6 6 2 8 9 10 0 2 4 6
1 1 38 1
2 2 22 31 18 11
#c 10 7 8 2 0 3 3 5 4 2 0 7 0 10 9 5 4 2 7 3 3 3 1 0 6 5 6 8 8 6 10 1 8 4 10 9 4 0 1 9 6 6 2 8 9 10 0 2 4 6
2 2 42 9 33 8
3 3 47 17 3 48 16 36
#c 10 7 8 2 0 3 3 5 4 2 0 7 0 10 9 5 4 2 7 3 3 3 1 0 6 5 6 8 8 6 10 1 8 4 10 9 4 0 1 9 6 6 2 8 9 10 0 2 4 6
2 2 5 21 39 35
3 2 20 19 6 14 44
#c 10 7 8 2 0 3 3 5 4 2 0 7 0 10 9 5 4 2 7 3 3 3 1 0 6 5 6 8 8 6 10 1 8 4 10 9 4 0 1 9 6 6 2 8 9 10 0 2 4 6
2 2 16 33 0 45
10 7 8 2 0 3 3 5 4 2 0 7 0 10 9 5 4 2 7 3 3 3 1 0 6 5 6 8 8 6 10 1 8 4 10 9 4 0 1 9 6 6 2 8 9 10 0 2 4 6
