#c 0 1 2 3 4 5 6 7 8 9 10 0 1 2 3 4 5 6 7 8 9 10 0 1 2 3 4 5 6 7 8 9 10 0 1 2 3 4 5 6 7 8 9 10
#c 0 1 2 3 4 5 6 7 8 9 10 0 1 2 3 4 5 6 7 8 9 10 0 1 2 3 4 5 6 7 8 9 10 0 1 2 3 4 5 6 7 8 9 10
1 1 13 6
3 3 2 24 35 17 28 39
#c 0 1 2 3 4 5 6 7 8 9 10 0 1 2 3 4 5 6 7 8 9 10 0 1 2 3 4 5 6 7 8 9 10 0 1 2 3 4 5 6 7 8 9 10
1 1 3 4
3 3 14 25 36 15 26 37
#c 0 1 2 4 3 5 6 7 8 9 10 0 1 2 3 4 5 6 7 8 9 10 0 1 2 3 4 5 6 7 8 9 10 0 1 2 3 4 5 6 7 8 9 10
1 1 26 20
3 3 15 37 3 9 31 42
#c 0 1 2 4 3 5 6 7 8 9 10 0 1 2 3 4 5 6 7 8 9 10 0 1 2 3 4 5 6 7 8 9 10 0 1 2 3 4 5 6 7 8 9 10
1 1 16 42
3 3 5 27 38 9 20 31
#c 0 1 2 4 3 5 6 7 8 9 10 0 1 2 3 4 9 6 7 8 9 10 0 1 2 3 4 5 6 7 8 9 10 0 1 2 3 4 5 6 7 8 5 10
1 2 28 0 22
3 2 6 17 39 11 33
#c 0 1 2 4 3 5 6 7 8 9 10 0 1 2 3 4 9 6 7 8 9 10 0 1 2 3 4 5 6 7 8 9 10 0 1 2 3 4 5 6 7 8 5 10
2 2 40 29 35 13
2 2 7 18 2 24
#c 0 1 2 4 3 5 6 7 8 9 10 0 1 7 3 4 9 6 7 8 9 10 0 1 2 3 4 5 6 2 8 9 10 0 1 7 3 4 5 6 2 8 5 10
2 2 41 30 3 15
2 2 8 19 26 37
#c 0 1 2 8 3 5 6 7 8 9 10 0 1 7 3 8 9 6 7 8 9 10 0 1 2 3 4 5 6 2 4 9 10 0 1 7 3 4 5 6 2 4 5 10
1 1 16 24
3 3 9 20 31 2 40 29
#c 0 1 2 8 3 5 6 7 8 9 10 0 1 7 3 8 2 6 7 8 9 10 0 1 9 3 4 5 6 2 4 9 10 0 1 7 3 4 5 6 2 4 5 10
1 2 10 41 37
3 2 21 32 43 26 30
#c 0 1 2 8 3 5 6 7 8 9 10 0 1 7 3 8 2 6 7 8 9 10 0 1 9 3 4 5 6 2 4 9 10 0 1 7 3 4 5 6 2 4 5 10
#c 0 1 2 8 3 5 6 7 8 9 10 0 1 7 3 8 2 6 7 8 9 10 0 1 9 3 4 5 6 2 4 9 10 0 1 7 3 4 5 6 2 4 5 10
2 1 1 12 33
2 3 23 34 0 11 22
#c 0 1 2 8 3 5 6 7 8 9 10 0 1 7 3 8 2 6 7 8 9 10 0 1 9 3 4 5 6 2 4 9 10 0 1 7 3 4 5 6 2 4 5 10
#c 0 1 2 8 3 5 6 7 8 9 10 0 1 7 3 8 2 6 7 8 9 10 0 1 9 3 4 5 6 2 4 9 10 0 1 7 3 4 5 6 2 4 5 10
2 2 4 25 1 34
2 2 14 36 12 23
#c 0 3 2 8 1 5 6 7 8 9 10 0 1 7 3 8 2 6 7 8 9 10 0 1 9 1 4 5 6 2 4 9 10 0 3 7 3 4 5 6 2 4 5 10
1 1 41 13
3 3 26 37 30 7 18 35
#c 0 3 2 8 1 5 6 7 8 9 10 0 1 4 3 8 2 6 7 8 9 10 0 1 9 1 4 5 6 2 4 9 10 0 3 7 3 4 5 6 2 7 5 10
2 2 5 38 19 3
2 2 27 42 8 15
#c 0 3 2 8 1 5 6 7 8 9 10 0 1 4 3 8 2 6 7 8 9 10 0 1 9 1 4 5 6 2 4 9 10 0 3 7 3 4 5 6 2 7 5 10
1 1 17 37
3 3 6 28 39 26 30 13
#c 0 3 2 8 1 5 6 7 8 9 10 0 1 4 3 8 2 6 7 8 9 10 0 1 9 1 4 5 6 2 4 9 10 0 3 7 3 4 5 6 2 7 5 10
#c 0 3 2 8 1 5 6 7 8 9 10 0 1 4 3 8 2 6 7 8 9 10 0 1 9 1 4 5 6 2 4 9 10 0 3 7 3 4 5 6 2 7 5 10
1 1 19 41
3 3 8 3 15 7 18 35
#c 0 3 2 8 1 5 6 7 8 9 10 0 1 4 3 8 2 6 7 8 9 10 0 1 9 1 4 5 6 2 4 9 10 0 3 7 3 4 5 6 2 7 5 10
1 1 20 3
3 3 9 31 24 8 19 15
#c 0 3 2 8 1 5 6 7 8 9 10 0 1 4 3 8 2 6 7 8 9 10 0 1 9 1 4 5 6 2 4 9 10 0 3 7 3 4 5 6 2 7 5 10
2 2 21 32 11 22
2 2 10 43 0 33
#c 0 3 2 8 1 5 6 7 8 9 10 0 1 4 3 8 2 6 7 8 9 10 0 1 9 1 4 5 6 2 4 9 10 0 3 7 3 4 5 6 2 7 5 10
#c 0 3 2 8 1 5 6 7 8 9 10 0 1 4 3 8 2 6 7 8 9 10 0 1 9 1 4 5 6 2 4 9 10 0 3 7 3 4 5 6 2 7 5 10
2 1 12 4 19
2 3 23 25 8 3 15
#c 0 3 2 8 1 5 6 7 8 9 10 0 1 4 3 8 2 6 7 8 9 10 0 1 9 1 4 5 6 2 4 9 10 0 3 7 3 4 5 6 2 7 5 10
1 1 40 20
3 3 2 29 16 9 31 24
#c 0 3 2 8 1 5 6 7 8 9 10 0 1 4 3 8 2 6 7 8 9 10 0 1 9 1 4 5 6 2 4 9 10 0 3 7 3 4 5 6 2 7 5 10
1 1 14 19
3 3 36 1 34 8 3 15
#c 0 3 2 8 1 5 6 7 8 9 10 0 1 4 8 8 2 6 7 3 9 10 0 1 9 1 4 5 6 2 4 9 10 0 3 7 3 4 5 6 2 7 5 10
1 1 37 6
3 3 26 30 13 17 28 39
#c 0 3 2 8 1 5 4 7 8 9 10 0 1 4 8 8 2 6 7 3 9 10 0 1 9 1 4 5 6 2 4 9 10 0 3 7 3 6 5 6 2 7 5 10
1 1 5 12
3 3 27 38 42 23 4 25
#c 0 3 2 8 1 5 4 7 8 9 10 0 1 4 8 8 2 6 7 3 9 10 0 1 9 1 4 5 6 2 4 9 10 0 3 7 3 6 5 6 2 7 5 10
2 2 39 17 13 26
2 2 28 37 30 6
#c 0 3 2 8 1 5 4 7 8 9 10 0 1 6 8 8 2 4 7 3 9 10 0 1 9 1 6 5 6 2 4 9 10 0 3 7 3 6 5 4 2 7 5 10
#c 0 3 2 8 1 5 4 7 8 9 10 0 1 6 8 8 2 4 7 3 9 10 0 1 9 1 6 5 6 2 4 9 10 0 3 7 3 6 5 4 2 7 5 10
1 1 8 32
3 3 3 15 14 10 21 43
#c 0 3 2 8 1 5 4 7 8 9 10 0 1 6 8 8 2 4 7 3 9 10 0 1 9 1 6 5 6 2 4 9 10 0 3 7 3 6 5 4 2 7 5 10
2 2 9 20 36 34
2 2 31 24 1 19
#c 0 3 2 8 1 5 4 7 8 9 10 0 1 6 8 8 2 4 7 3 9 10 0 1 9 1 6 5 6 2 4 9 10 0 3 7 3 6 5 4 2 7 5 10
1 1 32 24
3 3 10 21 43 9 20 31
#c 0 3 2 8 1 5 4 7 8 9 10 0 1 6 8 8 2 4 7 3 9 10 0 1 9 1 6 5 6 2 4 9 10 0 3 7 3 6 5 4 2 7 5 10
2 1 0 33 12
2 3 11 22 23 4 25
#c 1 3 2 8 1 5 4 7 8 9 10 0 0 6 8 8 2 4 7 3 9 10 0 1 9 1 6 5 6 2 4 9 10 1 3 7 3 6 5 4 2 7 5 10
1 1 0 5
4 3 23 4 25 33 27 38 42
#c 5 3 2 8 1 1 4 7 8 9 10 0 0 6 8 8 2 4 7 3 9 10 0 1 9 1 6 5 6 2 4 9 10 1 3 7 3 6 5 4 2 7 5 10
2 2 29 40 6 39
2 2 2 16 30 17
#c 5 3 2 8 1 1 4 7 8 9 10 0 0 6 8 8 2 4 7 3 9 10 0 1 9 1 6 5 6 2 4 9 10 1 3 7 3 6 5 4 2 7 5 10
2 2 36 34 10 43
2 2 1 19 21 32
#c 5 3 2 8 1 1 4 7 8 9 10 0 0 6 8 8 2 4 7 3 9 10 0 1 9 1 6 5 6 2 4 9 10 1 3 7 3 6 5 4 2 7 5 10
2 2 30 39 38 27
2 2 6 17 42 0
#c 5 3 2 8 1 1 4 7 8 9 10 0 0 6 8 8 2 4 7 3 9 10 0 1 9 1 6 5 6 2 4 9 10 1 3 7 3 6 5 4 2 7 5 10
#c 5 3 2 8 1 1 4 7 8 9 10 0 0 6 8 8 2 4 7 3 9 10 0 1 9 1 6 5 6 2 4 9 10 1 3 7 3 6 5 4 2 7 5 10
2 2 13 28 5 4
2 3 37 26 23 25 33
#c 5 3 2 8 1 1 4 7 8 9 10 0 0 6 8 8 2 4 7 3 9 10 0 1 9 1 6 5 6 2 4 9 10 1 3 7 3 6 5 4 2 7 5 10
1 1 35 27
3 3 7 18 41 38 42 0
#c 5 3 2 8 1 1 4 7 8 9 10 0 0 6 8 8 2 4 7 3 9 10 0 1 9 1 6 5 6 2 4 9 10 1 3 7 3 6 5 4 2 7 5 10
2 2 3 8 2 16
2 2 15 14 40 29
#c 5 3 8 2 1 1 4 7 2 9 10 0 0 6 8 8 8 4 7 3 9 10 0 1 9 1 6 5 6 2 4 9 10 1 3 7 3 6 5 4 2 7 5 10
1 1 31 38
3 3 9 20 24 27 42 0
#c 5 3 8 2 1 1 4 7 2 9 10 0 0 6 8 8 8 4 7 3 9 10 0 1 9 1 6 5 6 2 4 5 10 1 3 7 3 6 9 4 2 7 5 10
1 1 43 3
3 3 10 21 32 40 29 8
#c 5 3 8 2 1 1 4 7 2 9 10 0 0 6 8 8 8 4 7 3 9 10 0 1 9 1 6 5 6 2 4 5 10 1 3 7 3 6 9 4 2 7 5 10
1 1 12 1
2 3 11 22 36 34 19
#c 5 3 8 2 1 1 4 7 2 9 10 0 0 6 8 8 8 4 7 3 9 10 0 1 9 1 6 5 6 2 4 5 10 1 3 7 3 6 9 4 2 7 5 10
1 1 25 21
4 3 23 4 33 5 10 32 43
#c 5 3 8 2 1 1 4 7 2 9 10 0 0 6 8 8 8 4 7 3 9 1 0 1 9 10 6 5 6 2 4 5 10 1 3 7 3 6 9 4 2 7 5 10
1 3 3 20 38 24
3 1 40 29 8 9
#c 5 3 8 2 1 1 4 7 2 9 10 0 0 6 8 8 8 4 7 3 9 1 0 1 9 10 6 5 6 2 4 5 10 1 3 7 3 6 9 4 2 7 5 10
2 3 34 36 16 2 15
2 1 1 19 14
#c 5 3 3 2 1 1 4 7 2 9 10 0 0 6 8 3 3 4 7 3 9 1 0 1 9 10 6 5 6 2 4 5 10 1 8 7 8 6 9 4 2 7 5 10
#c 5 3 3 2 1 1 4 7 2 9 10 0 0 6 8 3 3 4 7 3 9 1 0 1 9 10 6 5 6 2 4 5 10 1 8 7 8 6 9 4 2 7 5 10
1 1 42 33
3 4 27 0 31 23 4 5 21
#c 5 3 3 2 1 1 4 7 2 9 10 0 0 6 8 3 3 4 7 3 9 1 0 1 9 10 6 5 6 2 4 5 10 5 8 7 8 6 9 4 2 7 1 10
2 2 26 37 4 21
2 3 28 13 23 5 42
#c 5 3 3 2 1 1 4 7 2 9 10 0 0 6 8 3 3 4 7 3 9 1 0 1 9 10 6 5 6 2 4 5 10 5 8 7 8 6 9 4 2 7 1 10
1 1 18 38
3 3 7 35 41 9 20 24
#c 5 3 3 2 1 1 4 7 2 9 10 0 0 6 8 3 3 4 7 3 9 1 0 1 9 10 6 5 6 2 4 5 10 5 8 7 8 6 9 4 2 7 1 10
1 1 34 43
2 3 14 36 10 32 25
#c 5 3 3 2 1 1 4 7 2 9 10 0 0 6 8 3 3 4 7 3 9 1 0 1 9 10 6 5 6 2 4 5 10 5 8 7 8 6 9 4 2 7 1 10
1 1 38 37
3 3 9 20 24 28 13 26
#c 5 3 3 2 1 1 4 7 2 9 10 0 0 6 8 3 3 4 7 3 9 1 0 1 9 10 6 5 6 2 4 5 10 5 8 7 8 6 9 4 2 7 1 10
1 1 43 5
3 4 10 32 25 23 4 21 42
#c 5 3 3 2 1 1 4 7 2 9 10 0 0 6 8 3 3 4 7 3 9 1 0 1 9 10 6 5 6 2 4 5 10 5 8 7 8 6 9 4 2 7 1 10
#c 5 3 3 2 1 1 4 7 2 9 10 0 0 6 8 3 3 4 7 3 9 1 0 1 9 10 6 5 6 2 4 5 10 5 8 7 8 6 9 4 2 7 1 10
2 2 4 5 11 22
3 1 23 21 42 12
#c 5 3 3 2 1 1 4 7 2 9 10 0 0 6 8 3 3 4 7 3 9 1 0 1 9 10 6 5 6 2 4 5 10 5 8 7 8 6 9 4 2 7 1 10
2 2 8 29 28 37
2 2 40 3 13 26
#c 5 3 3 2 1 1 4 7 2 9 10 0 0 6 8 3 3 4 7 3 9 1 0 1 9 10 6 5 6 2 4 5 10 5 8 7 8 6 9 4 2 7 1 10
2 2 19 15 8 29
3 2 1 16 2 40 3
#c 5 3 3 2 1 1 4 7 2 9 10 0 0 6 8 3 3 4 7 3 9 1 0 1 9 10 6 5 6 2 4 5 10 5 8 7 8 6 9 4 2 7 1 10
2 2 39 30 43 32
2 2 6 17 10 25
#c 5 3 3 2 1 1 4 7 2 9 10 0 0 6 8 3 3 4 7 3 9 1 0 1 9 10 6 5 6 2 4 5 10 5 8 7 8 6 9 4 2 7 1 10
1 1 31 26
3 3 27 0 33 28 37 13
#c 5 3 3 2 1 1 4 7 2 9 10 0 0 6 8 3 3 4 7 3 9 1 0 1 9 10 6 5 6 2 4 5 10 5 8 7 8 6 9 4 2 7 1 10
1 1 28 25
3 3 37 13 26 10 32 43
#c 5 3 3 2 1 1 4 7 2 9 10 0 0 6 8 3 3 4 7 3 9 1 0 1 9 10 6 5 6 2 4 5 10 5 8 7 8 6 9 4 2 7 1 10
2 2 41 18 9 20
2 2 7 35 24 38
#c 5 3 3 2 1 1 4 7 2 9 10 0 0 6 8 3 3 4 7 3 9 1 0 1 9 10 6 5 6 2 4 5 10 5 8 7 8 6 9 4 2 7 1 10
1 1 36 40
2 3 14 34 29 3 8
#c 5 3 3 2 1 1 4 7 2 9 10 0 0 6 8 3 3 4 7 3 9 1 0 1 9 10 6 5 6 2 4 5 10 5 8 7 8 6 9 4 2 7 1 10
2 2 20 9 29 8
2 2 24 38 40 3
#c 5 3 3 2 1 1 4 7 2 9 10 0 0 6 8 3 3 4 7 3 9 1 0 1 9 10 6 5 6 2 4 5 10 5 8 7 8 6 9 4 2 7 1 10
1 1 10 33
3 3 32 43 25 27 0 31
#c 5 3 3 2 1 1 4 7 2 9 10 0 0 6 8 3 3 4 7 3 9 1 0 1 9 10 6 5 6 2 4 5 10 5 8 7 8 6 9 4 2 7 1 10
1 1 11 24
2 3 22 12 9 20 38
#c 5 3 3 2 1 1 4 7 2 9 10 9 0 6 8 3 3 4 7 3 9 1 0 1 0 10 6 5 6 2 4 5 10 5 8 7 8 6 9 4 2 7 1 10
2 2 23 42 32 25
3 2 4 5 21 10 43
#c 5 3 3 2 1 1 4 7 2 9 10 9 0 6 8 3 3 4 7 3 9 1 0 1 0 10 6 5 6 2 4 5 10 5 8 7 8 6 9 4 2 7 1 10
1 1 40 22
3 2 29 3 8 12 24
#c 5 3 3 2 1 1 4 7 2 9 10 9 0 6 8 3 3 4 7 3 9 1 0 1 0 10 6 5 6 2 4 5 10 5 8 7 8 6 9 4 2 7 1 10
1 1 19 26
4 3 1 16 2 15 28 37 13
#c 5 3 3 2 1 1 4 7 2 9 10 9 0 6 8 3 3 4 7 3 9 1 0 1 0 10 6 5 6 2 4 5 10 5 8 7 8 6 9 4 2 7 1 10
2 2 30 17 12 22
2 1 6 39 24
#c 5 3 3 2 1 1 4 7 2 9 10 9 0 6 8 3 3 4 7 3 9 1 0 1 0 10 6 5 6 2 4 5 10 5 8 7 8 6 9 4 2 7 1 10
2 2 27 31 2 15
2 3 0 33 1 19 16
#c 5 3 3 2 1 1 4 7 2 9 10 9 0 6 8 3 3 4 7 3 9 1 0 1 0 10 6 5 6 2 4 5 10 5 8 7 8 6 9 4 2 7 1 10
#c 5 3 3 2 1 1 4 7 2 9 10 9 0 6 8 3 3 4 7 3 9 1 0 1 0 10 6 5 6 2 4 5 10 5 8 7 8 6 9 4 2 7 1 10
2 2 18 7 38 20
2 2 35 41 9 11
#c 5 3 3 2 1 1 4 7 2 9 10 9 0 6 8 3 3 4 7 3 9 1 0 1 0 10 6 5 6 2 4 5 10 5 8 7 8 6 9 4 2 7 1 10
#c 5 3 3 2 1 1 4 7 2 9 10 9 0 6 8 3 3 4 7 3 9 1 0 1 0 10 6 5 6 2 4 5 10 5 8 7 8 6 9 4 2 7 1 10
2 2 9 20 42 5
2 3 38 11 23 4 21
#c 5 3 3 2 1 9 4 7 2 1 10 9 0 6 8 3 3 4 7 3 1 1 0 1 0 10 6 5 6 2 4 5 10 5 8 7 8 6 9 4 2 7 9 10
1 1 25 6
3 3 10 32 43 30 39 17
#c 5 3 3 2 1 9 4 7 2 1 10 9 0 6 8 3 3 4 7 3 1 1 0 1 0 10 6 5 6 2 4 5 10 5 8 7 8 6 9 4 2 7 9 10
1 2 24 14 36
2 1 22 12 34
#c 5 3 3 2 1 9 4 7 2 1 10 9 0 6 8 3 3 4 7 3 1 1 0 1 0 10 6 5 6 2 4 5 10 5 8 7 8 6 9 4 2 7 9 10
2 2 23 9 17 6
3 2 4 21 20 30 39
#c 5 3 3 2 1 9 4 7 2 1 10 9 0 6 8 3 3 4 7 3 1 1 0 1 0 10 6 5 6 2 4 5 10 5 8 7 8 6 9 4 2 7 9 10
1 1 8 17
3 3 40 29 3 30 6 39
#c 5 3 3 2 1 9 4 7 2 1 10 9 0 6 8 3 3 4 7 3 1 1 0 1 0 10 6 5 6 2 4 5 10 5 8 7 8 6 9 4 2 7 9 10
1 1 15 22
4 2 1 19 16 2 12 24
#c 5 3 3 2 1 9 4 7 2 1 10 9 0 6 8 3 3 4 7 3 1 1 0 1 0 10 6 5 6 2 4 5 10 5 8 7 8 6 9 4 2 7 9 10
2 2 17 30 16 2
2 3 6 39 1 19 15
#c 5 3 3 2 1 9 4 7 2 1 10 9 0 6 8 3 3 4 7 3 1 1 0 1 0 10 6 5 6 2 4 5 10 5 8 7 8 6 9 4 2 7 9 10
1 1 31 2
3 4 27 0 33 1 19 16 15
#c 5 3 5 2 1 9 4 7 2 1 10 9 0 6 8 3 3 4 7 3 1 1 0 1 0 10 6 5 6 2 4 3 10 5 8 7 8 6 9 4 2 7 9 10
2 2 26 13 38 11
2 2 28 37 42 5
#c 5 3 5 2 1 9 4 7 2 1 10 6 0 9 8 3 3 4 7 3 1 1 0 1 0 10 9 5 6 2 4 3 10 5 8 7 8 6 6 4 2 7 9 10
1 1 7 16
3 4 18 35 41 1 19 15 31
#c 5 3 5 2 1 9 4 7 2 1 10 6 0 9 8 3 3 4 7 3 1 1 0 1 0 10 9 5 6 2 4 3 10 5 8 7 8 6 6 4 2 7 9 10
1 1 14 8
2 3 34 36 40 29 3
#c 5 3 5 2 1 9 4 7 8 1 10 6 0 9 2 3 3 4 7 3 1 1 0 1 0 10 9 5 6 2 4 3 10 5 8 7 8 6 6 4 2 7 9 10
2 2 5 26 34 8
2 1 42 13 36
#c 5 3 5 2 1 9 4 7 8 1 10 6 0 9 2 3 3 4 7 3 1 1 0 1 0 10 9 5 6 2 4 3 10 5 8 7 8 6 6 4 2 7 9 10
#c 5 3 5 2 1 9 4 7 8 1 10 6 0 9 2 3 3 4 7 3 1 1 0 1 0 10 9 5 6 2 4 3 10 5 8 7 8 6 6 4 2 7 9 10
1 1 12 39
2 3 22 24 30 6 17
#c 5 3 5 2 1 9 4 7 8 1 10 6 0 9 2 3 3 4 7 3 1 1 0 1 0 10 9 5 6 2 4 3 10 5 8 7 8 6 6 4 2 7 9 10
1 1 4 25
4 3 23 21 9 20 10 32 43
#c 5 3 5 2 1 9 4 7 8 1 10 6 0 9 2 3 3 4 7 3 1 1 0 1 0 10 9 5 6 2 4 3 10 5 8 7 8 6 6 4 2 7 9 10
1 1 40 17
3 3 29 3 14 30 6 39
#c 5 3 5 2 1 9 4 7 8 1 10 6 0 9 2 3 3 4 7 3 1 1 0 1 0 10 9 5 6 2 4 3 10 5 8 7 8 6 6 4 2 7 9 10
1 1 16 28
4 3 1 19 15 31 37 38 11
#c 5 3 5 2 1 9 4 7 8 1 10 6 0 9 2 3 3 4 7 3 1 1 0 1 0 10 9 5 6 2 4 3 10 5 8 7 8 6 6 4 2 7 9 10
1 1 17 3
3 3 30 6 39 40 29 14
#c 5 3 5 2 1 9 4 7 8 1 10 6 0 9 2 3 3 4 7 3 1 1 0 1 0 10 9 5 6 2 4 3 10 5 8 7 8 6 6 4 2 7 9 10
2 2 2 33 18 7
2 2 27 0 35 41
#c 5 3 5 2 1 9 4 7 8 1 10 6 0 9 2 3 3 4 7 3 1 1 0 1 0 10 9 5 6 2 4 3 10 5 8 7 8 6 6 4 2 7 9 10
1 1 28 27
3 3 37 38 11 0 33 2
#c 5 3 5 2 1 9 4 7 8 1 10 6 0 9 2 3 3 4 7 3 1 1 0 1 0 10 9 5 6 2 4 3 10 5 8 7 8 6 6 4 2 7 9 10
1 1 35 19
3 4 7 18 41 1 16 15 31
#c 5 3 5 2 1 9 4 7 8 1 10 6 0 9 2 3 3 4 7 7 1 1 0 1 0 10 9 5 6 2 4 3 10 5 8 3 8 6 6 4 2 7 9 10
#c 5 3 5 2 1 9 4 7 8 1 10 6 0 9 2 3 3 4 7 7 1 1 0 1 0 10 9 5 6 2 4 3 10 5 8 3 8 6 6 4 2 7 9 10
#c 5 3 5 2 1 9 4 7 8 1 10 6 0 9 2 3 3 4 7 7 1 1 0 1 0 10 9 5 6 2 4 3 10 5 8 3 8 6 6 4 2 7 9 10
2 2 43 10 41 7
2 2 32 25 18 19
#c 5 3 5 2 1 9 4 7 8 1 10 6 0 9 2 3 3 4 7 7 1 1 0 1 0 10 9 5 6 2 4 3 10 5 8 3 8 6 6 4 2 7 9 10
1 1 22 30
2 3 12 24 6 39 17
#c 5 3 5 2 1 9 4 7 8 1 10 6 0 9 2 3 3 4 7 7 1 1 0 1 0 10 9 5 6 2 4 3 10 5 8 3 8 6 6 4 2 7 9 10
2 2 20 4 34 8
3 1 23 21 9 36
#c 5 3 5 2 8 9 4 7 1 1 10 6 0 9 2 3 3 4 7 7 8 1 0 1 0 10 9 5 6 2 4 3 10 5 1 3 8 6 6 4 2 7 9 10
2 2 14 40 12 24
2 1 29 3 22
#c 5 3 5 2 8 9 4 7 1 1 10 6 0 9 2 3 3 4 7 7 8 1 0 1 0 10 9 5 6 2 4 3 10 5 1 3 8 6 6 4 2 7 9 10
2 2 31 35 13 42
3 2 1 16 15 5 26
#c 5 3 5 2 8 9 4 7 1 1 10 6 0 3 2 3 3 4 7 7 8 1 0 1 0 10 9 5 6 2 4 9 10 5 1 9 8 6 6 4 2 7 3 10
1 1 30 7
3 3 6 39 17 18 41 19
#c 5 3 5 2 8 9 4 7 1 1 10 6 0 3 2 3 3 4 7 7 8 1 0 1 0 10 9 5 6 2 4 9 10 5 1 9 8 6 6 4 2 7 3 10
#c 5 3 5 2 8 9 4 7 1 1 10 6 0 3 2 3 3 4 7 7 8 1 0 1 0 10 9 5 6 2 4 9 10 5 1 9 8 6 6 4 2 7 3 10
1 1 28 43
3 3 37 38 11 10 32 25
#c 5 3 5 2 8 9 4 7 1 1 10 6 0 3 2 3 3 4 7 7 8 1 0 1 0 10 9 5 6 2 4 9 10 5 1 9 8 6 6 4 2 7 3 10
2 2 19 41 32 25
2 2 7 18 10 43
#c 5 3 5 2 8 9 4 7 1 1 10 6 0 3 2 3 3 4 7 10 8 1 0 1 0 7 9 5 6 2 4 9 7 5 1 9 8 6 6 4 2 10 3 10
1 1 4 35
2 3 36 20 5 26 31
#c 5 3 5 2 8 9 4 7 1 1 10 6 0 3 2 3 3 4 7 10 8 1 0 1 0 7 9 5 6 2 4 9 7 5 1 9 8 6 6 4 2 10 3 10
2 2 31 5 36 20
2 1 26 35 4
#c 5 3 5 2 8 9 4 7 1 1 10 6 0 3 2 3 3 4 7 10 8 1 0 1 0 7 9 5 6 2 4 9 7 5 1 9 8 6 6 4 2 10 3 10
2 2 41 43 21 34
2 3 10 19 23 9 8
#c 5 3 5 2 8 9 4 7 1 1 10 6 0 3 2 3 3 4 7 10 8 1 0 1 0 7 9 5 6 2 4 9 7 5 1 9 8 6 6 4 2 10 3 10
1 1 24 28
2 3 22 12 37 38 11
#c 5 3 5 2 8 9 4 7 1 1 10 6 0 3 2 3 3 4 7 10 8 1 0 1 0 7 9 5 6 2 4 9 7 5 1 9 8 6 6 4 2 10 3 10
2 2 21 23 15 16
3 3 9 34 8 1 13 42
#c 5 3 5 2 8 9 4 7 1 1 10 6 0 3 2 1 1 4 7 10 8 3 0 3 0 7 9 5 6 2 4 9 7 5 1 9 8 6 6 4 2 10 3 10
1 1 14 28
3 3 40 29 3 37 38 11
#c 5 3 5 2 8 9 4 7 1 1 10 6 0 3 2 1 1 4 7 10 8 3 0 3 0 7 9 5 6 2 4 9 7 5 1 9 8 6 6 4 2 10 3 10
#c 5 3 5 2 8 9 4 7 1 1 10 6 0 3 2 1 1 4 7 10 8 3 0 3 0 7 9 5 6 2 4 9 7 5 1 9 8 6 6 4 2 10 3 10
1 1 6 27
3 3 30 39 17 0 33 2
#c 5 3 5 2 8 9 4 7 1 1 10 6 0 3 2 1 1 4 7 10 8 3 0 3 0 7 9 5 6 2 4 9 7 5 1 9 8 6 6 4 2 10 3 10
2 2 0 33 29 3
2 2 27 2 40 14
#c 5 3 5 2 8 9 4 7 1 1 10 6 0 3 2 1 1 4 7 10 8 3 0 3 0 7 9 5 6 2 4 9 7 5 1 9 8 6 6 4 2 10 3 10
1 2 11 22 24
3 1 28 37 38 12
#c 5 3 5 2 8 9 4 7 1 1 10 6 0 3 2 1 1 4 7 10 8 3 0 3 0 7 9 5 6 2 4 9 7 5 1 9 8 6 6 4 2 10 3 10
1 1 7 11
3 3 18 32 25 28 37 38
#c 5 3 5 2 8 9 4 7 1 1 10 6 0 3 2 1 1 4 7 10 8 3 0 3 0 7 9 5 6 2 4 9 7 5 1 9 8 6 6 4 2 10 3 10
1 1 4 43
2 3 36 20 10 19 41
#c 5 3 5 2 8 9 4 7 1 1 10 6 0 3 2 1 1 4 7 10 8 3 0 3 0 7 9 5 6 2 4 9 7 5 1 9 8 6 6 4 2 10 3 10
2 1 26 35 22
2 2 5 31 12 24
#c 5 3 5 2 8 9 4 7 1 1 10 6 0 3 2 1 1 4 7 10 8 3 0 3 0 7 9 5 6 2 4 9 7 5 1 9 8 6 6 4 2 10 3 10
1 1 41 4
3 2 10 43 19 36 20
#c 5 3 5 2 8 9 4 7 1 1 10 6 0 3 2 1 1 4 7 10 8 3 0 3 0 7 9 5 6 2 4 9 7 5 1 9 8 6 6 4 2 10 3 10
1 1 22 20
2 2 12 24 36 4
#c 5 3 5 2 8 9 4 7 1 1 10 6 0 3 2 1 1 4 7 10 0 3 8 3 0 7 9 5 6 2 4 9 7 5 1 9 8 6 6 4 2 10 3 10
#c 5 3 5 2 8 9 4 7 1 1 10 6 0 3 2 1 1 4 7 10 0 3 8 3 0 7 9 5 6 2 4 9 7 5 1 9 8 6 6 4 2 10 3 10
2 3 29 3 31 35 5
2 1 40 14 26
#c 5 3 5 2 8 9 4 7 1 1 10 6 0 3 2 1 1 4 7 10 0 3 8 3 0 7 9 5 6 2 4 9 7 5 1 9 8 6 6 4 2 10 3 10
1 1 42 2
4 3 1 13 21 23 27 0 33
#c 5 3 5 2 8 9 4 7 1 1 10 6 0 3 2 1 1 4 7 10 0 3 8 3 0 7 9 5 6 2 4 9 7 5 1 9 8 6 6 4 2 10 3 10
2 1 17 6 40
2 3 30 39 29 3 14
#c 5 3 5 2 8 9 4 7 1 1 10 6 0 3 2 1 1 4 7 10 0 3 8 3 0 7 9 5 6 2 4 9 7 5 1 9 8 6 6 4 2 10 3 10
2 1 0 33 20
2 2 27 2 12 24
#c 5 3 5 2 8 9 4 7 1 1 10 6 0 3 2 1 1 4 7 10 0 3 8 3 0 7 9 5 6 2 4 9 7 5 1 9 8 6 6 4 2 10 3 10
2 3 11 28 33 2 0
2 1 37 38 27
#c 5 3 5 2 8 9 4 7 1 1 10 6 0 3 2 1 1 4 7 10 0 3 8 3 0 7 9 5 6 2 4 9 7 5 1 9 8 6 6 4 2 10 3 10
1 1 18 41
3 3 7 32 25 10 43 19
#c 5 3 5 2 8 9 4 7 1 1 10 6 0 3 2 1 1 4 7 10 0 3 8 3 0 7 9 5 6 2 4 9 7 5 1 9 8 6 6 4 2 10 3 10
1 1 22 24
2 2 36 4 12 20
#c 5 3 5 2 8 9 4 7 1 1 10 6 0 3 2 1 1 4 7 10 0 3 8 3 0 7 9 5 6 2 4 9 7 5 1 9 8 6 6 4 2 10 3 10
2 2 5 26 21 1
2 3 31 35 13 42 23
#c 5 3 5 2 8 9 4 7 1 1 10 6 0 3 2 1 1 4 7 10 0 3 8 3 0 7 9 5 6 2 4 9 7 5 1 9 8 6 6 4 2 10 3 10
1 1 10 16
3 4 43 19 41 9 34 8 15
#c 5 3 5 2 8 9 4 7 1 1 10 6 0 3 2 1 1 4 7 10 0 3 8 3 0 7 9 5 6 2 4 9 7 5 1 9 8 6 6 4 2 10 3 10
1 1 12 41
2 3 24 20 10 43 19
#c 5 3 5 2 8 9 4 7 1 1 10 6 0 3 2 1 1 4 7 10 0 3 8 3 0 7 9 5 6 2 4 9 7 5 1 9 8 6 6 4 2 10 3 10
#c 5 3 5 2 8 9 4 7 1 1 10 6 0 3 2 1 1 4 7 10 0 3 8 3 0 7 9 5 6 2 4 9 7 5 1 9 8 6 6 4 2 10 3 10
1 1 29 23
3 4 40 3 14 1 13 42 21
#c 5 3 5 2 8 9 4 7 1 1 10 6 0 3 2 1 1 4 7 10 0 3 8 2 0 7 9 5 6 3 4 9 7 5 1 9 8 6 6 4 2 10 3 10
1 1 42 43
4 3 1 13 21 29 10 19 41
#c 5 3 5 2 8 9 4 7 1 1 10 6 0 3 2 1 1 4 7 10 0 3 8 2 0 7 9 5 6 3 4 9 7 5 1 9 8 6 6 4 2 10 3 10
1 1 30 4
3 2 6 39 17 36 22
#c 5 3 5 2 4 9 4 7 1 1 10 6 0 3 2 1 1 4 7 10 0 3 8 2 0 7 9 5 6 3 8 9 7 5 1 9 8 6 6 4 2 10 3 10
1 1 0 41
3 3 27 33 2 10 43 19
#c 5 3 5 2 4 9 4 7 1 1 10 6 0 3 2 1 1 4 7 10 0 3 8 2 0 7 9 5 6 3 8 9 7 5 1 9 8 6 6 4 2 10 3 10
2 2 37 11 14 3
2 2 28 38 40 23
#c 5 3 5 6 4 9 4 7 1 1 10 2 0 3 6 1 1 4 7 10 0 3 8 2 0 7 9 5 6 3 8 9 7 5 1 9 8 2 6 4 2 10 3 10
2 2 25 7 36 22
2 1 18 32 30
#c 5 3 5 6 4 9 4 7 1 1 10 2 0 3 6 1 1 4 7 10 0 3 8 2 0 7 9 5 6 3 8 9 7 5 1 9 8 2 6 4 2 10 3 10
1 1 30 19
2 3 36 22 10 43 41
#c 5 3 5 6 4 9 4 7 1 1 10 2 0 3 6 1 1 4 7 10 0 3 8 2 0 7 9 5 6 3 8 9 7 5 1 9 8 2 6 4 2 10 3 10
2 2 35 31 43 10
2 2 5 26 19 41
#c 5 3 5 6 4 9 4 7 1 1 10 2 0 3 6 1 1 4 7 10 0 3 8 2 0 7 9 5 6 3 8 9 7 5 1 9 8 2 6 4 2 10 3 10
1 1 41 27
3 3 10 43 19 0 33 2
#c 5 3 5 6 4 9 4 7 1 1 10 2 0 3 6 1 1 4 7 10 0 3 8 2 0 7 9 5 6 3 8 9 7 5 1 9 8 2 6 4 2 10 3 10
1 1 24 21
2 4 12 20 1 13 42 29
#c 5 3 5 6 4 9 4 7 1 1 10 2 0 3 6 1 1 4 7 10 0 3 8 2 0 7 9 5 6 3 8 9 7 5 1 9 8 2 6 4 2 10 3 10
2 2 8 9 22 36
3 1 34 15 16 30
#c 5 3 5 6 4 9 4 7 1 1 10 2 0 3 6 1 1 4 7 10 0 3 8 2 0 7 9 5 6 3 8 9 7 5 1 9 8 2 6 4 2 10 3 10
1 1 37 28
3 3 40 23 11 38 14 3
#c 5 3 5 6 4 9 4 7 1 1 10 2 0 3 6 1 1 4 7 10 0 3 8 2 0 7 9 5 6 3 8 9 7 5 1 9 8 2 6 4 2 10 3 10
4 3 1 13 21 29 27 0 33
#c 5 3 5 6 4 9 4 7 1 1 10 2 0 3 6 1 1 4 7 10 0 3 8 2 0 7 9 5 6 3 8 9 7 5 1 9 8 2 6 4 2 10 3 10
2 2 17 39 22 30
2 1 6 4 36
#c 5 3 5 6 4 9 4 7 1 1 10 2 0 3 6 1 1 4 7 10 0 3 8 2 0 7 9 5 6 3 8 9 7 5 1 9 8 2 6 4 2 10 3 10
2 2 0 33 10 19
2 2 27 2 43 41
#c 5 3 5 6 4 9 4 7 1 1 10 2 0 3 6 1 1 4 7 10 0 3 8 2 0 7 9 5 6 3 8 9 7 5 1 9 8 2 6 4 2 10 3 10
#c 5 3 5 6 4 9 4 7 1 1 10 2 0 3 6 1 1 4 7 10 0 3 8 2 0 7 9 5 6 3 8 9 7 5 1 9 8 2 6 4 2 10 3 10
2 3 32 7 2 27 33
2 1 18 25 0
#c 5 3 5 6 4 9 4 7 1 1 10 2 0 3 6 1 1 4 7 10 0 3 8 2 0 7 9 5 6 3 8 9 7 5 1 9 8 2 6 4 2 10 3 10
1 1 36 3
2 3 22 30 28 38 14
#c 5 3 5 6 4 9 4 7 1 1 10 2 0 3 6 1 1 4 7 10 0 3 8 2 0 7 9 5 6 3 8 9 7 5 1 9 8 2 6 4 2 10 3 10
1 1 26 13
3 4 5 31 35 1 42 21 29
#c 5 3 5 6 4 9 4 7 1 1 10 2 0 3 6 1 1 4 7 10 0 3 8 2 0 7 9 5 6 3 8 9 7 5 1 9 8 2 6 4 2 10 3 10
1 1 19 0
3 3 10 43 41 27 33 2
#c 5 3 5 6 4 9 4 7 1 1 10 2 0 3 6 1 1 4 7 10 0 3 8 2 0 7 9 5 6 3 8 9 7 5 1 9 8 2 6 4 2 10 3 10
1 1 12 9
2 4 24 20 34 8 15 16
#c 5 3 5 6 4 9 4 7 1 1 10 2 0 3 6 1 1 4 7 10 0 3 8 2 0 7 9 5 6 3 8 9 7 5 1 9 8 2 6 4 2 10 3 10
2 2 9 8 39 17
5 3 5 6 4 9 4 7 1 1 10 2 0 3 6 1 1 4 7 10 0 3 8 2 0 7 9 5 6 3 8 9 7 5 1 9 8 2 6 4 2 10 3 10
