#c 0 1 2 3 0 1 2 3 0 1 2 3 0 1 2 3 0 1 2 3 0 1 2 3 0 1 2 3 0 1 2 3 0 1 2 3 0 1 2 3 0 1 2 3 0
#c 0 1 2 3 0 1 2 3 0 1 2 3 0 1 2 3 0 1 2 3 0 1 2 3 0 1 2 3 0 1 2 3 0 1 2 3 0 1 2 3 0 1 2 3 0
2 2 6 42 44 24
9 10 2 10 14 18 22 26 30 34 38 0 4 8 12 16 20 28 32 36 40
#c 0 1 2 3 0 1 0 3 0 1 2 3 0 1 2 3 0 1 2 3 0 1 2 3 2 1 2 3 0 1 2 3 0 1 2 3 0 1 2 3 0 1 0 3 2
1 1 27 33
10 10 3 7 11 15 19 23 31 35 39 43 1 5 9 13 17 21 25 29 37 41
#c 0 1 2 3 0 1 0 3 0 1 2 3 0 1 2 3 0 1 2 3 0 1 2 3 2 1 2 3 0 1 2 3 0 1 2 3 0 1 2 3 0 1 0 3 2
6 6 42 20 36 40 32 16 14 18 38 44 30 26
6 5 0 4 8 12 28 6 2 10 22 34 24
#c 0 1 2 3 0 1 0 3 0 1 2 3 0 1 2 3 0 1 2 3 0 1 2 3 2 1 2 3 0 1 2 3 0 1 2 3 0 1 2 3 0 1 0 3 2
#c 0 1 2 3 0 1 0 3 0 1 2 3 0 1 2 3 0 1 2 3 0 1 2 3 2 1 2 3 0 1 2 3 0 1 2 3 0 1 2 3 0 1 0 3 2
2 3 24 26 17 1 25
9 8 2 10 14 18 22 30 34 38 44 5 9 13 21 29 33 37 41
#c 0 1 2 3 0 1 0 3 0 1 2 3 0 1 2 3 0 1 2 3 0 1 2 3 2 1 2 3 0 1 2 3 0 1 2 3 0 1 2 3 0 1 0 3 2
#c 0 1 2 3 0 1 0 3 0 1 2 3 0 1 2 3 0 1 2 3 0 1 2 3 2 1 2 3 0 1 2 3 0 1 2 3 0 1 2 3 0 1 0 3 2
4 4 4 6 8 32 43 3 19 31
8 7 0 12 16 20 28 36 40 42 7 11 15 23 27 35 39
#c 0 1 2 3 0 1 0 3 0 1 2 3 0 1 2 3 0 1 2 3 0 1 2 3 2 1 2 3 0 1 2 3 0 1 2 3 0 1 2 3 0 1 0 3 2
4 4 29 9 5 17 7 31 35 39
7 7 1 13 21 25 33 37 41 3 11 15 19 23 27 43
#c 0 1 2 3 0 1 0 3 0 1 2 3 0 1 2 3 0 1 2 3 0 1 2 3 2 1 2 3 0 1 2 3 0 1 2 3 0 1 2 3 0 1 0 3 2
2 2 24 2 20 28
9 10 10 14 18 22 26 30 34 38 44 0 4 8 12 16 32 36 40 6 42
#c 0 1 2 3 0 1 0 3 0 1 2 3 0 1 2 3 0 1 2 3 0 1 2 3 2 1 2 3 0 1 2 3 0 1 2 3 0 1 2 3 0 1 0 3 2
5 5 43 35 23 7 3 37 9 25 33 21
6 6 11 15 19 27 31 39 1 5 13 17 29 41
#c 0 1 2 3 0 1 0 3 0 1 2 3 0 1 2 3 0 1 2 3 0 1 2 3 2 1 2 3 0 1 2 3 0 1 2 3 0 1 2 3 0 1 0 3 2
3 3 32 20 12 31 23 39
9 8 0 4 8 16 28 36 40 6 42 3 7 11 15 19 27 35 43
#c 0 1 2 3 0 1 0 3 0 1 2 3 3 1 2 3 0 1 2 3 3 1 2 0 2 1 2 3 0 1 2 0 3 1 2 3 0 1 2 0 0 1 0 3 2
5 5 17 33 25 41 37 6 4 40 42 23
6 7 1 5 9 13 21 29 0 8 16 28 36 31 39
#c 0 1 2 3 0 1 0 3 0 1 2 3 3 1 2 3 0 1 2 3 3 1 2 0 2 1 2 3 0 1 2 0 3 1 2 3 0 1 2 0 0 1 0 3 2
3 4 22 44 14 7 3 35 19
8 7 2 10 18 26 30 34 38 24 11 15 27 43 32 20 12
#c 0 1 2 3 0 1 0 3 0 1 2 3 3 1 2 3 0 1 2 3 3 1 2 0 2 1 2 3 0 1 2 0 3 1 2 3 0 1 2 0 0 1 0 3 2
#c 0 1 2 3 0 1 0 3 0 1 2 3 3 1 2 3 0 1 2 3 3 1 2 0 2 1 2 3 0 1 2 0 3 1 2 3 0 1 2 0 0 1 0 3 2
3 5 0 42 16 19 27 7 35 43
9 6 4 8 28 36 40 6 31 23 39 3 11 15 32 20 12
#c 0 1 2 3 0 1 0 3 0 1 2 3 3 1 2 3 0 1 2 3 3 1 2 0 2 1 2 3 0 1 2 0 3 1 2 3 0 1 2 0 0 1 0 3 2
#c 0 1 2 3 0 1 0 3 0 1 2 3 3 1 2 3 0 1 2 3 3 1 2 0 2 1 2 3 0 1 2 0 3 1 2 3 0 1 2 0 0 1 0 3 2
5 5 24 44 2 22 26 43 11 12 3 15
6 6 10 14 18 30 34 38 7 19 27 35 32 20
#c 0 1 2 3 0 1 0 3 0 1 2 3 3 1 2 3 0 1 2 3 3 1 2 0 2 1 2 3 0 1 2 0 3 1 2 3 0 1 2 0 0 1 0 3 2
4 3 12 27 35 15 5 21 25
7 8 3 7 11 19 43 32 20 1 9 13 17 29 33 37 41
#c 0 1 2 3 0 1 0 3 0 1 2 3 3 1 2 3 0 1 2 3 3 1 2 0 2 1 2 3 0 1 2 0 3 1 2 3 0 1 2 0 0 1 0 3 2
6 6 31 8 4 39 0 23 41 9 13 25 1 29
6 5 16 28 36 40 6 42 5 17 21 33 37
#c 0 1 2 3 0 1 0 3 0 1 2 3 3 1 2 3 0 1 2 3 3 1 2 0 2 1 2 3 0 1 2 0 3 1 2 3 0 1 2 0 0 1 0 3 2
3 3 9 25 37 2 38 10
8 8 1 5 13 17 21 29 33 41 14 18 22 26 30 34 44 24
#c 0 1 1 3 0 1 0 3 0 2 1 3 3 1 2 3 0 1 2 3 3 1 2 0 2 2 2 3 0 1 2 0 3 1 2 3 0 2 1 0 0 1 0 3 2
#c 0 1 1 3 0 1 0 3 0 2 1 3 3 1 2 3 0 1 2 3 3 1 2 0 2 2 2 3 0 1 2 0 3 1 2 3 0 2 1 0 0 1 0 3 2
#c 0 1 1 3 0 1 0 3 0 2 1 3 3 1 2 3 0 1 2 3 3 1 2 0 2 2 2 3 0 1 2 0 3 1 2 3 0 2 1 0 0 1 0 3 2
3 4 42 6 4 3 7 43 11
9 7 0 8 16 28 36 40 31 23 39 15 19 27 35 32 20 12
#c 0 1 1 3 0 1 0 3 0 2 1 3 3 1 2 3 0 1 2 3 3 1 2 0 2 2 2 3 0 1 2 0 3 1 2 3 0 2 1 0 0 1 0 3 2
#c 0 1 1 3 0 1 0 3 0 2 1 3 3 1 2 3 0 1 2 3 3 1 2 0 2 2 2 3 0 1 2 0 3 1 2 3 0 2 1 0 0 1 0 3 2
3 3 44 37 9 17 13 1
8 8 14 18 22 26 30 34 24 25 5 21 29 33 41 2 38 10
#c 0 1 1 3 0 1 0 3 0 2 1 3 3 1 2 3 0 1 2 3 3 1 2 0 2 2 2 3 0 1 2 0 3 1 2 3 0 2 1 0 0 1 0 3 2
5 6 3 7 11 35 12 39 16 31 0 28 6
6 6 15 19 27 43 32 20 4 8 36 40 42 23
#c 0 1 1 3 0 1 0 3 0 2 1 3 3 1 2 3 0 1 2 3 3 1 2 0 2 2 2 3 0 1 2 0 3 1 2 3 0 2 1 0 0 1 0 3 2
5 5 4 36 42 16 40 34 24 9 44 18
7 6 0 8 28 6 31 23 39 14 22 26 30 25 37
#c 0 1 1 3 0 1 0 3 0 2 1 3 3 1 2 3 0 1 2 3 3 1 2 0 2 2 2 3 0 1 2 0 3 1 2 3 0 2 1 0 0 1 0 3 2
2 2 33 10 15 11
9 9 1 5 13 17 21 29 41 2 38 3 7 19 27 35 43 32 20 12
#c 0 1 1 3 0 1 0 3 0 2 1 3 3 1 2 3 0 1 2 3 3 1 2 0 2 2 2 3 0 1 2 0 3 1 2 3 0 2 1 0 0 1 0 3 2
1 1 30 10
10 10 14 18 22 26 34 44 24 9 25 37 1 5 13 17 21 29 33 41 2 38
#c 0 1 1 3 0 1 0 3 0 2 1 3 3 1 2 3 0 1 2 3 3 1 2 0 2 2 2 3 0 1 2 0 3 1 2 3 0 2 1 0 0 1 0 3 2
#c 0 1 1 3 0 1 0 3 0 2 1 3 3 1 2 3 0 1 2 3 3 1 2 0 2 2 2 3 0 1 2 0 3 1 2 3 0 2 1 0 0 1 0 3 2
5 5 4 36 39 6 40 3 35 19 43 27
7 6 0 8 16 28 42 31 23 7 11 15 32 20 12
#c 0 1 1 3 0 1 0 3 0 2 1 3 3 1 2 3 0 1 2 3 3 1 2 0 2 2 2 3 0 1 2 0 3 1 2 3 0 2 1 0 0 1 0 3 2
#c 0 1 1 3 0 1 0 3 0 2 1 3 3 1 2 3 0 1 2 3 3 1 2 0 2 2 2 3 0 1 2 0 3 1 2 3 0 2 1 0 0 1 0 3 2
3 3 14 25 37 13 29 33
8 8 18 22 26 30 34 44 24 9 1 5 17 21 41 2 38 10
#c 0 1 1 3 0 1 0 3 0 2 1 3 3 1 2 3 0 1 2 3 3 1 2 0 2 2 2 3 0 1 2 0 3 1 2 3 0 2 1 0 0 1 0 3 2
#c 0 1 1 3 0 1 0 3 0 2 1 3 3 1 2 3 0 1 2 3 3 1 2 0 2 2 2 3 0 1 2 0 3 1 2 3 0 2 1 0 0 1 0 3 2
2 2 39 4 35 20
10 9 0 8 16 28 36 40 6 42 31 23 3 7 11 15 19 27 43 32 12
#c 0 1 1 3 0 1 0 3 0 2 1 3 3 1 2 3 0 1 2 3 3 1 2 0 2 2 2 3 0 1 2 0 3 1 2 3 0 2 1 0 0 1 0 3 2
2 1 41 10 34
9 10 1 5 13 17 21 29 33 2 38 14 18 22 26 30 44 24 9 25 37
#c 0 1 1 3 0 1 0 3 0 2 1 3 3 1 2 3 0 1 2 3 3 1 2 0 2 2 2 3 0 1 2 0 3 1 2 3 0 2 1 0 0 1 0 3 2
3 2 9 37 34 8 39
8 10 14 18 22 26 30 44 24 25 0 4 16 28 36 40 6 42 31 23
#c 0 1 1 3 0 1 0 3 0 2 1 3 3 1 2 3 0 1 2 3 3 1 2 0 2 2 2 3 0 1 2 0 3 1 2 3 0 2 1 0 0 1 0 3 2
#c 0 1 1 3 0 1 0 3 0 2 1 3 3 1 2 3 0 1 2 3 3 1 2 0 2 2 2 3 0 1 2 0 3 1 2 3 0 2 1 0 0 1 0 3 2
2 2 8 28 15 43
10 9 0 4 16 36 40 6 42 31 23 39 3 7 11 19 27 35 32 20 12
#c 0 1 1 3 0 1 0 3 0 2 1 3 3 1 2 3 0 1 2 3 3 1 2 0 2 2 2 3 0 1 2 0 3 1 2 3 0 2 1 0 0 1 0 3 2
#c 0 1 1 3 0 1 0 3 0 2 1 3 3 1 2 3 0 1 2 3 3 1 2 0 2 2 2 3 0 1 2 0 3 1 2 3 0 2 1 0 0 1 0 3 2
4 4 24 26 44 30 8 28 4 23
7 8 14 18 22 34 9 25 37 0 16 36 40 6 42 31 39
#c 0 1 1 3 0 1 0 3 0 2 1 3 3 1 2 3 0 1 2 3 3 1 2 0 2 2 2 3 0 1 2 0 3 1 2 3 0 2 1 0 0 1 0 3 2
4 6 3 35 32 19 16 8 4 40 39 36
7 6 7 11 15 27 43 20 12 0 28 6 42 31 23
#c 0 1 1 3 0 1 0 3 0 2 1 3 3 1 2 3 0 1 2 3 3 1 2 0 2 2 2 3 0 1 2 0 3 1 2 3 0 2 1 0 0 1 0 3 2
#c 0 1 1 3 0 1 0 3 0 2 1 3 3 1 2 3 0 1 2 3 3 1 2 0 2 2 2 3 0 1 2 0 3 1 2 3 0 2 1 0 0 1 0 3 2
4 4 38 5 41 1 9 25 44 26
7 7 13 17 21 29 33 2 10 14 18 22 30 34 24 37
#c 0 1 1 3 0 1 0 3 0 2 1 3 3 1 2 3 0 1 2 3 3 1 2 0 2 2 2 3 0 1 2 0 3 1 2 3 0 2 1 0 0 1 0 3 2
4 4 14 18 44 25 28 39 8 16
7 8 22 26 30 34 24 9 37 0 4 36 40 6 42 31 23
#c 0 1 1 3 0 1 0 3 0 2 1 3 3 1 2 3 0 1 2 3 3 1 2 0 2 2 2 3 0 1 2 0 3 1 2 3 0 2 1 0 0 1 0 3 2
5 5 19 20 15 43 11 21 17 5 38 41
6 6 3 7 27 35 32 12 1 13 29 33 2 10
#c 0 1 1 3 0 1 0 3 0 2 1 3 3 1 2 3 0 1 2 3 3 1 2 0 2 2 2 3 0 1 2 0 3 1 2 3 0 2 1 0 0 1 0 3 2
2 2 39 0 15 20
10 9 4 8 16 28 36 40 6 42 31 23 3 7 11 19 27 35 43 32 12
#c 0 1 1 3 0 1 0 3 0 2 1 3 3 1 2 3 0 1 2 3 3 1 2 0 2 2 2 3 0 1 2 0 3 1 2 3 0 2 1 0 0 1 0 3 2
5 5 2 17 10 38 41 31 16 40 8 28
6 7 1 5 13 21 29 33 0 4 36 6 42 23 39
#c 0 1 0 3 0 1 0 3 1 2 0 3 3 1 2 3 1 0 2 3 3 1 2 0 2 2 2 3 1 1 2 1 3 1 2 3 0 2 0 0 1 0 0 3 2
1 1 18 39
10 11 14 22 26 30 34 44 24 9 25 37 0 4 36 6 42 23 2 17 10 38 41
#c 0 1 0 3 0 1 0 3 1 2 0 3 3 1 2 3 1 0 2 3 3 1 2 0 2 2 2 3 1 1 2 1 3 1 2 3 0 2 0 0 1 0 0 3 2
5 5 19 11 12 3 7 0 4 38 10 39
6 7 15 27 35 43 32 20 36 6 42 23 2 17 41
#c 0 1 0 3 0 1 0 3 1 2 0 3 3 1 2 3 1 0 2 3 3 1 2 0 2 2 2 3 1 1 2 1 3 1 2 3 0 2 0 0 1 0 0 3 2
2 2 23 2 3 7
10 9 0 4 36 6 42 39 17 10 38 41 11 15 19 27 35 43 32 20 12
#c 0 1 0 3 0 1 0 3 1 2 0 3 3 1 2 3 1 0 2 3 3 1 2 0 2 2 2 3 1 1 2 1 3 1 2 3 0 2 0 0 1 0 0 3 2
#c 0 1 0 3 0 1 0 3 1 2 0 3 3 1 2 3 1 0 2 3 3 1 2 0 2 2 2 3 1 1 2 1 3 1 2 3 0 2 0 0 1 0 0 3 2
4 4 25 30 37 14 43 32 19 27
7 7 18 22 26 34 44 24 9 3 7 11 15 35 20 12
#c 0 1 0 3 0 1 0 3 1 2 0 3 3 1 2 3 1 0 2 3 3 1 2 0 2 2 2 3 1 1 2 1 3 1 2 3 0 2 0 0 1 0 0 3 2
#c 0 1 0 3 0 1 0 3 1 2 0 3 3 1 2 3 1 0 2 3 3 1 2 0 2 2 2 3 1 1 2 1 3 1 2 3 0 2 0 0 1 0 0 3 2
3 4 41 42 4 5 40 8 13
9 7 0 36 6 23 39 2 17 10 38 1 21 29 33 31 16 28
#c 0 1 0 3 0 1 0 3 1 2 0 3 3 1 2 3 1 0 2 3 3 1 2 0 2 2 2 3 1 1 2 1 3 1 2 3 0 2 0 0 1 0 0 3 2
2 1 21 13 6
9 11 1 5 29 33 31 16 40 8 28 0 4 36 42 23 39 2 17 10 38 41
#c 0 1 0 3 0 1 1 3 1 2 0 3 3 0 2 3 1 0 2 3 3 0 2 0 2 2 2 3 1 1 2 1 3 1 2 3 0 2 0 0 1 0 0 3 2
2 2 25 37 21 39
9 11 14 18 22 26 30 34 44 24 9 0 4 36 42 23 2 17 10 38 41 13
#c 0 1 0 3 0 1 1 3 1 2 0 3 3 0 2 3 1 0 2 3 3 2 2 0 2 0 2 3 1 1 2 1 3 1 2 3 0 0 0 2 1 0 0 3 2
5 5 32 35 7 43 19 4 37 41 13 23
6 8 3 11 15 27 20 12 0 36 42 2 17 10 38 25
#c 0 1 0 3 0 1 1 3 1 2 0 3 3 0 2 3 1 0 2 3 3 2 2 0 2 0 2 3 1 1 2 1 3 1 2 3 0 0 0 2 1 0 0 3 2
2 3 42 38 20 35 27
11 8 0 4 36 23 2 17 10 41 13 25 37 3 7 11 15 19 43 32 12
#c 0 1 0 3 0 1 1 3 1 2 0 3 3 0 2 3 1 0 2 3 3 2 2 0 2 0 2 3 1 1 2 1 3 1 2 3 0 0 0 2 1 0 0 3 2
2 2 40 31 37 0
8 11 1 5 29 33 16 8 28 6 4 36 42 23 2 17 10 38 41 13 25
#c 0 1 0 3 0 1 1 3 1 2 0 3 3 0 2 3 1 0 2 3 3 2 2 0 2 0 2 3 1 1 2 1 3 1 2 3 0 0 0 2 1 0 0 3 2
2 2 24 21 32 20
9 9 14 18 22 26 30 34 44 9 39 3 7 11 15 19 27 35 43 12
#c 0 1 0 3 0 1 1 3 1 2 0 3 3 0 2 3 1 0 2 3 3 2 2 0 2 0 2 3 1 1 2 1 3 1 2 3 0 0 0 2 1 0 0 3 2
4 4 20 3 7 19 37 17 2 0
7 9 11 15 27 35 43 32 12 4 36 42 23 10 38 41 13 25
#c 0 1 0 3 0 1 1 3 1 2 0 3 3 0 2 3 1 0 2 3 3 2 2 0 2 0 2 3 1 1 2 1 3 1 2 3 0 0 0 2 1 0 0 3 2
1 1 41 18
12 10 0 4 36 42 23 2 17 10 38 13 25 37 14 22 26 30 34 44 24 9 21 39
#c 0 1 0 3 0 1 1 3 1 2 0 3 3 0 2 3 1 0 2 3 3 2 2 0 2 0 2 3 1 1 2 1 3 1 2 3 0 0 0 2 1 0 0 3 2
#c 0 1 0 3 0 1 1 3 1 2 0 3 3 0 2 3 1 0 2 3 3 2 2 0 2 0 2 3 1 1 2 1 3 1 2 3 0 0 0 2 1 0 0 3 2
1 1 26 20
10 10 14 18 22 30 34 44 24 9 21 39 3 7 11 15 19 27 35 43 32 12
#c 0 1 0 3 0 1 1 3 1 2 0 3 3 0 2 3 1 0 2 3 3 2 2 0 2 0 2 3 1 1 2 1 3 1 2 3 0 0 0 2 1 0 0 3 2
3 2 3 32 7 34 21
8 9 11 15 19 27 35 43 20 12 14 18 22 26 30 44 24 9 39
#c 0 1 0 3 0 1 1 3 1 2 0 3 3 0 2 3 1 0 2 3 3 2 2 0 2 0 2 3 1 1 2 1 3 1 2 3 0 0 0 2 1 0 0 3 2
#c 0 1 0 3 0 1 1 3 1 2 0 3 3 0 2 3 1 0 2 3 3 2 2 0 2 0 2 3 1 1 2 1 3 1 2 3 0 0 0 2 1 0 0 3 2
3 3 29 28 5 0 36 23
7 10 1 33 31 16 40 8 6 4 42 2 17 10 38 41 13 25 37
#c 0 1 0 3 0 1 1 3 1 2 0 3 3 0 2 3 1 0 2 3 3 2 2 0 2 0 2 3 1 1 2 1 3 1 2 3 0 0 0 2 1 0 0 3 2
#c 0 1 0 3 0 1 1 3 1 2 0 3 3 0 2 3 1 0 2 3 3 2 2 0 2 0 2 3 1 1 2 1 3 1 2 3 0 0 0 2 1 0 0 3 2
2 2 27 12 37 2
9 11 3 7 11 15 19 35 43 32 20 0 4 36 42 23 17 10 38 41 13 25
#c 0 1 0 3 0 1 1 3 1 2 0 3 3 0 2 3 1 0 2 3 3 2 2 0 2 0 2 3 1 1 2 1 3 1 2 3 0 0 0 2 1 0 0 3 2
5 5 38 0 37 23 4 35 27 3 15 7
8 6 36 42 2 17 10 41 13 25 11 19 43 32 20 12
#c 0 1 0 3 0 1 1 3 1 2 0 3 3 0 2 3 1 0 2 3 3 2 2 0 2 0 2 3 1 1 2 1 3 1 2 3 0 0 0 2 1 0 0 3 2
2 2 28 1 0 23
8 11 5 29 33 31 16 40 8 6 4 36 42 2 17 10 38 41 13 25 37
#c 0 1 0 3 0 1 1 3 1 2 0 3 3 0 2 3 1 0 2 3 3 2 2 0 2 0 2 3 1 1 2 1 3 1 2 3 0 0 0 2 1 0 0 3 2
4 4 9 26 14 24 12 20 15 35
7 7 18 22 30 34 44 21 39 3 7 11 19 27 43 32
#c 0 1 0 3 0 1 1 3 1 2 0 3 3 0 2 3 1 0 2 3 3 2 2 0 2 0 2 3 1 1 2 1 3 1 2 3 0 0 0 2 1 0 0 3 2
#c 0 1 0 3 0 1 1 3 1 2 0 3 3 0 2 3 1 0 2 3 3 2 2 0 2 0 2 3 1 1 2 1 3 1 2 3 0 0 0 2 1 0 0 3 2
2 2 25 2 11 35
11 9 0 4 36 42 23 17 10 38 41 13 37 3 7 15 19 27 43 32 20 12
#c 0 1 0 3 0 1 1 3 1 2 0 3 3 0 2 3 1 0 2 3 3 2 2 0 2 0 2 3 1 1 2 1 3 1 2 3 0 0 0 2 1 0 0 3 2
5 6 29 16 40 1 8 44 39 26 30 21 22
5 5 5 33 31 28 6 14 18 34 24 9
#c 0 2 0 3 0 1 1 3 2 2 0 3 3 0 2 3 2 0 2 3 3 1 1 0 2 0 1 3 1 2 1 1 3 1 2 3 0 0 0 1 2 0 0 3 1
4 5 40 14 8 34 41 4 2 38 10
6 8 18 24 9 29 16 1 0 36 42 23 17 13 25 37
#c 0 2 0 3 0 1 1 3 2 2 0 3 3 0 2 3 2 0 2 3 3 1 1 0 2 0 1 3 1 2 1 1 3 1 2 3 0 0 0 1 2 0 0 3 1
1 1 15 24
10 9 3 7 11 19 27 35 43 32 20 12 14 18 34 9 29 16 40 1 8
#c 0 2 0 3 0 1 1 3 2 2 0 3 3 0 2 3 2 0 2 3 3 1 1 0 2 0 1 3 1 2 1 1 3 1 2 3 0 0 0 1 2 0 0 3 1
#c 0 2 0 3 0 1 1 3 2 2 0 3 3 0 2 3 2 0 2 3 3 1 1 0 2 0 1 3 1 2 1 1 3 1 2 3 0 0 0 1 2 0 0 3 1
#c 0 2 0 3 0 1 1 3 2 2 0 3 3 0 2 3 2 0 2 3 3 1 1 0 2 0 1 3 1 2 1 1 3 1 2 3 0 0 0 1 2 0 0 3 1
5 6 40 9 18 14 1 4 17 42 2 13 38
5 7 34 24 29 16 8 0 36 23 10 41 25 37
#c 0 2 0 3 0 1 1 3 2 2 0 3 3 0 2 3 2 0 2 3 3 1 1 0 2 0 1 3 1 2 1 1 3 1 2 3 0 0 0 1 2 0 0 3 1
1 1 43 10
10 12 3 7 11 15 19 27 35 32 20 12 0 4 36 42 23 2 17 38 41 13 25 37
#c 0 2 0 3 0 1 1 3 2 2 3 3 3 0 2 3 2 0 2 3 3 1 1 0 2 0 1 3 1 2 1 1 3 1 2 3 0 0 0 1 2 0 0 0 1
5 5 36 23 25 42 41 27 32 7 11 12
8 6 0 4 2 17 38 13 37 43 3 15 19 35 20 10
#c 0 2 0 3 0 1 1 3 2 2 3 3 3 0 2 3 2 0 2 3 3 1 1 0 2 0 1 3 1 2 1 1 3 1 2 3 0 0 0 1 2 0 0 0 1
5 5 5 33 39 31 6 17 37 4 13 43
6 8 28 44 26 30 21 22 0 36 42 23 2 38 41 25
#c 0 2 0 3 0 1 1 3 2 2 3 3 3 0 2 3 2 0 2 3 3 1 1 0 2 0 1 3 1 2 1 1 3 1 2 3 0 0 0 1 2 0 0 0 1
4 4 9 1 8 16 42 23 2 36
6 9 14 18 34 24 29 40 0 4 17 38 41 13 25 37 43
#c 0 2 0 3 0 1 1 3 2 2 3 3 3 0 2 3 2 0 2 3 3 1 1 0 2 0 1 3 1 2 1 1 3 1 2 3 0 0 0 1 2 0 0 0 1
#c 0 2 0 3 0 1 1 3 2 2 3 3 3 0 2 3 2 0 2 3 3 1 1 0 2 0 1 3 1 2 1 1 3 1 2 3 0 0 0 1 2 0 0 0 1
5 6 2 4 41 36 38 27 12 11 19 35 7
8 5 0 42 23 17 13 25 37 43 3 15 32 20 10
#c 0 2 3 3 3 1 1 0 2 2 3 0 0 0 2 3 2 0 2 0 3 1 1 0 2 0 1 0 1 2 1 1 3 1 2 0 3 0 3 1 2 3 0 0 1
3 3 22 21 44 11 17 19
8 11 5 33 31 28 6 39 26 30 0 42 23 13 25 37 43 27 12 35 7
#c 0 2 3 3 3 1 1 0 2 2 3 0 0 0 2 3 2 0 2 0 3 1 1 0 2 0 1 0 1 2 1 1 3 1 2 0 3 0 3 1 2 3 0 0 1
3 3 40 34 1 28 21 30
7 8 14 18 24 9 29 16 8 5 33 31 6 44 39 26 22
#c 0 2 3 3 3 1 1 0 2 2 3 0 0 0 2 3 2 0 2 0 3 1 1 0 2 0 1 0 1 2 1 1 3 1 2 0 3 0 3 1 2 3 0 0 1
#c 0 2 3 3 3 1 1 0 2 2 3 0 0 0 2 3 2 0 2 0 3 1 1 0 2 0 1 0 1 2 1 1 3 1 2 0 3 0 3 1 2 3 0 0 1
4 6 0 19 7 12 33 21 31 26 30 28
10 5 42 23 17 13 25 37 43 27 11 35 5 6 44 39 22
#c 0 2 3 3 3 1 1 0 2 2 3 0 0 0 2 3 2 0 2 0 3 1 1 0 2 0 1 0 1 2 1 1 3 1 2 0 3 0 3 1 2 3 0 0 1
5 4 28 26 30 5 22 0 37 35 7
6 10 33 31 6 44 39 21 42 23 17 13 25 43 27 12 11 19
#c 0 2 3 3 3 1 1 0 2 2 3 0 0 0 2 3 2 0 2 0 3 1 1 0 2 0 1 0 1 2 1 1 3 1 2 0 3 0 3 1 2 3 0 0 1
2 2 29 1 11 42
8 12 14 18 34 24 9 16 40 8 0 23 17 13 25 37 43 27 12 19 35 7
#c 0 2 3 3 3 1 1 0 2 2 3 0 0 0 2 3 2 0 2 0 3 1 1 0 2 0 1 0 1 2 1 1 3 1 2 0 3 0 3 1 2 3 0 0 1
4 4 32 15 2 3 30 6 22 21
6 7 20 10 4 41 36 38 5 33 31 28 44 39 26
#c 0 2 3 3 3 1 1 0 2 2 3 0 0 0 2 3 2 0 2 0 3 1 1 0 2 0 1 0 1 2 1 1 3 1 2 0 3 0 3 1 2 3 0 0 1
#c 0 2 3 3 3 1 1 0 2 2 3 0 0 0 2 3 2 0 2 0 3 1 1 0 2 0 1 0 1 2 1 1 3 1 2 0 3 0 3 1 2 3 0 0 1
5 5 21 22 6 31 5 34 16 18 9 24
6 5 33 28 44 39 26 30 14 29 40 1 8
#c 0 2 3 3 3 1 1 0 2 2 3 0 0 0 2 3 2 0 2 0 3 1 1 0 2 0 1 0 1 2 1 1 3 1 2 0 3 0 3 1 2 3 0 0 1
1 1 1 38
9 9 14 18 34 24 9 29 16 40 8 3 15 32 20 10 2 4 41 36
#c 0 2 3 3 3 1 1 0 2 2 3 0 0 0 2 3 2 0 2 0 3 1 1 0 2 0 1 0 1 2 1 1 3 1 2 0 3 0 3 1 2 3 0 0 1
5 4 20 38 36 15 4 25 35 43 23
5 10 3 32 10 2 41 0 42 17 13 37 27 12 11 19 7
#c 0 2 3 3 3 1 1 0 2 2 3 0 0 0 2 3 2 0 2 0 3 1 1 0 2 0 1 0 1 2 1 1 3 1 2 0 3 0 3 1 2 3 0 0 1
5 7 12 27 25 43 42 38 15 36 20 4 41 2
9 3 0 23 17 13 37 11 19 35 7 3 32 10
#c 0 2 3 3 3 1 1 0 2 2 3 0 0 0 2 3 2 0 2 0 3 1 1 0 2 0 1 0 1 2 1 1 3 1 2 0 3 0 3 1 2 3 0 0 1
#c 0 2 3 3 3 1 1 0 2 2 3 0 0 0 2 3 2 0 2 0 3 1 1 0 2 0 1 0 1 2 1 1 3 1 2 0 3 0 3 1 2 3 0 0 1
4 4 1 40 14 16 31 6 21 22
6 7 18 34 24 9 29 8 5 33 28 44 39 26 30
#c 0 2 3 3 3 1 1 0 2 2 3 0 0 0 2 3 2 0 2 0 3 1 1 0 2 0 1 0 1 2 1 1 3 1 2 0 3 0 3 1 2 3 0 0 1
1 1 20 18
9 9 3 15 32 10 2 4 41 36 38 14 34 24 9 29 16 40 1 8
#c 0 2 3 3 3 1 1 0 2 2 3 0 0 0 2 3 2 0 3 0 2 1 1 0 2 0 1 0 1 2 1 1 3 1 2 0 3 0 3 1 2 3 0 0 1
6 6 37 19 43 12 7 11 29 40 20 1 9 8
8 4 0 42 23 17 13 25 27 35 14 34 24 16
#c 0 2 3 3 3 1 1 0 2 2 3 0 0 0 2 3 2 0 3 0 2 1 1 0 2 0 1 0 1 2 1 1 3 1 2 0 3 0 3 1 2 3 0 0 1
1 1 6 41
10 9 5 33 31 28 44 39 26 30 21 22 3 15 32 10 2 4 36 38 18
#c 0 2 3 3 3 1 1 0 2 2 3 0 0 0 2 3 2 0 3 0 2 1 1 0 2 0 1 0 1 2 1 1 3 1 2 0 3 0 3 1 2 3 0 0 1
4 4 40 1 16 14 2 36 18 4
6 6 34 24 9 29 8 20 3 15 32 10 41 38
#c 0 2 3 3 3 1 1 0 2 2 3 0 0 0 2 3 2 0 3 0 2 1 1 0 2 0 1 0 1 2 1 1 3 1 2 0 3 0 3 1 2 3 0 0 1
2 2 10 15 40 20
8 8 3 32 2 4 41 36 38 18 14 34 24 9 29 16 1 8
#c 0 2 3 3 3 1 1 0 2 2 3 0 0 0 2 3 2 0 3 0 2 1 1 0 2 0 1 0 1 2 1 1 3 1 2 0 3 0 3 1 2 3 0 0 1
6 6 43 19 35 27 37 7 18 10 2 36 41 38
8 4 0 42 23 17 13 25 12 11 3 15 32 4
#c 0 2 3 3 3 1 1 0 2 2 3 0 0 0 2 3 2 0 3 0 2 1 1 0 2 0 1 0 1 2 1 1 3 1 2 0 3 0 3 1 2 3 0 0 1
3 4 6 31 44 20 24 9 34
8 6 5 33 28 39 26 30 21 22 14 29 16 40 1 8
#c 0 2 3 3 3 1 1 0 2 2 3 0 0 0 2 3 2 0 3 0 2 1 1 0 2 0 1 0 1 2 1 1 3 1 2 0 3 0 3 1 2 3 0 0 1
5 5 20 8 1 40 9 38 15 10 2 32
5 5 14 34 24 29 16 3 4 41 36 18
#c 0 2 3 3 3 1 1 0 2 2 3 0 0 0 2 3 2 0 3 0 2 1 1 0 2 0 1 0 1 2 1 1 3 1 2 0 3 0 3 1 2 3 0 0 1
5 5 38 2 15 4 32 24 40 20 34 9
5 5 3 10 41 36 18 14 29 16 1 8
#c 0 2 3 3 3 1 1 0 2 2 3 0 0 0 2 3 2 0 3 0 2 1 1 0 2 0 1 0 1 2 1 1 3 1 2 0 3 0 3 1 2 3 0 0 1
2 2 42 12 10 15
12 8 0 23 17 13 25 37 43 27 11 19 35 7 3 32 2 4 41 36 38 18
#c 0 2 3 3 3 1 1 0 2 2 3 0 0 0 2 3 2 0 3 0 2 1 1 0 2 0 1 0 1 2 1 1 3 1 2 0 3 0 3 1 2 3 0 0 1
3 2 21 30 22 36 10
8 8 5 33 31 28 6 44 39 26 3 15 32 2 4 41 38 18
#c 0 2 3 3 3 1 1 0 2 2 3 0 0 0 2 3 2 0 3 0 2 1 1 0 2 0 1 0 1 2 1 1 3 1 2 0 3 0 3 1 2 3 0 0 1
#c 0 2 3 3 3 1 1 0 2 2 3 0 0 0 2 3 2 0 3 0 2 1 1 0 2 0 1 0 1 2 1 1 3 1 2 0 3 0 3 1 2 3 0 0 1
5 3 38 15 41 2 18 9 34 29
5 7 3 32 10 4 36 14 24 16 40 1 8 20
#c 0 2 3 3 3 1 1 0 2 2 3 0 0 0 2 3 2 0 3 0 2 1 1 0 2 0 1 0 1 2 1 1 3 1 2 0 3 0 3 1 2 3 0 0 1
5 5 7 11 37 0 17 2 18 10 15 38
9 5 42 23 13 25 43 27 12 19 35 3 32 4 41 36
#c 0 2 3 3 3 1 1 0 2 2 3 0 0 0 2 3 2 0 3 0 2 1 1 0 2 0 1 0 1 2 1 1 3 1 2 0 3 0 3 1 2 3 0 0 1
#c 0 2 3 3 3 1 1 0 2 2 3 0 0 0 2 3 2 0 3 0 2 1 1 0 2 0 1 0 1 2 1 1 3 1 2 0 3 0 3 1 2 3 0 0 1
5 5 9 1 24 34 40 43 0 7 12 23
5 9 14 29 16 8 20 42 17 13 25 37 27 11 19 35
#c 0 2 3 3 3 1 1 0 2 2 3 0 0 0 2 3 2 0 3 0 2 1 1 0 2 0 1 0 1 2 1 1 3 1 2 0 3 0 3 1 2 3 0 0 1
#c 0 2 3 3 3 1 1 0 2 2 3 0 0 0 2 3 2 0 3 0 2 1 1 0 2 0 1 0 1 2 1 1 3 1 2 0 3 0 3 1 2 3 0 0 1
#c 0 2 3 3 3 1 1 0 2 2 3 0 0 0 2 3 2 0 3 0 2 1 1 0 2 0 1 0 1 2 1 1 3 1 2 0 3 0 3 1 2 3 0 0 1
5 5 31 39 21 5 26 10 36 2 3 18
6 5 33 28 6 44 30 22 15 32 4 41 38
#c 0 2 3 3 3 1 1 0 2 2 3 0 0 0 2 3 2 0 3 0 2 1 1 0 2 0 1 0 1 2 1 1 3 1 2 0 3 0 3 1 2 3 0 0 1
5 3 24 14 9 20 16 31 6 30
5 8 34 29 40 1 8 5 33 28 44 39 26 21 22
#c 0 2 3 3 3 1 1 0 2 2 3 0 0 0 2 3 2 0 3 0 2 1 1 0 2 0 1 0 1 2 1 1 3 1 2 0 3 0 3 1 2 3 0 0 1
3 3 36 4 3 16 40 24
7 7 15 32 10 2 41 38 18 14 34 9 29 1 8 20
#c 0 2 3 3 3 1 1 0 2 2 3 0 0 0 2 3 2 0 3 0 2 1 1 0 2 0 1 0 1 2 1 1 3 1 2 0 3 0 3 1 2 3 0 0 1
#c 0 2 3 3 3 1 1 0 2 2 3 0 0 0 2 3 2 0 3 0 2 1 1 0 2 0 1 0 1 2 1 1 3 1 2 0 3 0 3 1 2 3 0 0 1
#c 0 2 3 3 3 1 1 0 2 2 3 0 0 0 2 3 2 0 3 0 2 1 1 0 2 0 1 0 1 2 1 1 3 1 2 0 3 0 3 1 2 3 0 0 1
1 1 8 21
9 10 14 34 24 9 29 16 40 1 20 5 33 31 28 6 44 39 26 30 22
#c 0 2 3 3 3 1 1 0 2 2 3 0 0 0 2 3 2 0 3 0 2 1 1 0 2 0 1 0 1 2 1 1 3 1 2 0 3 0 3 1 2 3 0 0 1
#c 0 2 3 3 3 1 1 0 2 2 3 0 0 0 2 3 2 0 3 0 2 1 1 0 2 0 1 0 1 2 1 1 3 1 2 0 3 0 3 1 2 3 0 0 1
3 3 7 27 43 6 26 44
11 8 0 42 23 17 13 25 37 12 11 19 35 5 33 31 28 39 30 21 22
#c 0 2 3 3 3 1 1 0 2 2 3 0 0 0 2 3 2 0 3 0 2 1 1 0 2 0 1 0 1 2 1 1 3 1 2 0 3 0 3 1 2 3 0 0 1
3 2 28 44 30 37 7
8 12 5 33 31 6 39 26 21 22 0 42 23 17 13 25 43 27 12 11 19 35
#c 0 2 3 3 3 1 1 0 2 2 3 0 0 0 2 3 2 0 3 0 2 1 1 0 2 0 1 0 1 2 1 1 3 1 2 0 3 0 3 1 2 3 0 0 1
5 5 34 8 29 40 9 33 6 30 28 39
5 6 14 24 16 1 20 5 31 44 26 21 22
#c 0 2 3 3 3 1 1 0 2 2 3 0 0 0 2 3 2 0 3 0 2 1 1 0 2 0 1 0 1 2 1 1 3 1 2 0 3 0 3 1 2 3 0 0 1
#c 0 2 3 3 3 1 1 0 2 2 3 0 0 0 2 3 2 0 3 0 2 1 1 0 2 0 1 0 1 2 1 1 3 1 2 0 3 0 3 1 2 3 0 0 1
5 5 17 27 23 13 43 30 33 31 22 39
9 6 0 42 25 37 12 11 19 35 7 5 28 6 44 26 21
#c 0 2 3 3 3 1 1 0 2 2 3 0 0 0 2 3 2 0 3 0 2 1 1 0 2 0 1 0 1 2 1 1 3 1 2 0 3 0 3 1 2 3 0 0 1
1 1 26 12
10 13 5 33 31 28 6 44 39 30 21 22 0 42 23 17 13 25 37 43 27 11 19 35 7
#c 0 2 3 3 3 1 1 0 2 2 3 0 0 0 2 3 2 0 3 0 2 1 1 0 2 0 1 0 1 2 1 1 3 1 2 0 3 0 3 1 2 3 0 0 1
5 3 8 9 14 40 16 41 38 10
5 7 34 24 29 1 20 3 15 32 2 4 36 18
#c 0 2 3 3 3 1 1 0 2 2 3 0 0 0 2 3 2 0 3 0 2 1 1 0 2 0 1 0 1 2 1 1 3 1 2 0 3 0 3 1 2 3 0 0 1
2 2 18 36 27 37
8 12 3 15 32 10 2 4 41 38 0 42 23 17 13 25 43 12 11 19 35 7
#c 0 2 3 3 3 1 1 0 2 2 3 0 0 0 2 3 2 0 3 0 2 1 1 0 2 0 1 0 1 2 1 1 3 1 2 0 3 0 3 1 2 3 0 0 1
6 6 37 27 43 12 23 11 24 8 1 20 9 34
8 4 0 42 17 13 25 19 35 7 14 29 16 40
#c 0 2 3 3 3 1 1 0 2 2 3 0 0 0 2 3 2 0 3 0 2 1 1 0 2 0 1 0 1 2 1 1 3 1 2 0 3 0 3 1 2 3 0 0 1
5 5 21 5 39 44 22 11 23 42 35 12
6 9 33 31 28 6 26 30 0 17 13 25 37 43 27 19 7
#c 0 2 3 3 3 1 1 0 2 2 3 0 0 0 2 3 2 0 3 0 2 1 1 0 2 0 1 0 1 2 1 1 3 1 2 0 3 0 3 1 2 3 0 0 1
5 3 14 20 9 24 8 7 19 23
5 11 34 29 16 40 1 0 42 17 13 25 37 43 27 12 11 35
#c 0 2 3 3 3 1 1 0 2 2 3 0 0 0 2 3 2 0 3 0 2 1 1 0 2 0 1 0 1 2 1 1 3 1 2 0 3 0 3 1 2 3 0 0 1
2 3 41 10 14 8 29
8 7 3 15 32 2 4 36 38 18 34 24 9 16 40 1 20
#c 0 2 3 3 3 1 1 0 2 2 3 0 0 0 2 3 2 0 3 0 2 1 1 0 2 0 1 0 1 2 1 1 3 1 2 0 3 0 3 1 2 3 0 0 1
7 7 42 25 7 11 37 23 0 24 34 8 1 14 20 29
7 3 17 13 43 27 12 19 35 9 16 40
#c 0 2 3 3 3 1 1 0 2 2 3 0 0 0 2 3 2 0 3 0 2 1 1 0 2 0 1 0 1 2 1 1 3 1 2 0 3 0 3 1 2 3 0 0 1
1 1 44 32
10 9 5 33 31 28 6 39 26 30 21 22 3 15 10 2 4 41 36 38 18
#c 0 2 3 3 3 1 1 0 2 2 3 0 0 0 2 3 2 0 3 0 2 1 1 0 2 0 1 0 1 2 1 1 3 1 2 0 3 0 3 1 2 3 0 0 1
#c 0 2 3 3 3 1 1 0 2 2 3 0 0 0 2 3 2 0 3 0 2 1 1 0 2 0 1 0 1 2 1 1 3 1 2 0 3 0 3 1 2 3 0 0 1
2 2 38 4 34 24
8 8 3 15 32 10 2 41 36 18 14 9 29 16 40 1 8 20
#c 0 2 3 3 3 1 1 0 2 2 3 0 0 0 2 3 2 0 3 0 2 1 1 0 2 0 1 0 1 2 1 1 3 1 2 0 3 0 3 1 2 3 0 0 1
#c 0 2 3 3 3 1 1 0 2 2 3 0 0 0 2 3 2 0 3 0 2 1 1 0 2 0 1 0 1 2 1 1 3 1 2 0 3 0 3 1 2 3 0 0 1
5 5 31 28 26 39 44 34 24 16 9 29
6 5 5 33 6 30 21 22 14 40 1 8 20
#c 0 2 3 3 3 1 1 0 2 2 3 0 0 0 2 3 2 0 3 0 2 1 1 0 2 0 1 0 1 2 1 1 3 1 2 0 3 0 3 1 2 3 0 0 1
2 2 8 14 31 5
8 9 34 24 9 29 16 40 1 20 33 28 6 44 39 26 30 21 22
#c 0 2 3 3 3 2 1 0 1 2 3 0 0 0 1 3 2 0 3 0 2 1 1 0 2 0 1 0 1 2 1 2 3 1 2 0 3 0 3 1 2 3 0 0 1
5 5 2 4 38 15 32 34 16 20 9 40
0 2 3 3 3 2 1 0 1 2 3 0 0 0 1 3 2 0 3 0 2 1 1 0 2 0 1 0 1 2 1 2 3 1 2 0 3 0 3 1 2 3 0 0 1
