#c 0 1 2 3 4 5 0 1 2 3 4 5 0 1 2 3 4 5 0 1 2 3 4 5 0 1 2 3 4 5 0 1 2 3 4 5 0 1 2 3 4 5 0
2 2 25 31 22 16
5 5 1 7 13 19 37 4 10 28 34 40
#c 0 1 2 3 4 5 0 1 2 3 4 5 0 1 2 3 1 5 0 1 2 3 1 5 0 4 2 3 4 5 0 4 2 3 4 5 0 1 2 3 4 5 0
2 2 20 26 7 16
5 5 2 8 14 32 38 1 13 19 37 22
#c 0 1 2 3 4 5 0 1 2 3 4 5 0 1 2 3 1 5 0 1 2 3 1 5 0 4 2 3 4 5 0 4 2 3 4 5 0 1 2 3 4 5 0
3 3 39 15 27 38 20 26
4 4 3 9 21 33 2 8 14 32
#c 0 1 2 3 4 5 0 1 2 3 4 5 0 1 2 2 1 5 0 1 3 3 1 5 0 4 3 2 4 5 0 4 2 3 4 5 0 1 3 2 4 5 0
3 1 34 40 31 15
4 6 4 10 28 25 2 8 14 32 39 27
#c 0 1 2 3 4 5 0 1 2 3 4 5 0 1 2 4 1 5 0 1 3 3 1 5 0 4 3 2 4 5 0 2 2 3 2 5 0 1 3 2 2 5 0
2 2 17 35 18 30
5 6 5 11 23 29 41 0 6 12 24 36 42
#c 0 1 2 3 4 5 0 1 2 3 4 5 0 1 2 4 1 5 0 1 3 3 1 5 0 4 3 2 4 5 0 2 2 3 2 5 0 1 3 2 2 5 0
3 3 0 18 12 32 27 34
5 6 6 24 30 36 42 2 8 14 39 40 31
#c 0 1 2 3 4 5 0 1 2 3 4 5 0 1 2 4 1 5 0 1 3 3 1 5 0 4 3 2 4 5 0 2 2 3 2 5 0 1 3 2 2 5 0
2 2 13 19 25 10
5 3 1 7 37 22 16 4 28 15
#c 0 1 2 3 4 5 0 1 2 3 1 5 0 4 2 4 1 5 0 4 3 3 1 5 0 1 3 2 4 5 0 2 2 3 2 5 0 1 3 2 2 5 0
3 3 27 39 31 12 18 6
6 5 2 8 14 32 34 40 0 24 30 36 42
#c 0 1 2 3 4 5 0 1 2 3 1 5 0 4 2 4 1 5 0 4 3 3 1 5 0 1 3 2 4 5 0 2 2 3 2 5 0 1 3 2 2 5 0
1 1 3 1
6 6 9 21 33 38 20 26 7 37 22 16 25 10
#c 0 1 2 3 4 5 0 1 2 3 1 5 0 4 2 4 1 5 0 4 3 3 1 5 0 1 3 2 4 5 0 2 2 3 2 5 0 1 3 2 2 5 0
1 1 13 41
4 6 4 28 15 19 5 11 17 23 29 35
#c 0 1 2 3 4 5 0 1 2 3 1 5 0 5 2 4 1 5 0 4 3 3 1 5 0 1 3 2 4 5 0 2 2 3 2 5 0 1 3 2 2 4 0
#c 0 1 2 3 4 5 0 1 2 3 1 5 0 5 2 4 1 5 0 4 3 3 1 5 0 1 3 2 4 5 0 2 2 3 2 5 0 1 3 2 2 4 0
#c 0 1 2 3 4 5 0 1 2 3 1 5 0 5 2 4 1 5 0 4 3 3 1 5 0 1 3 2 4 5 0 2 2 3 2 5 0 1 3 2 2 4 0
2 2 16 37 28 19
5 3 1 7 22 25 10 4 15 41
#c 0 1 2 3 4 5 0 1 2 3 1 5 0 5 2 4 1 5 0 4 3 3 1 5 0 1 3 2 4 5 0 2 2 3 2 5 0 1 3 2 2 4 0
1 1 40 16
8 6 2 8 14 32 39 27 34 31 1 7 37 22 25 10
#c 0 1 2 3 4 5 0 1 2 3 1 5 0 5 2 4 1 5 0 4 3 3 1 5 0 1 3 2 4 5 0 2 2 3 2 5 0 1 3 2 2 4 0
1 1 38 36
6 7 3 9 21 33 20 26 0 6 12 18 24 30 42
#c 0 1 2 3 4 5 0 1 2 3 1 5 0 5 2 4 1 5 0 4 3 3 1 5 0 1 3 2 4 5 0 2 2 3 2 5 0 1 3 2 2 4 0
1 1 15 16
4 6 4 28 19 41 1 7 37 22 25 10
#c 0 1 2 3 4 5 0 1 2 3 1 5 0 5 2 4 1 5 0 4 3 3 1 5 0 1 3 2 4 5 0 2 2 3 2 5 0 1 3 2 2 4 0
3 3 35 13 5 16 37 22
4 4 11 17 23 29 1 7 25 10
#c 0 1 2 3 4 1 0 1 2 3 1 5 0 1 2 4 5 5 0 4 3 3 5 5 0 1 3 2 4 5 0 2 2 3 2 1 0 5 3 2 2 4 0
3 3 36 6 30 22 16 11
5 4 0 12 18 24 42 17 23 29 37
#c 0 1 2 3 4 1 0 1 2 3 1 5 0 1 2 4 5 5 0 4 3 3 5 5 0 1 3 2 4 5 0 2 2 3 2 1 0 5 3 2 2 4 0
1 1 7 27
6 8 1 25 10 35 13 5 2 8 14 32 39 34 40 31
#c 0 1 2 3 4 1 0 1 2 3 1 5 0 1 2 4 5 5 0 4 3 3 5 5 0 1 3 2 4 5 0 2 2 3 2 1 0 5 3 2 2 4 0
#c 0 1 2 3 4 1 0 1 2 3 1 5 0 1 2 4 5 5 0 4 3 3 5 5 0 1 3 2 4 5 0 2 2 3 2 1 0 5 3 2 2 4 0
2 2 26 21 14 40
5 7 3 9 33 38 20 2 8 32 39 27 34 31
#c 0 1 2 3 4 1 0 1 2 3 1 5 0 1 2 4 5 5 0 4 3 3 5 5 0 1 3 2 4 5 0 2 2 3 2 1 0 5 3 2 2 4 0
1 1 19 3
4 6 4 28 15 41 9 21 33 38 20 26
#c 0 1 2 3 4 1 0 1 2 3 1 5 0 1 2 4 5 5 0 4 3 3 5 5 0 1 3 2 4 5 0 2 2 3 2 1 0 5 3 2 2 4 0
3 3 37 17 16 6 42 18
4 5 11 23 29 22 0 12 24 30 36
#c 0 1 2 3 4 1 0 1 2 3 1 5 0 1 2 4 5 5 0 4 3 3 5 5 0 1 3 2 4 5 0 2 2 3 2 1 0 5 3 2 2 4 0
4 4 24 12 30 6 37 29 16 22
4 3 0 18 36 42 11 17 23
#c 0 1 2 3 4 1 0 1 2 3 1 5 0 1 2 4 5 5 0 4 3 3 5 5 0 1 3 2 4 5 0 2 2 3 2 1 0 5 3 2 2 4 0
1 1 5 31
6 8 1 7 25 10 35 13 2 8 14 32 39 27 34 40
#c 0 1 2 3 4 1 0 1 2 3 1 5 0 1 2 4 5 5 0 4 3 3 5 5 0 1 3 2 4 5 0 2 2 3 2 1 0 5 3 2 2 4 0
3 4 31 39 2 38 9 26 20
6 3 8 14 32 27 34 40 3 21 33
#c 0 1 2 3 4 1 0 1 2 3 1 5 0 1 2 4 5 5 0 4 3 3 5 5 0 1 3 2 4 5 0 2 2 3 2 1 0 5 3 2 2 4 0
3 3 21 38 9 11 22 37
4 4 3 33 20 26 17 23 29 16
#c 0 1 2 3 4 1 0 1 2 3 1 5 0 1 2 4 5 5 0 4 3 3 5 5 0 1 3 2 4 5 0 2 2 3 2 1 0 5 3 2 2 4 0
2 2 4 41 24 36
3 6 28 15 19 0 6 12 18 30 42
#c 0 1 2 3 0 1 0 1 2 3 1 5 0 1 2 4 5 5 0 4 3 3 5 5 4 1 3 2 4 5 0 2 2 3 2 1 4 5 3 2 2 0 0
2 2 16 37 41 0
5 6 11 17 23 29 22 6 12 18 30 42 4
#c 5 1 2 3 0 1 0 1 2 3 1 5 0 1 2 4 0 5 0 4 3 3 5 5 4 1 3 2 4 5 0 2 2 3 2 1 4 0 3 2 2 5 0
3 3 16 12 6 2 34 27
5 6 18 30 42 4 37 8 14 32 39 40 31
#c 5 1 2 3 0 1 0 1 2 3 1 5 0 1 2 4 0 5 0 4 3 3 5 5 4 1 3 2 4 5 0 2 2 3 2 1 4 0 3 2 2 5 0
3 3 7 1 35 19 28 24
4 2 25 10 13 5 15 36
#c 5 1 2 3 0 1 0 1 2 3 1 5 0 1 2 4 0 5 0 4 3 3 5 5 4 1 3 2 4 5 0 2 2 3 2 1 4 0 3 2 2 5 0
4 4 40 2 39 27 19 15 24 36
5 1 8 14 32 34 31 28
#c 5 1 2 3 0 1 0 1 2 3 1 5 0 1 2 4 0 5 0 4 3 3 5 5 4 1 3 2 4 5 0 2 2 3 2 1 4 0 3 2 2 5 0
2 3 21 9 0 22 29
5 4 3 33 38 20 26 11 17 23 41
#c 3 1 2 3 0 1 0 1 2 5 1 5 0 1 2 4 0 5 0 4 3 5 3 5 4 1 3 2 4 3 0 2 2 3 2 1 4 0 3 2 2 5 0
1 2 28 4 12
4 6 15 19 24 36 6 18 30 42 16 37
#c 3 1 2 3 0 1 0 1 2 5 1 5 0 1 2 4 0 5 0 4 3 5 3 5 4 1 3 2 4 3 0 2 2 3 2 1 4 0 3 2 2 5 0
1 1 21 25
5 6 11 17 23 41 9 1 7 10 35 13 5
#c 3 1 2 3 0 1 0 1 2 5 1 5 0 1 2 4 0 5 0 4 3 5 3 5 4 1 3 2 4 3 0 2 2 3 2 1 4 0 3 2 2 5 0
2 2 12 18 5 13
6 5 6 30 42 4 16 37 1 7 25 10 35
#c 3 1 2 3 0 1 0 1 2 5 1 5 0 1 2 4 0 5 0 4 3 5 3 5 4 1 3 2 4 3 0 2 2 3 2 1 4 0 3 2 2 5 0
1 1 25 23
6 5 1 7 10 35 13 5 11 17 41 21 9
#c 3 1 2 3 0 1 0 1 2 5 1 5 0 1 2 4 0 5 0 4 3 5 3 5 4 1 3 2 4 3 0 2 2 3 2 1 4 0 3 2 2 5 0
2 2 40 31 28 24
7 3 2 8 14 32 39 27 34 15 19 36
#c 3 1 2 3 0 1 0 1 2 5 1 5 0 1 2 4 0 5 0 4 3 5 3 5 2 1 3 2 2 3 0 4 2 3 2 1 4 0 3 2 4 5 0
#c 3 1 2 3 0 1 0 1 2 5 1 5 0 1 2 4 0 5 0 4 3 5 3 5 2 1 3 2 2 3 0 4 2 3 2 1 4 0 3 2 4 5 0
1 1 40 9
4 5 15 19 36 31 11 17 23 41 21
#c 3 1 2 3 0 1 0 1 2 5 1 5 0 1 2 4 0 5 0 4 3 5 3 5 2 1 3 2 2 3 0 4 2 3 2 1 4 0 3 2 4 5 0
3 3 9 23 21 39 34 14
3 6 11 17 41 2 8 32 27 28 24
#c 3 1 2 3 0 1 0 1 2 5 1 5 0 1 2 4 0 5 0 4 3 5 3 5 2 1 3 2 2 3 0 4 2 3 2 1 4 0 3 2 4 5 0
#c 3 1 2 3 0 1 0 1 2 5 1 5 0 1 2 4 0 5 0 4 3 5 3 5 2 1 3 2 2 3 0 4 2 3 2 1 4 0 3 2 4 5 0
2 2 35 25 32 34
5 7 1 7 10 13 5 2 8 14 39 27 28 24
#c 3 1 2 3 0 1 0 1 2 5 1 5 0 1 2 4 0 5 0 4 3 5 3 5 2 1 3 2 2 3 0 4 2 3 2 1 4 0 3 2 4 5 0
#c 3 1 2 3 0 1 0 1 2 5 1 5 0 1 2 4 0 5 0 4 3 5 3 5 2 1 3 2 2 3 0 4 2 3 2 1 4 0 3 2 4 5 0
4 4 29 0 26 3 7 35 10 5
4 3 33 38 20 22 1 25 13
#c 3 1 2 3 0 1 0 1 2 5 1 5 0 1 2 4 0 5 0 4 3 5 3 5 2 1 3 2 2 3 0 4 2 3 2 1 4 0 3 2 4 5 0
1 3 15 11 41 17
4 3 19 36 40 31 23 21 9
#c 3 1 2 3 0 1 0 1 2 5 1 5 0 1 2 4 0 5 0 4 3 5 3 5 2 1 3 2 2 3 0 4 2 3 2 1 4 0 3 2 4 5 0
2 2 11 21 25 10
4 5 17 23 41 9 1 7 35 13 5
#c 3 1 2 3 0 1 0 1 2 5 1 5 0 1 2 4 0 5 0 4 3 5 3 5 2 1 3 2 2 3 0 4 2 3 2 1 4 0 3 2 4 5 0
1 1 30 38
7 7 6 12 18 42 4 16 37 3 33 20 26 0 22 29
#c 3 1 2 3 0 1 0 1 2 5 1 5 0 1 2 4 0 5 0 4 3 5 3 5 2 1 3 2 2 3 0 4 2 3 2 1 4 0 3 2 4 5 0
3 4 7 10 5 38 33 3 29
4 4 1 25 35 13 20 26 0 22
#c 3 1 2 3 0 1 0 1 2 5 1 5 0 1 2 4 0 5 0 4 3 5 3 5 2 1 3 2 2 3 0 4 2 3 2 1 4 0 3 2 4 5 0
2 2 32 39 9 17
7 4 2 8 14 27 34 28 24 11 23 41 21
#c 3 1 2 3 0 1 0 1 2 2 1 5 0 1 2 4 0 2 0 4 3 5 3 5 2 1 3 2 2 3 0 4 5 3 2 1 4 0 3 5 4 5 0
4 4 38 29 33 20 7 35 10 13
4 3 3 26 0 22 1 25 5
#c 3 1 2 3 0 1 0 1 2 2 1 5 0 1 2 4 0 2 0 4 3 5 3 5 2 1 3 2 2 3 0 4 5 3 2 1 4 0 3 5 4 5 0
1 1 15 22
4 7 19 36 40 31 3 33 38 20 26 0 29
#c 3 1 2 3 0 1 0 1 2 2 1 5 0 1 2 4 0 2 0 4 3 5 3 5 2 1 3 2 2 3 0 4 5 3 2 1 4 0 3 5 4 5 0
2 2 11 32 6 42
4 6 23 41 21 39 12 18 30 4 16 37
#c 3 1 2 3 0 1 0 1 2 2 1 5 0 1 2 4 0 2 0 4 3 5 3 5 2 1 3 2 2 3 0 4 5 3 2 1 4 0 3 5 4 5 0
4 4 30 12 6 16 41 11 21 32
4 2 18 42 4 37 23 39
#c 3 1 2 3 0 1 5 1 2 2 1 0 5 1 2 4 5 2 0 4 3 0 3 5 2 1 3 2 2 3 5 4 0 3 2 1 4 0 3 5 4 0 0
1 1 13 29
3 1 2 3 0 1 5 1 2 2 1 0 5 1 2 4 5 2 0 4 3 0 3 5 2 1 3 2 2 3 5 4 0 3 2 1 4 0 3 5 4 0 0
