#c 0 1 0 1 0 1 0 1 0 1 0 1 0 1 0 1 0 1 0 1 0 1 0 1 0 1 0 1 0 1 0 1 0 1 0 1 0 1 0 1
5 5 39 33 19 3 37 18 34 26 20 6
15 15 1 5 7 9 11 13 15 17 21 23 25 27 29 31 35 0 2 4 8 10 12 14 16 22 24 28 30 32 36 38
#c 0 1 0 0 0 1 1 1 0 1 0 1 0 1 0 1 0 1 1 0 1 1 0 1 0 1 1 1 0 1 0 1 0 0 1 1 0 0 0 0
#c 0 1 0 0 0 1 1 1 0 1 0 1 0 1 0 1 0 1 1 0 1 1 0 1 0 1 1 1 0 1 0 1 0 0 1 1 0 0 0 0
1 1 9 19
19 19 1 5 7 11 13 15 17 21 23 25 27 29 31 35 18 34 26 20 6 0 2 4 8 10 12 14 16 22 24 28 30 32 36 38 39 33 3 37
#c 0 1 0 0 0 1 1 1 0 0 0 1 0 1 0 1 0 1 1 1 1 1 0 1 0 1 1 1 0 1 0 1 0 0 1 1 0 0 0 0
10 8 3 32 9 30 8 38 0 14 2 22 11 5 34 19 1 35 6 7
10 12 4 10 12 16 24 28 36 39 33 37 13 15 17 21 23 25 27 29 31 18 26 20
#c 0 1 0 0 0 1 1 1 0 0 0 1 0 1 0 1 0 1 1 1 1 1 0 1 0 1 1 1 0 1 0 1 0 0 1 1 0 0 0 0
#c 0 1 0 0 0 1 1 1 0 0 0 1 0 1 0 1 0 1 1 1 1 1 0 1 0 1 1 1 0 1 0 1 0 0 1 1 0 0 0 0
#c 0 1 0 0 0 1 1 1 0 0 0 1 0 1 0 1 0 1 1 1 1 1 0 1 0 1 1 1 0 1 0 1 0 0 1 1 0 0 0 0
#c 0 1 0 0 0 1 1 1 0 0 0 1 0 1 0 1 0 1 1 1 1 1 0 1 0 1 1 1 0 1 0 1 0 0 1 1 0 0 0 0
#c 0 1 0 0 0 1 1 1 0 0 0 1 0 1 0 1 0 1 1 1 1 1 0 1 0 1 1 1 0 1 0 1 0 0 1 1 0 0 0 0
4 4 20 5 1 23 39 33 32 4
16 16 7 11 13 15 17 21 25 27 29 31 35 18 34 26 6 19 0 2 8 10 12 14 16 22 24 28 30 36 38 3 37 9
#c 0 1 0 0 0 1 1 1 0 0 0 1 0 1 0 1 0 1 1 1 1 1 0 1 0 1 1 1 0 1 0 1 0 0 1 1 0 0 0 0
#c 0 1 0 0 0 1 1 1 0 0 0 1 0 1 0 1 0 1 1 1 1 1 0 1 0 1 1 1 0 1 0 1 0 0 1 1 0 0 0 0
2 2 29 19 32 14
18 18 1 5 7 11 13 15 17 21 23 25 27 31 35 18 34 26 20 6 0 2 4 8 10 12 16 22 24 28 30 36 38 39 33 3 37 9
#c 0 1 0 0 0 1 1 1 0 0 0 1 0 1 1 1 0 1 1 0 1 1 0 1 0 1 1 1 0 0 0 1 1 0 1 1 0 0 0 0
2 2 22 28 26 27
18 18 0 2 4 8 10 12 16 24 30 36 38 39 33 3 37 9 29 19 1 5 7 11 13 15 17 21 23 25 31 35 18 34 20 6 32 14
#c 0 1 0 0 0 1 1 1 0 0 0 1 0 1 1 1 0 1 1 0 1 1 0 1 0 1 1 1 0 0 0 1 1 0 1 1 0 0 0 0
7 7 7 6 18 13 21 31 26 4 37 29 30 28 24 3
13 13 1 5 11 15 17 23 25 27 35 34 20 32 14 0 2 8 10 12 16 22 36 38 39 33 9 19
#c 0 1 0 0 0 1 1 1 0 0 0 1 0 1 1 1 0 1 1 0 1 1 0 1 0 1 1 1 0 0 0 1 1 0 1 1 0 0 0 0
#c 0 1 0 0 0 1 1 1 0 0 0 1 0 1 1 1 0 1 1 0 1 1 0 1 0 1 1 1 0 0 0 1 1 0 1 1 0 0 0 0
#c 0 1 0 0 0 1 1 1 0 0 0 1 0 1 1 1 0 1 1 0 1 1 0 1 0 1 1 1 0 0 0 1 1 0 1 1 0 0 0 0
#c 0 1 0 0 0 1 1 1 0 0 0 1 0 1 1 1 0 1 1 0 1 1 0 1 0 1 1 1 0 0 0 1 1 0 1 1 0 0 0 0
6 6 1 20 21 31 14 13 12 29 37 10 16 2
14 14 5 7 11 15 17 23 25 27 35 18 34 26 6 32 0 4 8 22 24 28 30 36 38 39 33 3 9 19
#c 0 1 0 0 0 1 1 1 0 0 0 1 0 1 1 1 0 1 1 0 1 1 0 1 0 1 1 1 0 0 0 1 1 0 1 1 0 0 0 0
1 1 3 7
19 19 0 2 4 8 10 12 16 22 24 28 30 36 38 39 33 37 9 29 19 1 5 11 13 15 17 21 23 25 27 31 35 18 34 26 20 6 32 14
#c 0 1 0 1 0 1 1 0 0 0 0 1 0 1 1 1 0 1 1 0 1 1 0 1 0 1 1 1 0 0 0 1 1 0 1 1 0 0 0 0
#c 0 1 0 1 0 1 1 0 0 0 0 1 0 1 1 1 0 1 1 0 1 1 0 1 0 1 1 1 0 0 0 1 1 0 1 1 0 0 0 0
2 2 10 12 23 3
18 18 0 2 4 8 16 22 24 28 30 36 38 39 33 37 9 29 19 7 1 5 11 13 15 17 21 25 27 31 35 18 34 26 20 6 32 14
#c 0 1 0 1 0 1 1 0 0 0 0 1 0 1 1 1 0 1 1 0 1 1 0 1 0 1 1 1 0 0 0 1 1 0 1 1 0 0 0 0
6 6 35 21 1 26 23 20 16 30 9 19 36 24
14 14 5 11 13 15 17 25 27 31 18 34 6 32 14 3 0 2 4 8 10 12 22 28 38 39 33 37 29 7
#c 0 1 0 1 0 1 1 0 0 0 0 1 0 1 1 1 0 1 1 0 1 1 0 1 0 1 1 1 0 0 0 1 1 0 1 1 0 0 0 0
2 2 29 39 21 20
18 18 0 2 4 8 10 12 16 22 24 28 30 36 38 33 37 9 19 7 1 5 11 13 15 17 23 25 27 31 35 18 34 26 6 32 14 3
#c 0 1 0 1 0 1 1 0 0 0 0 1 0 1 1 1 0 1 1 0 1 1 0 1 0 1 1 1 0 0 0 1 1 0 1 1 0 0 0 0
8 8 27 20 34 3 11 1 35 5 2 37 28 12 16 10 29 7
12 12 13 15 17 21 23 25 31 18 26 6 32 14 0 4 8 22 24 30 36 38 39 33 9 19
#c 0 1 0 1 0 1 1 0 0 0 0 1 0 1 1 1 0 1 1 0 1 1 0 1 0 1 1 1 0 0 0 1 1 0 1 1 0 0 0 0
6 6 12 0 8 7 19 30 17 6 3 32 21 23
14 14 2 4 10 16 22 24 28 36 38 39 33 37 9 29 1 5 11 13 15 25 27 31 35 18 34 26 20 14
#c 0 1 0 1 0 1 1 0 0 0 0 1 0 1 1 1 0 1 1 0 1 1 0 1 0 1 1 1 0 0 0 1 1 0 1 1 0 0 0 0
2 2 27 3 36 0
18 18 1 5 11 13 15 17 21 23 25 31 35 18 34 26 20 6 32 14 2 4 8 10 12 16 22 24 28 30 38 39 33 37 9 29 19 7
#c 0 1 0 1 0 1 1 0 0 0 0 1 0 1 1 1 0 1 1 0 1 1 0 1 0 1 1 1 0 0 0 1 1 0 1 1 0 0 0 0
1 1 10 23
19 19 0 2 4 8 12 16 22 24 28 30 36 38 39 33 37 9 29 19 7 1 5 11 13 15 17 21 25 27 31 35 18 34 26 20 6 32 14 3
#c 0 1 0 1 0 1 1 0 0 0 0 1 0 1 1 1 0 1 1 0 1 1 0 1 0 1 1 1 0 0 0 1 1 0 1 1 0 0 0 0
8 8 5 23 1 20 31 27 26 35 9 36 2 29 24 37 38 16
12 12 11 13 15 17 21 25 18 34 6 32 14 3 0 4 8 10 12 22 28 30 39 33 19 7
#c 0 1 0 1 0 1 1 0 0 0 0 1 0 1 1 1 0 1 1 0 1 1 0 1 0 1 1 1 0 0 0 1 1 0 1 1 0 0 0 0
7 7 22 19 4 39 16 24 9 34 23 15 13 25 6 31
13 13 0 2 8 10 12 28 30 36 38 33 37 29 7 1 5 11 17 21 27 35 18 26 20 32 14 3
#c 0 1 0 1 0 1 1 0 0 0 0 1 0 1 1 1 0 1 1 0 1 1 0 1 0 1 1 1 0 0 0 1 1 0 1 1 0 0 0 0
#c 0 1 0 1 0 1 1 0 0 0 0 1 0 1 1 1 0 1 1 0 1 1 0 1 0 1 1 1 0 0 0 1 1 0 1 1 0 0 0 0
#c 0 1 0 1 0 1 1 0 0 0 0 1 0 1 1 1 0 1 1 0 1 1 0 1 0 1 1 1 0 0 0 1 1 0 1 1 0 0 0 0
10 10 13 18 27 14 11 17 26 1 15 6 7 38 36 33 24 16 9 39 12 4
10 10 5 21 23 25 31 35 34 20 32 3 0 2 8 10 22 28 30 37 29 19
#c 0 1 0 1 0 1 1 0 0 0 0 1 0 1 1 1 0 1 1 0 1 1 0 1 0 1 1 1 0 0 0 1 1 0 1 1 0 0 0 0
1 1 19 1
19 19 0 2 4 8 10 12 16 22 24 28 30 36 38 39 33 37 9 29 7 5 11 13 15 17 21 23 25 27 31 35 18 34 26 20 6 32 14 3
#c 0 1 0 1 0 1 1 0 0 0 0 1 0 1 1 1 0 1 1 0 1 1 0 1 0 1 1 1 0 0 0 1 1 0 1 1 0 0 0 0
8 8 26 11 1 14 23 6 32 17 7 16 2 4 0 24 22 28
12 12 5 13 15 21 25 27 31 35 18 34 20 3 8 10 12 30 36 38 39 33 37 9 29 19
#c 0 1 0 1 0 1 1 0 0 0 0 1 0 1 1 1 0 1 1 0 1 1 0 1 0 1 1 1 0 0 0 1 1 0 1 1 0 0 0 0
#c 0 1 0 1 0 1 1 0 0 0 0 1 0 1 1 1 0 1 1 0 1 1 0 1 0 1 1 1 0 0 0 1 1 0 1 1 0 0 0 0
1 1 34 16
19 19 1 5 11 13 15 17 21 23 25 27 31 35 18 26 20 6 32 14 3 0 2 4 8 10 12 22 24 28 30 36 38 39 33 37 9 29 19 7
#c 0 1 0 1 0 1 1 0 0 0 0 1 0 1 1 1 0 1 1 0 1 1 0 1 0 1 1 1 0 0 0 1 1 0 1 1 0 0 0 0
#c 0 1 0 1 0 1 1 0 0 0 0 1 0 1 1 1 0 1 1 0 1 1 0 1 0 1 1 1 0 0 0 1 1 0 1 1 0 0 0 0
#c 0 1 0 1 0 1 1 0 0 0 0 1 0 1 1 1 0 1 1 0 1 1 0 1 0 1 1 1 0 0 0 1 1 0 1 1 0 0 0 0
#c 0 1 0 1 0 1 1 0 0 0 0 1 0 1 1 1 0 1 1 0 1 1 0 1 0 1 1 1 0 0 0 1 1 0 1 1 0 0 0 0
2 4 21 1 7 19 29 37
18 16 5 11 13 15 17 23 25 27 31 35 18 34 26 20 6 32 14 3 0 2 4 8 10 12 16 22 24 28 30 36 38 39 33 9
#c 0 1 0 1 0 1 1 0 0 0 0 1 0 1 1 1 0 1 1 0 1 1 0 1 0 1 1 1 0 0 0 1 1 0 1 1 0 0 0 0
3 3 19 12 28 26 31 32
17 17 0 2 4 8 10 16 22 24 30 36 38 39 33 37 9 29 7 1 5 11 13 15 17 21 23 25 27 35 18 34 20 6 14 3
#c 0 1 0 1 0 1 1 0 0 0 0 1 0 1 1 1 0 1 1 0 1 1 0 1 0 1 1 1 0 0 0 1 1 0 1 1 0 0 0 0
8 8 14 15 20 34 32 1 5 35 16 28 39 10 19 8 22 33
12 12 11 13 17 21 23 25 27 31 18 26 6 3 0 2 4 12 24 30 36 38 37 9 29 7
#c 0 1 0 1 0 1 1 0 0 0 0 1 0 1 1 1 0 1 1 0 1 1 0 1 0 1 1 1 0 0 0 1 1 0 1 1 0 0 0 0
5 3 22 16 29 36 39 23 6 3
15 17 0 2 4 8 10 12 24 28 30 38 33 37 9 19 7 1 5 11 13 15 17 21 25 27 31 35 18 34 26 20 32 14
#c 0 1 0 1 0 1 1 0 0 0 0 1 0 1 1 1 0 1 1 0 1 1 0 1 0 1 1 1 0 0 0 1 1 0 1 1 0 0 0 0
#c 0 1 0 1 0 1 1 0 0 0 0 1 0 1 1 1 0 1 1 0 1 1 0 1 0 1 1 1 0 0 0 1 1 0 1 1 0 0 0 0
2 2 33 16 17 18
18 18 0 2 4 8 10 12 22 24 28 30 36 38 39 37 9 29 19 7 1 5 11 13 15 21 23 25 27 31 35 34 26 20 6 32 14 3
#c 0 1 0 1 0 1 1 0 0 0 0 1 0 1 1 1 0 1 1 0 1 1 0 1 0 1 1 1 0 0 0 1 1 0 1 1 0 0 0 0
2 2 13 35 36 22
18 18 1 5 11 15 17 21 23 25 27 31 18 34 26 20 6 32 14 3 0 2 4 8 10 12 16 24 28 30 38 39 33 37 9 29 19 7
#c 0 1 0 1 0 1 1 0 0 0 0 1 0 1 1 1 0 1 1 0 1 1 0 1 0 1 1 1 0 0 0 1 1 0 1 1 0 0 0 0
#c 0 1 0 1 0 1 1 0 0 0 0 1 0 1 1 1 0 1 1 0 1 1 0 1 0 1 1 1 0 0 0 1 1 0 1 1 0 0 0 0
3 3 1 14 15 12 16 38
17 17 5 11 13 17 21 23 25 27 31 35 18 34 26 20 6 32 3 0 2 4 8 10 22 24 28 30 36 39 33 37 9 29 19 7
#c 0 1 0 1 0 1 1 0 0 0 0 1 0 1 1 1 0 1 1 0 1 1 0 1 0 1 1 1 0 0 0 1 1 0 1 1 0 0 0 0
4 4 4 28 7 2 5 3 14 32
16 16 0 8 10 12 16 22 24 30 36 38 39 33 37 9 29 19 1 11 13 15 17 21 23 25 27 31 35 18 34 26 20 6
#c 0 1 0 1 0 1 1 0 0 0 0 1 0 1 1 1 0 1 1 0 1 1 0 1 0 1 1 1 0 0 0 1 1 0 1 1 0 0 0 0
1 1 35 28
19 19 1 5 11 13 15 17 21 23 25 27 31 18 34 26 20 6 32 14 3 0 2 4 8 10 12 16 22 24 30 36 38 39 33 37 9 29 19 7
#c 0 1 0 1 0 1 1 0 0 0 0 1 0 1 1 1 0 1 1 0 1 1 0 1 0 1 1 1 0 0 0 1 1 0 1 1 0 0 0 0
#c 0 1 0 1 0 1 1 0 0 0 0 1 0 1 1 1 0 1 1 0 1 1 0 1 0 1 1 1 0 0 0 1 1 0 1 1 0 0 0 0
6 6 26 25 14 17 23 3 2 33 4 12 28 36
14 14 1 5 11 13 15 21 27 31 35 18 34 20 6 32 0 8 10 16 22 24 30 38 39 37 9 29 19 7
#c 0 1 0 1 0 1 1 0 0 0 0 1 0 1 1 1 0 1 1 0 1 1 0 1 0 1 1 1 0 0 0 1 1 0 1 1 0 0 0 0
5 5 8 33 28 0 37 20 35 17 18 1
15 15 2 4 10 12 16 22 24 30 36 38 39 9 29 19 7 5 11 13 15 21 23 25 27 31 34 26 6 32 14 3
#c 0 1 0 1 0 1 1 0 0 0 0 1 0 1 1 1 0 1 1 0 1 1 0 1 0 1 1 1 0 0 0 1 1 0 1 1 0 0 0 0
6 6 5 26 25 17 31 32 19 36 12 24 8 33
14 14 1 11 13 15 21 23 27 35 18 34 20 6 14 3 0 2 4 10 16 22 28 30 38 39 37 9 29 7
#c 0 1 0 1 0 1 1 0 0 0 0 1 0 1 1 1 0 1 1 0 1 1 0 1 0 1 1 1 0 0 0 1 1 0 1 1 0 0 0 0
7 7 10 30 36 28 19 33 38 32 35 26 11 27 18 25
13 13 0 2 4 8 12 16 22 24 39 37 9 29 7 1 5 13 15 17 21 23 31 34 20 6 14 3
#c 0 1 0 1 0 1 1 0 0 0 0 1 0 1 1 1 0 1 1 0 1 1 0 1 0 1 1 1 0 0 0 1 1 0 1 1 0 0 0 0
#c 0 1 0 1 0 1 1 0 0 0 0 1 0 1 1 1 0 1 1 0 1 1 0 1 0 1 1 1 0 0 0 1 1 0 1 1 0 0 0 0
#c 0 1 0 1 0 1 1 0 0 0 0 1 0 1 1 1 0 1 1 0 1 1 0 1 0 1 1 1 0 0 0 1 1 0 1 1 0 0 0 0
#c 0 1 0 1 0 1 1 0 0 0 0 1 0 1 1 1 0 1 1 0 1 1 0 1 0 1 1 1 0 0 0 1 1 0 1 1 0 0 0 0
#c 0 1 0 1 0 1 1 0 0 0 0 1 0 1 1 1 0 1 1 0 1 1 0 1 0 1 1 1 0 0 0 1 1 0 1 1 0 0 0 0
9 9 17 31 11 25 23 14 32 34 21 33 19 39 9 7 8 12 37 30
11 11 1 5 13 15 27 35 18 26 20 6 3 0 2 4 10 16 22 24 28 36 38 29
#c 0 1 0 1 0 1 1 0 0 0 0 1 0 1 1 1 0 1 1 0 1 1 0 1 0 1 1 1 0 0 0 1 1 0 1 1 0 0 0 0
#c 0 1 0 1 0 1 1 0 0 0 0 1 0 1 1 1 0 1 1 0 1 1 0 1 0 1 1 1 0 0 0 1 1 0 1 1 0 0 0 0
3 3 20 27 15 33 30 12
17 17 1 5 11 13 17 21 23 25 31 35 18 34 26 6 32 14 3 0 2 4 8 10 16 22 24 28 36 38 39 37 9 29 19 7
#c 0 1 0 1 0 1 1 0 0 0 0 1 0 1 1 1 0 1 1 0 1 1 0 1 0 1 1 1 0 0 0 1 1 0 1 1 0 0 0 0
10 10 8 33 29 0 7 4 39 2 36 22 26 14 11 15 13 25 20 21 32 27
10 10 10 12 16 24 28 30 38 37 9 19 1 5 17 23 31 35 18 34 6 3
#c 0 1 0 1 0 1 1 0 0 0 0 1 0 1 1 1 0 1 1 0 1 1 0 1 0 1 1 1 0 0 0 1 1 0 1 1 0 0 0 0
9 8 20 11 18 27 1 34 23 5 32 0 36 19 29 9 10 4 22
11 12 13 15 17 21 25 31 35 26 6 14 3 2 8 12 16 24 28 30 38 39 33 37 7
#c 0 1 0 1 0 1 1 0 0 0 0 1 0 1 1 1 0 1 1 0 1 1 0 1 0 1 1 1 0 0 0 1 1 0 1 1 0 0 0 0
#c 0 1 0 1 0 1 1 0 0 0 0 1 0 1 1 1 0 1 1 0 1 1 0 1 0 1 1 1 0 0 0 1 1 0 1 1 0 0 0 0
10 10 20 6 21 5 32 34 1 26 15 3 33 0 28 19 12 39 29 2 24 7
10 10 11 13 17 23 25 27 31 35 18 14 4 8 10 16 22 30 36 38 37 9
#c 0 1 0 1 0 1 1 0 0 0 0 1 0 1 1 1 0 1 1 0 1 1 0 1 0 1 1 1 0 0 0 1 1 0 1 1 0 0 0 0
4 4 37 29 9 19 14 17 27 26
16 16 0 2 4 8 10 12 16 22 24 28 30 36 38 39 33 7 1 5 11 13 15 21 23 25 31 35 18 34 20 6 32 3
#c 0 1 0 1 0 1 1 0 0 0 0 1 0 1 1 1 0 1 1 0 1 1 0 1 0 1 1 1 0 0 0 1 1 0 1 1 0 0 0 0
1 1 14 12
19 19 1 5 11 13 15 17 21 23 25 27 31 35 18 34 26 20 6 32 3 0 2 4 8 10 16 22 24 28 30 36 38 39 33 37 9 29 19 7
#c 0 1 0 1 0 1 1 0 0 0 0 1 0 1 1 1 0 1 1 0 1 1 0 1 0 1 1 1 0 0 0 1 1 0 1 1 0 0 0 0
1 1 8 13
19 19 0 2 4 10 12 16 22 24 28 30 36 38 39 33 37 9 29 19 7 1 5 11 15 17 21 23 25 27 31 35 18 34 26 20 6 32 14 3
#c 0 1 0 1 0 1 1 0 1 0 0 1 0 0 1 1 0 1 1 0 1 1 0 1 0 1 1 1 0 0 0 1 1 0 1 1 0 0 0 0
#c 0 1 0 1 0 1 1 0 1 0 0 1 0 0 1 1 0 1 1 0 1 1 0 1 0 1 1 1 0 0 0 1 1 0 1 1 0 0 0 0
8 8 22 16 12 19 24 13 7 39 20 34 27 23 6 26 17 11
12 12 0 2 4 10 28 30 36 38 33 37 9 29 1 5 15 21 25 31 35 18 32 14 3 8
#c 0 1 0 1 0 1 1 0 1 0 0 1 0 0 1 1 0 1 1 0 1 1 0 1 0 1 1 1 0 0 0 1 1 0 1 1 0 0 0 0
5 5 32 20 8 26 35 29 2 30 39 22
15 15 1 5 11 15 17 21 23 25 27 31 18 34 6 14 3 0 4 10 12 16 24 28 36 38 33 37 9 19 7 13
#c 0 1 0 1 0 1 1 0 1 0 0 1 0 0 1 1 0 1 1 0 1 1 0 1 0 1 1 1 0 0 0 1 1 0 1 1 0 0 0 0
#c 0 1 0 1 0 1 1 0 1 0 0 1 0 0 1 1 0 1 1 0 1 1 0 1 0 1 1 1 0 0 0 1 1 0 1 1 0 0 0 0
8 8 14 1 18 3 32 23 34 11 16 7 22 10 33 37 13 4
12 12 5 15 17 21 25 27 31 35 26 20 6 8 0 2 12 24 28 30 36 38 39 9 29 19
#c 0 1 0 1 0 1 1 0 1 0 0 1 0 0 1 1 0 1 1 0 1 1 0 1 0 1 1 1 0 0 0 1 1 0 1 1 0 0 0 0
9 9 38 36 7 9 39 19 10 4 37 23 14 27 26 31 20 25 15 18
11 11 0 2 12 16 22 24 28 30 33 29 13 1 5 11 17 21 35 34 6 32 3 8
#c 0 1 0 1 0 1 1 0 1 0 0 1 0 0 1 1 0 1 1 0 1 1 0 1 0 1 1 1 0 0 0 1 1 0 1 1 0 0 0 0
#c 0 1 0 1 0 1 1 0 1 0 0 1 0 0 1 1 0 1 1 0 1 1 0 1 0 1 1 1 0 0 0 1 1 0 1 1 0 0 0 0
#c 0 1 0 1 0 1 1 0 1 0 0 1 0 0 1 1 0 1 1 0 1 1 0 1 0 1 1 1 0 0 0 1 1 0 1 1 0 0 0 0
#c 0 1 0 1 0 1 1 0 1 0 0 1 0 0 1 1 0 1 1 0 1 1 0 1 0 1 1 1 0 0 0 1 1 0 1 1 0 0 0 0
10 10 0 10 16 19 24 22 12 33 7 38 18 1 27 15 35 3 31 23 20 5
10 10 2 4 28 30 36 39 37 9 29 13 11 17 21 25 34 26 6 32 14 8
#c 0 1 0 1 0 1 1 0 1 0 0 1 0 0 1 1 0 1 1 0 1 1 0 1 0 1 1 1 0 0 0 1 1 0 1 1 0 0 0 0
#c 0 1 0 1 0 1 1 0 1 0 0 1 0 0 1 1 0 1 1 0 1 1 0 1 0 1 1 1 0 0 0 1 1 0 1 1 0 0 0 0
#c 0 1 0 1 0 1 1 0 1 0 0 1 0 0 1 1 0 1 1 0 1 1 0 1 0 1 1 1 0 0 0 1 1 0 1 1 0 0 0 0
7 7 26 3 31 11 32 21 23 0 39 19 24 16 13 22
13 13 1 5 15 17 25 27 35 18 34 20 6 14 8 2 4 10 12 28 30 36 38 33 37 9 29 7
#c 0 1 0 1 0 1 1 0 1 0 0 1 0 0 1 1 0 1 1 0 1 1 0 1 0 1 1 1 0 0 0 1 1 0 1 1 0 0 0 0
#c 0 1 0 1 0 1 1 0 1 0 0 1 0 0 1 1 0 1 1 0 1 1 0 1 0 1 1 1 0 0 0 1 1 0 1 1 0 0 0 0
#c 0 1 0 1 0 1 1 0 1 0 0 1 0 0 1 1 0 1 1 0 1 1 0 1 0 1 1 1 0 0 0 1 1 0 1 1 0 0 0 0
10 10 2 7 30 19 33 12 29 37 13 10 26 14 25 3 34 32 35 21 5 15
10 10 0 4 16 22 24 28 36 38 39 9 1 11 17 23 27 31 18 20 6 8
#c 0 1 0 1 0 1 1 0 1 0 0 1 0 0 1 1 0 1 1 0 1 1 0 1 0 1 1 1 0 0 0 1 1 0 1 1 0 0 0 0
#c 0 1 0 1 0 1 1 0 1 0 0 1 0 0 1 1 0 1 1 0 1 1 0 1 0 1 1 1 0 0 0 1 1 0 1 1 0 0 0 0
9 9 37 7 36 16 19 33 39 29 10 27 31 21 6 25 14 5 11 32
11 11 0 2 4 12 22 24 28 30 38 9 13 1 15 17 23 35 18 34 26 20 3 8
#c 0 1 0 1 0 1 1 0 1 0 0 1 0 0 1 1 0 1 1 0 1 1 0 1 0 1 1 1 0 0 0 1 1 0 1 1 0 0 0 0
#c 0 1 0 1 0 1 1 0 1 0 0 1 0 0 1 1 0 1 1 0 1 1 0 1 0 1 1 1 0 0 0 1 1 0 1 1 0 0 0 0
#c 0 1 0 1 0 1 1 0 1 0 0 1 0 0 1 1 0 1 1 0 1 1 0 1 0 1 1 1 0 0 0 1 1 0 1 1 0 0 0 0
7 7 23 1 25 20 34 3 5 0 22 33 29 37 36 4
13 13 11 15 17 21 27 31 35 18 26 6 32 14 8 2 10 12 16 24 28 30 38 39 9 19 7 13
#c 0 1 0 1 0 1 1 0 1 0 0 1 0 0 1 1 0 1 1 0 1 1 0 1 0 1 1 1 0 0 0 1 1 0 1 1 0 0 0 0
4 4 4 13 16 7 32 6 8 35
16 16 0 2 10 12 22 24 28 30 36 38 39 33 37 9 29 19 1 5 11 15 17 21 23 25 27 31 18 34 26 20 14 3
#c 0 1 0 1 0 1 1 0 1 0 0 1 0 0 1 1 0 1 1 0 1 1 0 1 0 1 1 1 0 0 0 1 1 0 1 1 0 0 0 0
3 3 17 5 3 22 13 9
17 17 1 11 15 21 23 25 27 31 35 18 34 26 20 6 32 14 8 0 2 4 10 12 16 24 28 30 36 38 39 33 37 29 19 7
#c 0 1 0 1 0 1 1 0 1 0 0 1 0 0 1 1 0 1 1 0 1 1 0 1 0 1 1 1 0 0 0 1 1 0 1 1 0 0 0 0
#c 0 1 0 1 0 1 1 0 1 0 0 1 0 0 1 1 0 1 1 0 1 1 0 1 0 1 1 1 0 0 0 1 1 0 1 1 0 0 0 0
2 2 23 5 9 10
18 18 1 11 15 17 21 25 27 31 35 18 34 26 20 6 32 14 3 8 0 2 4 12 16 22 24 28 30 36 38 39 33 37 29 19 7 13
#c 0 1 0 1 0 1 1 0 1 0 0 1 0 0 1 1 0 1 1 0 1 1 0 1 0 1 1 1 0 0 0 1 1 0 1 1 0 0 0 0
2 2 29 30 8 17
18 18 0 2 4 10 12 16 22 24 28 36 38 39 33 37 9 19 7 13 1 5 11 15 21 23 25 27 31 35 18 34 26 20 6 32 14 3
#c 0 1 0 1 0 1 1 0 1 0 0 1 0 0 1 1 0 1 1 0 1 1 0 1 0 1 1 1 0 0 0 1 1 0 1 1 0 0 0 0
7 7 35 18 32 6 21 1 27 30 29 13 36 39 16 9
13 13 5 11 15 17 23 25 31 34 26 20 14 3 8 0 2 4 10 12 22 24 28 38 33 37 19 7
#c 0 1 0 1 0 1 1 0 1 0 0 1 0 0 1 1 0 1 1 0 1 1 0 1 0 1 1 1 0 0 0 1 1 0 1 1 0 0 0 0
3 3 0 28 7 23 8 27
17 17 2 4 10 12 16 22 24 30 36 38 39 33 37 9 29 19 13 1 5 11 15 17 21 25 31 35 18 34 26 20 6 32 14 3
#c 0 1 0 1 0 1 1 0 1 0 0 1 0 0 1 1 0 1 1 0 1 1 0 1 0 1 1 1 0 0 0 1 1 0 1 1 0 0 0 0
6 7 1 14 11 26 25 6 13 9 0 38 12 7 33
14 13 5 15 17 21 23 27 31 35 18 34 20 32 3 8 2 4 10 16 22 24 28 30 36 39 37 29 19
#c 0 1 0 1 0 1 1 0 1 0 0 1 0 0 1 1 0 1 1 0 1 1 0 1 0 1 1 1 0 0 0 1 1 0 1 1 0 0 0 0
1 1 13 14
19 19 0 2 4 10 12 16 22 24 28 30 36 38 39 33 37 9 29 19 7 1 5 11 15 17 21 23 25 27 31 35 18 34 26 20 6 32 3 8
#c 0 1 0 1 0 1 1 0 1 0 0 1 0 0 1 1 0 1 1 0 1 1 0 1 0 1 1 1 0 0 0 1 1 0 1 1 0 0 0 0
#c 0 1 0 1 0 1 1 0 1 0 0 1 0 0 1 1 0 1 1 0 1 1 0 1 0 1 1 1 0 0 0 1 1 0 1 1 0 0 0 0
1 1 22 20
19 19 0 2 4 10 12 16 24 28 30 36 38 39 33 37 9 29 19 7 13 1 5 11 15 17 21 23 25 27 31 35 18 34 26 6 32 14 3 8
#c 0 1 0 1 0 1 1 0 1 0 0 1 0 0 1 1 0 1 1 0 1 1 0 1 0 1 1 1 0 0 0 1 1 0 1 1 0 0 0 0
8 8 6 1 31 11 23 3 35 27 22 36 0 33 38 16 29 24
12 12 5 15 17 21 25 18 34 26 20 32 14 8 2 4 10 12 28 30 39 37 9 19 7 13
#c 0 1 0 1 0 1 1 0 1 0 0 1 0 0 1 1 0 1 1 0 1 1 0 1 0 1 1 1 0 0 0 1 1 0 1 1 0 0 0 0
#c 0 1 0 1 0 1 1 0 1 0 0 1 0 0 1 1 0 1 1 0 1 1 0 1 0 1 1 1 0 0 0 1 1 0 1 1 0 0 0 0
3 3 23 34 26 19 12 37
17 17 1 5 11 15 17 21 25 27 31 35 18 20 6 32 14 3 8 0 2 4 10 16 22 24 28 30 36 38 39 33 9 29 7 13
#c 0 1 0 1 0 1 1 0 1 0 0 1 0 0 1 1 0 1 1 0 1 1 0 1 0 1 1 1 0 0 0 1 1 0 1 1 0 0 0 0
6 6 13 33 39 28 9 24 26 31 27 6 18 25
14 14 0 2 4 10 12 16 22 30 36 38 37 29 19 7 1 5 11 15 17 21 23 35 34 20 32 14 3 8
#c 0 1 0 1 0 1 1 0 1 0 0 1 0 0 1 1 0 1 1 0 1 1 0 1 0 1 1 1 0 0 0 1 1 0 1 1 0 0 0 0
#c 0 1 0 1 0 1 1 0 1 0 0 1 0 0 1 1 0 1 1 0 1 1 0 1 0 1 1 1 0 0 0 1 1 0 1 1 0 0 0 0
#c 0 1 0 1 0 1 1 0 1 0 0 1 0 0 1 1 0 1 1 0 1 1 0 1 0 1 1 1 0 0 0 1 1 0 1 1 0 0 0 0
#c 0 1 0 1 0 1 1 0 1 0 0 1 0 0 1 1 0 1 1 0 1 1 0 1 0 1 1 1 0 0 0 1 1 0 1 1 0 0 0 0
#c 0 1 0 1 0 1 1 0 1 0 0 1 0 0 1 1 0 1 1 0 1 1 0 1 0 1 1 1 0 0 0 1 1 0 1 1 0 0 0 0
#c 0 1 0 1 0 1 1 0 1 0 0 1 0 0 1 1 0 1 1 0 1 1 0 1 0 1 1 1 0 0 0 1 1 0 1 1 0 0 0 0
#c 0 1 0 1 0 1 1 0 1 0 0 1 0 0 1 1 0 1 1 0 1 1 0 1 0 1 1 1 0 0 0 1 1 0 1 1 0 0 0 0
#c 0 1 0 1 0 1 1 0 1 0 0 1 0 0 1 1 0 1 1 0 1 1 0 1 0 1 1 1 0 0 0 1 1 0 1 1 0 0 0 0
9 9 7 4 2 16 30 19 38 29 39 21 3 26 35 5 8 20 6 32
11 11 0 10 12 22 24 28 36 33 37 9 13 1 11 15 17 23 25 27 31 18 34 14
#c 0 1 0 1 0 1 1 0 1 0 0 1 0 0 1 1 0 1 1 0 1 1 0 1 0 1 1 1 0 0 0 1 1 0 1 1 0 0 0 0
#c 0 1 0 1 0 1 1 0 1 0 0 1 0 0 1 1 0 1 1 0 1 1 0 1 0 1 1 1 0 0 0 1 1 0 1 1 0 0 0 0
2 2 39 10 5 32
18 18 0 2 4 12 16 22 24 28 30 36 38 33 37 9 29 19 7 13 1 11 15 17 21 23 25 27 31 35 18 34 26 20 6 14 3 8
#c 0 1 0 1 0 1 1 0 1 0 0 1 0 0 1 1 0 1 1 0 1 1 0 1 0 1 1 1 0 0 0 1 1 0 1 1 0 0 0 0
#c 0 1 0 1 0 1 1 0 1 0 0 1 0 0 1 1 0 1 1 0 1 1 0 1 0 1 1 1 0 0 0 1 1 0 1 1 0 0 0 0
#c 0 1 0 1 0 1 1 0 1 0 0 1 0 0 1 1 0 1 1 0 1 1 0 1 0 1 1 1 0 0 0 1 1 0 1 1 0 0 0 0
#c 0 1 0 1 0 1 1 0 1 0 0 1 0 0 1 1 0 1 1 0 1 1 0 1 0 1 1 1 0 0 0 1 1 0 1 1 0 0 0 0
#c 0 1 0 1 0 1 1 0 1 0 0 1 0 0 1 1 0 1 1 0 1 1 0 1 0 1 1 1 0 0 0 1 1 0 1 1 0 0 0 0
#c 0 1 0 1 0 1 1 0 1 0 0 1 0 0 1 1 0 1 1 0 1 1 0 1 0 1 1 1 0 0 0 1 1 0 1 1 0 0 0 0
#c 0 1 0 1 0 1 1 0 1 0 0 1 0 0 1 1 0 1 1 0 1 1 0 1 0 1 1 1 0 0 0 1 1 0 1 1 0 0 0 0
#c 0 1 0 1 0 1 1 0 1 0 0 1 0 0 1 1 0 1 1 0 1 1 0 1 0 1 1 1 0 0 0 1 1 0 1 1 0 0 0 0
2 2 13 39 26 35
18 18 0 2 4 10 12 16 22 24 28 30 36 38 33 37 9 29 19 7 1 5 11 15 17 21 23 25 27 31 18 34 20 6 32 14 3 8
#c 0 1 0 1 0 1 1 0 1 0 0 1 0 0 1 1 0 1 1 0 1 1 0 1 0 1 1 1 0 0 0 1 1 0 1 1 0 0 0 0
#c 0 1 0 1 0 1 1 0 1 0 0 1 0 0 1 1 0 1 1 0 1 1 0 1 0 1 1 1 0 0 0 1 1 0 1 1 0 0 0 0
7 7 19 7 30 13 33 39 29 23 27 6 34 26 3 35
13 13 0 2 4 10 12 16 22 24 28 36 38 37 9 1 5 11 15 17 21 25 31 18 20 32 14 8
#c 0 1 0 1 0 1 1 0 1 0 0 1 0 0 1 1 0 1 1 0 1 1 0 1 0 1 1 1 0 0 0 1 1 0 1 1 0 0 0 0
2 1 35 11 29
18 19 1 5 15 17 21 23 25 27 31 18 34 26 20 6 32 14 3 8 0 2 4 10 12 16 22 24 28 30 36 38 39 33 37 9 19 7 13
#c 0 1 0 1 0 1 1 0 1 0 0 1 0 0 1 1 0 1 1 0 1 1 0 1 0 1 1 1 0 0 0 1 1 0 1 1 0 0 0 0
#c 0 1 0 1 0 1 1 0 1 0 0 1 0 0 1 1 0 1 1 0 1 1 0 1 0 1 1 1 0 0 0 1 1 0 1 1 0 0 0 0
#c 0 1 0 1 0 1 1 0 1 0 0 1 0 0 1 1 0 1 1 0 1 1 0 1 0 1 1 1 0 0 0 1 1 0 1 1 0 0 0 0
#c 0 1 0 1 0 1 1 0 1 0 0 1 0 0 1 1 0 1 1 0 1 1 0 1 0 1 1 1 0 0 0 1 1 0 1 1 0 0 0 0
#c 0 1 0 1 0 1 1 0 1 0 0 1 0 0 1 1 0 1 1 0 1 1 0 1 0 1 1 1 0 0 0 1 1 0 1 1 0 0 0 0
#c 0 1 0 1 0 1 1 0 1 0 0 1 0 0 1 1 0 1 1 0 1 1 0 1 0 1 1 1 0 0 0 1 1 0 1 1 0 0 0 0
4 4 20 1 17 23 9 28 39 33
16 16 5 11 15 21 25 27 31 35 18 34 26 6 32 14 3 8 0 2 4 10 12 16 22 24 30 36 38 37 29 19 7 13
#c 0 1 0 1 0 1 1 0 1 0 0 1 0 0 1 1 0 1 1 0 1 1 0 1 0 1 1 1 0 0 0 1 1 0 1 1 0 0 0 0
8 8 13 2 38 39 22 36 12 16 14 20 23 18 3 21 8 31
12 12 0 4 10 24 28 30 33 37 9 29 19 7 1 5 11 15 17 25 27 35 34 26 6 32
#c 0 1 0 1 0 1 1 0 1 0 0 1 0 0 1 1 0 1 1 0 1 1 0 1 0 1 1 1 0 0 0 1 1 0 1 1 0 0 0 0
1 1 23 22
19 19 1 5 11 15 17 21 25 27 31 35 18 34 26 20 6 32 14 3 8 0 2 4 10 12 16 24 28 30 36 38 39 33 37 9 29 19 7 13
#c 0 1 0 1 0 1 1 0 1 0 0 1 0 0 1 1 0 1 1 0 1 1 0 1 0 1 1 1 0 0 0 1 1 0 1 1 0 0 0 0
#c 0 1 0 1 0 1 1 0 1 0 0 1 0 0 1 1 0 1 1 0 1 1 0 1 0 1 1 1 0 0 0 1 1 0 1 1 0 0 0 0
#c 0 1 0 1 0 1 1 0 1 0 0 1 0 0 1 1 0 1 1 0 1 1 0 1 0 1 1 1 0 0 0 1 1 0 1 1 0 0 0 0
10 10 9 28 12 13 2 22 10 16 7 33 20 6 17 31 25 14 5 15 21 11
10 10 0 4 24 30 36 38 39 37 29 19 1 23 27 35 18 34 26 32 3 8
#c 0 1 0 1 0 1 1 0 1 0 0 1 0 0 1 1 0 1 1 0 1 1 0 1 0 1 1 1 0 0 0 1 1 0 1 1 0 0 0 0
6 6 17 20 8 25 23 14 36 37 29 33 0 2
14 14 1 5 11 15 21 27 31 35 18 34 26 6 32 3 4 10 12 16 22 24 28 30 38 39 9 19 7 13
#c 0 1 0 1 0 1 1 0 1 0 0 1 0 0 1 1 0 1 1 0 1 1 0 1 0 1 1 1 0 0 0 1 1 0 1 1 0 0 0 0
#c 0 1 0 1 0 1 1 0 1 0 0 1 0 0 1 1 0 1 1 0 1 1 0 1 0 1 1 1 0 0 0 1 1 0 1 1 0 0 0 0
#c 0 1 0 1 0 1 1 0 1 0 0 1 0 0 1 1 0 1 1 0 1 1 0 1 0 1 1 1 0 0 0 1 1 0 1 1 0 0 0 0
6 6 0 24 9 37 12 39 23 25 26 20 34 3
14 14 2 4 10 16 22 28 30 36 38 33 29 19 7 13 1 5 11 15 17 21 27 31 35 18 6 32 14 8
#c 0 1 0 1 0 1 1 0 1 0 0 1 0 0 1 1 0 1 1 0 1 1 0 1 0 1 1 1 0 0 0 1 1 0 1 1 0 0 0 0
3 5 26 35 21 12 16 37 29 13
17 15 1 5 11 15 17 23 25 27 31 18 34 20 6 32 14 3 8 0 2 4 10 22 24 28 30 36 38 39 33 9 19 7
#c 0 1 0 1 0 1 1 0 1 0 0 1 0 0 1 1 0 1 1 0 1 1 0 1 0 1 1 1 0 0 0 1 1 0 1 1 0 0 0 0
#c 0 1 0 1 0 1 1 0 1 0 0 1 0 0 1 1 0 1 1 0 1 1 0 1 0 1 1 1 0 0 0 1 1 0 1 1 0 0 0 0
3 3 15 3 14 9 0 4
17 17 1 5 11 17 21 23 25 27 31 35 18 34 26 20 6 32 8 2 10 12 16 22 24 28 30 36 38 39 33 37 29 19 7 13
#c 0 1 0 1 0 1 1 0 1 0 0 1 0 0 1 1 0 1 1 0 1 1 0 1 0 1 1 1 0 0 0 1 1 0 1 1 0 0 0 0
#c 0 1 0 1 0 1 1 0 1 0 0 1 0 0 1 1 0 1 1 0 1 1 0 1 0 1 1 1 0 0 0 1 1 0 1 1 0 0 0 0
7 7 11 6 8 32 31 25 1 38 37 2 12 36 0 16
13 13 5 15 17 21 23 27 35 18 34 26 20 14 3 4 10 22 24 28 30 39 33 9 29 19 7 13
#c 0 1 0 1 0 1 1 0 1 0 0 1 0 0 1 1 0 1 1 0 1 1 0 1 0 1 1 1 0 0 0 1 1 0 1 1 0 0 0 0
7 7 7 29 24 30 4 0 10 26 6 34 32 20 31 15
13 13 2 12 16 22 28 36 38 39 33 37 9 19 13 1 5 11 17 21 23 25 27 35 18 14 3 8
#c 0 1 0 1 0 1 1 0 1 0 0 1 0 0 1 1 0 1 1 0 1 1 0 1 0 1 1 1 0 0 0 1 1 0 1 1 0 0 0 0
10 10 5 15 8 23 35 14 27 3 18 21 28 7 29 30 2 36 38 22 10 19
10 10 1 11 17 25 31 34 26 20 6 32 0 4 12 16 24 39 33 37 9 13
#c 0 1 0 1 0 1 1 0 1 0 0 1 0 0 1 1 0 1 1 0 1 1 0 1 0 1 1 1 0 0 0 1 1 0 1 1 0 0 0 0
#c 0 1 0 1 0 1 1 0 1 0 0 1 0 0 1 1 0 1 1 0 1 1 0 1 0 1 1 1 0 0 0 1 1 0 1 1 0 0 0 0
3 3 8 15 31 2 39 10
17 17 1 5 11 17 21 23 25 27 35 18 34 26 20 6 32 14 3 0 4 12 16 22 24 28 30 36 38 33 37 9 29 19 7 13
#c 0 1 0 1 0 1 1 0 1 0 0 1 0 0 1 1 0 1 1 0 1 1 0 1 0 1 1 1 0 0 0 1 1 0 1 1 0 0 0 0
#c 0 1 0 1 0 1 1 0 1 0 0 1 0 0 1 1 0 1 1 0 1 1 0 1 0 1 1 1 0 0 0 1 1 0 1 1 0 0 0 0
#c 0 1 0 1 0 1 1 0 1 0 0 1 0 0 1 1 0 1 1 0 1 1 0 1 0 1 1 1 0 0 0 1 1 0 1 1 0 0 0 0
1 1 22 21
19 19 0 2 4 10 12 16 24 28 30 36 38 39 33 37 9 29 19 7 13 1 5 11 15 17 23 25 27 31 35 18 34 26 20 6 32 14 3 8
#c 0 1 0 1 0 1 1 0 1 0 0 1 0 0 1 1 0 1 1 0 1 1 0 1 0 1 1 1 0 0 0 1 1 0 1 1 0 0 0 0
10 10 17 11 14 35 21 8 20 5 32 34 12 19 29 16 37 39 10 13 24 4
10 10 1 15 23 25 27 31 18 26 6 3 0 2 22 28 30 36 38 33 9 7
#c 0 1 0 1 0 1 1 0 1 0 0 1 0 0 1 1 0 1 1 0 1 1 0 1 0 1 1 1 0 0 0 1 1 0 1 1 0 0 0 0
#c 0 1 0 1 0 1 1 0 1 0 0 1 0 0 1 1 0 1 1 0 1 1 0 1 0 1 1 1 0 0 0 1 1 0 1 1 0 0 0 0
6 4 1 15 21 18 14 31 33 37 4 10
14 16 5 11 17 23 25 27 35 34 26 20 6 32 3 8 0 2 12 16 22 24 28 30 36 38 39 9 29 19 7 13
#c 0 1 0 1 0 1 1 0 1 0 0 1 0 0 1 1 0 1 1 0 1 1 0 1 0 1 1 1 0 0 0 1 1 0 1 1 0 0 0 0
3 3 36 13 7 11 31 27
17 17 0 2 4 10 12 16 22 24 28 30 38 39 33 37 9 29 19 1 5 15 17 21 23 25 35 18 34 26 20 6 32 14 3 8
#c 0 1 0 1 0 1 1 0 1 0 0 1 0 0 1 1 0 1 1 0 1 1 0 1 0 1 1 1 0 0 0 1 1 0 1 1 0 0 0 0
#c 0 1 0 1 0 1 1 0 1 0 0 1 0 0 1 1 0 1 1 0 1 1 0 1 0 1 1 1 0 0 0 1 1 0 1 1 0 0 0 0
#c 0 1 0 1 0 1 1 0 1 0 0 1 0 0 1 1 0 1 1 0 1 1 0 1 0 1 1 1 0 0 0 1 1 0 1 1 0 0 0 0
#c 0 1 0 1 0 1 1 0 1 0 0 1 0 0 1 1 0 1 1 0 1 1 0 1 0 1 1 1 0 0 0 1 1 0 1 1 0 0 0 0
4 5 12 22 38 29 34 27 31 15 17
16 15 0 2 4 10 16 24 28 30 36 39 33 37 9 19 7 13 1 5 11 21 23 25 35 18 26 20 6 32 14 3 8
#c 0 1 0 1 0 1 1 0 1 0 0 1 0 0 1 1 0 1 1 0 1 1 0 1 0 1 1 1 0 0 0 1 1 0 1 1 0 0 0 0
#c 0 1 0 1 0 1 1 0 1 0 0 1 0 0 1 1 0 1 1 0 1 1 0 1 0 1 1 1 0 0 0 1 1 0 1 1 0 0 0 0
5 5 22 30 13 10 24 35 14 8 34 6
15 15 0 2 4 12 16 28 36 38 39 33 37 9 29 19 7 1 5 11 15 17 21 23 25 27 31 18 26 20 32 3
#c 0 1 0 1 0 1 1 0 1 0 0 1 0 0 1 1 0 1 1 0 1 1 0 1 0 1 1 1 0 0 0 1 1 0 1 1 0 0 0 0
#c 0 1 0 1 0 1 1 0 1 0 0 1 0 0 1 1 0 1 1 0 1 1 0 1 0 1 1 1 0 0 0 1 1 0 1 1 0 0 0 0
3 3 30 0 38 27 21 14
17 17 2 4 10 12 16 22 24 28 36 39 33 37 9 29 19 7 13 1 5 11 15 17 23 25 31 35 18 34 26 20 6 32 3 8
#c 0 1 0 1 0 1 1 0 1 0 0 1 0 0 1 1 0 1 1 0 1 1 0 1 0 1 1 1 0 0 0 1 1 0 1 1 0 0 0 0
#c 0 1 0 1 0 1 1 0 1 0 0 1 0 0 1 1 0 1 1 0 1 1 0 1 0 1 1 1 0 0 0 1 1 0 1 1 0 0 0 0
#c 0 1 0 1 0 1 1 0 1 0 0 1 0 0 1 1 0 1 1 0 1 1 0 1 0 1 1 1 0 0 0 1 1 0 1 1 0 0 0 0
9 9 20 26 17 11 15 8 34 31 5 22 12 19 7 28 10 37 38 16
11 11 1 21 23 25 27 35 18 6 32 14 3 0 2 4 24 30 36 39 33 9 29 13
#c 0 1 0 1 0 1 1 0 1 0 0 1 0 0 1 1 0 1 1 0 1 1 0 1 0 1 1 1 0 0 0 1 1 0 1 1 0 0 0 0
#c 0 1 0 1 0 1 1 0 1 0 0 1 0 0 1 1 0 1 1 0 1 1 0 1 0 1 1 1 0 0 0 1 1 0 1 1 0 0 0 0
#c 0 1 0 1 0 1 1 0 1 0 0 1 0 0 1 1 0 1 1 0 1 1 0 1 0 1 1 1 0 0 0 1 1 0 1 1 0 0 0 0
#c 0 1 0 1 0 1 1 0 1 0 0 1 0 0 1 1 0 1 1 0 1 1 0 1 0 1 1 1 0 0 0 1 1 0 1 1 0 0 0 0
6 6 14 26 20 15 6 11 16 2 10 38 39 36
14 14 1 5 17 21 23 25 27 31 35 18 34 32 3 8 0 4 12 22 24 28 30 33 37 9 29 19 7 13
#c 0 1 0 1 0 1 1 0 1 0 0 1 0 0 1 1 0 1 1 0 1 1 0 1 0 1 1 1 0 0 0 1 1 0 1 1 0 0 0 0
6 6 29 0 24 22 28 38 35 31 8 34 25 14
14 14 2 4 10 12 16 30 36 39 33 37 9 19 7 13 1 5 11 15 17 21 23 27 18 26 20 6 32 3
#c 0 1 0 1 0 1 1 0 1 0 0 1 0 0 1 1 0 1 1 0 1 1 0 1 0 1 1 1 0 0 0 1 1 0 1 1 0 0 0 0
#c 0 1 0 1 0 1 1 0 1 0 0 1 0 0 1 1 0 1 1 0 1 1 0 1 0 1 1 1 0 0 0 1 1 0 1 1 0 0 0 0
#c 0 1 0 1 0 1 1 0 1 0 0 1 0 0 1 1 0 1 1 0 1 1 0 1 0 1 1 1 0 0 0 1 1 0 1 1 0 0 0 0
8 8 3 18 26 14 21 1 27 15 22 37 30 7 39 13 19 38
12 12 5 11 17 23 25 31 35 34 20 6 32 8 0 2 4 10 12 16 24 28 36 33 9 29
#c 0 1 0 1 0 1 1 0 1 0 0 1 0 0 1 1 0 1 1 0 1 1 0 1 0 1 1 1 0 0 0 1 1 0 1 1 0 0 0 0
#c 0 1 0 1 0 1 1 0 1 0 0 1 0 0 1 1 0 1 1 0 1 1 0 1 0 1 1 1 0 0 0 1 1 0 1 1 0 0 0 0
#c 0 1 0 1 0 1 1 0 1 0 0 1 0 0 1 1 0 1 1 0 1 1 0 1 0 1 1 1 0 0 0 1 1 0 1 1 0 0 0 0
#c 0 1 0 1 0 1 1 0 1 0 0 1 0 0 1 1 0 1 1 0 1 1 0 1 0 1 1 1 0 0 0 1 1 0 1 1 0 0 0 0
9 9 11 14 3 8 34 6 18 23 26 16 9 37 2 19 24 0 28 7
11 11 1 5 15 17 21 25 27 31 35 20 32 4 10 12 22 30 36 38 39 33 29 13
#c 0 1 0 1 0 1 1 0 1 0 0 1 0 0 1 1 0 1 1 0 1 1 0 1 0 1 1 1 0 0 0 1 1 0 1 1 0 0 0 0
4 4 7 29 33 36 26 27 6 14
16 16 0 2 4 10 12 16 22 24 28 30 38 39 37 9 19 13 1 5 11 15 17 21 23 25 31 35 18 34 20 32 3 8
#c 0 1 0 1 0 1 1 0 1 0 0 1 0 0 1 1 0 1 1 0 1 1 0 1 0 1 1 1 0 0 0 1 1 0 1 1 0 0 0 0
#c 0 1 0 1 0 1 1 0 1 0 0 1 0 0 1 1 0 1 1 0 1 1 0 1 0 1 1 1 0 0 0 1 1 0 1 1 0 0 0 0
#c 0 1 0 1 0 1 1 0 1 0 0 1 0 0 1 1 0 1 1 0 1 1 0 1 0 1 1 1 0 0 0 1 1 0 1 1 0 0 0 0
2 2 1 20 12 19
18 18 5 11 15 17 21 23 25 27 31 35 18 34 26 6 32 14 3 8 0 2 4 10 16 22 24 28 30 36 38 39 33 37 9 29 7 13
#c 0 1 0 1 0 1 1 0 1 0 0 1 0 0 1 1 0 1 1 0 1 1 0 1 0 1 1 1 0 0 0 1 1 0 1 1 0 0 0 0
#c 0 1 0 1 0 1 1 0 1 0 0 1 0 0 1 1 0 1 1 0 1 1 0 1 0 1 1 1 0 0 0 1 1 0 1 1 0 0 0 0
#c 0 1 0 1 0 1 1 0 1 0 0 1 0 0 1 1 0 1 1 0 1 1 0 1 0 1 1 1 0 0 0 1 1 0 1 1 0 0 0 0
#c 0 1 0 1 0 1 1 0 1 0 0 1 0 0 1 1 0 1 1 0 1 1 0 1 0 1 1 1 0 0 0 1 1 0 1 1 0 0 0 0
#c 0 1 0 1 0 1 1 0 1 0 0 1 0 0 1 1 0 1 1 0 1 1 0 1 0 1 1 1 0 0 0 1 1 0 1 1 0 0 0 0
9 9 0 19 12 33 37 39 4 22 30 26 31 35 5 25 21 8 1 6
11 11 2 10 16 24 28 36 38 9 29 7 13 11 15 17 23 27 18 34 20 32 14 3
#c 0 1 0 1 0 1 1 0 1 0 0 1 0 0 1 1 0 1 1 0 1 1 0 1 0 1 1 1 0 0 0 1 1 0 1 1 0 0 0 0
8 8 23 8 25 3 1 14 27 17 10 19 37 2 36 24 29 9
12 12 5 11 15 21 31 35 18 34 26 20 6 32 0 4 12 16 22 28 30 38 39 33 7 13
#c 0 1 0 1 0 1 1 0 1 0 0 1 0 0 1 1 0 1 1 0 1 1 0 1 0 1 1 1 0 0 0 1 1 0 1 1 0 0 0 0
#c 0 1 0 1 0 1 1 0 1 0 0 1 0 0 1 1 0 1 1 0 1 1 0 1 0 1 1 1 0 0 0 1 1 0 1 1 0 0 0 0
#c 0 1 0 1 0 1 1 0 1 0 0 1 0 0 1 1 0 1 1 0 1 1 0 1 0 1 1 1 0 0 0 1 1 0 1 1 0 0 0 0
4 4 28 13 0 9 32 26 27 25
16 16 2 4 10 12 16 22 24 30 36 38 39 33 37 29 19 7 1 5 11 15 17 21 23 31 35 18 34 20 6 14 3 8
#c 0 1 0 1 0 1 1 0 1 0 0 1 0 0 1 1 0 1 1 0 1 1 0 1 0 1 1 1 0 0 0 1 1 0 1 1 0 0 0 0
7 7 17 23 18 35 14 6 3 16 4 19 29 2 12 0
13 13 1 5 11 15 21 25 27 31 34 26 20 32 8 10 22 24 28 30 36 38 39 33 37 9 7 13
#c 0 1 0 1 0 1 1 0 1 0 0 1 0 0 1 1 0 1 1 0 1 1 0 1 0 1 1 1 0 0 0 1 1 0 1 1 0 0 0 0
#c 0 1 0 1 0 1 1 0 1 0 0 1 0 0 1 1 0 1 1 0 1 1 0 1 0 1 1 1 0 0 0 1 1 0 1 1 0 0 0 0
#c 0 1 0 1 0 1 1 0 1 0 0 1 0 0 1 1 0 1 1 0 1 1 0 1 0 1 1 1 0 0 0 1 1 0 1 1 0 0 0 0
#c 0 1 0 1 0 1 1 0 1 0 0 1 0 0 1 1 0 1 1 0 1 1 0 1 0 1 1 1 0 0 0 1 1 0 1 1 0 0 0 0
#c 0 1 0 1 0 1 1 0 1 0 0 1 0 0 1 1 0 1 1 0 1 1 0 1 0 1 1 1 0 0 0 1 1 0 1 1 0 0 0 0
1 1 28 21
19 19 0 2 4 10 12 16 22 24 30 36 38 39 33 37 9 29 19 7 13 1 5 11 15 17 23 25 27 31 35 18 34 26 20 6 32 14 3 8
#c 0 1 0 1 0 1 1 0 1 0 0 1 0 0 1 1 0 1 1 0 1 1 0 1 0 1 1 1 0 0 0 1 1 0 1 1 0 0 0 0
6 5 15 35 34 3 11 26 9 12 19 22 30
14 15 1 5 17 21 23 25 27 31 18 20 6 32 14 8 0 2 4 10 16 24 28 36 38 39 33 37 29 7 13
#c 0 1 0 1 0 1 1 0 1 0 0 1 0 0 1 1 0 1 1 0 1 1 0 1 0 1 1 1 0 0 0 1 1 0 1 1 0 0 0 0
#c 0 1 0 1 0 1 1 0 1 0 0 1 0 0 1 1 0 1 1 0 1 1 0 1 0 1 1 1 0 0 0 1 1 0 1 1 0 0 0 0
#c 0 1 0 1 0 1 1 0 1 0 0 1 0 0 1 1 0 1 1 0 1 1 0 1 0 1 1 1 0 0 0 1 1 0 1 1 0 0 0 0
1 1 28 6
19 19 0 2 4 10 12 16 22 24 30 36 38 39 33 37 9 29 19 7 13 1 5 11 15 17 21 23 25 27 31 35 18 34 26 20 32 14 3 8
#c 0 1 0 1 0 1 1 0 1 0 0 1 0 0 1 1 0 1 1 0 1 1 0 1 0 1 1 1 0 0 0 1 1 0 1 1 0 0 0 0
#c 0 1 0 1 0 1 1 0 1 0 0 1 0 0 1 1 0 1 1 0 1 1 0 1 0 1 1 1 0 0 0 1 1 0 1 1 0 0 0 0
9 7 33 22 38 4 7 19 2 16 29 21 1 26 32 23 8 14
11 13 0 10 12 24 28 30 36 39 37 9 13 5 11 15 17 25 27 31 35 18 34 20 6 3
#c 0 1 0 1 0 1 1 0 1 0 0 1 0 0 1 1 0 1 1 0 1 1 0 1 0 1 1 1 0 0 0 1 1 0 1 1 0 0 0 0
#c 0 1 0 1 0 1 1 0 1 0 0 1 0 0 1 1 0 1 1 0 1 1 0 1 0 1 1 1 0 0 0 1 1 0 1 1 0 0 0 0
6 6 28 4 19 24 37 10 23 20 1 31 15 18
14 14 0 2 12 16 22 30 36 38 39 33 9 29 7 13 5 11 17 21 25 27 35 34 26 6 32 14 3 8
#c 0 1 0 1 0 1 1 0 1 0 0 1 0 0 1 1 0 1 1 0 1 1 0 1 0 1 1 1 0 0 0 1 1 0 1 1 0 0 0 0
1 1 21 19
19 19 1 5 11 15 17 23 25 27 31 35 18 34 26 20 6 32 14 3 8 0 2 4 10 12 16 22 24 28 30 36 38 39 33 37 9 29 7 13
#c 0 1 0 1 0 1 1 0 1 0 0 1 0 0 1 1 0 1 1 0 1 1 0 1 0 1 1 1 0 0 0 1 1 0 1 1 0 0 0 0
4 4 12 4 38 28 20 11 35 18
16 16 0 2 10 16 22 24 30 36 39 33 37 9 29 19 7 13 1 5 15 17 21 23 25 27 31 34 26 6 32 14 3 8
#c 0 1 0 1 0 1 1 0 1 0 0 1 0 0 1 1 0 1 1 0 1 1 0 1 0 1 1 1 0 0 0 1 1 0 1 1 0 0 0 0
#c 0 1 0 1 0 1 1 0 1 0 0 1 0 0 1 1 0 1 1 0 1 1 0 1 0 1 1 1 0 0 0 1 1 0 1 1 0 0 0 0
#c 0 1 0 1 0 1 1 0 1 0 0 1 0 0 1 1 0 1 1 0 1 1 0 1 0 1 1 1 0 0 0 1 1 0 1 1 0 0 0 0
2 2 14 20 30 16
18 18 1 5 11 15 17 21 23 25 27 31 35 18 34 26 6 32 3 8 0 2 4 10 12 22 24 28 36 38 39 33 37 9 29 19 7 13
#c 0 1 0 1 0 1 1 0 1 0 0 1 0 0 1 1 0 1 1 0 1 1 0 1 0 1 1 1 0 0 0 1 1 0 1 1 0 0 0 0
#c 0 1 0 1 0 1 1 0 1 0 0 1 0 0 1 1 0 1 1 0 1 1 0 1 0 1 1 1 0 0 0 1 1 0 1 1 0 0 0 0
3 3 20 14 5 29 37 22
17 17 1 11 15 17 21 23 25 27 31 35 18 34 26 6 32 3 8 0 2 4 10 12 16 24 28 30 36 38 39 33 9 19 7 13
#c 0 1 0 1 0 1 1 0 1 0 0 1 0 0 1 1 0 1 1 0 1 1 0 1 0 1 1 1 0 0 0 1 1 0 1 1 0 0 0 0
6 8 10 29 36 24 0 19 6 34 23 15 11 27 32 35
14 12 2 4 12 16 22 28 30 38 39 33 37 9 7 13 1 5 17 21 25 31 18 26 20 14 3 8
#c 0 1 0 1 0 1 1 0 1 0 0 1 0 0 1 1 0 1 1 0 1 1 0 1 0 1 1 1 0 0 0 1 1 0 1 1 0 0 0 0
3 3 11 21 20 33 13 4
17 17 1 5 15 17 23 25 27 31 35 18 34 26 6 32 14 3 8 0 2 10 12 16 22 24 28 30 36 38 39 37 9 29 19 7
#c 0 1 0 1 0 1 1 0 1 0 0 1 0 0 1 1 0 1 1 0 1 1 0 1 0 1 1 1 0 0 0 1 1 0 1 1 0 0 0 0
#c 0 1 0 1 0 1 1 0 1 0 0 1 0 0 1 1 0 1 1 0 1 1 0 1 0 1 1 1 0 0 0 1 1 0 1 1 0 0 0 0
1 2 32 33 28
19 18 1 5 11 15 17 21 23 25 27 31 35 18 34 26 20 6 14 3 8 0 2 4 10 12 16 22 24 30 36 38 39 37 9 29 19 7 13
#c 0 1 0 1 0 1 1 0 1 0 0 1 0 0 1 1 0 1 1 0 1 1 0 1 0 1 1 1 0 0 0 1 1 0 1 1 0 0 0 0
9 9 9 33 13 24 30 2 38 22 4 18 20 6 1 35 15 21 31 8
11 11 0 10 12 16 28 36 39 37 29 19 7 5 11 17 23 25 27 34 26 32 14 3
#c 0 1 0 1 0 1 1 0 1 0 0 1 0 0 1 1 0 1 1 0 1 1 0 1 0 1 1 1 0 0 0 1 1 0 1 1 0 0 0 0
8 8 21 26 3 8 5 18 35 23 7 16 36 22 39 33 12 24
12 12 1 11 15 17 25 27 31 34 20 6 32 14 0 2 4 10 28 30 38 37 9 29 19 13
#c 0 1 0 1 0 1 1 0 1 0 0 1 0 0 1 1 0 1 1 0 1 1 0 1 0 1 1 1 0 0 0 1 1 0 1 1 0 0 0 0
1 1 30 1
19 19 0 2 4 10 12 16 22 24 28 36 38 39 33 37 9 29 19 7 13 5 11 15 17 21 23 25 27 31 35 18 34 26 20 6 32 14 3 8
#c 0 1 0 1 0 1 1 0 1 0 0 1 0 0 1 1 0 1 1 0 1 1 0 1 0 1 1 1 0 0 0 1 1 0 1 1 0 0 0 0
#c 0 1 0 1 0 1 1 0 1 0 0 1 0 0 1 1 0 1 1 0 1 1 0 1 0 1 1 1 0 0 0 1 1 0 1 1 0 0 0 0
#c 0 1 0 1 0 1 1 0 1 0 0 1 0 0 1 1 0 1 1 0 1 1 0 1 0 1 1 1 0 0 0 1 1 0 1 1 0 0 0 0
#c 0 1 0 1 0 1 1 0 1 0 0 1 0 0 1 1 0 1 1 0 1 1 0 1 0 1 1 1 0 0 0 1 1 0 1 1 0 0 0 0
#c 0 1 0 1 0 1 1 0 1 0 0 1 0 0 1 1 0 1 1 0 1 1 0 1 0 1 1 1 0 0 0 1 1 0 1 1 0 0 0 0
5 5 35 21 32 25 6 30 4 33 13 7
15 15 1 5 11 15 17 23 27 31 18 34 26 20 14 3 8 0 2 10 12 16 22 24 28 36 38 39 37 9 29 19
#c 0 1 0 1 0 1 1 0 1 0 0 1 0 0 1 1 0 1 1 0 1 1 0 1 0 1 1 1 0 0 0 1 1 0 1 1 0 0 0 0
#c 0 1 0 1 0 1 1 0 1 0 0 1 0 0 1 1 0 1 1 0 1 1 0 1 0 1 1 1 0 0 0 1 1 0 1 1 0 0 0 0
6 6 26 23 34 5 20 27 36 39 13 30 4 12
14 14 1 11 15 17 21 25 31 35 18 6 32 14 3 8 0 2 10 16 22 24 28 38 33 37 9 29 19 7
#c 0 1 0 1 0 1 1 0 1 0 0 1 0 0 1 1 0 1 1 0 1 1 0 1 0 1 1 1 0 0 0 1 1 0 1 1 0 0 0 0
#c 0 1 0 1 0 1 1 0 1 0 0 1 0 0 1 1 0 1 1 0 1 1 0 1 0 1 1 1 0 0 0 1 1 0 1 1 0 0 0 0
4 5 25 15 20 11 4 37 13 36 19
16 15 1 5 17 21 23 27 31 35 18 34 26 6 32 14 3 8 0 2 10 12 16 22 24 28 30 38 39 33 9 29 7
#c 0 1 0 1 0 1 1 0 1 0 0 1 0 0 1 1 0 1 1 0 1 1 0 1 0 1 1 1 0 0 0 1 1 0 1 1 0 0 0 0
#c 0 1 0 1 0 1 1 0 1 0 0 1 0 0 1 1 0 1 1 0 1 1 0 1 0 1 1 1 0 0 0 1 1 0 1 1 0 0 0 0
5 5 25 17 27 26 32 39 7 19 4 24
15 15 1 5 11 15 21 23 31 35 18 34 20 6 14 3 8 0 2 10 12 16 22 28 30 36 38 33 37 9 29 13
#c 0 1 0 1 0 1 1 0 1 0 0 1 0 0 1 1 0 1 1 0 1 1 0 1 0 1 1 1 0 0 0 1 1 0 1 1 0 0 0 0
#c 0 1 0 1 0 1 1 0 1 0 0 1 0 0 1 1 0 1 1 0 1 1 0 1 0 1 1 1 0 0 0 1 1 0 1 1 0 0 0 0
8 8 15 5 11 23 14 8 1 21 0 33 39 19 12 10 2 29
12 12 17 25 27 31 35 18 34 26 20 6 32 3 4 16 22 24 28 30 36 38 37 9 7 13
#c 0 1 0 1 0 1 1 0 1 0 0 1 0 0 1 1 0 1 1 0 1 1 0 1 0 1 1 1 0 0 0 1 1 0 1 1 0 0 0 0
#c 0 1 0 1 0 1 1 0 1 0 0 1 0 0 1 1 0 1 1 0 1 1 0 1 0 1 1 1 0 0 0 1 1 0 1 1 0 0 0 0
#c 0 1 0 1 0 1 1 0 1 0 0 1 0 0 1 1 0 1 1 0 1 1 0 1 0 1 1 1 0 0 0 1 1 0 1 1 0 0 0 0
7 8 22 29 28 10 19 13 39 14 20 34 23 31 5 27 15
13 12 0 2 4 12 16 24 30 36 38 33 37 9 7 1 11 17 21 25 35 18 26 6 32 3 8
#c 0 1 0 1 0 1 1 0 1 0 0 1 0 0 1 1 0 1 1 0 1 1 0 1 0 1 1 1 0 0 0 1 1 0 1 1 0 0 0 0
#c 0 1 0 1 0 1 1 0 1 0 0 1 0 0 1 1 0 1 1 0 1 1 0 1 0 1 1 1 0 0 0 1 1 0 1 1 0 0 0 0
6 6 16 30 4 28 24 13 5 31 18 25 14 34
14 14 0 2 10 12 22 36 38 39 33 37 9 29 19 7 1 11 15 17 21 23 27 35 26 20 6 32 3 8
#c 0 1 0 1 0 1 1 0 1 0 0 1 0 0 1 1 0 1 1 0 1 1 0 1 0 1 1 1 0 0 0 1 1 0 1 1 0 0 0 0
#c 0 1 0 1 0 1 1 0 1 0 0 1 0 0 1 1 0 1 1 0 1 1 0 1 0 1 1 1 0 0 0 1 1 0 1 1 0 0 0 0
2 2 22 30 31 8
18 18 0 2 4 10 12 16 24 28 36 38 39 33 37 9 29 19 7 13 1 5 11 15 17 21 23 25 27 35 18 34 26 20 6 32 14 3
#c 0 1 0 1 0 1 1 0 1 0 0 1 0 0 1 1 0 1 1 0 1 1 0 1 0 1 1 1 0 0 0 1 1 0 1 1 0 0 0 0
#c 0 1 0 1 0 1 1 0 1 0 0 1 0 0 1 1 0 1 1 0 1 1 0 1 0 1 1 1 0 0 0 1 1 0 1 1 0 0 0 0
10 10 36 30 38 13 10 24 37 19 29 2 17 8 21 27 31 32 14 3 5 35
10 10 0 4 12 16 22 28 39 33 9 7 1 11 15 23 25 18 34 26 20 6
#c 0 1 0 1 0 1 1 0 1 0 0 1 0 0 1 1 0 1 1 0 1 1 0 1 0 1 1 1 0 0 0 1 1 0 1 1 0 0 0 0
1 1 21 9
19 19 1 5 11 15 17 23 25 27 31 35 18 34 26 20 6 32 14 3 8 0 2 4 10 12 16 22 24 28 30 36 38 39 33 37 29 19 7 13
#c 0 1 0 1 0 1 1 0 1 0 0 1 0 0 1 1 0 1 1 0 1 1 0 1 0 1 1 1 0 0 0 1 1 0 1 1 0 0 0 0
#c 0 1 0 1 0 1 1 0 1 0 0 1 0 0 1 1 0 1 1 0 1 1 0 1 0 1 1 1 0 0 0 1 1 0 1 1 0 0 0 0
#c 0 1 0 1 0 1 1 0 1 0 0 1 0 0 1 1 0 1 1 0 1 1 0 1 0 1 1 1 0 0 0 1 1 0 1 1 0 0 0 0
8 8 19 29 16 39 2 33 10 12 27 31 15 25 1 11 3 14
12 12 0 4 22 24 28 30 36 38 37 9 7 13 5 17 21 23 35 18 34 26 20 6 32 8
#c 0 1 0 1 0 1 1 0 1 0 0 1 0 0 1 1 0 1 1 0 1 1 0 1 0 1 1 1 0 0 0 1 1 0 1 1 0 0 0 0
#c 0 1 0 1 0 1 1 0 1 0 0 1 0 0 1 1 0 1 1 0 1 1 0 1 0 1 1 1 0 0 0 1 1 0 1 1 0 0 0 0
1 1 10 3
19 19 0 2 4 12 16 22 24 28 30 36 38 39 33 37 9 29 19 7 13 1 5 11 15 17 21 23 25 27 31 35 18 34 26 20 6 32 14 8
#c 0 1 0 1 0 1 1 0 1 0 0 1 0 0 1 1 0 1 1 0 1 1 0 1 0 1 1 1 0 0 0 1 1 0 1 1 0 0 0 0
7 7 23 11 32 20 5 1 18 2 12 19 37 16 22 13
13 13 15 17 21 25 27 31 35 34 26 6 14 3 8 0 4 10 24 28 30 36 38 39 33 9 29 7
#c 0 1 0 1 0 1 1 0 1 0 0 1 0 0 1 1 0 1 1 0 1 1 0 1 0 1 1 1 0 0 0 1 1 0 1 1 0 0 0 0
#c 0 1 0 1 0 1 1 0 1 0 0 1 0 0 1 1 0 1 1 0 1 1 0 1 0 1 1 1 0 0 0 1 1 0 1 1 0 0 0 0
4 4 32 17 23 31 4 0 16 12
16 16 1 5 11 15 21 25 27 35 18 34 26 20 6 14 3 8 2 10 22 24 28 30 36 38 39 33 37 9 29 19 7 13
#c 0 1 0 1 0 1 1 0 1 0 0 1 0 0 1 1 0 1 1 0 1 1 0 1 0 1 1 1 0 0 0 1 1 0 1 1 0 0 0 0
#c 0 1 0 1 0 1 1 0 1 0 0 1 0 0 1 1 0 1 1 0 1 1 0 1 0 1 1 1 0 0 0 1 1 0 1 1 0 0 0 0
#c 0 1 0 1 0 1 1 0 1 0 0 1 0 0 1 1 0 1 1 0 1 1 0 1 0 1 1 1 0 0 0 1 1 0 1 1 0 0 0 0
3 3 0 12 13 25 8 21
17 17 2 4 10 16 22 24 28 30 36 38 39 33 37 9 29 19 7 1 5 11 15 17 23 27 31 35 18 34 26 20 6 32 14 3
#c 0 1 0 1 0 1 1 0 1 0 0 1 0 0 1 1 0 1 1 0 1 1 0 1 0 1 1 1 0 0 0 1 1 0 1 1 0 0 0 0
#c 0 1 0 1 0 1 1 0 1 0 0 1 0 0 1 1 0 1 1 0 1 1 0 1 0 1 1 1 0 0 0 1 1 0 1 1 0 0 0 0
8 6 22 9 4 28 38 0 39 29 34 35 23 31 32 11
12 14 2 10 12 16 24 30 36 33 37 19 7 13 1 5 15 17 21 25 27 18 26 20 6 14 3 8
#c 0 1 0 1 0 1 1 0 1 0 0 1 0 0 1 1 0 1 1 0 1 1 0 1 0 1 1 1 0 0 0 1 1 0 1 1 0 0 0 0
5 5 1 11 14 15 3 2 28 29 10 9
15 15 5 17 21 23 25 27 31 35 18 34 26 20 6 32 8 0 4 12 16 22 24 30 36 38 39 33 37 19 7 13
#c 0 1 0 1 0 1 1 0 1 0 0 1 0 0 1 1 0 1 1 0 1 1 0 1 0 1 1 1 0 0 0 1 1 0 1 1 0 0 0 0
8 8 24 12 36 0 33 39 30 4 1 23 34 21 26 18 32 5
12 12 2 10 16 22 28 38 37 9 29 19 7 13 11 15 17 25 27 31 35 20 6 14 3 8
#c 0 1 0 1 0 1 1 0 1 0 0 1 0 0 1 1 0 1 1 0 1 1 0 1 0 1 1 1 0 0 0 1 1 0 1 1 0 0 0 0
6 6 5 11 23 14 15 20 10 30 39 22 33 28
14 14 1 17 21 25 27 31 35 18 34 26 6 32 3 8 0 2 4 12 16 24 36 38 37 9 29 19 7 13
#c 0 1 0 1 0 1 1 0 1 0 0 1 0 0 1 1 0 1 1 0 1 1 0 1 0 1 1 1 0 0 0 1 1 0 1 1 0 0 0 0
6 6 38 16 24 37 7 13 34 15 20 23 6 14
14 14 0 2 4 10 12 22 28 30 36 39 33 9 29 19 1 5 11 17 21 25 27 31 35 18 26 32 3 8
#c 0 1 0 1 0 1 1 0 1 0 0 1 0 0 1 1 0 1 1 0 1 1 0 1 0 1 1 1 0 0 0 1 1 0 1 1 0 0 0 0
#c 0 1 0 1 0 1 1 0 1 0 0 1 0 0 1 1 0 1 1 0 1 1 0 1 0 1 1 1 0 0 0 1 1 0 1 1 0 0 0 0
5 5 37 16 4 38 19 27 15 25 18 17
15 15 0 2 10 12 22 24 28 30 36 39 33 9 29 7 13 1 5 11 21 23 31 35 34 26 20 6 32 14 3 8
#c 0 1 0 1 0 1 1 0 1 0 0 1 0 0 1 1 0 1 1 0 1 1 0 1 0 1 1 1 0 0 0 1 1 0 1 1 0 0 0 0
#c 0 1 0 1 0 1 1 0 1 0 0 1 0 0 1 1 0 1 1 0 1 1 0 1 0 1 1 1 0 0 0 1 1 0 1 1 0 0 0 0
#c 0 1 0 1 0 1 1 0 1 0 0 1 0 0 1 1 0 1 1 0 1 1 0 1 0 1 1 1 0 0 0 1 1 0 1 1 0 0 0 0
10 10 20 25 27 32 14 34 31 18 26 11 16 30 37 39 19 12 4 0 2 22
10 10 1 5 15 17 21 23 35 6 3 8 10 24 28 36 38 33 9 29 7 13
#c 0 1 0 1 0 1 1 0 1 0 0 1 0 0 1 1 0 1 1 0 1 1 0 1 0 1 1 1 0 0 0 1 1 0 1 1 0 0 0 0
#c 0 1 0 1 0 1 1 0 1 0 0 1 0 0 1 1 0 1 1 0 1 1 0 1 0 1 1 1 0 0 0 1 1 0 1 1 0 0 0 0
#c 0 1 0 1 0 1 1 0 1 0 0 1 0 0 1 1 0 1 1 0 1 1 0 1 0 1 1 1 0 0 0 1 1 0 1 1 0 0 0 0
1 1 37 8
19 19 0 2 4 10 12 16 22 24 28 30 36 38 39 33 9 29 19 7 13 1 5 11 15 17 21 23 25 27 31 35 18 34 26 20 6 32 14 3
#c 0 1 0 1 0 1 1 0 0 0 0 1 0 0 1 1 0 1 1 0 1 1 0 1 0 1 1 1 0 0 0 1 1 0 1 1 0 1 0 0
#c 0 1 0 1 0 1 1 0 0 0 0 1 0 0 1 1 0 1 1 0 1 1 0 1 0 1 1 1 0 0 0 1 1 0 1 1 0 1 0 0
6 6 38 28 4 10 22 16 27 15 20 3 5 34
14 14 0 2 12 24 30 36 39 33 9 29 19 7 13 8 1 11 17 21 23 25 31 35 18 26 6 32 14 37
#c 0 1 0 1 0 1 1 0 0 0 0 1 0 0 1 1 0 1 1 0 1 1 0 1 0 1 1 1 0 0 0 1 1 0 1 1 0 1 0 0
#c 0 1 0 1 0 1 1 0 0 0 0 1 0 0 1 1 0 1 1 0 1 1 0 1 0 1 1 1 0 0 0 1 1 0 1 1 0 1 0 0
7 7 0 24 7 28 13 36 38 17 20 1 15 37 27 32
13 13 2 4 10 12 16 22 30 39 33 9 29 19 8 5 11 21 23 25 31 35 18 34 26 6 14 3
#c 0 1 0 1 0 1 1 0 0 0 0 1 0 0 1 1 0 1 1 0 1 1 0 1 0 1 1 1 0 0 0 1 1 0 1 1 0 1 0 0
8 7 5 14 37 26 25 6 20 34 10 16 19 9 4 22 2
12 13 1 11 15 17 21 23 27 31 35 18 32 3 0 12 24 28 30 36 38 39 33 29 7 13 8
#c 0 1 0 1 0 1 1 0 0 0 0 1 0 0 1 1 0 1 1 0 1 1 0 1 0 1 1 1 0 0 0 1 1 0 1 1 0 1 0 0
#c 0 1 0 1 0 1 1 0 0 0 0 1 0 0 1 1 0 1 1 0 1 1 0 1 0 1 1 1 0 0 0 1 1 0 1 1 0 1 0 0
3 3 6 3 14 10 22 39
17 17 1 5 11 15 17 21 23 25 27 31 35 18 34 26 20 32 37 0 2 4 12 16 24 28 30 36 38 33 9 29 19 7 13 8
#c 0 1 0 1 0 1 1 0 0 0 0 1 0 0 1 1 0 1 1 0 1 1 0 1 0 1 1 1 0 0 0 1 1 0 1 1 0 1 0 0
7 7 12 19 4 2 16 38 7 23 17 5 27 3 37 14
13 13 0 10 22 24 28 30 36 39 33 9 29 13 8 1 11 15 21 25 31 35 18 34 26 20 6 32
#c 0 1 0 1 0 1 1 0 0 0 0 1 0 0 1 1 0 1 1 0 1 1 0 1 0 1 1 1 0 0 0 1 1 0 1 1 0 1 0 0
#c 0 1 0 1 0 1 1 0 0 0 0 1 0 0 1 1 0 1 1 0 1 1 0 1 0 1 1 1 0 0 0 1 1 0 1 1 0 1 0 0
6 7 39 4 10 12 16 19 37 21 32 11 17 14 18
14 13 0 2 22 24 28 30 36 38 33 9 29 7 13 8 1 5 15 23 25 27 31 35 34 26 20 6 3
#c 0 1 0 1 0 1 1 0 0 0 0 1 0 0 1 1 0 1 1 0 1 1 0 1 0 1 1 1 0 0 0 1 1 0 1 1 0 1 0 0
#c 0 1 0 1 0 1 1 0 0 0 0 1 0 0 1 1 0 1 1 0 1 1 0 1 0 1 1 1 0 0 0 1 1 0 1 1 0 1 0 0
6 6 30 28 16 33 19 24 31 11 26 21 5 20
14 14 0 2 4 10 12 22 36 38 39 9 29 7 13 8 1 15 17 23 25 27 35 18 34 6 32 14 3 37
#c 0 1 0 1 0 1 1 0 0 0 0 1 0 0 1 1 0 1 1 0 1 1 0 1 0 1 1 1 0 0 0 1 1 0 1 1 0 1 0 0
#c 0 1 0 1 0 1 1 0 0 0 0 1 0 0 1 1 0 1 1 0 1 1 0 1 0 1 1 1 0 0 0 1 1 0 1 1 0 1 0 0
#c 0 1 0 1 0 1 1 0 0 0 0 1 0 0 1 1 0 1 1 0 1 1 0 1 0 1 1 1 0 0 0 1 1 0 1 1 0 1 0 0
#c 0 1 0 1 0 1 1 0 0 0 0 1 0 0 1 1 0 1 1 0 1 1 0 1 0 1 1 1 0 0 0 1 1 0 1 1 0 1 0 0
#c 0 1 0 1 0 1 1 0 0 0 0 1 0 0 1 1 0 1 1 0 1 1 0 1 0 1 1 1 0 0 0 1 1 0 1 1 0 1 0 0
6 6 31 18 15 11 26 6 28 12 39 16 22 30
14 14 1 5 17 21 23 25 27 35 34 20 32 14 3 37 0 2 4 10 24 36 38 33 9 29 19 7 13 8
#c 0 1 0 1 0 1 1 0 0 0 0 1 0 0 1 1 0 1 1 0 1 1 0 1 0 1 1 1 0 0 0 1 1 0 1 1 0 1 0 0
5 6 24 4 19 2 0 26 23 31 1 32 14
15 14 10 12 16 22 28 30 36 38 39 33 9 29 7 13 8 5 11 15 17 21 25 27 35 18 34 20 6 3 37
#c 0 1 0 1 0 1 1 0 0 0 0 1 0 0 1 1 0 1 1 0 1 1 0 1 0 1 1 1 0 0 0 1 1 0 1 1 0 1 0 0
#c 0 1 0 1 0 1 1 0 0 0 0 1 0 0 1 1 0 1 1 0 1 1 0 1 0 1 1 1 0 0 0 1 1 0 1 1 0 1 0 0
#c 0 1 0 1 0 1 1 0 0 0 0 1 0 0 1 1 0 1 1 0 1 1 0 1 0 1 1 1 0 0 0 1 1 0 1 1 0 1 0 0
#c 0 1 0 1 0 1 1 0 0 0 0 1 0 0 1 1 0 1 1 0 1 1 0 1 0 1 1 1 0 0 0 1 1 0 1 1 0 1 0 0
3 3 2 4 22 15 25 20
17 17 0 10 12 16 24 28 30 36 38 39 33 9 29 19 7 13 8 1 5 11 17 21 23 27 31 35 18 34 26 6 32 14 3 37
#c 0 1 0 1 0 1 1 0 0 0 0 1 0 0 1 1 0 1 1 0 1 1 0 1 0 1 1 1 0 0 0 1 1 0 1 1 0 1 0 0
3 3 17 37 1 22 39 7
17 17 5 11 15 21 23 25 27 31 35 18 34 26 20 6 32 14 3 0 2 4 10 12 16 24 28 30 36 38 33 9 29 19 13 8
#c 0 1 0 1 0 1 1 0 0 0 0 1 0 0 1 1 0 1 1 0 1 1 0 1 0 1 1 1 0 0 0 1 1 0 1 1 0 1 0 0
3 3 24 33 16 21 5 26
17 17 0 2 4 10 12 22 28 30 36 38 39 9 29 19 7 13 8 1 11 15 17 23 25 27 31 35 18 34 20 6 32 14 3 37
#c 0 1 0 1 0 1 1 0 0 0 0 1 0 0 1 1 0 1 1 0 1 1 0 1 0 1 1 1 0 0 0 1 1 0 1 1 0 1 0 0
10 10 32 37 35 27 1 5 11 17 15 6 22 38 24 12 36 8 29 19 4 39
10 10 21 23 25 31 18 34 26 20 14 3 0 2 10 16 28 30 33 9 7 13
#c 0 1 0 1 0 1 1 0 0 0 0 1 0 0 1 1 0 1 1 0 1 1 0 1 0 1 1 1 0 0 0 1 1 0 1 1 0 1 0 0
10 10 24 7 9 28 19 33 22 10 38 8 11 5 31 34 14 32 6 37 3 15
10 10 0 2 4 12 16 30 36 39 29 13 1 17 21 23 25 27 35 18 26 20
#c 0 1 0 1 0 1 1 0 0 0 0 1 0 0 1 1 0 1 1 0 1 1 0 1 0 1 1 1 0 0 0 1 1 0 1 1 0 1 0 0
#c 0 1 0 1 0 1 1 0 0 0 0 1 0 0 1 1 0 1 1 0 1 1 0 1 0 1 1 1 0 0 0 1 1 0 1 1 0 1 0 0
#c 0 1 0 1 0 1 1 0 0 0 0 1 0 0 1 1 0 1 1 0 1 1 0 1 0 1 1 1 0 0 0 1 1 0 1 1 0 1 0 0
#c 0 1 0 1 0 1 1 0 0 0 0 1 0 0 1 1 0 1 1 0 1 1 0 1 0 1 1 1 0 0 0 1 1 0 1 1 0 1 0 0
#c 0 1 0 1 0 1 1 0 0 0 0 1 0 0 1 1 0 1 1 0 1 1 0 1 0 1 1 1 0 0 0 1 1 0 1 1 0 1 0 0
#c 0 1 0 1 0 1 1 0 0 0 0 1 0 0 1 1 0 1 1 0 1 1 0 1 0 1 1 1 0 0 0 1 1 0 1 1 0 1 0 0
6 6 22 10 30 39 19 28 20 32 25 27 34 14
14 14 0 2 4 12 16 24 36 38 33 9 29 7 13 8 1 5 11 15 17 21 23 31 35 18 26 6 3 37
#c 0 1 0 1 0 1 1 0 0 0 0 1 0 0 1 1 0 1 1 0 1 1 0 1 0 1 1 1 0 0 0 1 1 0 1 1 0 1 0 0
#c 0 1 0 1 0 1 1 0 0 0 0 1 0 0 1 1 0 1 1 0 1 1 0 1 0 1 1 1 0 0 0 1 1 0 1 1 0 1 0 0
9 9 19 29 36 9 8 16 33 38 28 34 17 15 6 14 18 27 5 20
11 11 0 2 4 10 12 22 24 30 39 7 13 1 11 21 23 25 31 35 26 32 3 37
#c 0 1 0 1 0 1 1 0 0 0 0 1 0 0 1 1 0 1 1 0 1 1 0 1 0 1 1 1 0 0 0 1 1 0 1 1 0 1 0 0
#c 0 1 0 1 0 1 1 0 0 0 0 1 0 0 1 1 0 1 1 0 1 1 0 1 0 1 1 1 0 0 0 1 1 0 1 1 0 1 0 0
#c 0 1 0 1 0 1 1 0 0 0 0 1 0 0 1 1 0 1 1 0 1 1 0 1 0 1 1 1 0 0 0 1 1 0 1 1 0 1 0 0
3 3 3 5 27 12 24 4
17 17 1 11 15 17 21 23 25 31 35 18 34 26 20 6 32 14 37 0 2 10 16 22 28 30 36 38 39 33 9 29 19 7 13 8
#c 0 1 0 1 0 1 1 0 0 0 0 1 0 0 1 1 0 1 1 0 1 1 0 1 0 1 1 1 0 0 0 1 1 0 1 1 0 1 0 0
9 9 9 22 7 8 36 28 30 0 13 5 31 34 3 11 20 23 14 1
11 11 2 4 10 12 16 24 38 39 33 29 19 15 17 21 25 27 35 18 26 6 32 37
#c 0 1 0 1 0 1 1 0 0 0 0 1 0 0 1 1 0 1 1 0 1 1 0 1 0 1 1 1 0 0 0 1 1 0 1 1 0 1 0 0
8 8 21 18 20 17 6 23 34 35 38 0 16 10 19 12 33 36
12 12 1 5 11 15 25 27 31 26 32 14 3 37 2 4 22 24 28 30 39 9 29 7 13 8
#c 0 1 0 1 0 1 1 0 0 0 0 1 0 0 1 1 0 1 1 0 1 1 0 1 0 1 1 1 0 0 0 1 1 0 1 1 0 1 0 0
9 9 13 22 4 2 38 0 28 36 24 15 34 27 21 37 5 23 11 1
11 11 10 12 16 30 39 33 9 29 19 7 8 17 25 31 35 18 26 20 6 32 14 3
#c 0 1 0 1 0 1 1 0 0 0 0 1 0 0 1 1 0 1 1 0 1 1 0 1 0 1 1 1 0 0 0 1 1 0 1 1 0 1 0 0
#c 0 1 0 1 0 1 1 0 0 0 0 1 0 0 1 1 0 1 1 0 1 1 0 1 0 1 1 1 0 0 0 1 1 0 1 1 0 1 0 0
#c 0 1 0 1 0 1 1 0 0 0 0 1 0 0 1 1 0 1 1 0 1 1 0 1 0 1 1 1 0 0 0 1 1 0 1 1 0 1 0 0
#c 0 1 0 1 0 1 1 0 0 0 0 1 0 0 1 1 0 1 1 0 1 1 0 1 0 1 1 1 0 0 0 1 1 0 1 1 0 1 0 0
#c 0 1 0 1 0 1 1 0 0 0 0 1 0 0 1 1 0 1 1 0 1 1 0 1 0 1 1 1 0 0 0 1 1 0 1 1 0 1 0 0
6 6 6 18 31 35 11 27 0 39 9 10 33 13
14 14 1 5 15 17 21 23 25 34 26 20 32 14 3 37 2 4 12 16 22 24 28 30 36 38 29 19 7 8
#c 0 1 0 1 0 1 1 0 0 0 0 1 0 0 1 1 0 1 1 0 1 1 0 1 0 1 1 1 0 0 0 1 1 0 1 1 0 1 0 0
3 3 33 16 39 20 34 11
17 17 0 2 4 10 12 22 24 28 30 36 38 9 29 19 7 13 8 1 5 15 17 21 23 25 27 31 35 18 26 6 32 14 3 37
#c 0 1 0 1 0 1 1 0 0 0 0 1 0 0 1 1 0 1 1 0 1 1 0 1 0 1 1 1 0 0 0 1 1 0 1 1 0 1 0 0
10 9 3 35 37 31 5 34 20 23 14 26 7 16 28 12 19 24 10 22 36
10 11 1 11 15 17 21 25 27 18 6 32 0 2 4 30 38 39 33 9 29 13 8
#c 0 1 0 1 0 1 1 0 0 0 0 1 0 0 1 1 0 1 1 0 1 1 0 1 0 1 1 1 0 0 0 1 1 0 1 1 0 1 0 0
#c 0 1 0 1 0 1 1 0 0 0 0 1 0 0 1 1 0 1 1 0 1 1 0 1 0 1 1 1 0 0 0 1 1 0 1 1 0 1 0 0
#c 0 1 0 1 0 1 1 0 0 0 0 1 0 0 1 1 0 1 1 0 1 1 0 1 0 1 1 1 0 0 0 1 1 0 1 1 0 1 0 0
5 5 13 24 22 33 4 5 37 18 35 20
15 15 0 2 10 12 16 28 30 36 38 39 9 29 19 7 8 1 11 15 17 21 23 25 27 31 34 26 6 32 14 3
#c 0 1 0 1 0 1 1 0 0 0 0 1 0 0 1 1 0 1 1 0 1 1 0 1 0 1 1 1 0 0 0 1 1 0 1 1 0 1 0 0
1 1 18 8
19 19 1 5 11 15 17 21 23 25 27 31 35 34 26 20 6 32 14 3 37 0 2 4 10 12 16 22 24 28 30 36 38 39 33 9 29 19 7 13
#c 0 1 0 1 0 1 1 0 0 0 0 1 0 0 1 1 0 1 1 0 1 1 0 1 0 1 1 1 0 0 0 1 1 0 1 1 0 1 0 0
10 10 33 2 8 39 4 16 38 36 0 28 6 31 23 18 20 25 5 35 26 34
10 10 10 12 22 24 30 9 29 19 7 13 1 11 15 17 21 27 32 14 3 37
#c 0 1 0 1 0 1 1 0 0 0 0 1 0 0 1 1 0 1 1 0 1 1 0 1 0 1 1 1 0 0 0 1 1 0 1 1 0 1 0 0
#c 0 1 0 1 0 1 1 0 0 0 0 1 0 0 1 1 0 1 1 0 1 1 0 1 0 1 1 1 0 0 0 1 1 0 1 1 0 1 0 0
#c 0 1 0 1 0 1 1 0 0 0 0 1 0 0 1 1 0 1 1 0 1 1 0 1 0 1 1 1 0 0 0 1 1 0 1 1 0 1 0 0
4 4 11 25 26 3 12 19 7 30
16 16 1 5 15 17 21 23 27 31 35 18 34 20 6 32 14 37 0 2 4 10 16 22 24 28 36 38 39 33 9 29 13 8
#c 0 1 0 1 0 1 1 0 0 0 0 1 0 0 1 1 0 1 1 0 1 1 0 1 0 1 1 1 0 0 0 1 1 0 1 1 0 1 0 0
#c 0 1 0 1 0 1 1 0 0 0 0 1 0 0 1 1 0 1 1 0 1 1 0 1 0 1 1 1 0 0 0 1 1 0 1 1 0 1 0 0
#c 0 1 0 1 0 1 1 0 0 0 0 1 0 0 1 1 0 1 1 0 1 1 0 1 0 1 1 1 0 0 0 1 1 0 1 1 0 1 0 0
#c 0 1 0 1 0 1 1 0 0 0 0 1 0 0 1 1 0 1 1 0 1 1 0 1 0 1 1 1 0 0 0 1 1 0 1 1 0 1 0 0
6 6 23 31 1 26 34 3 13 7 29 39 12 24
14 14 5 11 15 17 21 25 27 35 18 20 6 32 14 37 0 2 4 10 16 22 28 30 36 38 33 9 19 8
#c 0 1 0 1 0 1 1 0 0 0 0 1 0 0 1 1 0 1 1 0 1 1 0 1 0 1 1 1 0 0 0 1 1 0 1 1 0 1 0 0
#c 0 1 0 1 0 1 1 0 0 0 0 1 0 0 1 1 0 1 1 0 1 1 0 1 0 1 1 1 0 0 0 1 1 0 1 1 0 1 0 0
#c 0 1 0 1 0 1 1 0 0 0 0 1 0 0 1 1 0 1 1 0 1 1 0 1 0 1 1 1 0 0 0 1 1 0 1 1 0 1 0 0
3 3 7 2 24 3 5 37
17 17 0 4 10 12 16 22 28 30 36 38 39 33 9 29 19 13 8 1 11 15 17 21 23 25 27 31 35 18 34 26 20 6 32 14
#c 0 1 0 1 0 1 1 0 0 0 0 1 0 0 1 1 0 1 1 0 1 1 0 1 0 1 1 1 0 0 0 1 1 0 1 1 0 1 0 0
#c 0 1 0 1 0 1 1 0 0 0 0 1 0 0 1 1 0 1 1 0 1 1 0 1 0 1 1 1 0 0 0 1 1 0 1 1 0 1 0 0
8 8 22 0 4 19 2 7 39 28 21 37 5 23 20 34 3 17
12 12 10 12 16 24 30 36 38 33 9 29 13 8 1 11 15 25 27 31 35 18 26 6 32 14
#c 0 1 0 1 0 1 1 0 0 0 0 1 0 0 1 1 0 1 1 0 1 1 0 1 0 1 1 1 0 0 0 1 1 0 1 1 0 1 0 0
#c 0 1 0 1 0 1 1 0 0 0 0 1 0 0 1 1 0 1 1 0 1 1 0 1 0 1 1 1 0 0 0 1 1 0 1 1 0 1 0 0
#c 0 1 0 1 0 1 1 0 0 0 0 1 0 0 1 1 0 1 1 0 1 1 0 1 0 1 1 1 0 0 0 1 1 0 1 1 0 1 0 0
#c 0 1 0 1 0 1 1 0 0 0 0 1 0 0 1 1 0 1 1 0 1 1 0 1 0 1 1 1 0 0 0 1 1 0 1 1 0 1 0 0
6 6 2 30 8 7 28 9 34 3 18 27 35 25
14 14 0 4 10 12 16 22 24 36 38 39 33 29 19 13 1 5 11 15 17 21 23 31 26 20 6 32 14 37
#c 0 1 0 1 0 1 1 0 0 0 0 1 0 0 1 1 0 1 1 0 1 1 0 1 0 1 1 1 0 0 0 1 1 0 1 1 0 1 0 0
#c 0 1 0 1 0 1 1 0 0 0 0 1 0 0 1 1 0 1 1 0 1 1 0 1 0 1 1 1 0 0 0 1 1 0 1 1 0 1 0 0
#c 0 1 0 1 0 1 1 0 0 0 0 1 0 0 1 1 0 1 1 0 1 1 0 1 0 1 1 1 0 0 0 1 1 0 1 1 0 1 0 0
#c 0 1 0 1 0 1 1 0 0 0 0 1 0 0 1 1 0 1 1 0 1 1 0 1 0 1 1 1 0 0 0 1 1 0 1 1 0 1 0 0
#c 0 1 0 1 0 1 1 0 0 0 0 1 0 0 1 1 0 1 1 0 1 1 0 1 0 1 1 1 0 0 0 1 1 0 1 1 0 1 0 0
#c 0 1 0 1 0 1 1 0 0 0 0 1 0 0 1 1 0 1 1 0 1 1 0 1 0 1 1 1 0 0 0 1 1 0 1 1 0 1 0 0
#c 0 1 0 1 0 1 1 0 0 0 0 1 0 0 1 1 0 1 1 0 1 1 0 1 0 1 1 1 0 0 0 1 1 0 1 1 0 1 0 0
#c 0 1 0 1 0 1 1 0 0 0 0 1 0 0 1 1 0 1 1 0 1 1 0 1 0 1 1 1 0 0 0 1 1 0 1 1 0 1 0 0
2 2 13 2 11 15
18 18 0 4 10 12 16 22 24 28 30 36 38 39 33 9 29 19 7 8 1 5 17 21 23 25 27 31 35 18 34 26 20 6 32 14 3 37
#c 0 1 0 1 0 1 1 0 0 0 0 1 0 0 1 1 0 1 1 0 1 1 0 1 0 1 1 1 0 0 0 1 1 0 1 1 0 1 0 0
3 3 25 14 18 9 10 13
17 17 1 5 11 15 17 21 23 27 31 35 34 26 20 6 32 3 37 0 2 4 12 16 22 24 28 30 36 38 39 33 29 19 7 8
#c 0 1 0 1 0 1 1 0 0 0 0 1 0 0 1 1 0 1 1 0 1 1 0 1 0 1 1 1 0 0 0 1 1 0 1 1 0 1 0 0
4 4 4 12 8 13 34 14 21 25
16 16 0 2 10 16 22 24 28 30 36 38 39 33 9 29 19 7 1 5 11 15 17 23 27 31 35 18 26 20 6 32 3 37
#c 0 1 0 1 0 1 1 0 0 0 0 1 0 0 1 1 0 1 1 0 1 1 0 1 0 1 1 1 0 0 0 1 1 0 1 1 0 1 0 0
#c 0 1 0 1 0 1 1 0 0 0 0 1 0 0 1 1 0 1 1 0 1 1 0 1 0 1 1 1 0 0 0 1 1 0 1 1 0 1 0 0
#c 0 1 0 1 0 1 1 0 0 0 0 1 0 0 1 1 0 1 1 0 1 1 0 1 0 1 1 1 0 0 0 1 1 0 1 1 0 1 0 0
#c 0 1 0 1 0 1 1 0 0 0 0 1 0 0 1 1 0 1 1 0 1 1 0 1 0 1 1 1 0 0 0 1 1 0 1 1 0 1 0 0
10 10 39 16 29 12 4 2 24 28 7 10 5 32 25 15 14 34 18 6 27 26
10 10 0 22 30 36 38 33 9 19 13 8 1 11 17 21 23 31 35 20 3 37
#c 0 1 0 1 0 1 1 0 0 0 0 1 0 0 1 1 0 1 1 0 1 1 0 1 0 1 1 1 0 0 0 1 1 0 1 1 0 1 0 0
#c 0 1 0 1 0 1 1 0 0 0 0 1 0 0 1 1 0 1 1 0 1 1 0 1 0 1 1 1 0 0 0 1 1 0 1 1 0 1 0 0
#c 0 1 0 1 0 1 1 0 0 0 0 1 0 0 1 1 0 1 1 0 1 1 0 1 0 1 1 1 0 0 0 1 1 0 1 1 0 1 0 0
1 1 31 2
19 19 1 5 11 15 17 21 23 25 27 35 18 34 26 20 6 32 14 3 37 0 4 10 12 16 22 24 28 30 36 38 39 33 9 29 19 7 13 8
#c 0 1 0 1 0 1 1 0 0 0 0 1 0 0 1 1 0 1 1 0 1 1 0 1 0 1 1 1 0 0 0 1 1 0 1 1 0 1 0 0
#c 0 1 0 1 0 1 1 0 0 0 0 1 0 0 1 1 0 1 1 0 1 1 0 1 0 1 1 1 0 0 0 1 1 0 1 1 0 1 0 0
10 10 34 25 6 21 5 1 23 32 27 20 36 10 19 9 4 39 22 30 12 2
10 10 11 15 17 31 35 18 26 14 3 37 0 16 24 28 38 33 29 7 13 8
#c 0 1 0 1 0 1 1 0 0 0 0 1 0 0 1 1 0 1 1 0 1 1 0 1 0 1 1 1 0 0 0 1 1 0 1 1 0 1 0 0
#c 0 1 0 1 0 1 1 0 0 0 0 1 0 0 1 1 0 1 1 0 1 1 0 1 0 1 1 1 0 0 0 1 1 0 1 1 0 1 0 0
2 2 20 26 0 12
18 18 1 5 11 15 17 21 23 25 27 31 35 18 34 6 32 14 3 37 2 4 10 16 22 24 28 30 36 38 39 33 9 29 19 7 13 8
#c 0 1 0 1 0 1 1 0 0 0 0 1 0 0 1 1 0 1 1 0 1 1 0 1 0 1 1 1 0 0 0 1 1 0 1 1 0 1 0 0
#c 0 1 0 1 0 1 1 0 0 0 0 1 0 0 1 1 0 1 1 0 1 1 0 1 0 1 1 1 0 0 0 1 1 0 1 1 0 1 0 0
4 3 23 25 37 11 4 7 33
16 17 1 5 15 17 21 27 31 35 18 34 26 20 6 32 14 3 0 2 10 12 16 22 24 28 30 36 38 39 9 29 19 13 8
#c 0 1 0 1 0 1 1 0 0 0 0 1 0 0 1 1 0 1 1 0 1 1 0 1 0 1 1 1 0 0 0 1 1 0 1 1 0 1 0 0
10 10 0 16 30 19 36 12 22 33 38 9 17 20 21 15 25 11 3 23 31 1
10 10 2 4 10 24 28 39 29 7 13 8 5 27 35 18 34 26 6 32 14 37
#c 0 1 0 1 0 1 1 0 0 0 0 1 0 0 1 1 0 1 1 0 1 1 0 1 0 1 1 1 0 0 0 1 1 0 1 1 0 1 0 0
10 10 5 27 11 37 26 21 31 18 14 15 19 28 9 33 4 0 2 7 12 30
10 10 1 17 23 25 35 34 20 6 32 3 10 16 22 24 36 38 39 29 13 8
#c 0 1 0 1 0 1 1 0 0 0 0 1 0 0 1 1 0 1 1 0 1 1 0 1 0 1 1 1 0 0 0 1 1 0 1 1 0 1 0 0
2 2 0 39 14 11
18 18 2 4 10 12 16 22 24 28 30 36 38 33 9 29 19 7 13 8 1 5 15 17 21 23 25 27 31 35 18 34 26 20 6 32 3 37
#c 0 1 0 1 0 1 1 0 0 0 0 1 0 0 1 1 0 1 1 0 1 1 0 1 0 1 1 1 0 0 0 1 1 0 1 1 0 1 0 0
2 3 17 35 2 19 38
18 17 1 5 11 15 21 23 25 27 31 18 34 26 20 6 32 14 3 37 0 4 10 12 16 22 24 28 30 36 39 33 9 29 7 13 8
#c 0 1 0 1 0 1 1 0 0 0 0 1 0 0 1 1 0 1 1 0 1 1 0 1 0 1 1 1 0 0 0 1 1 0 1 1 0 1 0 0
#c 0 1 0 1 0 1 1 0 0 0 0 1 0 0 1 1 0 1 1 0 1 1 0 1 0 1 1 1 0 0 0 1 1 0 1 1 0 1 0 0
#c 0 1 0 1 0 1 1 0 0 0 0 1 0 0 1 1 0 1 1 0 1 1 0 1 0 1 1 1 0 0 0 1 1 0 1 1 0 1 0 0
1 3 8 15 27 26
19 17 0 2 4 10 12 16 22 24 28 30 36 38 39 33 9 29 19 7 13 1 5 11 17 21 23 25 31 35 18 34 20 6 32 14 3 37
#c 0 1 0 1 0 1 1 0 0 0 0 1 0 0 1 1 0 1 1 0 1 1 0 1 0 1 1 1 0 0 0 1 1 0 1 1 0 1 0 0
1 1 20 10
19 19 1 5 11 15 17 21 23 25 27 31 35 18 34 26 6 32 14 3 37 0 2 4 12 16 22 24 28 30 36 38 39 33 9 29 19 7 13 8
#c 0 1 0 1 0 1 1 0 0 0 0 1 0 0 1 1 0 1 1 0 1 1 0 1 0 1 1 1 0 0 0 1 1 0 1 1 0 1 0 0
10 12 10 36 4 38 19 9 13 0 30 16 35 26 25 14 3 20 37 17 1 11 34 6
10 8 2 12 22 24 28 39 33 29 7 8 5 15 21 23 27 31 18 32
#c 0 1 0 1 0 1 1 0 0 0 0 1 0 0 1 1 0 1 1 0 1 1 0 1 0 1 1 1 0 0 0 1 1 0 1 1 0 1 0 0
8 8 26 15 35 23 21 3 20 18 10 30 9 19 38 22 8 36
12 12 1 5 11 17 25 27 31 34 6 32 14 37 0 2 4 12 16 24 28 39 33 29 7 13
#c 0 1 0 1 0 1 1 0 0 0 0 1 0 0 1 1 0 1 1 0 1 1 0 1 0 1 1 1 0 0 0 1 1 0 1 1 0 1 0 0
#c 0 1 0 1 0 1 1 0 0 0 0 1 0 0 1 1 0 1 1 0 1 1 0 1 0 1 1 1 0 0 0 1 1 0 1 1 0 1 0 0
#c 0 1 0 1 0 1 1 0 0 0 0 1 0 0 1 1 0 1 1 0 1 1 0 1 0 1 1 1 0 0 0 1 1 0 1 1 0 1 0 0
#c 0 1 0 1 0 1 1 0 0 0 0 1 0 0 1 1 0 1 1 0 1 1 0 1 0 1 1 1 0 0 0 1 1 0 1 1 0 1 0 0
#c 0 1 0 1 0 1 1 0 0 0 0 1 0 0 1 1 0 1 1 0 1 1 0 1 0 1 1 1 0 0 0 1 1 0 1 1 0 1 0 0
#c 0 1 0 1 0 1 1 0 0 0 0 1 0 0 1 1 0 1 1 0 1 1 0 1 0 1 1 1 0 0 0 1 1 0 1 1 0 1 0 0
8 8 5 27 20 31 23 17 21 1 0 28 9 39 36 24 22 7
12 12 11 15 25 35 18 34 26 6 32 14 3 37 2 4 10 12 16 30 38 33 29 19 13 8
#c 0 1 0 1 0 1 1 0 0 0 0 1 0 0 1 1 0 1 1 0 1 1 0 1 0 1 1 1 0 0 0 1 1 0 1 1 0 1 0 0
#c 0 1 0 1 0 1 1 0 0 0 0 1 0 0 1 1 0 1 1 0 1 1 0 1 0 1 1 1 0 0 0 1 1 0 1 1 0 1 0 0
3 2 5 23 18 30 7
17 18 1 11 15 17 21 25 27 31 35 34 26 20 6 32 14 3 37 0 2 4 10 12 16 22 24 28 36 38 39 33 9 29 19 13 8
#c 0 1 0 1 0 1 1 0 0 0 0 1 0 0 1 1 0 1 1 0 1 1 0 1 0 1 1 1 0 0 0 1 1 0 1 1 0 1 0 0
8 8 19 24 9 29 4 22 39 13 5 27 23 1 37 31 6 34
12 12 0 2 10 12 16 28 30 36 38 33 7 8 11 15 17 21 25 35 18 26 20 32 14 3
#c 0 1 0 1 0 1 1 0 0 0 0 1 0 0 1 1 0 1 1 0 1 1 0 1 0 1 1 1 0 0 0 1 1 0 1 1 0 1 0 0
8 8 6 17 23 1 25 14 21 34 28 8 12 0 36 10 16 33
12 12 5 11 15 27 31 35 18 26 20 32 3 37 2 4 22 24 30 38 39 9 29 19 7 13
#c 0 1 0 1 0 1 1 0 0 0 0 1 0 0 1 1 0 1 1 0 1 1 0 1 0 1 1 1 0 0 0 1 1 0 1 1 0 1 0 0
9 9 33 19 28 2 10 22 12 39 16 11 23 31 34 25 20 32 3 17
11 11 0 4 24 30 36 38 9 29 7 13 8 1 5 15 21 27 35 18 26 6 14 37
#c 0 1 0 1 0 1 1 0 0 0 0 1 0 0 1 1 0 1 1 0 1 1 0 1 0 1 1 1 0 0 0 1 1 0 1 1 0 1 0 0
0 1 0 1 0 1 1 0 0 0 0 1 0 0 1 1 0 1 1 0 1 1 0 1 0 1 1 1 0 0 0 1 1 0 1 1 0 1 0 0
