#c 0 1 2 3 4 5 6 7 0 1 2 3 4 5 6 7 0 1 2 3 4 5 6 7 0 1 2 3 4 5 6 7 0 1 2 3 4 5 6 7 0 1 2
1 1 17 39
5 4 1 9 25 33 41 7 15 23 31
#c 0 1 2 3 4 5 6 7 0 1 2 3 4 5 6 7 0 7 2 3 4 5 6 7 0 1 2 3 4 5 6 7 0 1 2 3 4 5 6 1 0 1 2
2 2 18 10 6 14
4 3 2 26 34 42 22 30 38
#c 0 1 2 3 4 5 2 7 0 1 6 3 4 5 2 7 0 7 6 3 4 5 6 7 0 1 2 3 4 5 6 7 0 1 2 3 4 5 6 1 0 1 2
2 1 27 3 41
3 5 11 19 35 1 9 25 33 39
#c 0 1 2 3 4 5 2 7 0 1 6 3 4 5 2 7 0 7 6 3 4 5 6 7 0 1 2 3 4 5 6 7 0 1 2 3 4 5 6 1 0 1 2
1 1 28 33
4 5 4 12 20 36 1 9 25 41 39
#c 0 1 2 3 4 5 2 7 0 1 6 3 4 5 2 7 0 7 6 3 4 5 6 7 0 1 2 3 1 5 6 7 0 4 2 3 4 5 6 1 0 1 2
2 2 37 29 38 18
3 3 5 13 21 22 30 10
#c 0 1 2 3 4 5 2 7 0 1 6 3 4 5 2 7 0 7 6 3 4 5 6 7 0 1 2 3 1 5 6 7 0 4 2 3 4 5 6 1 0 1 2
1 1 18 7
4 4 22 30 38 10 15 23 31 17
#c 0 1 2 3 4 5 2 7 0 1 6 3 4 5 2 7 0 7 6 3 4 5 6 7 0 1 2 3 1 5 6 7 0 4 2 3 4 5 6 1 0 1 2
1 1 7 38
4 4 15 23 31 17 22 30 18 10
#c 0 1 2 3 4 5 2 6 0 1 6 3 4 5 2 7 0 7 6 3 4 5 6 7 0 1 2 3 1 5 6 7 0 4 2 3 4 5 7 1 0 1 2
2 2 16 40 33 4
4 3 0 8 24 32 12 20 36
#c 0 1 2 3 4 5 2 6 0 1 6 3 4 5 2 7 0 7 6 3 4 5 6 7 0 1 2 3 1 5 6 7 0 4 2 3 4 5 7 1 0 1 2
3 3 39 25 1 10 18 30
3 2 9 41 28 22 7
#c 0 1 2 3 4 5 2 6 0 1 6 3 4 5 2 7 0 7 6 3 4 5 6 7 0 1 2 3 1 5 6 7 0 4 2 3 4 5 7 1 0 1 2
2 2 14 42 25 41
4 4 2 26 34 6 1 9 39 28
#c 0 1 2 3 4 5 2 6 0 1 6 3 4 5 2 7 0 7 6 3 4 5 6 7 0 1 2 3 1 5 6 7 0 4 2 3 4 5 7 1 0 1 2
1 1 27 15
4 4 3 11 19 35 23 31 17 38
#c 0 1 2 3 4 5 2 6 0 1 6 3 4 5 2 3 0 7 6 3 4 5 6 7 0 1 2 7 1 5 6 7 0 4 2 3 4 5 7 1 0 1 2
1 1 36 9
4 5 4 12 20 33 1 25 41 39 28
#c 0 1 2 3 4 5 2 6 0 1 6 3 4 5 2 3 0 7 6 3 4 5 6 7 0 1 2 7 1 5 6 7 0 4 2 3 4 5 7 1 0 1 2
#c 0 1 2 3 4 5 2 6 0 1 6 3 4 5 2 3 0 7 6 3 4 5 6 7 0 1 2 7 1 5 6 7 0 4 2 3 4 5 7 1 0 1 2
#c 0 1 2 3 4 5 2 6 0 1 6 3 4 5 2 3 0 7 6 3 4 5 6 7 0 1 2 7 1 5 6 7 0 4 2 3 4 5 7 1 0 1 2
2 2 31 23 5 29
3 3 17 38 27 13 21 37
#c 0 1 2 3 4 7 2 6 0 1 6 3 4 5 2 3 0 7 6 3 4 5 6 5 0 1 2 7 1 7 6 5 0 4 2 3 4 5 7 1 0 1 2
#c 0 1 2 3 4 7 2 6 0 1 6 3 4 5 2 3 0 7 6 3 4 5 6 5 0 1 2 7 1 7 6 5 0 4 2 3 4 5 7 1 0 1 2
2 2 41 39 37 31
4 3 1 9 25 28 13 21 23
#c 0 1 2 3 4 7 2 6 0 1 6 3 4 5 2 3 0 7 6 3 4 5 6 5 0 1 2 7 1 7 6 5 0 4 2 3 4 5 7 1 0 1 2
3 3 26 2 14 18 10 30
3 2 34 42 6 22 7
#c 0 1 2 3 4 7 2 6 0 1 6 3 4 5 2 3 0 7 6 3 4 5 6 5 0 1 2 7 1 7 6 5 0 4 2 3 4 5 7 1 0 1 2
#c 0 1 2 3 4 7 2 6 0 1 6 3 4 5 2 3 0 7 6 3 4 5 6 5 0 1 2 7 1 7 6 5 0 4 2 3 4 5 7 1 0 1 2
1 1 20 39
4 5 4 12 36 33 1 9 25 41 28
#c 0 1 2 3 4 7 2 6 0 1 6 3 4 5 2 3 0 7 6 3 4 5 6 5 0 1 2 7 1 7 6 5 0 4 2 3 4 5 7 1 0 1 2
2 2 21 23 38 29
3 3 13 37 31 17 27 5
#c 0 1 2 3 4 7 2 6 0 1 6 3 4 5 2 3 0 7 6 3 4 7 6 7 0 1 2 7 1 5 6 5 0 4 2 3 4 5 5 1 0 1 2
2 2 30 10 34 26
3 4 22 18 7 2 42 6 14
#c 0 1 2 3 4 7 2 6 0 1 6 3 4 5 2 3 0 7 6 3 4 7 6 7 0 1 2 7 1 5 6 5 0 4 2 3 4 5 5 1 0 1 2
1 1 17 20
4 4 27 5 21 23 4 12 36 33
#c 0 1 2 3 4 7 2 6 0 1 6 3 4 5 2 3 0 7 6 3 4 7 6 7 0 1 2 7 1 5 6 5 0 4 2 3 4 5 5 1 0 1 2
1 1 40 1
5 5 0 8 16 24 32 9 25 41 39 28
#c 0 1 2 3 4 7 2 6 0 1 6 3 4 5 2 3 0 7 6 3 4 7 6 7 0 1 2 7 1 5 6 5 0 4 2 3 4 5 5 1 0 1 2
3 3 28 9 25 20 4 36
3 2 1 41 39 12 33
#c 0 1 2 3 1 7 2 6 0 4 6 3 4 5 2 3 0 7 6 3 1 7 6 7 0 4 2 7 4 5 6 5 0 4 2 3 1 5 5 1 0 1 2
1 1 6 15
5 4 2 26 34 42 14 3 11 19 35
#c 0 1 2 3 1 7 2 6 0 4 6 3 4 5 2 3 0 7 6 3 1 7 6 7 0 4 2 7 4 5 6 5 0 4 2 3 1 5 5 1 0 1 2
#c 0 1 2 3 1 7 2 6 0 4 6 3 4 5 2 3 0 7 6 3 1 7 6 7 0 4 2 7 4 5 6 5 0 4 2 3 1 5 5 1 0 1 2
#c 0 1 2 3 1 7 2 6 0 4 6 3 4 5 2 3 0 7 6 3 1 7 6 7 0 4 2 7 4 5 6 5 0 4 2 3 1 5 5 1 0 1 2
1 1 31 27
4 4 13 37 38 29 17 5 21 23
#c 0 1 2 3 1 7 2 6 0 4 6 3 4 5 2 3 0 7 6 3 1 7 6 7 0 4 2 7 4 5 6 5 0 4 2 3 1 5 5 1 0 1 2
#c 0 1 2 3 1 7 2 6 0 4 6 3 4 5 2 3 0 7 6 3 1 7 6 7 0 4 2 7 4 5 6 5 0 4 2 3 1 5 5 1 0 1 2
1 1 5 24
4 5 17 27 21 23 0 8 16 32 40
#c 0 1 2 3 1 0 2 6 0 4 6 3 4 5 2 3 0 7 6 3 1 7 6 7 7 4 2 7 4 5 6 5 0 4 2 3 1 5 5 1 0 1 2
3 2 32 16 5 28 12
3 3 0 8 40 33 9 25
#c 0 1 2 3 1 4 2 6 0 4 6 3 0 5 2 3 4 7 6 3 1 7 6 7 7 4 2 7 0 5 6 5 4 4 2 3 1 5 5 1 0 1 2
3 3 36 4 41 7 10 18
3 2 1 39 20 22 30
#c 0 1 2 3 1 4 2 6 0 4 6 3 0 5 2 3 4 7 6 3 1 7 6 7 7 4 2 7 0 5 6 5 4 4 2 3 1 5 5 1 0 1 2
1 1 14 40
5 4 2 26 34 42 6 0 8 28 12
#c 0 1 2 3 1 4 2 6 0 4 6 3 0 5 0 3 4 7 6 3 1 7 6 7 7 4 2 7 0 5 6 5 4 4 2 3 1 5 5 1 2 1 2
1 1 19 27
4 4 3 11 35 15 17 21 23 24
#c 0 1 2 3 1 4 2 6 0 4 6 3 0 5 0 3 4 7 6 3 1 7 6 7 7 4 2 7 0 5 6 5 4 4 2 3 1 5 5 1 2 1 2
1 1 33 27
5 4 9 25 32 16 5 17 21 23 24
#c 0 1 2 3 1 4 2 6 0 4 6 3 0 5 0 3 4 7 6 3 1 7 6 7 7 4 2 7 0 5 6 5 4 4 2 3 1 5 5 1 2 1 2
1 1 13 10
4 4 37 31 38 29 22 30 18 7
#c 0 1 2 3 1 4 2 6 0 4 6 3 0 5 0 3 4 7 6 3 1 7 6 7 7 4 2 7 0 5 6 5 4 4 2 3 1 5 5 1 2 1 2
2 2 30 22 41 39
3 4 18 10 7 1 20 4 36
#c 0 1 2 3 1 4 2 6 0 4 6 3 0 5 0 3 4 7 6 3 1 7 6 7 7 4 2 7 0 5 6 5 4 4 2 3 1 5 5 1 2 1 2
1 1 17 14
4 4 27 21 23 24 0 8 28 12
#c 0 1 2 3 1 4 2 6 0 4 6 3 0 5 7 3 4 0 6 3 1 7 6 7 7 4 2 7 0 5 6 5 4 4 2 3 1 5 5 1 2 1 2
1 1 0 18
4 4 8 28 12 17 22 30 10 7
#c 0 1 2 3 1 4 2 6 0 4 6 3 0 5 7 3 4 0 6 3 1 7 6 7 7 4 2 7 0 5 6 5 4 4 2 3 1 5 5 1 2 1 2
2 2 4 39 35 15
4 3 1 41 20 36 3 11 19
#c 0 1 2 3 1 4 2 6 0 4 6 3 0 5 7 3 4 0 6 3 1 7 6 7 7 4 2 7 0 5 6 5 4 4 2 3 1 5 5 1 2 1 2
1 1 6 39
5 5 2 26 34 42 40 1 41 20 4 36
#c 0 1 2 3 1 4 2 6 0 4 6 3 0 5 7 3 4 0 6 3 1 7 6 7 7 4 2 7 0 5 6 5 4 4 2 3 1 5 5 1 2 1 2
#c 0 1 2 3 1 4 2 6 0 4 6 3 0 5 7 3 4 0 6 3 1 7 6 7 7 4 2 7 0 5 6 5 4 4 2 3 1 5 5 1 2 1 2
3 3 25 33 9 8 28 17
3 2 32 16 5 0 12
#c 0 1 2 3 1 4 2 6 4 0 6 3 0 5 7 3 4 4 6 3 1 7 6 7 7 0 2 7 4 5 6 5 4 0 2 3 1 5 5 1 2 1 2
1 1 31 9
4 4 13 37 38 29 0 12 25 33
#c 0 1 2 3 1 4 2 6 4 5 6 3 0 5 7 3 4 4 6 3 1 7 6 7 7 0 2 7 4 5 6 0 4 0 2 3 1 5 5 1 2 1 2
1 1 10 32
4 5 22 30 18 7 16 5 8 28 17
#c 0 1 2 3 1 4 2 6 4 5 4 3 0 5 7 3 4 4 6 3 1 7 6 7 7 0 2 7 4 5 6 0 6 0 2 3 1 5 5 1 2 1 2
#c 0 1 2 3 1 4 2 6 4 5 4 3 0 5 7 3 4 4 6 3 1 7 6 7 7 0 2 7 4 5 6 0 6 0 2 3 1 5 5 1 2 1 2
1 1 33 41
4 5 0 12 25 31 1 39 20 4 36
#c 0 1 2 3 1 4 2 6 4 5 4 3 0 5 7 3 4 4 6 3 1 7 6 7 7 0 2 7 4 5 6 0 6 0 2 3 1 5 5 1 2 1 2
3 3 41 36 20 5 10 17
3 3 1 39 4 16 8 28
#c 0 1 2 3 1 4 2 6 4 5 4 3 0 5 7 3 4 4 6 3 1 7 6 7 7 0 2 7 4 5 6 0 6 0 2 3 1 5 5 1 2 1 2
2 2 40 2 14 21
4 3 26 34 42 6 27 23 24
#c 0 1 2 3 1 4 2 6 4 5 4 3 0 5 7 3 4 4 6 3 1 7 6 7 7 0 2 7 4 5 6 0 6 0 2 3 1 5 5 1 2 1 2
2 2 19 11 18 32
3 3 3 35 15 22 30 7
#c 0 1 2 3 1 4 2 6 4 5 4 3 0 5 7 3 4 4 6 3 1 7 6 7 7 0 2 7 4 5 6 0 6 0 2 3 1 5 5 1 2 1 2
2 1 5 17 3
4 4 16 8 28 10 11 19 35 15
#c 0 1 2 3 1 4 2 6 4 5 4 3 0 5 7 3 4 4 6 3 1 7 6 7 7 0 2 7 4 5 6 0 6 0 2 3 1 5 5 1 2 1 2
2 2 29 9 33 12
3 3 13 37 38 0 25 31
#c 0 1 2 3 1 4 2 6 4 5 4 3 0 5 7 3 4 4 6 3 1 7 6 7 7 0 2 7 4 5 6 0 6 0 2 3 1 5 5 1 2 1 2
1 1 7 15
4 4 22 30 18 32 3 11 19 35
#c 0 1 2 3 1 4 2 6 4 5 4 3 0 5 7 3 4 4 6 3 1 7 6 7 7 0 2 7 4 5 6 0 6 0 2 3 1 5 5 1 2 1 2
1 1 21 4
4 5 27 23 24 14 1 41 39 20 36
#c 0 1 2 3 7 4 2 6 4 5 4 3 0 5 7 3 4 4 6 3 1 1 6 7 7 0 2 7 4 5 6 0 6 0 2 3 1 5 5 1 2 1 2
1 1 25 4
4 4 0 12 33 31 27 23 24 14
#c 0 1 2 3 7 4 2 6 4 5 4 3 0 5 7 3 4 4 6 3 1 1 6 7 7 0 2 7 4 5 6 0 6 0 2 3 1 5 5 1 2 1 2
2 3 20 39 29 38 9
4 2 1 41 36 21 13 37
#c 0 1 2 3 7 4 2 6 4 5 4 3 0 5 7 3 4 4 6 3 1 1 6 7 7 0 2 7 4 5 6 0 6 0 2 3 1 5 5 1 2 1 2
2 2 6 42 38 13
4 3 2 26 34 40 37 29 9
#c 0 1 2 3 7 4 2 6 4 5 4 3 0 5 7 3 4 4 6 3 1 1 6 7 7 0 2 7 4 5 6 0 6 0 2 3 1 5 5 1 2 1 2
#c 0 1 2 3 7 4 2 6 4 5 4 3 0 5 7 3 4 4 6 3 1 1 6 7 7 0 2 7 4 5 6 0 6 0 2 3 1 5 5 1 2 1 2
3 3 16 17 5 21 20 41
3 3 8 28 10 1 39 36
#c 0 1 2 3 7 4 2 6 4 5 4 3 0 5 7 3 4 4 6 3 1 1 6 7 7 0 2 7 4 5 6 0 6 0 2 3 1 5 5 1 2 1 2
1 1 9 21
4 5 13 37 38 29 1 41 39 20 36
#c 0 1 2 3 7 4 2 6 4 5 4 3 0 5 7 3 4 4 6 3 1 1 6 7 7 0 2 7 4 5 6 0 6 0 2 3 1 5 5 1 2 1 2
2 2 32 18 31 33
3 3 22 30 7 0 12 25
#c 0 1 2 3 7 4 2 6 4 5 4 3 0 5 7 3 4 4 6 3 1 1 6 7 7 0 2 7 4 5 6 0 6 0 2 3 1 5 5 1 2 1 2
#c 0 1 2 3 7 4 2 6 4 5 4 3 0 5 7 3 4 4 6 3 1 1 6 7 7 0 2 7 4 5 6 0 6 0 2 3 1 5 5 1 2 1 2
1 3 25 4 24 23
4 2 0 12 33 31 27 14
#c 0 1 2 3 7 4 2 6 4 5 4 3 0 5 7 3 4 4 6 3 1 1 6 7 7 0 2 7 4 5 6 0 6 0 2 3 1 5 5 1 2 1 2
3 3 39 20 36 25 0 33
3 2 1 41 21 12 31
#c 0 1 2 3 7 4 2 6 4 5 4 3 0 5 7 3 4 4 6 3 1 1 6 7 7 0 2 7 4 5 6 0 6 0 2 3 1 5 5 1 2 1 2
3 3 2 26 42 36 21 1
3 3 34 6 40 41 39 20
#c 0 1 2 3 7 4 2 6 4 5 4 3 0 5 7 3 4 4 6 3 1 1 6 7 7 0 2 7 4 5 6 0 6 0 2 3 1 5 5 1 2 1 2
1 2 15 18 32
4 3 3 11 19 35 22 30 7
#c 0 1 2 3 7 4 2 6 4 5 4 3 0 5 7 3 4 4 6 3 1 1 6 7 7 0 2 7 4 5 6 0 6 0 2 3 1 5 5 1 2 1 2
1 1 5 0
5 4 16 8 28 17 10 12 25 33 31
#c 0 1 2 3 7 4 2 6 4 5 4 3 0 5 7 3 4 4 6 3 1 1 6 7 7 0 2 7 4 5 6 0 6 0 2 3 1 5 5 1 2 1 2
2 2 9 38 16 17
3 4 13 37 29 5 8 28 10
#c 0 1 2 3 7 4 2 6 4 5 4 3 0 5 7 3 4 4 6 3 1 1 6 7 7 0 2 7 4 5 6 0 6 0 2 3 1 5 5 1 2 1 2
1 1 7 0
4 4 22 30 18 32 12 25 33 31
#c 0 1 2 3 7 4 2 6 4 5 4 3 0 5 7 3 4 4 6 3 1 1 6 7 7 0 2 7 4 5 6 0 6 0 2 3 1 5 5 1 2 1 2
2 2 27 4 17 28
3 4 23 24 14 16 5 8 10
#c 0 1 2 3 4 4 2 6 4 5 4 3 0 5 7 3 4 7 6 3 1 1 6 7 7 0 2 4 7 5 6 0 6 0 2 3 1 5 5 1 2 1 2
2 2 31 25 20 41
3 4 0 12 33 1 39 36 21
#c 0 1 2 3 4 4 2 6 4 5 4 3 0 5 7 3 4 7 6 3 1 1 6 7 7 0 2 4 7 5 6 0 6 0 2 3 1 5 5 1 2 1 2
3 3 1 36 21 26 2 42
#c 0 1 2 3 4 4 2 6 4 5 4 3 0 5 7 3 4 7 6 3 1 1 6 7 7 0 2 4 7 5 6 0 6 0 2 3 1 5 5 1 2 1 2
3 3 42 34 26 37 9 13
3 2 2 6 40 38 29
#c 0 1 2 3 4 4 2 6 4 5 4 3 0 5 7 3 4 7 6 3 1 1 6 7 7 0 2 4 7 5 6 0 6 0 2 3 1 5 5 1 2 1 2
#c 0 1 2 3 4 4 2 6 4 5 4 3 0 5 7 3 4 7 6 3 1 1 6 7 7 0 2 4 7 5 6 0 6 0 2 3 1 5 5 1 2 1 2
#c 0 1 2 3 4 4 2 6 4 5 4 3 0 5 7 3 4 7 6 3 1 1 6 7 7 0 2 4 7 5 6 0 6 0 2 3 1 5 5 1 2 1 2
2 1 29 38 39
3 5 13 37 9 1 41 20 36 21
#c 0 1 2 3 4 4 2 6 4 5 4 3 0 5 7 3 4 7 6 3 1 1 6 7 7 0 2 4 7 5 6 0 6 0 2 3 1 5 5 1 2 1 2
#c 0 1 2 3 4 4 2 6 4 5 4 3 0 5 7 3 4 7 6 3 1 1 6 7 7 0 2 4 7 5 6 0 6 0 2 3 1 5 5 1 2 1 2
1 1 14 33
4 4 23 24 17 28 0 12 25 31
#c 0 1 2 3 4 4 2 6 4 5 4 3 0 5 7 3 4 7 6 3 1 1 6 7 7 0 2 4 7 5 6 0 6 0 2 3 1 5 5 1 2 1 2
2 2 33 12 41 1
3 4 0 25 31 39 20 36 21
#c 0 1 2 3 4 4 2 6 4 5 4 3 0 5 7 3 4 7 6 3 1 1 6 7 7 0 2 4 7 5 6 0 6 0 2 3 1 5 5 1 2 1 2
#c 0 1 2 3 4 4 2 6 4 5 4 3 0 5 7 3 4 7 6 3 1 1 6 7 7 0 2 4 7 5 6 0 6 0 2 3 1 5 5 1 2 1 2
2 2 2 42 20 41
4 4 26 34 6 40 1 39 36 21
#c 0 1 2 3 4 4 2 6 4 5 4 3 0 5 7 3 4 7 6 3 1 1 6 7 7 0 2 4 7 5 6 0 6 0 2 3 1 5 5 1 2 1 2
#c 0 1 2 3 4 4 2 6 4 5 4 3 0 5 7 3 4 7 6 3 1 1 6 7 7 0 2 4 7 5 6 0 6 0 2 3 1 5 5 1 2 1 2
2 2 8 5 21 39
4 4 16 10 27 4 1 41 20 36
#c 0 1 2 3 4 4 2 6 4 5 4 3 0 5 7 3 4 7 6 3 1 1 6 7 7 0 2 4 7 5 6 0 6 0 2 3 1 5 5 1 2 1 2
#c 0 1 2 3 4 4 2 6 4 5 4 3 0 5 7 3 4 7 6 3 1 1 6 7 7 0 2 4 7 5 6 0 6 0 2 3 1 5 5 1 2 1 2
1 3 30 10 5 8
4 3 22 18 7 32 16 27 4
#c 0 1 2 3 4 4 2 6 4 5 4 3 0 5 7 3 4 7 6 3 1 1 6 7 7 0 2 4 7 5 6 0 6 0 2 3 1 5 5 1 2 1 2
2 2 23 28 42 34
3 4 24 14 17 2 26 6 40
#c 0 1 2 3 4 4 2 6 4 5 4 3 0 5 7 3 4 7 6 3 1 1 6 7 7 0 2 4 7 5 6 0 6 0 2 3 1 5 5 1 2 1 2
2 2 33 25 16 10
3 4 0 12 31 5 8 27 4
#c 0 1 2 3 4 4 2 6 4 5 4 3 0 5 7 3 4 7 6 3 1 1 6 7 7 0 2 4 7 5 6 0 6 0 2 3 1 5 5 1 2 1 2
3 3 36 39 41 26 40 42
3 3 1 20 21 2 34 6
#c 0 1 2 3 4 4 2 6 4 5 4 3 0 5 7 3 4 7 6 3 1 1 6 7 7 0 2 4 7 5 6 0 6 0 2 3 1 5 5 1 2 1 2
1 1 6 7
5 4 2 26 34 42 40 22 30 18 32
#c 0 1 2 3 4 4 2 6 4 5 4 3 0 5 7 3 4 7 6 3 1 1 6 7 7 0 2 4 7 5 6 0 6 0 2 3 1 5 5 1 2 1 2
1 1 11 0
4 4 3 19 35 15 12 25 33 31
#c 3 1 2 3 4 4 2 6 4 5 4 0 0 5 7 3 4 7 6 3 1 1 6 7 7 0 2 4 7 5 6 0 6 0 2 3 1 5 5 1 2 1 2
2 2 16 10 34 42
4 4 5 8 27 4 2 26 6 40
#c 3 1 2 3 4 4 2 6 4 5 2 0 0 5 7 3 2 7 6 3 1 1 6 7 7 0 2 4 7 5 6 0 6 0 4 3 1 5 5 1 2 1 4
1 1 37 30
4 4 13 38 29 9 22 18 7 32
#c 3 1 2 3 4 4 2 6 4 5 2 0 0 5 7 3 2 7 6 3 1 1 6 7 7 0 2 4 7 5 6 0 6 0 4 3 1 5 5 1 2 1 4
4 4 22 30 18 32 13 37 29 9
#c 3 1 2 3 4 4 2 6 4 5 2 0 0 5 7 3 2 7 6 3 1 1 6 7 7 0 2 4 7 5 6 0 6 0 4 3 1 5 5 1 2 1 4
2 2 14 24 40 16
3 4 23 17 28 2 26 6 10
#c 3 1 2 3 4 4 2 6 4 5 2 0 0 5 7 3 2 7 6 3 1 1 6 7 7 0 2 4 7 5 6 0 6 0 4 3 1 5 5 1 2 1 4
2 2 12 11 26 2
3 4 25 33 31 6 40 16 10
#c 3 1 2 3 4 4 2 6 4 5 2 0 0 5 7 3 2 7 6 3 1 1 6 7 7 0 2 4 7 5 6 0 6 0 4 3 1 5 5 1 2 1 4
3 3 1 41 21 22 32 7
3 2 39 20 36 30 18
#c 3 1 2 3 4 4 2 6 4 5 2 0 0 5 7 3 2 7 6 3 1 1 6 7 7 0 2 4 7 5 6 0 6 0 4 3 1 5 5 1 2 1 4
2 2 10 6 3 15
4 3 2 26 40 16 19 35 0
#c 3 1 2 3 4 4 2 6 4 5 2 0 0 5 7 3 2 7 6 3 1 1 6 7 7 0 2 4 7 5 6 0 6 0 4 3 1 5 5 1 2 1 4
#c 3 1 2 3 4 4 2 6 4 5 2 0 0 5 7 3 2 7 6 3 1 1 6 7 7 0 2 4 7 5 6 0 6 0 4 3 1 5 5 1 2 1 4
1 1 27 35
5 4 5 8 4 34 42 3 19 15 0
#c 3 1 2 3 4 4 2 6 4 5 2 0 0 5 7 3 2 7 6 3 1 1 6 7 7 0 2 4 7 5 6 0 6 0 4 3 1 5 5 1 2 1 4
#c 3 1 2 3 4 4 2 6 4 5 2 0 0 5 7 3 2 7 6 3 1 1 6 7 7 0 2 4 7 5 6 0 6 0 4 3 1 5 5 1 2 1 4
2 2 30 18 3 19
3 3 22 7 32 35 15 0
#c 3 1 2 3 4 4 2 6 4 5 2 0 0 5 7 3 2 7 6 3 1 1 6 7 7 0 2 4 7 5 6 0 6 0 4 3 1 5 5 1 2 1 4
2 2 14 28 0 15
3 3 23 24 17 3 19 35
#c 3 1 2 3 4 4 2 6 4 5 2 0 0 5 7 3 2 7 6 3 1 1 6 7 7 0 2 4 7 5 6 0 6 0 4 3 1 5 5 1 2 1 4
1 1 11 9
4 4 12 25 33 31 13 37 38 29
#c 3 1 2 3 4 4 2 6 4 5 2 0 0 5 7 3 2 7 6 3 1 1 6 7 7 0 2 4 7 5 6 0 6 0 4 3 1 5 5 1 2 1 4
2 2 1 21 4 8
4 4 41 39 20 36 5 27 34 42
#c 3 1 2 3 4 4 2 6 4 5 2 0 0 5 7 3 2 7 6 3 1 1 6 7 7 0 2 4 7 5 6 0 6 0 4 3 1 5 5 1 2 1 4
3 3 10 26 6 14 24 28
3 2 2 40 16 23 17
#c 3 1 2 3 4 4 2 6 4 5 2 0 0 5 7 3 2 7 6 3 1 1 6 7 7 0 2 4 7 5 6 0 6 0 4 3 1 5 5 1 2 1 4
1 1 19 24
4 4 3 35 15 0 23 14 17 28
#c 3 1 2 3 4 4 2 6 4 5 2 0 0 5 7 3 2 7 6 3 1 1 6 7 7 0 2 4 7 5 6 0 6 0 4 3 1 5 5 1 2 1 4
3 3 34 8 4 10 40 2
3 3 5 27 42 26 6 16
#c 3 1 2 3 4 4 2 6 4 5 2 0 0 5 7 3 2 7 6 3 1 1 6 7 7 0 2 4 7 5 6 0 6 0 4 3 1 5 5 1 2 1 4
1 1 38 28
4 4 13 37 29 9 23 24 14 17
#c 3 1 2 3 4 4 2 6 4 5 2 0 0 5 7 3 2 7 6 3 1 1 6 7 7 0 2 4 7 5 6 0 6 0 4 3 1 5 5 1 2 1 4
#c 3 1 2 3 4 4 2 6 4 5 2 0 0 5 7 3 2 7 6 3 1 1 6 7 7 0 2 4 7 5 6 0 6 0 4 3 1 5 5 1 2 1 4
1 1 24 34
4 5 23 14 17 28 5 8 27 4 42
#c 3 1 2 3 4 4 2 6 4 5 2 0 0 5 7 3 2 7 6 3 1 1 6 7 7 0 2 4 7 5 6 0 6 0 4 3 1 5 5 1 2 1 4
2 2 12 25 40 10
3 4 33 31 11 2 26 6 16
#c 3 1 2 3 4 4 2 6 4 5 0 0 2 5 7 3 2 7 6 3 1 1 6 7 7 2 2 4 7 5 6 0 6 0 4 3 1 5 5 1 0 1 4
#c 3 1 2 3 4 4 2 6 4 5 0 0 2 5 7 3 2 7 6 3 1 1 6 7 7 2 2 4 7 5 6 0 6 0 4 3 1 5 5 1 0 1 4
2 2 26 16 19 35
4 3 2 6 12 25 3 15 0
#c 3 1 2 3 4 4 2 6 4 5 0 0 2 5 7 3 2 7 6 3 1 1 6 7 7 2 2 4 7 5 6 0 6 0 4 3 1 5 5 1 0 1 4
2 2 15 3 10 40
3 3 19 35 0 33 31 11
#c 3 1 2 3 4 4 2 6 4 5 0 0 2 5 7 3 2 7 6 3 1 1 6 7 7 2 2 4 7 5 6 0 6 0 4 3 1 5 5 1 0 1 4
1 1 42 35
5 4 5 8 27 4 34 3 19 15 0
#c 3 1 2 3 4 4 2 6 4 5 0 0 2 5 7 3 2 7 6 3 1 1 6 7 7 2 2 4 7 5 6 0 6 0 4 4 1 5 5 1 0 1 3
4 4 37 38 29 9 33 31 11 40
#c 3 1 2 3 4 4 2 6 4 5 5 0 2 0 7 3 2 7 6 3 1 1 6 7 7 2 2 4 7 5 6 0 6 0 4 4 1 5 5 1 0 1 3
1 1 7 41
4 5 22 30 18 32 1 39 20 36 21
#c 3 1 2 3 4 4 2 1 4 5 5 0 2 0 7 3 2 7 6 3 1 1 6 7 7 2 2 4 7 5 6 0 6 0 4 4 1 5 5 1 0 6 3
#c 3 1 2 3 4 4 2 1 4 5 5 0 2 0 7 3 2 7 6 3 1 1 6 7 7 2 2 4 7 5 6 0 6 0 4 4 1 5 5 1 0 6 3
2 2 33 13 2 12
3 4 31 11 40 26 6 16 25
#c 3 1 0 3 4 4 2 1 4 5 5 0 0 2 7 3 2 7 6 3 1 1 6 7 7 2 2 4 7 5 6 0 6 2 4 4 1 5 5 1 0 6 3
1 1 39 29
5 4 1 20 36 21 7 37 38 9 10
#c 3 1 0 3 4 4 2 1 4 5 5 0 0 2 7 3 2 7 6 3 1 1 6 7 7 2 2 4 7 5 6 0 6 2 4 4 1 5 5 1 0 6 3
1 1 6 35
5 5 26 16 25 33 13 5 8 27 4 34
#c 3 1 0 3 4 4 2 1 4 5 5 0 0 2 7 3 2 7 6 3 1 1 6 7 7 2 2 4 7 5 6 0 6 2 4 4 1 5 5 1 0 6 3
1 1 15 8
4 5 3 19 0 42 5 27 4 34 35
#c 3 1 0 3 4 4 2 1 4 5 5 0 0 2 7 3 2 7 6 3 1 1 6 7 7 2 2 4 7 5 6 0 6 2 4 4 1 5 5 1 0 6 3
2 2 35 34 37 9
4 3 5 8 27 4 38 29 10
#c 3 1 0 3 4 4 2 1 4 5 5 0 0 2 7 3 2 7 6 3 1 1 6 7 7 2 2 4 7 5 6 0 6 2 4 4 1 5 5 1 0 6 3
2 2 9 10 31 11
3 3 37 38 29 40 2 12
#c 3 1 0 3 4 4 2 1 4 5 5 0 0 2 7 3 2 7 6 3 1 1 6 7 7 2 2 4 7 5 6 0 6 2 4 4 1 5 5 1 0 6 3
#c 3 1 0 3 4 4 2 1 4 5 5 0 0 2 7 3 2 7 6 3 1 1 6 7 7 2 2 4 7 5 6 0 6 2 4 4 1 5 5 1 0 6 3
1 1 14 35
4 5 23 24 17 28 5 8 27 4 34
#c 3 1 0 3 4 4 2 1 4 5 5 0 0 2 7 3 2 7 6 3 1 1 6 7 7 2 2 4 7 5 6 0 6 2 4 4 1 5 5 1 0 6 3
2 2 12 40 19 42
3 3 31 11 2 3 15 0
#c 3 1 0 3 4 4 2 1 4 5 5 0 0 2 7 3 2 7 6 3 1 1 6 7 7 2 2 4 7 5 6 0 6 2 4 4 1 5 5 1 0 6 3
1 1 21 12
5 4 1 39 20 36 7 31 11 40 2
#c 3 1 0 3 4 4 2 1 4 5 5 0 0 2 7 3 2 7 6 3 1 1 6 7 7 2 2 4 7 5 6 0 6 2 4 4 1 5 5 1 0 6 3
2 2 26 16 2 12
4 3 6 25 33 13 31 11 40
#c 3 1 0 3 4 4 2 1 4 5 5 0 0 2 7 3 2 7 6 3 1 1 6 7 7 2 2 4 7 5 6 0 6 2 4 4 1 5 5 1 0 6 3
#c 3 1 0 3 4 4 2 1 4 5 5 0 0 2 7 3 2 7 6 3 1 1 6 7 7 2 2 4 7 5 6 0 6 2 4 4 1 5 5 1 0 6 3
1 1 8 2
5 4 5 27 4 34 35 31 11 40 12
#c 3 1 0 3 4 4 2 1 4 5 5 0 0 2 7 3 2 7 6 3 1 1 6 7 7 2 2 4 7 5 6 0 6 2 4 4 1 5 5 1 0 6 3
1 1 9 26
4 5 37 38 29 10 6 16 25 33 13
#c 3 1 0 3 4 4 2 1 4 5 5 0 0 2 7 3 2 7 6 3 1 1 6 7 7 2 2 4 7 5 6 0 6 2 4 4 1 5 5 1 0 6 3
1 3 41 17 14 24
4 2 22 30 18 32 23 28
#c 3 1 0 3 4 4 2 1 4 5 5 0 0 2 7 3 2 7 6 3 1 1 6 7 7 2 2 4 7 5 6 0 6 2 4 4 1 5 5 1 0 6 3
4 4 23 24 17 28 31 11 2 12
#c 3 1 0 3 4 4 2 1 4 5 5 0 0 2 7 3 2 7 6 3 1 1 6 7 7 2 2 4 7 5 6 0 6 2 4 4 1 5 5 1 0 6 3
1 1 31 35
4 5 11 40 2 12 5 8 27 4 34
#c 3 1 0 3 4 4 2 1 4 5 5 0 0 2 7 3 2 7 6 3 1 1 6 7 7 2 2 4 7 5 6 0 6 2 4 4 1 5 5 1 0 6 3
1 2 21 35 27
5 4 1 39 20 36 7 5 8 4 34
#c 3 1 0 3 4 4 2 1 4 5 5 0 0 2 7 3 2 7 6 3 1 1 6 7 7 2 2 4 7 5 6 0 6 2 4 4 1 5 5 1 0 6 3
1 1 16 23
5 4 26 6 25 33 13 24 14 17 28
#c 3 1 0 3 4 4 2 1 4 5 5 0 0 2 7 3 2 7 6 3 1 1 6 7 7 2 2 4 7 5 6 0 6 2 4 4 1 5 5 1 0 6 3
2 2 0 15 36 20
3 4 3 19 42 1 39 21 7
#c 3 1 0 3 4 4 2 1 4 5 5 0 0 2 7 3 2 7 6 3 1 1 6 7 7 2 2 4 7 5 6 0 6 2 4 4 1 5 5 1 0 6 3
1 1 5 13
5 5 8 27 4 34 35 26 6 16 25 33
#c 3 1 0 3 4 2 2 1 4 5 5 0 0 4 7 3 2 7 6 3 1 1 6 7 7 2 2 4 7 5 6 0 6 2 4 4 1 5 5 1 0 6 3
2 2 29 9 16 26
3 4 37 38 10 6 25 33 5
#c 3 1 0 3 4 2 2 1 4 2 5 0 0 4 7 3 5 7 6 3 1 1 6 7 7 2 5 4 7 2 6 0 6 2 4 4 1 5 5 1 0 6 3
1 1 30 17
4 4 22 18 32 41 23 24 14 28
#c 3 1 0 3 4 2 2 1 4 2 5 0 0 4 7 3 5 7 6 3 1 1 6 7 7 2 5 4 7 2 6 0 6 2 4 4 1 5 5 1 0 6 3
2 2 17 28 11 31
3 3 23 24 14 40 2 12
#c 3 1 0 3 4 2 2 1 4 2 5 0 0 4 7 3 5 7 6 3 1 1 6 7 7 2 5 4 7 2 6 0 6 2 4 4 1 5 5 1 0 6 3
2 4 12 31 28 14 23 24
3 1 11 40 2 17
#c 3 1 0 3 4 2 2 1 4 2 5 0 0 4 7 3 5 7 6 3 1 1 6 7 7 2 5 4 7 2 6 0 6 2 4 4 1 5 5 1 0 6 3
#c 3 1 0 3 4 2 2 1 4 2 5 0 0 4 7 3 5 7 6 3 1 1 6 7 7 2 5 4 7 2 6 0 6 2 4 4 1 5 5 1 0 6 3
#c 3 1 0 3 4 2 2 1 4 2 5 0 0 4 7 3 5 7 6 3 1 1 6 7 7 2 5 4 7 2 6 0 6 2 4 4 1 5 5 1 0 6 3
2 2 3 0 40 2
3 3 19 15 42 31 11 12
#c 3 1 0 3 4 2 2 1 4 2 5 0 0 4 7 3 5 7 6 3 1 1 6 7 7 2 5 4 7 2 6 0 6 2 4 4 1 5 5 1 0 6 3
3 3 4 13 8 15 19 42
3 2 27 34 35 3 0
#c 3 1 0 3 4 2 2 1 4 2 5 0 0 4 7 3 5 7 6 3 1 1 6 7 7 2 5 4 7 2 6 0 6 2 4 4 1 5 5 1 0 6 3
2 2 10 16 18 30
3 3 37 38 26 22 32 41
#c 3 1 0 3 4 2 2 1 4 2 5 0 0 4 7 3 5 7 6 3 1 1 6 7 7 2 5 4 7 2 6 0 6 2 4 4 1 5 5 1 0 6 3
1 1 32 23
4 4 22 30 18 41 24 14 17 28
#c 3 1 0 3 4 2 2 1 4 2 5 0 0 4 7 3 5 7 6 3 1 1 6 7 7 2 5 4 7 2 6 0 6 2 4 4 1 5 5 1 0 6 3
2 2 17 24 2 11
3 3 23 14 28 31 40 12
#c 3 1 0 3 4 2 2 1 4 2 5 0 0 4 7 3 5 7 6 3 1 1 6 7 7 2 5 4 7 2 6 0 6 2 4 4 1 5 5 1 0 6 3
2 2 40 2 13 34
3 4 31 11 12 8 27 4 35
#c 3 1 0 3 4 2 2 1 4 2 5 0 0 4 7 3 5 7 6 3 1 1 6 7 7 2 5 4 7 2 6 0 6 2 4 4 1 5 5 1 0 6 3
3 3 7 21 20 0 15 3
3 2 1 39 36 19 42
#c 3 1 0 3 4 2 2 1 4 2 5 0 0 4 7 3 5 7 6 3 1 1 6 7 7 2 5 4 7 2 6 0 6 2 4 4 1 5 5 1 0 6 3
1 1 6 13
5 5 25 33 5 29 9 8 27 4 34 35
#c 3 1 0 3 4 2 2 1 4 2 5 0 0 4 7 3 5 7 6 3 1 1 6 7 7 2 5 4 7 2 6 0 6 2 4 4 1 5 5 1 0 6 3
1 1 19 17
4 4 3 15 0 42 23 24 14 28
#c 3 1 0 3 4 2 2 1 4 2 5 0 0 4 7 3 5 7 6 3 1 1 6 7 7 2 5 4 7 2 6 0 6 2 4 4 1 5 5 1 0 6 3
1 1 4 17
5 4 8 27 34 35 13 23 24 14 28
#c 3 1 0 3 4 2 2 1 4 2 5 0 0 4 7 3 5 7 6 3 1 1 6 7 7 2 5 4 7 2 6 0 6 2 4 4 1 5 5 1 0 6 3
2 2 37 10 6 25
3 4 38 16 26 33 5 29 9
#c 3 1 0 3 4 2 2 1 4 2 5 0 0 4 7 3 5 7 6 3 1 1 6 7 7 2 5 4 7 2 6 0 6 2 4 4 1 5 5 1 0 6 3
#c 3 1 0 3 4 2 2 1 4 2 5 0 0 4 7 3 5 7 6 3 1 1 6 7 7 2 5 4 7 2 6 0 6 2 4 4 1 5 5 1 0 6 3
1 1 23 31
4 4 24 14 17 28 11 40 2 12
#c 3 1 0 3 4 2 2 1 4 2 5 0 0 4 7 3 5 7 6 3 1 1 6 7 7 2 5 4 7 2 6 0 6 2 4 4 1 5 5 1 0 6 3
2 2 31 12 15 3
3 3 11 40 2 19 0 42
#c 3 1 0 3 4 2 2 1 4 2 5 0 0 4 7 3 5 7 6 3 1 1 6 7 7 2 5 4 7 2 6 0 6 2 4 4 1 5 5 1 0 6 3
3 3 21 39 7 14 28 24
3 2 1 20 36 23 17
#c 3 1 0 3 4 2 2 1 4 2 5 0 0 4 7 3 5 7 6 3 1 1 6 7 7 2 5 4 7 2 6 0 6 2 4 4 1 5 5 1 0 6 3
2 3 25 5 42 3 19
4 2 6 33 29 9 15 0
#c 3 1 0 3 4 2 2 1 4 2 5 0 0 4 7 3 5 7 6 3 1 1 6 7 7 2 5 4 7 2 6 0 6 2 4 4 1 5 5 1 0 6 3
2 2 0 15 40 12
3 3 3 19 42 31 11 2
#c 3 1 0 3 4 2 2 1 4 2 5 0 0 4 7 3 5 7 6 3 1 1 6 7 7 2 5 4 7 2 6 0 6 2 4 4 1 5 5 1 0 6 3
2 1 8 34 17
4 4 27 4 35 13 23 24 14 28
#c 3 1 0 3 4 2 2 1 4 2 5 0 0 4 7 3 5 7 6 3 1 1 6 7 7 2 5 4 7 2 6 0 6 2 4 4 1 5 5 1 0 6 3
4 4 37 38 16 26 22 30 18 41
#c 3 1 0 3 4 2 2 1 4 2 6 0 0 4 7 3 5 7 6 3 1 1 6 7 7 2 5 4 7 2 6 0 5 2 4 4 1 5 5 1 0 6 3
2 1 18 30 6
3 5 22 41 10 25 33 5 29 9
#c 3 1 0 3 4 2 2 1 4 2 6 0 0 4 7 3 5 7 6 3 1 1 6 7 7 2 5 4 7 2 6 0 5 2 4 4 1 5 5 1 0 6 3
1 1 17 33
4 5 23 24 14 28 6 25 5 29 9
#c 3 1 0 3 4 2 2 1 4 2 6 0 0 4 7 3 5 7 6 3 1 1 6 7 7 2 5 4 7 2 6 0 5 2 4 4 1 5 5 1 0 6 3
1 1 12 10
4 4 31 11 40 2 22 30 18 41
#c 3 1 0 3 4 2 2 1 4 2 6 0 0 4 7 3 5 7 6 3 1 1 6 7 7 2 5 4 7 2 6 0 5 2 4 4 1 5 5 1 0 6 3
3 3 7 39 36 38 16 37
3 2 1 20 21 26 32
#c 3 1 0 3 4 2 2 1 4 2 6 0 0 4 7 3 5 7 6 3 1 1 6 7 7 2 5 4 7 2 6 0 5 2 4 4 1 5 5 1 0 6 3
2 2 9 29 20 21
4 4 6 25 33 5 1 39 36 7
#c 3 1 0 3 4 2 2 1 4 2 6 0 0 4 7 3 5 7 6 3 1 1 6 7 7 2 5 4 7 2 6 0 5 2 4 4 1 5 5 1 0 6 3
1 1 15 39
4 5 3 19 0 42 1 20 36 21 7
#c 3 1 0 3 4 2 2 1 4 2 6 0 0 4 7 3 5 7 6 3 1 1 6 7 7 2 5 4 7 2 6 0 5 2 4 4 1 5 5 1 0 6 3
3 3 34 8 35 38 16 37
3 2 27 4 13 26 32
#c 3 1 0 3 4 2 2 1 4 2 6 0 0 4 7 3 5 7 6 3 1 1 6 7 7 2 5 4 7 2 6 0 5 2 4 4 1 5 5 1 0 6 3
1 1 26 5
4 5 37 38 16 32 6 25 33 29 9
#c 3 1 0 3 4 2 2 1 4 2 6 0 0 4 7 3 5 7 6 3 1 1 6 7 7 2 5 4 7 2 6 0 5 2 4 4 1 5 5 1 0 6 3
2 2 41 22 37 38
3 3 30 18 10 16 26 32
#c 3 1 0 3 4 2 2 1 4 2 6 0 0 4 7 3 5 7 6 3 1 1 6 7 7 2 5 4 7 2 6 0 5 2 4 4 1 5 5 1 0 6 3
2 2 24 17 1 20
3 4 23 14 28 39 36 21 7
#c 3 1 0 3 4 2 2 1 4 2 6 0 0 4 7 3 5 7 6 3 1 1 6 7 7 2 5 4 7 2 6 0 5 2 4 4 1 5 5 1 0 6 3
2 2 31 40 3 0
3 3 11 2 12 19 15 42
#c 3 1 0 3 4 2 2 1 4 2 6 0 0 4 7 3 5 7 6 3 1 1 6 7 7 2 5 4 7 2 6 0 5 2 4 4 1 5 5 1 0 6 3
3 3 39 1 36 40 11 12
3 2 20 21 7 31 2
#c 3 1 0 3 4 2 2 1 4 2 6 0 0 4 7 3 5 7 6 3 1 1 6 7 7 2 5 4 7 2 6 0 5 2 4 4 1 5 5 1 0 6 3
3 3 9 29 6 8 34 27
3 3 25 33 5 4 35 13
#c 3 1 0 3 4 2 2 1 4 2 6 0 0 4 7 3 5 7 6 3 1 1 6 7 7 2 5 4 7 2 6 0 5 2 4 4 1 5 5 1 0 6 3
#c 3 1 0 3 4 2 2 1 4 2 6 0 0 4 7 3 5 7 6 3 1 1 6 7 7 2 5 4 7 2 6 0 5 2 4 4 1 5 5 1 0 6 3
2 2 13 27 38 26
4 3 8 4 34 35 37 16 32
#c 3 1 0 3 4 2 2 1 4 2 6 0 0 5 7 3 5 7 6 3 1 1 6 7 7 2 4 5 7 2 6 0 5 2 4 4 1 5 4 1 0 6 3
#c 3 1 0 3 4 2 2 1 4 2 6 0 0 5 7 3 5 7 6 3 1 1 6 7 7 2 4 5 7 2 6 0 5 2 4 4 1 5 4 1 0 6 3
2 2 30 18 6 29
3 4 22 41 10 25 33 5 9
#c 3 1 0 3 4 2 2 1 4 2 6 0 0 5 7 3 5 7 6 3 1 1 6 7 7 2 4 5 7 2 6 0 5 2 4 4 1 5 4 1 0 6 3
1 1 14 26
4 5 23 24 17 28 8 4 34 35 38
#c 3 1 0 3 4 2 2 1 4 2 6 0 0 5 4 3 5 7 6 3 1 1 6 7 7 2 7 5 7 2 6 0 5 2 4 4 1 5 4 1 0 6 3
1 2 31 4 35
4 4 11 40 2 12 8 34 38 14
#c 3 1 0 3 4 2 2 1 4 2 6 0 0 5 4 3 5 7 6 3 1 1 6 7 7 2 7 5 7 2 6 0 5 2 4 4 1 5 4 1 0 6 3
3 3 20 36 39 13 32 37
3 2 1 21 7 16 27
#c 3 1 0 3 4 2 2 1 4 2 6 0 0 5 4 3 5 7 6 3 1 1 6 7 7 2 7 5 7 2 6 0 5 2 4 4 1 5 4 1 0 6 3
1 1 9 22
5 4 6 25 33 5 29 30 18 41 10
#c 3 1 0 3 4 2 2 1 4 2 6 0 0 5 4 3 5 7 6 3 1 1 6 7 7 2 7 5 7 2 6 0 5 2 4 4 1 5 4 1 0 6 3
#c 3 1 0 3 4 2 2 1 4 2 6 0 0 5 4 3 5 7 6 3 1 1 6 7 7 2 7 5 7 2 6 0 5 2 4 4 1 5 4 1 0 6 3
1 1 34 31
5 4 8 4 35 38 14 11 40 2 12
#c 3 1 0 3 4 2 2 1 4 2 6 0 0 5 4 3 5 7 6 3 1 1 6 7 7 2 7 5 7 2 6 0 5 2 4 4 1 5 4 1 0 6 3
#c 3 1 0 3 4 2 2 1 4 2 6 0 0 5 4 3 5 7 6 3 1 1 6 7 7 2 7 5 7 2 6 0 5 2 4 4 1 5 4 1 0 6 3
2 2 22 10 32 16
3 3 30 18 41 37 13 27
#c 3 1 0 3 4 2 2 1 4 2 6 0 0 5 4 3 5 7 6 3 1 1 6 7 7 2 7 5 7 2 6 0 5 2 4 4 1 5 4 1 0 6 3
1 2 28 10 30
4 3 23 24 17 26 22 18 41
#c 3 1 0 3 4 2 2 1 4 2 6 0 0 5 4 3 5 7 6 3 1 1 6 7 7 2 7 5 7 2 6 0 5 2 4 4 1 5 4 1 0 6 3
2 2 12 11 7 1
3 4 31 40 2 39 20 36 21
#c 3 1 0 3 4 2 2 1 4 2 6 0 0 5 4 3 5 7 6 3 1 1 6 7 7 2 7 5 7 2 6 0 5 2 4 4 1 5 4 1 0 6 3
3 3 21 20 36 32 16 37
3 2 1 39 7 13 27
#c 3 1 0 3 4 2 2 1 4 2 6 0 0 5 4 3 5 7 6 3 1 1 6 7 7 2 7 5 7 2 6 0 5 2 4 4 1 5 4 1 0 6 3
#c 3 1 0 3 4 2 2 1 4 2 6 0 0 5 4 3 5 7 6 3 1 1 6 7 7 2 7 5 7 2 6 0 5 2 4 4 1 5 4 1 0 6 3
2 2 19 42 9 29
3 4 3 15 0 6 25 33 5
#c 3 1 0 3 4 2 2 1 4 2 6 0 0 5 4 3 5 7 6 3 1 1 6 7 7 2 7 5 7 2 6 0 5 2 4 4 1 5 4 1 0 6 3
2 4 35 34 0 15 3 19
4 1 8 4 38 14 42
#c 3 1 0 3 4 2 2 1 4 2 6 0 0 5 4 3 5 7 6 3 1 1 6 7 7 2 7 5 7 2 6 0 5 2 4 4 1 5 4 1 0 6 3
2 2 37 32 42 19
3 3 16 13 27 3 15 0
#c 3 1 0 3 4 2 2 1 4 2 6 0 0 5 4 3 5 7 6 3 1 1 6 7 7 2 7 5 7 2 6 0 5 2 4 4 1 5 4 1 0 6 3
2 2 18 22 42 19
3 3 30 41 10 3 15 0
#c 3 1 0 3 4 2 2 1 4 2 6 0 0 5 4 3 5 7 6 3 1 1 6 7 7 2 7 5 7 2 6 0 5 2 4 4 1 5 4 1 0 6 3
1 1 24 29
4 5 23 17 28 26 6 25 33 5 9
#c 3 1 0 3 4 2 2 1 4 2 6 0 0 5 4 3 5 7 6 3 1 1 6 7 7 2 7 5 7 2 6 0 5 2 4 4 1 5 4 1 0 6 3
4 5 11 40 2 12 8 4 34 38 14
#c 3 1 0 3 4 2 2 1 4 2 6 0 0 5 4 3 5 7 6 3 1 1 6 7 7 2 7 5 7 2 6 0 5 2 4 4 1 5 4 1 0 6 3
1 1 36 4
5 5 1 39 20 21 7 8 34 35 38 14
#c 3 1 0 3 4 2 2 1 4 2 6 0 0 5 4 3 5 7 6 3 1 1 6 7 7 2 7 5 7 2 6 0 5 2 4 4 1 5 4 1 0 6 3
3 3 9 25 29 36 1 7
3 3 6 33 5 39 20 21
#c 3 1 0 3 4 2 2 1 4 2 6 0 0 5 4 3 5 7 6 3 1 1 6 7 7 2 7 5 7 2 6 0 5 2 4 4 1 5 4 1 0 6 3
2 2 15 19 17 26
3 3 3 0 42 23 24 28
#c 3 1 0 3 4 2 2 1 4 2 6 0 0 5 4 3 5 7 6 3 1 1 6 7 7 2 7 5 7 2 6 0 5 2 4 4 1 5 4 1 0 6 3
1 1 14 12
5 4 8 4 34 35 38 31 11 40 2
#c 3 1 0 3 4 2 2 1 4 2 6 0 0 5 4 3 5 7 6 3 1 1 6 7 7 2 7 5 7 2 6 0 5 2 4 4 1 5 4 1 0 6 3
2 2 27 13 9 6
3 4 37 16 32 25 33 5 29
#c 3 1 0 3 4 2 2 1 4 2 6 0 0 5 4 3 5 7 6 3 1 1 6 7 7 2 7 5 7 2 6 0 5 2 4 4 1 5 4 1 0 6 3
1 1 22 20
4 5 30 18 41 10 1 39 36 21 7
#c 3 1 0 3 4 2 2 1 4 2 6 0 0 5 4 3 5 7 6 3 1 1 6 7 7 2 7 5 7 2 6 0 5 2 4 4 1 5 4 1 0 6 3
1 1 23 6
4 5 24 17 28 26 25 33 5 29 9
#c 3 1 0 3 4 2 7 1 4 2 6 0 0 5 4 3 5 7 6 3 1 1 6 2 7 2 7 5 7 2 6 0 5 2 4 4 1 5 4 1 0 6 3
1 1 31 4
4 5 11 40 2 12 8 34 35 38 14
#c 3 1 0 3 4 2 7 1 4 2 6 0 0 5 4 3 5 7 6 3 1 1 6 2 7 2 7 5 7 2 6 0 5 2 4 4 1 5 4 1 0 6 3
3 3 1 7 20 16 37 27
3 2 39 36 21 32 13
#c 3 1 0 3 4 2 7 1 4 2 6 0 0 5 4 3 5 7 6 3 1 1 6 2 7 2 7 5 7 2 6 0 5 2 4 4 1 5 4 1 0 6 3
3 4 25 5 33 7 20 21 1
3 2 29 9 23 39 36
#c 3 1 0 3 4 2 7 1 4 2 6 0 0 5 4 3 5 7 6 3 1 1 6 2 7 2 7 5 7 2 6 0 5 2 4 4 1 5 4 1 0 6 3
#c 3 1 0 3 4 2 7 1 4 2 6 0 0 5 4 3 5 7 6 3 1 1 6 2 7 2 7 5 7 2 6 0 5 2 4 4 1 5 4 1 0 6 3
1 3 8 11 2 31
5 2 4 34 35 38 14 40 12
#c 3 1 0 3 4 2 7 1 4 2 6 0 0 5 4 3 5 7 6 3 1 1 6 2 7 2 7 5 7 2 6 0 5 2 4 4 1 5 4 1 0 6 3
#c 3 1 0 3 4 2 7 1 4 2 6 0 0 5 4 3 5 7 6 3 1 1 6 2 7 2 7 5 7 2 6 0 5 2 4 4 1 5 4 1 0 6 3
2 2 18 22 37 32
3 3 30 41 10 16 13 27
#c 3 1 0 3 4 2 7 1 4 2 6 0 0 5 4 3 5 7 6 3 1 1 6 2 7 2 7 5 7 2 6 0 5 2 4 4 1 5 4 1 0 6 3
1 2 17 8 38
4 4 24 28 26 6 4 34 35 14
#c 3 1 0 3 4 2 7 1 7 2 6 0 0 5 4 3 5 4 6 3 1 1 6 2 7 2 7 5 7 2 6 0 5 2 4 4 1 5 7 1 0 6 3
1 1 40 0
4 4 31 11 2 12 3 19 15 42
#c 3 1 0 3 4 2 7 1 7 2 6 0 0 5 4 3 5 4 6 3 1 1 6 2 7 2 7 5 7 2 6 0 5 2 4 4 1 5 7 1 0 6 3
1 1 21 38
5 5 1 39 20 36 7 24 28 26 6 8
#c 3 1 0 3 4 2 7 1 7 2 6 0 0 5 4 3 5 4 6 3 1 1 6 2 7 2 7 5 7 2 6 0 5 2 4 4 1 5 7 1 0 6 3
2 1 23 5 15
4 4 25 33 29 9 3 19 0 42
#c 3 1 0 3 4 2 7 1 7 2 6 0 0 5 4 3 5 4 6 3 1 1 6 2 7 2 7 5 7 2 6 0 5 2 4 4 1 5 7 1 0 6 3
2 2 15 42 29 23
3 4 3 19 0 25 33 5 9
#c 3 1 0 3 4 2 7 1 7 2 6 0 0 5 4 3 5 4 6 3 1 1 6 2 7 2 7 5 7 2 6 0 5 2 4 4 1 5 7 1 0 6 3
1 3 14 36 39 20
4 3 4 34 35 17 1 21 7
#c 3 1 0 3 4 2 7 1 7 2 6 0 0 5 4 3 5 4 6 3 1 1 6 2 7 2 7 5 7 2 6 0 5 2 4 4 1 5 7 1 0 6 3
1 1 27 25
4 5 37 16 32 13 33 5 29 9 23
#c 3 1 0 3 4 2 7 1 7 2 6 0 0 5 4 3 5 4 6 3 1 1 6 2 7 2 7 5 7 2 6 0 5 2 4 4 1 5 7 1 0 6 3
1 1 10 1
4 5 22 30 18 41 39 20 36 21 7
#c 3 1 0 3 4 2 7 1 7 2 6 0 0 5 4 3 5 4 6 3 1 1 6 2 7 2 7 5 7 2 6 0 5 2 4 4 1 5 7 1 0 6 3
3 3 6 8 28 4 17 34
3 2 24 26 38 35 14
#c 3 1 0 3 4 2 7 1 7 2 6 0 0 5 4 3 5 4 6 3 1 1 6 2 7 2 7 5 7 2 6 0 5 2 4 4 1 5 7 1 0 6 3
1 1 11 1
4 5 31 40 2 12 39 20 36 21 7
#c 3 1 0 3 4 2 7 1 7 2 6 0 0 5 4 3 5 4 6 3 1 1 6 2 7 2 7 5 7 2 6 0 5 2 4 4 1 5 7 1 0 6 3
1 1 21 37
5 4 1 39 20 36 7 16 32 13 27
#c 3 1 0 3 4 2 7 1 7 2 6 0 0 5 4 3 5 4 6 3 1 1 6 2 7 2 7 5 7 2 6 0 5 2 4 4 1 5 7 1 0 6 3
2 2 33 23 10 18
4 3 25 5 29 9 22 30 41
#c 3 1 0 3 4 2 7 1 7 2 6 0 0 5 4 3 5 4 6 3 1 1 6 2 7 2 7 5 7 2 6 0 5 2 4 4 1 5 7 1 0 6 3
1 1 15 18
4 4 3 19 0 42 22 30 41 10
#c 3 1 0 3 4 2 7 1 7 2 6 0 0 5 4 3 5 4 6 3 1 1 6 2 7 2 7 5 7 2 6 0 5 2 4 4 1 5 7 1 0 6 3
1 1 34 2
4 4 4 35 14 17 31 11 40 12
#c 3 1 4 3 4 2 7 1 7 2 6 0 0 5 4 3 5 4 6 3 1 1 6 2 7 2 7 5 7 2 6 0 5 2 0 4 1 5 7 1 0 6 3
1 2 27 38 24
4 4 37 16 32 13 28 26 6 8
#c 3 1 4 3 4 2 7 1 7 2 6 0 0 5 4 3 5 4 6 3 1 1 6 2 7 2 7 5 7 2 6 0 5 2 0 4 1 5 7 1 0 6 3
1 1 30 34
4 4 22 18 41 10 31 11 40 12
#c 3 1 4 3 4 2 7 1 7 2 6 0 0 5 4 3 5 4 6 3 1 1 6 2 7 2 7 5 7 2 6 0 5 2 0 4 1 5 7 1 0 6 3
3 3 24 38 8 31 40 34
3 2 28 26 6 11 12
#c 3 1 4 3 4 2 7 1 7 2 6 0 0 5 4 3 5 4 6 3 1 1 6 2 7 2 7 5 7 2 6 0 5 2 0 4 1 5 7 1 0 6 3
1 1 11 28
4 5 31 40 12 34 24 26 6 8 38
#c 3 1 4 3 4 2 7 1 7 2 6 0 0 5 4 3 5 4 6 3 1 1 6 2 7 2 7 5 7 2 6 0 5 2 0 4 1 5 7 1 0 6 3
3 4 21 36 20 23 25 33 5
3 2 1 39 7 29 9
#c 3 1 4 3 4 2 7 1 7 2 6 0 0 5 4 3 5 4 6 3 1 1 6 2 7 2 7 5 7 2 6 0 5 2 0 4 1 5 7 1 0 6 3
3 2 25 23 29 42 15
3 3 33 5 9 3 19 0
#c 3 1 4 3 4 2 7 1 7 2 6 0 0 5 4 3 5 4 6 3 1 1 6 2 7 2 7 5 7 2 6 0 5 2 0 4 1 5 7 1 0 6 3
1 1 3 12
3 1 4 3 4 2 7 1 7 2 6 0 0 5 4 3 5 4 6 3 1 1 6 2 7 2 7 5 7 2 6 0 5 2 0 4 1 5 7 1 0 6 3
