#c 0 1 2 3 4 5 6 0 1 2 3 4 5 6 0 1 2 3 4 5 6 0 1 2 3 4 5 6 0 1 2 3 4 5 6 0 1 2 3 4 5 6 0 1 2 3 4 5 6 0 1 2 3 4 5 6 0 1 2 3 4 5 6 0 1 2 3 4 5 6 0 1 2 3 4 5 6 0 1 2
1 1 29 73
11 10 1 8 15 22 36 43 50 57 64 71 78 3 10 17 24 31 38 45 52 59 66
#c 0 1 2 3 4 5 6 0 1 2 3 4 5 6 0 1 2 3 4 5 6 0 1 2 3 4 5 6 0 3 2 3 4 5 6 0 1 2 3 4 5 6 0 1 2 3 4 5 6 0 1 2 3 4 5 6 0 1 2 3 4 5 6 0 1 2 3 4 5 6 0 1 2 1 4 5 6 0 1 2
2 2 51 2 78 36
10 10 9 16 23 30 37 44 58 65 72 79 1 8 15 22 43 50 57 64 71 73
#c 0 1 1 3 4 5 6 0 1 2 3 4 5 6 0 1 2 3 4 5 6 0 1 2 3 4 5 6 0 3 2 3 4 5 6 0 2 2 3 4 5 6 0 1 2 3 4 5 6 0 1 1 3 4 5 6 0 1 2 3 4 5 6 0 1 2 3 4 5 6 0 1 2 1 4 5 6 0 2 2
3 1 31 59 17 7
8 11 3 10 24 38 45 52 66 29 0 14 21 28 35 42 49 56 63 70 77
#c 0 1 1 3 4 5 6 0 1 2 3 4 5 6 0 1 2 3 4 5 6 0 1 2 3 4 5 6 0 3 2 3 4 5 6 0 2 2 3 4 5 6 0 1 2 3 4 5 6 0 1 1 3 4 5 6 0 1 2 3 4 5 6 0 1 2 3 4 5 6 0 1 2 1 4 5 6 0 2 2
5 5 18 11 39 60 67 66 10 24 38 45
6 6 4 25 32 46 53 74 3 17 31 52 59 29
#c 0 1 1 3 4 5 6 0 1 2 3 4 5 6 0 1 2 3 4 5 6 0 1 2 3 4 5 6 0 3 2 3 4 5 6 0 2 2 3 4 5 6 0 1 2 3 4 5 6 0 1 1 3 4 5 6 0 1 2 3 4 5 6 0 1 2 3 4 5 6 0 1 2 1 4 5 6 0 2 2
3 3 61 26 5 11 32 46
8 8 12 19 33 40 47 54 68 75 4 18 25 39 53 60 67 74
#c 0 1 1 3 4 5 6 0 1 2 3 4 5 6 0 1 2 3 4 5 6 0 1 2 3 4 5 6 0 3 2 3 4 5 6 0 2 2 3 4 5 6 0 1 2 3 4 5 6 0 1 1 3 4 5 6 0 1 2 3 4 5 6 0 1 2 3 4 5 6 0 1 2 1 4 5 6 0 2 2
1 1 27 42
10 11 6 13 20 34 41 48 55 62 69 76 0 7 14 21 28 35 49 56 63 70 77
#c 0 1 1 3 4 5 6 0 1 2 3 4 5 6 0 1 2 3 4 5 6 0 1 2 3 4 5 0 0 3 2 3 4 5 6 0 2 2 3 4 5 6 6 1 2 3 4 5 6 0 1 1 3 4 5 6 0 1 2 3 4 5 6 0 1 2 3 4 5 6 0 1 2 1 4 5 6 0 2 2
4 5 63 7 14 35 71 22 64 43 8
8 7 0 21 28 49 56 70 77 27 1 15 50 57 73 51 2
#c 0 1 1 3 4 5 6 0 1 2 3 4 5 6 0 1 2 3 4 5 6 0 1 2 3 4 5 0 0 3 2 3 4 5 6 0 2 2 3 4 5 6 6 1 2 3 4 5 6 0 1 1 3 4 5 6 0 1 2 3 4 5 6 0 1 2 3 4 5 6 0 1 2 1 4 5 6 0 2 2
4 5 1 22 71 2 42 69 41 34 76
8 6 8 15 43 50 57 64 73 51 6 13 20 48 55 62
#c 0 1 1 3 4 5 6 0 1 2 3 4 5 6 0 1 2 3 4 5 6 0 1 2 3 4 5 0 0 3 2 3 4 5 6 0 2 2 3 4 5 6 6 1 2 3 4 5 6 0 1 1 3 4 5 6 0 1 2 3 4 5 6 0 1 2 3 4 5 6 0 1 2 1 4 5 6 0 2 2
2 2 65 78 46 32
10 9 9 16 23 30 37 44 58 72 79 36 4 11 18 25 39 53 60 67 74
#c 0 1 1 3 4 5 6 0 1 2 3 4 5 6 0 1 2 3 4 5 6 0 1 2 3 4 5 0 0 3 2 3 2 5 6 0 2 2 3 4 5 6 6 1 2 3 2 5 6 0 1 1 3 4 5 6 0 1 2 3 4 5 6 0 1 4 3 4 5 6 0 1 2 1 4 5 6 0 4 2
3 2 66 59 17 25 67
8 9 3 10 24 31 38 45 52 29 4 11 18 39 53 60 74 65 78
#c 0 1 1 3 4 5 6 0 1 2 3 4 5 6 0 1 2 3 4 5 6 0 1 2 3 4 5 0 0 3 2 3 2 5 6 0 2 2 3 4 5 6 6 1 2 3 2 5 6 0 1 1 3 4 5 6 0 1 2 3 4 5 6 0 1 4 3 4 5 6 0 1 2 1 4 5 6 0 4 2
1 1 78 50
10 11 4 11 18 25 39 53 60 67 74 65 1 8 15 22 43 57 64 71 73 51 2
#c 0 1 1 3 4 5 6 0 1 2 3 4 5 6 0 1 2 3 4 5 6 0 1 2 3 4 5 0 0 3 2 3 2 5 6 0 2 2 3 4 5 6 6 1 2 3 2 5 6 0 4 1 3 4 5 6 0 1 2 3 4 5 6 0 1 4 3 4 5 6 0 1 2 1 4 5 6 0 1 2
1 1 12 23
10 11 5 19 26 33 40 47 54 61 68 75 9 16 30 37 44 58 72 79 36 46 32
#c 0 1 1 3 4 5 6 0 1 2 3 4 5 6 0 1 2 3 4 5 6 0 1 2 3 4 5 0 0 3 2 3 2 5 6 0 2 2 3 4 5 6 6 1 2 3 2 5 6 0 4 1 3 4 5 6 0 1 2 3 4 5 6 0 1 4 3 4 5 6 0 1 2 1 4 5 6 0 1 2
1 1 48 2
10 11 6 13 20 34 41 55 62 69 76 42 1 8 15 22 43 57 64 71 73 51 78
#c 0 1 6 3 4 5 6 0 1 2 3 4 5 6 0 1 2 3 4 5 6 0 1 2 3 4 5 0 0 3 2 3 2 5 6 0 2 2 3 4 5 6 6 1 2 3 2 5 1 0 4 1 3 4 5 6 0 1 2 3 4 5 6 0 1 4 3 4 5 6 0 1 2 1 4 5 6 0 1 2
2 2 14 7 71 43
10 10 0 21 28 35 49 56 63 70 77 27 1 8 15 22 57 64 73 51 78 48
#c 0 1 6 3 4 5 6 0 1 2 3 4 5 6 0 1 2 3 4 5 6 0 1 2 3 4 5 0 0 3 2 3 2 5 6 0 2 2 3 4 5 6 6 1 2 3 2 5 1 0 4 1 3 4 5 6 0 1 2 3 4 5 6 0 1 4 3 4 5 6 0 1 2 1 4 5 6 0 1 2
5 3 22 8 71 1 73 68 33 54
7 8 15 43 57 64 51 78 48 5 12 19 26 40 47 61 75
#c 0 1 6 3 4 5 6 0 1 2 3 4 5 6 0 1 2 3 4 5 6 0 1 2 3 4 5 0 0 3 2 3 2 5 6 0 2 2 3 4 5 6 6 1 2 3 2 5 1 0 4 1 3 4 5 6 0 1 2 3 4 5 6 0 1 4 3 4 5 6 0 1 2 1 4 5 6 0 1 2
3 3 72 46 44 39 74 50
9 8 9 16 23 30 37 58 79 36 32 4 11 18 25 53 60 67 65
#c 0 1 6 3 4 5 6 0 1 2 3 4 5 6 0 1 2 3 4 5 6 0 1 2 3 4 5 0 0 3 2 3 2 5 6 0 2 2 3 4 5 6 6 1 2 3 2 5 1 0 4 1 3 4 5 6 0 1 2 3 4 5 6 0 1 4 3 4 5 6 0 1 2 1 4 5 6 0 1 2
#c 0 1 6 3 4 5 6 0 1 2 3 4 5 6 0 1 2 3 4 5 6 0 1 2 3 4 5 0 0 3 2 3 2 5 6 0 2 2 3 4 5 6 6 1 2 3 2 5 1 0 4 1 3 4 5 6 0 1 2 3 4 5 6 0 1 4 3 4 5 6 0 1 2 1 4 5 6 0 1 2
2 2 50 65 31 10
9 9 4 11 18 25 39 53 60 67 74 3 17 24 38 45 52 59 66 29
#c 0 1 6 3 4 5 6 0 1 2 4 4 5 6 0 1 2 3 4 5 6 0 1 2 3 4 5 0 0 3 2 4 2 5 6 0 2 2 3 4 5 6 6 1 2 3 2 5 1 0 3 1 3 4 5 6 0 1 2 3 4 5 6 0 1 3 3 4 5 6 0 1 2 1 4 5 6 0 1 2
4 4 12 5 47 68 8 73 1 64
7 8 19 26 33 40 54 61 75 15 22 43 57 71 51 78 48
#c 0 1 6 3 4 5 6 0 1 2 4 4 5 6 0 1 2 3 4 5 6 0 1 2 3 4 5 0 0 3 2 4 2 5 6 0 2 2 3 4 5 6 6 1 2 3 2 5 1 0 3 1 3 4 5 6 0 1 2 3 4 5 6 0 1 3 3 4 5 6 0 1 2 1 4 5 6 0 1 2
1 1 13 71
10 11 6 20 34 41 55 62 69 76 42 2 1 8 15 22 43 57 64 73 51 78 48
#c 0 1 6 3 4 5 6 0 1 2 4 4 5 1 0 1 2 3 4 5 6 0 1 2 3 4 5 0 0 3 2 4 2 5 6 0 2 2 3 4 5 6 6 1 2 3 2 5 1 0 3 1 3 4 5 6 0 1 2 3 4 5 6 0 1 3 3 4 5 6 0 6 2 1 4 5 6 0 1 2
5 5 35 77 14 28 56 40 75 12 26 68
7 6 0 7 21 49 63 70 27 5 19 33 47 54 61
#c 0 1 6 3 4 5 6 0 1 2 4 4 0 1 5 1 2 3 4 5 6 0 1 2 3 4 0 0 5 3 2 4 2 5 6 5 2 2 3 4 0 6 6 1 2 3 2 5 1 0 3 1 3 4 5 6 5 1 2 3 4 5 6 0 1 3 3 4 0 6 0 6 2 1 4 0 6 5 1 2
2 1 51 22 65
10 10 1 8 15 43 57 64 73 78 48 13 3 17 24 38 45 52 59 66 29 50
#c 0 1 6 3 4 5 6 0 1 2 4 4 0 1 5 1 2 3 4 5 6 0 1 2 3 4 0 0 5 3 2 4 2 5 6 5 2 2 3 4 0 6 6 1 2 3 2 5 1 0 3 1 3 4 5 6 5 1 2 3 4 5 6 0 1 3 3 4 0 6 0 6 2 1 4 0 6 5 1 2
5 5 30 9 37 72 44 50 52 45 38 65
7 6 16 23 58 79 36 46 32 3 17 24 59 66 29
#c 0 1 6 3 4 5 6 0 1 2 4 4 0 1 5 1 2 3 4 5 6 0 1 2 3 4 0 0 5 3 2 4 2 5 6 5 2 2 3 4 0 6 6 1 2 3 2 5 1 0 3 1 3 4 5 6 5 1 2 3 4 5 6 0 1 3 3 4 0 6 0 6 2 1 4 0 6 5 1 2
1 1 66 21
10 11 3 17 24 38 45 52 59 29 50 65 0 7 49 63 70 27 40 75 12 26 68
#c 0 1 6 3 4 5 6 0 1 2 4 4 0 1 5 1 2 3 4 5 6 0 1 2 3 4 0 0 5 3 2 4 2 5 6 5 2 2 3 4 0 6 6 1 2 3 2 5 1 0 3 1 3 4 5 6 5 1 2 3 4 5 6 0 1 3 3 4 0 6 0 6 2 1 4 0 6 5 1 2
5 5 4 10 39 18 53 41 34 6 71 20
6 6 11 25 60 67 74 31 55 62 69 76 42 2
#c 0 1 6 3 4 5 6 0 1 2 4 4 0 1 5 1 2 3 4 5 6 0 1 2 3 4 0 0 5 3 2 4 2 5 6 5 2 2 3 4 0 6 6 1 2 3 2 5 1 0 3 1 3 4 5 6 5 1 2 3 4 5 6 0 1 3 3 4 0 6 0 6 2 1 4 0 6 5 1 2
5 5 61 47 77 19 35 20 55 34 69 71
6 6 5 33 54 14 28 56 6 41 62 76 42 2
#c 0 1 6 3 4 5 6 0 1 2 4 4 0 1 5 1 2 3 4 6 5 0 1 2 3 4 0 0 5 3 2 4 2 5 5 6 2 2 3 4 0 6 6 1 2 3 2 6 1 0 3 1 3 4 5 5 5 1 2 3 4 6 6 0 1 3 3 4 0 5 0 5 2 1 4 0 6 6 1 2
1 1 76 34
10 10 6 41 62 42 2 61 47 77 19 35 5 33 54 14 28 56 20 55 69 71
#c 0 1 6 3 4 5 6 0 1 2 4 4 0 1 5 1 2 3 4 6 5 0 1 2 3 4 0 0 5 3 2 4 2 5 5 6 2 2 3 4 0 6 6 1 2 3 2 6 1 0 3 1 3 4 5 5 5 1 2 3 4 6 6 0 1 3 3 4 0 5 0 5 2 1 4 0 6 6 1 2
4 4 49 21 70 27 30 58 9 79
8 8 0 7 63 40 75 12 26 68 16 23 37 44 72 36 46 32
#c 0 1 6 3 4 5 6 0 1 0 4 4 0 1 5 1 2 3 4 6 5 2 1 2 3 4 0 2 5 3 0 4 2 5 5 6 2 2 3 4 0 6 6 1 2 3 2 6 1 2 3 1 3 4 5 5 5 1 0 3 4 6 6 0 1 3 3 4 0 5 2 5 2 1 4 0 6 6 1 0
1 1 13 33
11 10 1 8 15 22 43 57 64 73 51 78 48 5 54 14 28 56 20 55 34 69 71
#c 0 1 6 3 4 5 6 0 1 0 4 4 0 1 5 1 2 3 4 6 5 2 1 2 3 4 0 2 5 3 0 4 2 5 5 6 2 2 3 4 0 6 6 1 2 3 2 6 1 2 3 1 3 4 5 5 5 1 0 3 4 6 6 0 1 3 3 4 0 5 2 5 2 1 4 0 6 6 1 0
6 6 49 27 37 46 72 23 78 8 57 43 48 64
6 6 16 44 36 32 21 70 1 15 22 73 51 13
#c 0 1 6 3 4 5 6 0 1 0 4 4 0 1 5 1 2 3 4 6 5 2 1 2 3 4 0 2 5 3 0 4 2 5 5 6 2 2 3 4 0 6 6 1 2 3 2 6 1 2 3 1 3 4 5 5 5 1 0 3 4 6 6 0 1 3 3 4 0 5 2 5 2 1 4 0 6 6 1 0
1 1 29 18
10 10 3 17 24 38 45 52 59 66 50 65 4 11 25 39 53 60 67 74 31 10
#c 0 1 6 3 4 5 6 0 1 0 4 4 0 1 5 1 2 3 4 6 5 2 1 2 3 4 0 2 5 3 0 4 2 5 5 6 2 2 3 4 0 6 6 1 2 3 2 6 1 2 3 1 3 4 5 5 5 1 0 3 4 6 6 0 1 3 3 4 0 5 2 5 2 1 4 0 6 6 1 0
5 5 39 25 31 4 67 13 73 22 15 43
6 7 11 18 53 60 74 10 1 8 57 64 51 78 48
#c 0 1 6 3 1 5 6 0 1 0 4 4 0 4 5 4 2 3 4 6 5 2 4 2 3 1 0 2 5 3 0 1 2 5 5 6 2 2 3 1 0 6 6 4 2 3 2 6 1 2 3 1 3 4 5 5 5 1 0 3 4 6 6 0 1 3 3 1 0 5 2 5 2 4 4 0 6 6 1 0
3 3 14 5 55 0 30 58
8 9 33 54 28 56 20 34 69 71 7 63 40 75 12 26 68 9 79
#c 0 1 6 3 1 5 6 0 1 0 4 4 0 4 5 4 2 3 4 6 5 2 4 2 3 1 0 2 5 3 0 1 2 5 5 6 2 2 3 1 0 6 6 4 2 3 2 6 1 2 3 1 3 4 5 5 5 1 0 3 4 6 6 0 1 3 3 1 0 5 2 5 2 4 4 0 6 6 1 0
#c 0 1 6 3 1 5 6 0 1 0 4 4 0 4 5 4 2 3 4 6 5 2 4 2 3 1 0 2 5 3 0 1 2 5 5 6 2 2 3 1 0 6 6 4 2 3 2 6 1 2 3 1 3 4 5 5 5 1 0 3 4 6 6 0 1 3 3 1 0 5 2 5 2 4 4 0 6 6 1 0
#c 0 1 6 3 1 5 6 0 1 0 4 4 0 4 5 4 2 3 4 6 5 2 4 2 3 1 0 2 5 3 0 1 2 5 5 6 2 2 3 1 0 6 6 4 2 3 2 6 1 2 3 1 3 4 5 5 5 1 0 3 4 6 6 0 1 3 3 1 0 5 2 5 2 4 4 0 6 6 1 0
6 6 39 78 25 31 57 51 47 6 42 77 2 35
6 5 1 8 64 48 4 67 41 62 76 61 19
#c 0 1 6 3 1 5 6 0 1 0 4 4 0 4 5 4 2 3 4 6 5 2 4 2 3 1 0 2 5 3 0 1 2 5 5 6 2 2 3 1 0 6 6 4 2 3 2 6 1 2 3 1 3 4 5 5 5 1 0 3 4 6 6 0 1 3 3 1 0 5 2 5 2 4 4 0 6 6 1 0
4 4 44 49 27 37 66 65 50 59
8 7 16 23 72 36 46 32 21 70 3 17 24 38 45 52 29
#c 0 1 6 3 1 5 6 0 1 0 4 4 0 4 5 4 2 3 4 6 5 2 4 2 3 1 0 2 5 3 0 1 2 5 5 6 2 2 3 1 0 6 6 4 2 3 2 6 1 2 3 1 3 4 5 5 5 1 0 3 4 6 6 0 1 3 3 1 0 5 2 5 2 4 4 0 6 6 1 0
2 2 17 29 34 20
9 9 3 24 38 45 52 59 66 50 65 5 33 54 14 28 56 55 69 71
#c 0 1 6 3 1 5 6 0 1 0 4 4 0 4 5 4 2 3 4 6 5 2 4 2 3 1 0 2 5 3 0 1 2 5 5 6 2 2 3 1 0 6 6 4 2 3 2 6 1 2 3 1 3 4 5 5 5 1 0 3 4 6 6 0 1 3 3 1 0 5 2 5 2 4 4 0 6 6 1 0
#c 0 1 6 3 1 5 6 0 1 0 4 4 0 4 5 4 2 3 4 6 5 2 4 2 3 1 0 2 5 3 0 1 2 5 5 6 2 2 3 1 0 6 6 4 2 3 2 6 1 2 3 1 3 4 5 5 5 1 0 3 4 6 6 0 1 3 3 1 0 5 2 5 2 4 4 0 6 6 1 0
4 4 28 54 56 33 11 13 18 73
7 7 5 14 20 55 34 69 71 53 60 74 10 22 15 43
#c 0 1 6 3 1 5 6 0 1 0 4 4 0 4 5 4 2 3 4 6 5 2 4 2 3 1 0 2 5 3 0 1 2 5 5 6 2 2 3 1 0 6 6 4 2 3 2 6 1 2 3 1 3 4 5 5 5 1 0 3 4 6 6 0 1 3 3 1 0 5 2 5 2 4 4 0 6 6 1 0
5 5 19 76 47 61 77 53 15 60 11 10
6 6 6 41 62 42 2 35 18 74 13 73 22 43
#c 0 1 6 3 1 5 6 0 1 0 4 4 0 4 5 4 2 3 4 6 5 2 4 2 3 1 0 2 5 3 0 1 2 5 5 6 2 2 3 1 0 6 6 4 2 3 2 6 1 2 3 1 3 4 5 5 5 1 0 3 4 6 6 0 1 3 3 1 0 5 2 5 2 4 4 0 6 6 1 0
5 5 79 75 40 63 0 53 18 15 74 22
7 6 7 12 26 68 30 58 9 11 60 10 13 73 43
#c 0 1 6 3 1 5 6 0 1 0 4 4 0 4 5 4 2 3 4 6 5 2 4 2 3 1 0 2 5 3 0 1 2 5 5 6 2 2 3 1 0 6 6 4 2 3 2 6 1 2 3 1 3 4 5 5 5 1 0 3 4 6 6 0 1 3 3 1 0 5 2 5 2 4 4 0 6 6 1 0
1 1 25 68
11 11 1 8 57 64 51 78 48 39 31 4 67 0 7 63 40 75 12 26 30 58 9 79
#c 0 1 6 3 1 5 6 0 1 0 4 4 0 4 5 4 2 3 4 6 5 2 4 2 3 1 0 2 5 3 0 1 2 5 5 6 2 2 3 1 0 6 6 4 2 3 2 6 1 2 3 1 3 4 5 5 5 1 0 3 4 6 6 0 1 3 3 1 0 5 2 5 2 4 4 0 6 6 1 0
#c 0 1 6 3 1 5 6 0 1 0 4 4 0 4 5 4 2 3 4 6 5 2 4 2 3 1 0 2 5 3 0 1 2 5 5 6 2 2 3 1 0 6 6 4 2 3 2 6 1 2 3 1 3 4 5 5 5 1 0 3 4 6 6 0 1 3 3 1 0 5 2 5 2 4 4 0 6 6 1 0
#c 0 1 6 3 1 5 6 0 1 0 4 4 0 4 5 4 2 3 4 6 5 2 4 2 3 1 0 2 5 3 0 1 2 5 5 6 2 2 3 1 0 6 6 4 2 3 2 6 1 2 3 1 3 4 5 5 5 1 0 3 4 6 6 0 1 3 3 1 0 5 2 5 2 4 4 0 6 6 1 0
2 2 10 74 44 32
9 10 11 18 53 60 13 73 22 15 43 16 23 37 72 36 46 49 21 70 27
#c 0 1 6 3 1 5 6 0 1 0 4 4 0 4 5 4 2 3 4 6 5 2 4 2 3 1 0 2 5 3 0 1 2 5 5 6 2 2 3 1 0 6 6 4 2 3 2 6 1 2 3 1 3 4 5 5 5 1 0 3 4 6 6 0 1 3 3 1 0 5 2 5 2 4 4 0 6 6 1 0
3 5 56 69 54 11 60 43 74 22
8 6 5 33 14 28 20 55 34 71 18 53 10 13 73 15
#c 0 1 6 3 1 5 6 0 1 0 4 4 0 4 5 4 2 3 4 6 5 2 4 2 3 1 0 2 5 3 0 1 2 5 5 6 2 2 3 1 0 6 6 4 2 3 2 6 1 2 3 1 3 4 5 5 5 1 0 3 4 6 6 0 1 3 3 1 0 5 2 5 2 4 4 0 6 6 1 0
3 2 42 77 62 13 22
8 9 6 41 76 2 61 47 19 35 11 18 53 60 74 10 73 15 43
#c 0 1 6 3 1 5 6 0 1 0 4 4 0 4 5 4 2 3 4 6 5 2 4 2 3 1 0 2 5 3 0 1 2 5 5 6 2 2 3 1 0 6 6 4 2 3 2 6 1 2 3 1 3 4 5 5 5 1 0 3 4 6 6 0 1 3 3 1 0 5 2 5 2 4 4 0 6 6 1 0
5 5 0 30 26 68 75 5 20 56 55 71
7 6 7 63 40 12 58 9 79 33 54 14 28 34 69
#c 0 1 6 3 1 5 6 0 1 0 4 4 0 4 5 4 2 3 4 6 5 2 4 2 3 1 0 2 5 3 0 1 2 5 5 6 2 2 3 1 0 6 6 4 2 3 2 6 1 2 3 1 3 4 5 5 5 1 0 3 4 6 6 0 1 3 3 1 0 5 2 5 2 4 4 0 6 6 1 0
#c 0 1 6 3 1 5 6 0 1 0 4 4 0 4 5 4 2 3 4 6 5 2 4 2 3 1 0 2 5 3 0 1 2 5 5 6 2 2 3 1 0 6 6 4 2 3 2 6 1 2 3 1 3 4 5 5 5 1 0 3 4 6 6 0 1 3 3 1 0 5 2 5 2 4 4 0 6 6 1 0
#c 0 1 6 3 1 5 6 0 1 0 4 4 0 4 5 4 2 3 4 6 5 2 4 2 3 1 0 2 5 3 0 1 2 5 5 6 2 2 3 1 0 6 6 4 2 3 2 6 1 2 3 1 3 4 5 5 5 1 0 3 4 6 6 0 1 3 3 1 0 5 2 5 2 4 4 0 6 6 1 0
#c 0 1 6 3 1 5 6 0 1 0 4 4 0 4 5 4 2 3 4 6 5 2 4 2 3 1 0 2 5 3 0 1 2 5 5 6 2 2 3 1 0 6 6 4 2 3 2 6 1 2 3 1 3 4 5 5 5 1 0 3 4 6 6 0 1 3 3 1 0 5 2 5 2 4 4 0 6 6 1 0
5 5 18 43 10 22 53 36 27 70 37 16
6 7 11 60 74 13 73 15 23 44 72 46 32 49 21
#c 0 1 6 3 1 5 6 0 1 0 4 4 0 4 5 4 2 3 4 6 5 2 4 2 3 1 0 2 5 3 0 1 2 5 5 6 2 2 3 1 0 6 6 4 2 3 2 6 1 2 3 1 3 4 5 5 5 1 0 3 4 6 6 0 1 3 3 1 0 5 2 5 2 4 4 0 6 6 1 0
#c 0 1 6 3 1 5 6 0 1 0 4 4 0 4 5 4 2 3 4 6 5 2 4 2 3 1 0 2 5 3 0 1 2 5 5 6 2 2 3 1 0 6 6 4 2 3 2 6 1 2 3 1 3 4 5 5 5 1 0 3 4 6 6 0 1 3 3 1 0 5 2 5 2 4 4 0 6 6 1 0
3 5 19 42 77 64 48 67 78 51
8 7 6 41 62 76 2 61 47 35 1 8 57 39 25 31 4
#c 0 1 6 3 1 5 6 0 1 0 4 4 0 4 5 4 2 3 4 6 5 2 4 2 3 1 0 2 5 3 0 1 2 5 5 6 2 2 3 1 0 6 6 4 2 3 2 6 1 2 3 1 3 4 5 5 5 1 0 3 4 6 6 0 1 3 3 1 0 5 2 5 2 4 4 0 6 6 1 0
#c 0 1 6 3 1 5 6 0 1 0 4 4 0 4 5 4 2 3 4 6 5 2 4 2 3 1 0 2 5 3 0 1 2 5 5 6 2 2 3 1 0 6 6 4 2 3 2 6 1 2 3 1 3 4 5 5 5 1 0 3 4 6 6 0 1 3 3 1 0 5 2 5 2 4 4 0 6 6 1 0
2 3 51 4 68 63 40
10 9 1 8 57 64 78 48 39 25 31 67 0 7 75 12 26 30 58 9 79
#c 0 1 6 3 1 5 6 0 1 0 4 4 0 4 5 4 2 3 4 6 5 2 4 2 3 1 0 2 5 3 0 1 2 5 5 6 2 2 3 1 0 6 6 4 2 3 2 6 1 2 3 1 3 4 5 5 5 1 0 3 4 6 6 0 1 3 3 1 0 5 2 5 2 4 4 0 6 6 1 0
5 5 44 37 72 27 49 15 22 18 10 74
7 6 16 23 36 46 32 21 70 11 53 60 13 73 43
#c 0 1 6 3 1 5 6 0 1 0 4 4 0 4 5 4 2 3 4 6 5 2 4 2 3 1 0 2 5 3 0 1 2 5 5 6 2 2 3 1 0 6 6 4 2 3 2 6 1 2 3 1 3 4 5 5 5 1 0 3 4 6 6 0 1 3 3 1 0 5 2 5 2 4 4 0 6 6 1 0
#c 0 1 6 3 1 5 6 0 1 0 4 4 0 4 5 4 2 3 4 6 5 2 4 2 3 1 0 2 5 3 0 1 2 5 5 6 2 2 3 1 0 6 6 4 2 3 2 6 1 2 3 1 3 4 5 5 5 1 0 3 4 6 6 0 1 3 3 1 0 5 2 5 2 4 4 0 6 6 1 0
1 1 53 2
10 10 11 18 60 74 10 13 73 22 15 43 6 41 62 76 42 61 47 77 19 35
#c 0 1 4 3 1 5 6 0 1 0 4 4 0 4 5 4 2 3 4 6 5 2 4 2 3 1 0 2 5 3 0 1 2 5 5 6 2 2 3 1 0 6 6 4 2 3 2 6 1 2 3 1 3 6 5 5 5 1 0 3 4 6 6 0 1 3 3 1 0 5 2 5 2 4 4 0 6 6 1 0
3 3 34 54 28 27 49 44
8 9 5 33 14 56 20 55 69 71 16 23 37 72 36 46 32 21 70
#c 0 1 4 3 1 5 6 0 1 0 4 4 0 4 5 4 2 3 4 6 5 2 4 2 3 1 0 2 5 3 0 1 2 5 5 6 2 2 3 1 0 6 6 4 2 3 2 6 1 2 3 1 3 6 5 5 5 1 0 3 4 6 6 0 1 3 3 1 0 5 2 5 2 4 4 0 6 6 1 0
3 3 53 77 35 37 32 21
8 9 6 41 62 76 42 61 47 19 16 23 44 72 36 46 49 70 27
#c 0 1 4 3 1 5 6 0 1 0 4 4 0 4 5 4 2 3 4 6 5 2 4 2 3 1 0 2 5 3 0 1 2 5 5 6 2 2 3 1 0 6 6 4 2 3 2 6 1 2 3 1 3 6 5 5 5 1 0 3 4 6 6 0 1 3 3 1 0 5 2 5 2 4 4 0 6 6 1 0
2 2 68 0 23 49
10 10 7 63 40 75 12 26 30 58 9 79 16 37 44 72 36 46 32 21 70 27
#c 0 1 4 3 1 5 6 0 1 0 4 4 0 4 5 4 2 3 4 6 5 2 4 2 3 1 0 2 5 3 0 1 2 5 5 6 2 2 3 1 0 6 6 4 2 3 2 6 1 2 3 1 3 6 5 5 5 1 0 3 4 6 6 0 1 3 3 1 0 5 2 5 2 4 4 0 6 6 1 0
3 5 39 1 31 19 62 42 76 6
9 6 8 57 64 51 78 48 25 4 67 41 61 47 77 35 53
#c 0 1 4 3 1 5 6 0 1 0 4 4 0 4 5 4 2 3 4 6 5 2 4 2 3 1 0 2 5 3 0 1 2 5 5 6 2 2 3 1 0 6 6 4 2 3 2 6 1 2 3 1 3 6 5 5 5 1 0 3 4 6 6 0 1 3 3 1 0 5 2 5 2 4 4 0 6 6 1 0
4 4 46 16 32 23 24 59 29 38
8 7 37 44 72 36 49 21 70 27 3 17 45 52 66 50 65
#c 0 1 4 3 1 5 6 0 1 0 4 4 0 4 5 4 2 3 4 6 5 2 4 2 3 1 0 2 5 3 0 1 2 5 5 6 2 2 3 1 0 6 6 4 2 3 2 6 1 2 3 1 3 6 5 5 5 1 0 3 4 6 6 0 1 3 3 1 0 5 2 5 2 4 4 0 6 6 1 0
2 3 38 3 8 31 1
9 9 17 24 45 52 59 66 29 50 65 57 64 51 78 48 39 25 4 67
#c 0 1 4 3 1 5 6 0 1 0 4 4 0 4 5 4 2 3 4 6 5 2 4 2 3 1 0 2 5 3 0 1 2 5 5 6 2 2 3 1 0 6 6 4 2 3 2 6 1 2 3 1 3 6 5 5 5 1 0 3 4 6 6 0 1 3 3 1 0 5 2 5 2 4 4 0 6 6 1 0
4 4 11 2 13 73 1 57 48 4
7 8 18 60 74 10 22 15 43 8 64 51 78 39 25 31 67
#c 0 1 4 3 1 5 6 0 1 0 4 4 0 4 5 4 2 3 4 6 5 2 4 2 3 1 0 2 5 3 0 1 2 5 5 6 2 2 3 1 0 6 6 4 2 3 2 6 1 2 3 1 3 6 5 5 5 1 0 3 4 6 6 0 1 3 3 1 0 5 2 5 2 4 4 0 6 6 1 0
3 3 56 69 28 58 26 68
8 9 5 33 54 14 20 55 34 71 0 7 63 40 75 12 30 9 79
#c 0 1 4 3 1 5 6 0 1 0 4 4 0 4 5 4 2 3 4 6 5 2 4 2 3 1 0 2 5 3 0 1 2 5 5 6 2 2 3 1 0 6 6 4 2 3 2 6 1 2 3 1 3 6 5 5 5 1 0 3 4 6 6 0 1 3 3 1 0 5 2 5 2 4 4 0 6 6 1 0
#c 0 1 4 3 1 5 6 0 1 0 4 4 0 4 5 4 2 3 4 6 5 2 4 2 3 1 0 2 5 3 0 1 2 5 5 6 2 2 3 1 0 6 6 4 2 3 2 6 1 2 3 1 3 6 5 5 5 1 0 3 4 6 6 0 1 3 3 1 0 5 2 5 2 4 4 0 6 6 1 0
2 2 26 79 70 16
10 10 0 7 63 40 75 12 68 30 58 9 23 37 44 72 36 46 32 49 21 27
#c 0 1 4 3 1 5 6 0 1 0 4 4 0 4 5 4 2 3 4 6 5 2 4 2 3 1 0 2 5 3 0 1 2 5 5 6 2 2 3 1 0 6 6 4 2 3 2 6 1 2 3 1 3 6 5 5 5 1 0 3 4 6 6 0 1 3 3 1 0 5 2 5 2 4 4 0 6 6 1 0
6 6 31 57 51 25 4 64 12 40 7 26 9 58
6 6 1 8 78 48 39 67 0 63 75 68 30 79
#c 0 1 4 3 1 5 6 0 1 0 4 4 0 4 5 4 2 3 4 6 5 2 4 2 3 1 0 2 5 3 0 1 2 5 5 6 2 2 3 1 0 6 6 4 2 3 2 6 1 2 3 1 3 6 5 5 5 1 0 3 4 6 6 0 1 3 3 1 0 5 2 5 2 4 4 0 6 6 1 0
#c 0 1 4 3 1 5 6 0 1 0 4 4 0 4 5 4 2 3 4 6 5 2 4 2 3 1 0 2 5 3 0 1 2 5 5 6 2 2 3 1 0 6 6 4 2 3 2 6 1 2 3 1 3 6 5 5 5 1 0 3 4 6 6 0 1 3 3 1 0 5 2 5 2 4 4 0 6 6 1 0
#c 0 1 4 3 1 5 6 0 1 0 4 4 0 4 5 4 2 3 4 6 5 2 4 2 3 1 0 2 5 3 0 1 2 5 5 6 2 2 3 1 0 6 6 4 2 3 2 6 1 2 3 1 3 6 5 5 5 1 0 3 4 6 6 0 1 3 3 1 0 5 2 5 2 4 4 0 6 6 1 0
5 5 2 43 18 73 74 25 48 64 51 4
6 7 11 60 10 13 22 15 1 8 57 78 39 31 67
#c 0 1 4 3 1 5 6 0 1 0 4 4 0 4 5 4 2 3 4 6 5 2 4 2 3 1 0 2 5 3 0 1 2 5 5 6 2 2 3 1 0 6 6 4 2 3 2 6 1 2 3 1 3 6 5 5 5 1 0 3 4 6 6 0 1 3 3 1 0 5 2 5 2 4 4 0 6 6 1 0
2 2 33 5 74 43
9 9 54 14 28 56 20 55 34 69 71 11 18 60 10 13 73 22 15 2
#c 0 1 4 3 1 5 6 0 1 0 4 4 0 4 5 4 2 3 4 6 5 2 4 2 3 1 0 2 5 3 0 1 2 5 5 6 2 2 3 1 0 6 6 4 2 3 2 6 1 2 3 1 3 6 5 5 5 1 0 3 4 6 6 0 1 3 3 1 0 5 2 5 2 4 4 0 6 6 1 0
5 5 6 53 35 47 61 78 39 25 64 4
6 7 41 62 76 42 77 19 1 8 57 51 48 31 67
#c 0 1 4 3 1 5 6 0 1 0 4 4 0 4 5 4 2 3 4 6 5 2 4 2 3 1 0 2 5 3 0 1 2 5 5 6 2 2 3 1 0 6 6 4 2 3 2 6 1 2 3 1 3 6 5 5 5 1 0 3 4 6 6 0 1 3 3 1 0 5 2 5 2 4 4 0 6 6 1 0
#c 0 1 4 3 1 5 6 0 1 0 4 4 0 4 5 4 2 3 4 6 5 2 4 2 3 1 0 2 5 3 0 1 2 5 5 6 2 2 3 1 0 6 6 4 2 3 2 6 1 2 3 1 3 6 5 5 5 1 0 3 4 6 6 0 1 3 3 1 0 5 2 5 2 4 4 0 6 6 1 0
3 3 25 1 31 43 73 60
9 8 8 57 64 51 78 48 39 4 67 11 18 74 10 13 22 15 2
#c 0 1 4 3 1 5 6 0 1 0 4 4 0 4 5 4 2 3 4 6 5 2 4 2 3 1 0 2 5 3 0 1 2 5 5 6 2 2 3 1 0 6 6 4 2 3 2 6 1 2 3 1 3 6 5 5 5 1 0 3 4 6 6 0 1 3 3 1 0 5 2 5 2 4 4 0 6 6 1 0
4 4 21 37 23 32 10 22 60 2
8 7 16 44 72 36 46 49 70 27 11 18 74 13 73 15 43
#c 0 1 4 3 1 5 6 0 1 0 4 4 0 4 5 4 2 3 4 6 5 2 4 2 3 1 0 2 5 3 0 1 2 5 5 6 2 2 3 1 0 6 6 4 2 3 2 6 1 2 3 1 3 6 5 5 5 1 0 3 4 6 6 0 1 3 3 1 0 5 2 5 2 4 4 0 6 6 1 0
4 3 38 66 29 45 23 46 49
7 9 3 17 24 52 59 50 65 16 37 44 72 36 32 21 70 27
#c 0 1 4 3 1 5 6 0 1 0 4 4 0 4 5 4 2 3 4 6 5 2 4 2 3 1 0 2 5 3 0 1 2 5 5 6 2 2 3 1 0 6 6 4 2 3 2 6 1 2 3 1 3 6 5 5 5 1 0 3 4 6 6 0 1 3 3 1 0 5 2 5 2 4 4 0 6 6 1 0
3 3 2 60 22 35 61 19
8 8 11 18 74 10 13 73 15 43 6 41 62 76 42 47 77 53
#c 0 1 4 3 1 5 6 0 1 0 4 4 0 4 5 4 2 3 4 6 5 2 4 2 3 1 0 2 5 3 0 1 2 5 5 6 2 2 3 1 0 6 6 4 2 3 2 6 1 2 3 1 3 6 5 5 5 1 0 3 4 6 6 0 1 3 3 1 0 5 2 5 2 4 4 0 6 6 1 0
1 1 34 17
10 10 5 33 54 14 28 56 20 55 69 71 3 24 38 45 52 59 66 29 50 65
#c 0 1 4 3 1 5 6 0 1 0 4 4 0 4 5 4 2 3 4 6 5 2 4 2 3 1 0 2 5 3 0 1 2 5 5 6 2 2 3 1 0 6 6 4 2 3 2 6 1 2 3 1 3 6 5 5 5 1 0 3 4 6 6 0 1 3 3 1 0 5 2 5 2 4 4 0 6 6 1 0
3 4 41 76 19 25 48 51 57
8 8 6 62 42 61 47 77 35 53 1 8 64 78 39 31 4 67
#c 0 1 4 3 1 5 6 0 1 0 4 4 0 4 5 4 2 3 4 6 5 2 4 2 3 1 0 2 5 3 0 1 2 5 5 6 2 2 3 1 0 6 6 4 2 3 2 6 1 2 3 1 3 6 5 5 5 1 0 3 4 6 6 0 1 3 3 1 0 5 2 5 2 4 4 0 6 6 1 0
#c 0 1 4 3 1 5 6 0 1 0 4 4 0 4 5 4 2 3 4 6 5 2 4 2 3 1 0 2 5 3 0 1 2 5 5 6 2 2 3 1 0 6 6 4 2 3 2 6 1 2 3 1 3 6 5 5 5 1 0 3 4 6 6 0 1 3 3 1 0 5 2 5 2 4 4 0 6 6 1 0
6 6 57 39 1 51 48 64 2 43 74 73 18 15
6 5 8 78 25 31 4 67 11 60 10 13 22
#c 0 4 1 3 1 5 6 0 1 0 4 4 0 4 5 1 2 3 1 6 5 2 4 2 3 1 0 2 5 3 0 1 2 5 5 6 2 2 3 4 0 6 6 1 2 3 2 6 4 2 3 4 3 6 5 5 5 4 0 3 4 6 6 0 4 3 3 1 0 5 2 5 2 1 1 0 6 6 1 0
6 6 44 70 16 72 32 27 47 62 61 42 41 53
6 5 23 37 36 46 49 21 6 76 77 19 35
#c 0 4 1 3 1 5 6 0 1 0 4 4 0 4 5 1 2 3 1 6 5 2 4 2 3 1 0 2 5 3 0 1 2 5 5 6 2 2 3 4 0 6 6 1 2 3 2 6 4 2 3 4 3 6 5 5 5 4 0 3 4 6 6 0 4 3 3 1 0 5 2 5 2 1 1 0 6 6 1 0
4 4 17 65 45 29 75 7 58 68
7 8 3 24 38 52 59 66 50 0 63 40 12 26 30 9 79
#c 0 4 1 3 1 5 6 0 1 0 4 4 0 4 5 1 2 3 1 6 5 2 4 2 3 1 0 2 5 3 0 1 2 5 5 6 2 2 3 4 0 6 6 1 2 3 2 6 4 2 3 4 3 6 5 5 5 4 0 3 4 6 6 0 4 3 3 1 0 5 2 5 2 1 1 0 6 6 1 0
#c 0 4 1 3 1 5 6 0 1 0 4 4 0 4 5 1 2 3 1 6 5 2 4 2 3 1 0 2 5 3 0 1 2 5 5 6 2 2 3 4 0 6 6 1 2 3 2 6 4 2 3 4 3 6 5 5 5 4 0 3 4 6 6 0 4 3 3 1 0 5 2 5 2 1 1 0 6 6 1 0
2 1 34 56 9
9 11 5 33 54 14 28 20 55 69 71 0 7 63 40 75 12 26 68 30 58 79
#c 0 4 1 3 1 5 6 0 1 0 4 4 0 4 5 1 2 3 1 6 5 2 4 2 3 1 0 2 5 3 0 1 2 5 5 6 2 2 3 4 0 6 6 1 2 3 2 6 4 2 3 4 3 6 5 5 5 4 0 3 4 6 6 0 4 3 3 1 0 5 2 5 2 1 1 0 6 6 1 0
2 2 53 19 13 22
9 9 6 41 62 76 42 61 47 77 35 11 60 10 57 39 1 51 48 64
#c 0 4 1 3 1 5 6 0 1 0 4 4 0 4 5 1 2 3 1 6 5 2 4 2 3 1 0 2 5 3 0 1 2 5 5 6 2 2 3 4 0 6 6 1 2 3 2 6 4 2 3 4 3 6 5 5 5 4 0 3 4 6 6 0 4 3 3 1 0 5 2 5 2 1 1 0 6 6 1 0
3 3 75 26 7 4 2 74
9 9 0 63 40 12 68 30 58 9 79 8 78 25 31 67 43 73 18 15
#c 0 4 1 3 1 5 6 0 1 0 4 4 0 4 5 1 2 3 1 6 5 2 4 2 3 1 0 2 5 3 0 1 2 5 5 6 2 2 3 4 0 6 6 1 2 3 2 6 4 2 3 4 3 6 5 5 5 4 0 3 4 6 6 0 4 3 3 1 0 5 2 5 2 1 1 0 6 6 1 0
2 2 8 78 45 66
10 9 25 31 4 67 2 43 74 73 18 15 3 17 24 38 52 59 29 50 65
#c 0 4 1 3 1 5 6 0 1 0 4 4 0 4 5 1 2 3 1 6 5 2 4 2 3 1 0 2 5 3 0 1 2 5 5 6 2 2 3 4 0 6 6 1 2 3 2 6 4 2 3 4 3 6 5 5 5 4 0 3 4 6 6 0 4 3 3 1 0 5 2 5 2 1 1 0 6 6 1 0
3 3 36 21 70 69 55 56
9 8 16 23 37 44 72 46 32 49 27 5 33 54 14 28 20 34 71
#c 0 4 1 3 1 5 6 0 1 0 4 4 0 4 5 1 2 3 1 6 5 2 4 2 3 1 0 2 5 3 0 1 2 5 5 6 2 2 3 4 0 6 6 1 2 3 2 6 4 2 3 4 3 6 5 5 5 4 0 3 4 6 6 0 4 3 3 1 0 5 2 5 2 1 1 0 6 6 1 0
4 4 45 66 59 3 72 27 46 21
7 8 17 24 38 52 29 50 65 16 23 37 44 36 32 49 70
#c 0 4 1 3 1 5 6 0 1 0 4 4 0 4 5 1 2 3 1 6 5 2 4 2 3 1 0 2 5 3 0 1 2 5 5 6 2 2 3 4 0 6 6 1 2 3 2 6 4 2 3 4 3 6 5 5 5 4 0 3 4 6 6 0 4 3 3 1 0 5 2 5 2 1 1 0 6 6 1 0
1 1 57 26
10 11 11 60 10 13 22 39 1 51 48 64 0 7 63 40 75 12 68 30 58 9 79
#c 0 4 1 3 1 5 6 0 1 0 4 4 0 4 5 1 2 3 1 6 5 2 4 2 3 1 0 2 5 3 0 1 2 5 5 6 2 2 3 4 0 6 6 1 2 3 2 6 4 2 3 4 3 6 5 5 5 4 0 3 4 6 6 0 4 3 3 1 0 5 2 5 2 1 1 0 6 6 1 0
5 5 33 20 28 55 34 48 51 13 11 57
6 6 5 54 14 56 69 71 60 10 22 39 1 64
#c 0 4 1 3 1 5 6 0 1 0 4 4 0 4 5 1 2 3 1 6 5 2 4 2 3 1 0 2 5 3 0 1 2 5 5 6 2 2 3 4 0 6 6 1 2 3 2 6 4 2 3 4 3 6 5 5 5 4 0 3 4 6 6 0 4 3 3 1 0 5 2 5 2 1 1 0 6 6 1 0
4 4 6 42 53 62 9 12 40 63
7 8 41 76 61 47 77 19 35 0 7 75 26 68 30 58 79
#c 0 4 1 3 1 5 6 0 1 0 4 4 0 4 5 1 2 3 1 6 5 2 4 2 3 1 0 2 5 3 0 1 2 5 5 6 2 2 3 4 0 6 6 1 2 3 2 6 4 2 3 4 3 6 5 5 5 4 0 3 4 6 6 0 4 3 3 1 0 5 2 5 2 1 1 0 6 6 1 0
5 5 0 9 63 79 68 46 37 27 23 36
7 7 7 40 75 12 26 30 58 16 44 72 32 49 21 70
#c 0 4 1 3 1 5 6 0 1 0 4 4 0 4 5 1 2 3 1 6 5 2 4 2 3 1 0 2 5 3 0 1 2 5 5 6 2 2 3 4 0 6 6 1 2 3 2 6 4 2 3 4 3 6 5 5 5 4 0 3 4 6 6 0 4 3 3 1 0 5 2 5 2 1 1 0 6 6 1 0
6 6 18 4 25 2 8 31 11 10 39 48 13 22
6 5 78 67 43 74 73 15 60 57 1 51 64
#c 0 4 1 3 1 5 6 0 1 0 4 4 0 4 5 1 2 3 1 6 5 2 4 2 3 1 0 2 5 3 0 1 2 5 5 6 2 2 3 4 0 6 6 1 2 3 2 6 4 2 3 4 3 6 5 5 5 4 0 3 4 6 6 0 4 3 3 1 0 5 2 5 2 1 1 0 6 6 1 0
4 4 21 32 49 23 8 4 31 78
8 8 16 37 44 72 36 46 70 27 25 67 2 43 74 73 18 15
#c 0 4 1 3 2 5 6 0 2 0 4 4 0 4 5 1 2 3 1 6 5 1 4 1 3 1 0 2 5 3 0 2 1 5 5 6 2 2 3 4 0 6 6 1 2 3 2 6 4 1 3 4 3 6 5 5 5 4 0 3 4 6 6 0 4 3 3 1 0 5 2 5 2 1 1 0 6 6 2 0
5 5 3 29 52 59 24 20 5 14 55 71
6 6 17 38 45 66 50 65 33 54 28 56 34 69
#c 0 4 1 3 2 5 6 0 2 0 4 4 0 4 5 1 2 3 1 6 5 1 4 1 3 1 0 2 5 3 0 2 1 5 5 6 2 2 3 4 0 6 6 1 2 3 2 6 4 1 3 4 3 6 5 5 5 4 0 3 4 6 6 0 4 3 3 1 0 5 2 5 2 1 1 0 6 6 2 0
5 5 64 1 13 11 51 38 59 17 66 45
6 6 60 10 22 57 39 48 3 24 52 29 50 65
#c 0 4 1 3 2 5 6 0 2 0 4 4 0 4 5 1 2 3 1 6 5 1 4 1 3 1 0 2 5 3 0 2 1 5 5 6 2 2 3 4 0 6 6 1 2 3 2 6 4 1 3 4 3 6 5 5 5 4 0 3 4 6 6 0 4 3 3 1 0 5 2 5 2 1 1 0 6 6 2 0
2 2 28 56 74 18
9 10 5 33 54 14 20 55 34 69 71 25 67 2 43 73 15 21 32 49 23
#c 0 4 1 3 2 5 6 0 2 0 4 4 0 4 5 1 2 3 1 6 5 1 4 1 3 1 0 2 5 3 0 2 1 5 5 6 2 2 3 4 0 6 6 1 2 3 2 6 4 1 3 4 3 6 5 5 5 4 0 3 4 6 6 0 4 3 3 1 0 5 2 5 2 1 1 0 6 6 2 0
2 3 35 47 5 14 34
9 8 6 41 62 76 42 61 77 19 53 33 54 28 56 20 55 69 71
#c 0 4 1 3 2 5 6 0 2 0 4 4 0 4 5 1 2 3 1 6 5 1 4 1 3 1 0 2 5 3 0 2 1 5 5 6 2 2 3 4 0 6 6 1 2 3 2 6 4 1 3 4 3 6 5 5 5 4 0 3 4 6 6 0 4 3 3 1 0 5 2 5 2 1 1 0 6 6 2 0
4 4 26 9 68 63 6 19 77 76
8 7 0 7 40 75 12 30 58 79 41 62 42 61 47 35 53
#c 0 4 1 3 2 5 6 0 2 0 4 4 0 4 5 1 2 3 1 6 5 1 4 1 3 1 0 2 5 3 0 2 1 5 5 6 2 2 3 4 0 6 6 1 2 3 2 6 4 1 3 4 3 6 5 5 5 4 0 3 4 6 6 0 4 3 3 1 0 5 2 5 2 1 1 0 6 6 2 0
5 5 32 43 2 25 49 39 57 13 60 10
7 6 67 74 73 18 15 21 23 11 22 1 51 48 64
#c 0 4 1 3 2 5 6 0 2 0 4 4 0 4 5 1 2 3 1 6 5 1 4 1 3 1 0 2 5 3 0 2 1 5 5 6 2 2 3 4 0 6 6 1 2 3 2 6 4 1 3 4 3 6 5 5 5 4 0 3 4 6 6 0 4 3 3 1 0 5 2 5 2 1 1 0 6 6 2 0
1 1 72 71
11 10 16 37 44 36 46 70 27 8 4 31 78 5 33 54 14 28 56 20 55 34 69
#c 0 4 1 3 2 5 6 0 2 0 4 4 0 4 5 1 2 3 1 6 5 1 4 1 3 1 0 2 5 3 0 2 1 5 5 6 2 2 3 4 0 6 6 1 2 3 2 6 4 1 3 4 3 6 5 5 5 4 0 3 4 6 6 0 4 3 3 1 0 5 2 5 2 1 1 0 6 6 2 0
3 5 50 17 3 43 25 21 32 2
8 7 24 38 45 52 59 66 29 65 67 74 73 18 15 49 23
#c 0 4 1 3 2 5 6 0 2 0 4 4 0 4 5 1 2 3 1 6 5 1 4 1 3 1 0 2 5 3 0 2 1 5 5 6 2 2 3 4 0 6 6 1 2 3 2 6 4 1 3 4 3 6 5 5 5 4 0 3 4 6 6 0 4 3 3 1 0 5 2 5 2 1 1 0 6 6 2 0
5 5 64 22 60 48 10 0 58 68 12 40
6 7 11 13 57 39 1 51 7 63 75 26 30 9 79
#c 0 4 1 3 2 5 6 0 2 0 4 4 0 4 5 1 2 3 1 6 5 1 4 1 3 1 0 2 5 3 0 2 1 5 5 6 2 2 3 4 0 6 6 1 2 3 2 6 4 1 3 4 3 6 5 5 5 4 0 3 4 6 6 0 4 3 3 1 0 5 2 5 2 1 1 0 6 6 2 0
#c 0 4 1 3 2 5 6 0 2 0 4 4 0 4 5 1 2 3 1 6 5 1 4 1 3 1 0 2 5 3 0 2 1 5 5 6 2 2 3 4 0 6 6 1 2 3 2 6 4 1 3 4 3 6 5 5 5 4 0 3 4 6 6 0 4 3 3 1 0 5 2 5 2 1 1 0 6 6 2 0
5 5 53 62 76 77 19 24 17 65 59 52
6 6 6 41 42 61 47 35 3 38 45 66 29 50
#c 0 4 1 3 2 5 6 0 2 0 4 4 0 4 5 1 2 3 1 6 5 1 4 1 3 1 0 2 5 3 0 2 1 5 5 6 2 2 3 4 0 6 6 1 2 3 2 6 4 1 3 4 3 6 5 5 5 4 0 3 4 6 6 0 4 3 3 1 0 5 2 5 2 1 1 0 6 6 2 0
2 1 58 0 60
10 10 7 63 40 75 12 26 68 30 9 79 11 10 13 22 57 39 1 51 48 64
#c 0 4 1 3 2 5 6 0 2 0 4 4 0 4 5 1 2 3 1 6 5 1 4 1 3 1 0 2 5 3 0 2 1 5 5 6 2 2 3 4 0 6 6 1 2 3 2 6 4 1 3 4 3 6 5 5 5 4 0 3 4 6 6 0 4 3 3 1 0 5 2 5 2 1 1 0 6 6 2 0
1 1 23 71
11 10 25 67 2 43 74 73 18 15 21 32 49 5 33 54 14 28 56 20 55 34 69
#c 0 4 1 3 2 5 6 0 2 0 4 4 0 4 5 1 2 3 1 6 5 1 4 1 3 1 0 2 5 3 0 2 1 5 5 6 2 2 3 4 0 6 6 1 2 3 2 6 4 1 3 4 3 6 5 5 5 4 0 3 4 6 6 0 4 3 3 1 0 5 2 5 2 1 1 0 6 6 2 0
#c 0 4 1 3 2 5 6 0 2 0 4 4 0 4 5 1 2 3 1 6 5 1 4 1 3 1 0 2 5 3 0 2 1 5 5 6 2 2 3 4 0 6 6 1 2 3 2 6 4 1 3 4 3 6 5 5 5 4 0 3 4 6 6 0 4 3 3 1 0 5 2 5 2 1 1 0 6 6 2 0
2 2 29 24 23 21
9 10 3 17 38 45 52 59 66 50 65 25 67 2 43 74 73 18 15 32 49
#c 0 4 1 3 2 5 6 0 2 0 4 4 0 4 5 1 2 3 1 6 5 1 4 1 3 1 0 2 5 3 0 2 1 5 5 6 2 2 3 4 0 6 6 1 2 3 2 6 4 1 3 4 3 6 5 5 5 4 0 3 4 6 6 0 4 3 3 1 0 5 2 5 2 1 1 0 6 6 2 0
1 1 57 15
10 11 11 60 10 13 22 39 1 51 48 64 25 67 2 43 74 73 18 21 32 49 23
#c 0 4 1 3 2 5 6 0 2 0 4 4 0 4 5 1 2 3 1 6 5 1 4 1 3 1 0 2 5 3 0 2 1 5 5 6 2 2 3 4 0 6 6 1 2 3 2 6 4 1 3 4 3 6 5 5 5 4 0 3 4 6 6 0 4 3 3 1 0 5 2 5 2 1 1 0 6 6 2 0
#c 0 4 1 3 2 5 6 0 2 0 4 4 0 4 5 1 2 3 1 6 5 1 4 1 3 1 0 2 5 3 0 2 1 5 5 6 2 2 3 4 0 6 6 1 2 3 2 6 4 1 3 4 3 6 5 5 5 4 0 3 4 6 6 0 4 3 3 1 0 5 2 5 2 1 1 0 6 6 2 0
5 5 76 77 42 6 19 28 34 14 55 56
6 6 41 62 61 47 35 53 5 33 54 20 69 71
#c 0 4 1 3 2 5 6 0 2 0 4 4 0 4 5 1 2 3 1 6 5 1 4 1 3 1 0 2 5 3 0 2 1 5 5 6 2 2 3 4 0 6 6 1 2 3 2 6 4 1 3 4 3 6 5 5 5 4 0 3 4 6 6 0 4 3 3 1 0 5 2 5 2 1 1 0 6 6 2 0
4 4 79 63 26 40 66 17 59 45
8 7 0 7 75 12 68 30 58 9 3 24 38 52 29 50 65
#c 0 4 1 3 2 5 6 0 2 0 4 4 0 4 5 1 2 3 1 6 5 1 4 1 3 1 0 2 5 3 0 2 1 5 5 6 2 2 3 4 0 6 6 1 2 3 2 6 4 1 3 4 3 6 5 5 5 4 0 3 4 6 6 0 4 3 3 1 0 5 2 5 2 1 1 0 6 6 2 0
3 3 73 23 21 56 20 34
9 8 25 67 2 43 74 18 15 32 49 5 33 54 14 28 55 69 71
#c 0 4 1 3 2 5 6 0 2 0 4 4 0 4 5 1 2 3 1 6 5 1 4 1 3 1 0 2 5 3 0 2 1 5 5 6 2 2 3 4 0 6 6 1 2 3 2 6 4 1 3 4 3 6 5 5 5 4 0 3 4 6 6 0 4 3 3 1 0 5 2 5 2 1 1 0 6 6 2 0
6 5 16 27 4 36 44 70 15 67 21 2 74
6 7 37 72 46 8 31 78 25 43 73 18 32 49 23
#c 0 4 2 3 1 5 6 0 2 0 4 4 0 4 5 2 1 3 1 6 5 2 4 1 3 1 0 1 5 3 0 2 1 5 5 6 1 2 3 4 0 6 6 1 1 3 2 6 4 1 3 4 3 6 5 5 5 4 0 3 4 6 6 0 4 3 3 2 0 5 1 5 2 1 2 0 6 6 2 0
10 10 3 17 24 38 45 52 59 29 50 65 37 72 46 8 31 78 15 67 2 74
#c 0 4 2 3 1 5 6 0 2 0 4 4 0 4 5 2 1 3 1 6 5 2 4 1 3 1 0 1 5 3 0 2 1 5 5 6 1 2 3 4 0 6 6 1 1 3 2 6 4 1 3 4 3 6 5 5 5 4 0 3 4 6 6 0 4 3 3 2 0 5 1 5 2 1 2 0 6 6 2 0
3 3 39 22 48 55 5 34
8 8 11 60 10 13 57 1 51 64 33 54 14 28 56 20 69 71
#c 0 4 2 3 1 5 6 0 2 0 4 4 0 4 5 2 1 3 1 6 5 2 4 1 3 1 0 1 5 3 0 2 1 5 5 6 1 2 3 4 0 6 6 1 1 3 2 6 4 1 3 4 3 6 5 5 5 4 0 3 4 6 6 0 4 3 3 2 0 5 1 5 2 1 2 0 6 6 2 0
1 1 5 7
10 11 33 54 14 28 56 20 55 34 69 71 0 63 40 75 12 26 68 30 58 9 79
#c 0 4 2 3 1 0 6 5 2 0 4 4 0 4 5 2 1 3 1 6 5 2 4 1 3 1 0 1 5 3 0 2 1 5 5 6 1 2 3 4 0 6 6 1 1 3 2 6 4 1 3 4 3 6 5 5 5 4 0 3 4 6 6 0 4 3 3 2 0 5 1 5 2 1 2 0 6 6 2 0
2 2 6 61 28 55
9 9 41 62 76 42 47 77 19 35 53 33 54 14 56 20 34 69 71 7
#c 0 4 2 3 1 0 6 5 2 0 4 4 0 4 5 2 1 3 1 6 5 2 4 1 3 1 0 1 5 3 0 2 1 5 5 6 1 2 3 4 0 6 6 1 1 3 2 6 4 1 3 4 3 6 5 5 5 4 0 3 4 6 6 0 4 3 3 2 0 5 1 5 2 1 2 0 6 6 2 0
3 3 12 40 9 2 8 37
9 8 0 63 75 26 68 30 58 79 5 72 46 31 78 15 67 21 74
#c 0 4 2 3 1 0 6 5 2 0 4 4 0 4 5 2 1 3 1 6 5 2 4 1 3 1 0 1 5 3 0 2 1 5 5 6 1 2 3 4 0 6 6 1 1 3 2 6 4 1 3 4 3 6 5 5 5 4 0 3 4 6 6 0 4 3 3 2 0 5 1 5 2 1 2 0 6 6 2 0
2 1 43 23 50
11 10 25 73 18 32 49 16 27 4 36 44 70 3 17 24 38 45 52 59 66 29 65
#c 0 4 2 3 1 0 6 5 2 0 4 4 0 4 5 2 1 3 1 6 5 2 4 1 3 1 0 1 5 3 0 2 1 5 5 6 1 2 3 4 0 6 6 1 1 3 2 6 4 1 3 4 3 6 5 5 5 4 0 3 4 6 6 0 4 3 3 2 0 5 1 5 2 1 2 0 6 6 2 0
2 1 37 74 61
9 10 72 46 8 31 78 15 67 21 2 6 41 62 76 42 47 77 19 35 53
#c 0 4 2 3 1 0 6 5 2 0 4 4 0 4 5 2 1 3 1 6 5 2 4 1 3 1 0 1 5 3 0 2 1 5 5 6 1 2 3 4 0 6 6 1 1 3 2 6 4 1 3 4 3 6 5 5 5 4 0 3 4 6 6 0 4 3 3 2 0 5 1 5 2 1 2 0 6 6 2 0
5 5 59 29 24 3 45 0 68 79 63 58
6 7 17 38 52 66 50 65 40 75 12 26 30 9 5
#c 0 4 2 3 1 0 6 5 2 0 4 4 0 4 5 2 1 3 1 6 5 2 4 1 3 1 0 1 5 3 0 2 1 5 5 6 1 2 3 4 0 6 6 1 1 3 2 6 4 1 3 4 3 6 5 5 5 4 0 3 4 6 6 0 4 3 3 2 0 5 1 5 2 1 2 0 6 6 2 0
2 3 10 60 47 53 41
9 8 11 13 22 57 39 1 51 48 64 6 62 76 42 61 77 19 35
#c 0 4 2 3 1 0 6 5 2 0 4 4 0 4 5 2 1 3 1 6 5 2 4 1 3 1 0 1 5 3 0 2 1 5 5 6 1 2 3 4 0 6 6 1 1 3 2 6 4 1 3 4 3 6 5 5 5 4 0 3 4 6 6 0 4 3 3 2 0 5 1 5 2 1 2 0 6 6 2 0
2 2 14 33 53 42
9 9 54 28 56 20 55 34 69 71 7 6 41 62 76 61 47 77 19 35
#c 0 4 2 3 1 0 6 5 2 0 4 4 0 4 5 2 1 3 1 6 5 2 4 1 3 1 0 1 5 3 0 2 1 5 5 6 1 2 3 4 0 6 6 1 1 3 2 6 4 1 3 4 3 6 5 5 5 4 0 3 4 6 6 0 4 3 3 2 0 5 1 5 2 1 2 0 6 6 2 0
2 2 62 47 70 49
9 11 6 41 76 42 61 77 19 35 53 25 43 73 18 32 23 16 27 4 36 44
#c 0 4 2 3 1 0 6 5 2 0 4 4 0 4 5 2 1 3 1 6 5 2 4 1 3 1 0 1 5 3 0 2 1 5 5 6 1 2 3 4 0 6 6 1 1 3 2 6 4 1 3 4 3 6 5 5 5 4 0 3 4 6 6 0 4 3 3 2 0 5 1 5 2 1 2 0 6 6 2 0
#c 0 4 2 3 1 0 6 5 2 0 4 4 0 4 5 2 1 3 1 6 5 2 4 1 3 1 0 1 5 3 0 2 1 5 5 6 1 2 3 4 0 6 6 1 1 3 2 6 4 1 3 4 3 6 5 5 5 4 0 3 4 6 6 0 4 3 3 2 0 5 1 5 2 1 2 0 6 6 2 0
6 8 70 25 16 36 27 4 8 37 31 21 2 78 67 72
7 3 43 73 18 32 49 23 44 46 15 74
#c 0 4 2 3 1 0 6 5 2 0 4 4 0 4 5 2 1 3 1 6 5 2 4 1 3 1 0 1 5 3 0 2 1 5 5 6 1 2 3 4 0 6 6 1 1 3 2 6 4 1 3 4 3 6 5 5 5 4 0 3 4 6 6 0 4 3 3 2 0 5 1 5 2 1 2 0 6 6 2 0
5 5 74 15 78 2 72 45 52 38 50 29
6 6 37 46 8 31 67 21 3 17 24 59 66 65
#c 0 4 2 3 1 0 6 5 2 0 4 4 0 4 5 2 1 3 1 6 5 2 4 1 3 1 0 1 5 3 0 2 1 5 5 6 1 2 3 4 0 6 6 1 1 3 2 6 4 1 3 4 3 6 5 5 5 4 0 3 4 6 6 0 4 3 3 2 0 5 1 5 2 1 2 0 6 6 2 0
1 1 29 31
0 4 2 3 1 0 6 5 2 0 4 4 0 4 5 2 1 3 1 6 5 2 4 1 3 1 0 1 5 3 0 2 1 5 5 6 1 2 3 4 0 6 6 1 1 3 2 6 4 1 3 4 3 6 5 5 5 4 0 3 4 6 6 0 4 3 3 2 0 5 1 5 2 1 2 0 6 6 2 0
