#c 0 1 2 0 1 2 0 1 2 0 1 2 0 1 2 0 1 2 0 1 2 0 1 2 0 1 2 0 1 2 0 1 2 0 1 2 0 1 2 0 1 2 0 1 2 0 1 2 0 1 2 0 1 2 0 1 2 0 1 2 0 1 2 0 1 2 0 1 2 0 1 2 0 1
9 8 73 49 40 61 16 37 22 1 13 65 5 32 17 62 50 59 20
16 16 4 7 10 19 25 28 31 34 43 46 52 55 58 64 67 70 2 8 11 14 23 26 29 35 38 41 44 47 53 56 68 71
#c 0 1 2 0 1 2 0 1 2 0 1 2 0 1 2 0 1 2 0 1 2 0 1 2 0 1 2 0 1 2 0 1 2 0 1 2 0 1 2 0 1 2 0 1 2 0 1 2 0 1 2 0 1 2 0 1 2 0 1 2 0 1 2 0 1 2 0 1 2 0 1 2 0 1
#c 0 1 2 0 1 2 0 1 2 0 1 2 0 1 2 0 1 2 0 1 2 0 1 2 0 1 2 0 1 2 0 1 2 0 1 2 0 1 2 0 1 2 0 1 2 0 1 2 0 1 2 0 1 2 0 1 2 0 1 2 0 1 2 0 1 2 0 1 2 0 1 2 0 1
7 7 63 6 69 48 39 45 51 5 41 32 44 53 38 8
18 17 0 3 9 12 15 18 21 24 27 30 33 36 42 54 57 60 66 72 2 11 14 17 20 23 26 29 35 47 50 56 59 62 65 68 71
#c 0 1 2 0 1 0 2 1 0 0 1 2 0 1 2 0 1 2 0 1 2 0 1 2 0 1 2 0 1 2 0 1 0 0 1 2 0 1 0 2 1 0 0 1 0 2 1 2 2 1 2 2 1 0 0 1 2 0 1 2 0 1 2 2 1 2 0 1 2 2 1 2 0 1
#c 0 1 2 0 1 0 2 1 0 0 1 2 0 1 2 0 1 2 0 1 2 0 1 2 0 1 2 0 1 2 0 1 0 0 1 2 0 1 0 2 1 0 0 1 0 2 1 2 2 1 2 2 1 0 0 1 2 0 1 2 0 1 2 2 1 2 0 1 2 2 1 2 0 1
#c 0 1 2 0 1 0 2 1 0 0 1 2 0 1 2 0 1 2 0 1 2 0 1 2 0 1 2 0 1 2 0 1 0 0 1 2 0 1 0 2 1 0 0 1 0 2 1 2 2 1 2 2 1 0 0 1 2 0 1 2 0 1 2 2 1 2 0 1 2 2 1 2 0 1
#c 0 1 2 0 1 0 2 1 0 0 1 2 0 1 2 0 1 2 0 1 2 0 1 2 0 1 2 0 1 2 0 1 0 0 1 2 0 1 0 2 1 0 0 1 0 2 1 2 2 1 2 2 1 0 0 1 2 0 1 2 0 1 2 2 1 2 0 1 2 2 1 2 0 1
9 9 61 73 28 40 16 19 25 67 4 0 53 18 33 44 60 8 3 57
16 16 1 7 10 13 22 31 34 37 43 46 49 52 55 58 64 70 9 12 15 21 24 27 30 36 42 54 66 72 5 41 32 38
#c 1 1 2 1 0 0 2 1 1 0 1 2 0 1 2 0 0 2 1 0 2 0 1 2 0 0 2 0 0 2 0 1 0 1 1 2 0 1 0 2 0 0 0 1 1 2 1 2 2 1 2 2 1 1 0 1 2 1 1 2 1 0 2 2 1 2 0 0 2 2 1 2 0 0
#c 1 1 2 1 0 0 2 1 1 0 1 2 0 1 2 0 0 2 1 0 2 0 1 2 0 0 2 0 0 2 0 1 0 1 1 2 0 1 0 2 0 0 0 1 1 2 1 2 2 1 2 2 1 1 0 1 2 1 1 2 1 0 2 2 1 2 0 0 2 2 1 2 0 0
10 10 19 42 66 25 4 61 12 28 24 73 70 13 49 43 7 18 58 1 64 53
15 15 9 15 21 27 30 36 54 72 5 41 32 38 40 16 67 10 22 31 34 37 46 52 55 0 33 44 60 8 3 57
#c 1 0 2 1 1 0 2 0 1 0 1 2 1 0 2 0 0 2 0 1 2 0 1 2 1 1 2 0 1 2 0 1 0 1 1 2 0 1 0 2 0 0 1 0 1 2 1 2 2 0 2 2 1 0 0 1 2 1 0 2 1 1 2 2 0 2 1 0 2 2 0 2 0 1
11 11 28 25 3 61 37 57 55 46 31 22 34 6 59 63 62 65 50 2 56 23 17 29
14 13 10 52 0 33 44 60 8 19 42 66 4 12 24 73 11 14 20 26 35 47 68 71 69 48 39 45 51
#c 1 0 2 1 1 0 2 0 1 0 1 2 1 0 2 0 0 2 0 1 2 0 1 2 1 1 2 0 1 2 0 1 0 1 1 2 0 1 0 2 0 0 1 0 1 2 1 2 2 0 2 2 1 0 0 1 2 1 0 2 1 1 2 2 0 2 1 0 2 2 0 2 0 1
#c 1 0 2 1 1 0 2 0 1 0 1 2 1 0 2 0 0 2 0 1 2 0 1 2 1 1 2 0 1 2 0 1 0 1 1 2 0 1 0 2 0 0 1 0 1 2 1 2 2 0 2 2 1 0 0 1 2 1 0 2 1 1 2 2 0 2 1 0 2 2 0 2 0 1
1 1 70 63
24 23 9 15 21 27 30 36 54 72 5 41 32 38 40 16 67 13 49 43 7 18 58 1 64 53 2 11 14 17 20 23 26 29 35 47 50 56 59 62 65 68 71 6 69 48 39 45 51
#c 1 0 2 1 1 0 2 0 1 0 1 2 1 0 2 0 0 2 0 1 2 0 1 2 1 1 2 0 1 2 0 1 0 1 1 2 0 1 0 2 0 0 1 0 1 2 1 2 2 0 2 2 1 0 0 1 2 1 0 2 1 1 2 0 0 2 1 0 2 2 2 2 0 1
#c 1 0 2 1 1 0 2 0 1 0 1 2 1 0 2 0 0 2 0 1 2 0 1 2 1 1 2 0 1 2 0 1 0 1 1 2 0 1 0 2 0 0 1 0 1 2 1 2 2 0 2 2 1 0 0 1 2 1 0 2 1 1 2 0 0 2 1 0 2 2 2 2 0 1
#c 1 0 2 1 1 0 2 0 1 0 1 2 1 0 2 0 0 2 0 1 2 0 1 2 1 1 2 0 1 2 0 1 0 1 1 2 0 1 0 2 0 0 1 0 1 2 1 2 2 0 2 2 1 0 0 1 2 1 0 2 1 1 2 0 0 2 1 0 2 2 2 2 0 1
4 4 63 53 49 27 22 46 44 19
21 21 9 15 21 30 36 54 72 5 41 32 38 40 16 67 13 43 7 18 58 1 64 10 31 34 37 52 55 0 33 60 8 3 57 42 66 25 4 61 12 28 24 73
#c 1 0 2 1 1 0 2 0 1 0 1 2 1 0 2 0 0 2 0 1 2 0 1 2 1 1 2 0 1 2 0 1 0 1 1 2 0 1 0 2 0 0 1 0 1 2 1 2 2 0 2 2 1 0 0 1 2 1 0 2 1 1 2 0 0 2 1 0 2 2 2 2 0 1
2 2 24 8 58 21
23 23 10 22 31 34 37 46 52 55 0 33 44 60 3 57 19 42 66 25 4 61 12 28 73 9 15 27 30 36 54 72 5 41 32 38 40 16 67 13 49 43 7 18 1 64 53 63
#c 1 0 2 1 1 0 2 0 1 0 1 2 1 0 2 0 0 2 0 1 2 0 1 2 1 1 2 0 1 2 0 1 0 1 1 2 0 1 0 2 0 0 1 0 1 2 1 2 2 0 2 2 1 0 0 1 2 1 0 2 1 1 2 0 0 2 1 0 2 2 2 2 0 1
#c 1 0 2 1 1 0 2 0 1 0 1 2 1 0 2 0 0 2 0 1 2 0 1 2 1 1 2 0 1 2 0 1 0 1 1 2 0 1 0 2 0 0 1 0 1 2 1 2 2 0 2 2 1 0 0 1 2 1 0 2 1 1 2 0 0 2 1 0 2 2 2 2 0 1
8 7 21 43 9 40 63 58 32 72 60 33 42 37 3 31 44
17 18 15 27 30 36 54 5 41 38 16 67 13 49 7 18 1 64 53 10 22 34 46 52 55 0 8 57 19 66 25 4 61 12 28 24 73
#c 1 0 2 1 1 0 2 0 1 0 1 2 1 0 2 0 0 2 0 1 2 0 1 2 1 1 2 0 1 2 0 1 0 1 1 2 0 1 0 2 0 0 1 0 1 2 1 2 2 0 2 2 1 0 0 1 2 1 0 2 1 1 2 0 0 2 1 0 2 2 2 2 0 1
4 4 73 12 42 25 38 21 54 53
21 21 10 22 31 34 37 46 52 55 0 33 44 60 8 3 57 19 66 4 61 28 24 9 15 27 30 36 72 5 41 32 40 16 67 13 49 43 7 18 58 1 64 63
#c 1 0 2 1 1 0 2 0 1 0 1 2 1 0 2 0 0 2 0 1 2 0 1 2 1 1 2 0 1 2 0 1 0 1 1 2 0 1 0 2 0 0 1 0 1 2 1 2 2 0 2 2 1 0 0 1 2 1 0 2 1 1 2 0 0 2 1 0 2 2 2 2 0 1
#c 1 0 2 1 1 0 2 0 1 0 1 2 1 0 2 0 0 2 0 1 2 0 1 2 1 1 2 0 1 2 0 1 0 1 1 2 0 1 0 2 0 0 1 0 1 2 1 2 2 0 2 2 1 0 0 1 2 1 0 2 1 1 2 0 0 2 1 0 2 2 2 2 0 1
10 10 58 21 5 7 67 54 9 43 15 64 11 45 50 26 48 29 14 35 71 65
15 14 27 30 36 72 41 32 38 40 16 13 49 18 1 53 63 2 17 20 23 47 56 59 62 68 6 69 39 51 70
#c 1 0 2 1 1 2 2 2 1 2 1 0 1 0 0 2 0 2 0 1 2 2 1 2 1 1 0 0 1 0 0 1 0 1 1 0 0 1 0 2 0 0 1 2 1 0 1 2 0 0 0 2 1 0 2 1 2 1 2 2 1 1 2 0 2 0 1 2 2 2 2 0 0 1
#c 1 0 2 1 1 2 2 2 1 2 1 0 1 0 0 2 0 2 0 1 2 2 1 2 1 1 0 0 1 0 0 1 0 1 1 0 0 1 0 2 0 0 1 2 1 0 1 2 0 0 0 2 1 0 2 1 2 1 2 2 1 1 2 0 2 0 1 2 2 2 2 0 0 1
6 6 62 20 47 58 69 39 44 22 61 46 25 33
18 19 2 17 23 56 59 68 6 51 70 21 5 7 67 54 9 43 15 64 10 31 34 37 52 55 0 60 8 3 57 19 42 66 4 12 28 24 73
#c 1 0 2 1 1 2 2 2 1 2 1 0 1 0 0 2 0 2 0 1 1 2 2 2 1 2 0 0 1 0 0 1 0 2 1 0 0 1 0 1 0 0 1 2 2 0 2 1 0 0 0 2 1 0 2 1 2 1 1 2 1 2 1 0 2 0 1 2 2 1 2 0 0 1
2 2 38 53 21 54
23 22 27 30 36 72 41 32 40 16 13 49 18 1 63 11 45 50 26 48 29 14 35 71 65 2 17 23 56 59 68 6 51 70 5 7 67 9 43 15 64 44 22 61 46 25 33
#c 1 0 2 1 1 2 2 2 1 2 1 0 1 0 0 2 0 2 0 1 1 2 2 2 1 2 0 0 1 0 0 1 0 2 1 0 0 1 0 1 0 0 1 2 2 0 2 1 0 0 0 2 1 0 2 1 2 1 1 2 1 2 1 0 2 0 1 2 2 1 2 0 0 1
7 7 62 19 24 66 55 42 0 23 44 67 15 61 25 43
18 17 10 31 34 37 52 60 8 3 57 4 12 28 73 20 47 58 69 39 2 17 56 59 68 6 51 70 21 5 7 54 9 64 22 46 33
#c 1 0 2 1 1 2 2 2 1 2 1 0 1 0 0 2 0 2 0 1 1 2 2 2 1 2 0 0 1 0 0 1 0 2 1 0 0 1 0 1 0 0 1 2 2 0 2 1 0 0 0 2 1 0 2 1 2 1 1 2 1 2 1 0 2 0 1 2 2 1 2 0 0 1
#c 1 0 2 1 1 2 2 2 1 2 1 0 1 0 0 2 0 2 0 1 1 2 2 2 1 2 0 0 1 0 0 1 0 2 1 0 0 1 0 1 0 0 1 2 2 0 2 1 0 0 0 2 1 0 2 1 2 1 1 2 1 2 1 0 2 0 1 2 2 1 2 0 0 1
#c 1 0 2 1 1 2 2 2 1 2 1 0 1 0 0 2 0 2 0 1 1 2 2 2 1 2 0 0 1 0 0 1 0 2 1 0 0 1 0 1 0 0 1 2 2 0 2 1 0 0 0 2 1 0 2 1 2 1 1 2 1 2 1 0 2 0 1 2 2 1 2 0 0 1
4 4 19 8 47 31 48 18 63 29
21 21 10 34 37 52 55 0 60 3 57 42 66 4 12 28 24 73 62 20 58 69 39 27 30 36 72 41 32 38 40 16 13 49 1 53 11 45 50 26 14 35 71 65
#c 1 0 2 1 1 2 2 2 1 2 1 0 1 0 0 2 0 2 0 1 1 2 2 2 1 2 0 0 1 0 0 1 0 2 1 0 0 1 0 1 0 0 1 2 2 0 2 1 0 0 0 2 1 0 2 1 2 1 1 2 1 2 1 0 2 0 1 2 2 1 2 0 0 1
6 6 70 46 68 21 43 5 12 39 10 24 52 20
18 19 2 17 23 56 59 6 51 7 67 54 9 15 64 44 22 61 25 33 31 34 37 55 0 60 8 3 57 19 42 66 4 28 73 62 47 58 69
#c 1 0 2 1 1 2 2 2 1 2 1 0 1 0 0 2 0 2 0 1 1 2 2 2 1 2 0 0 1 0 0 1 0 2 1 0 0 1 0 1 0 0 1 2 2 0 2 1 0 0 0 2 1 0 2 1 2 1 1 2 1 2 1 0 2 0 1 2 2 1 2 0 0 1
#c 1 0 2 1 1 2 2 2 1 2 1 0 1 0 0 2 0 2 0 1 1 2 2 2 1 2 0 0 1 0 0 1 0 2 1 0 0 1 0 1 0 0 1 2 2 0 2 1 0 0 0 2 1 0 2 1 2 1 1 2 1 2 1 0 2 0 1 2 2 1 2 0 0 1
#c 1 0 2 1 1 2 2 2 1 2 1 0 1 0 0 2 0 2 0 1 1 2 2 2 1 2 0 0 1 0 0 1 0 2 1 0 0 1 0 1 0 0 1 2 2 0 2 1 0 0 0 2 1 0 2 1 2 1 1 2 1 2 1 0 2 0 1 2 2 1 2 0 0 1
12 12 15 21 23 61 54 64 7 5 68 56 59 33 34 69 57 39 8 10 0 66 73 24 55 19
12 13 2 17 6 51 70 67 9 43 44 22 46 25 31 37 52 60 3 42 4 12 28 62 20 47 58
#c 1 0 2 1 1 2 2 2 1 2 1 0 1 0 0 2 0 2 0 1 1 2 2 2 1 2 0 0 1 0 0 1 0 2 1 0 0 1 0 1 0 0 1 2 2 0 2 1 0 0 0 2 1 0 2 1 2 1 1 2 1 2 1 0 2 0 1 2 2 1 2 0 0 1
12 12 40 72 18 65 29 36 32 16 50 49 45 14 47 4 3 8 10 42 0 55 20 58 57 28
13 13 27 30 41 38 13 1 53 63 11 26 48 35 71 31 34 37 52 60 19 66 12 24 73 62 69 39
#c 1 0 2 1 1 2 2 2 1 2 1 0 1 0 0 2 0 2 0 1 1 2 2 2 1 2 0 0 1 0 0 1 0 2 1 0 0 1 0 1 0 0 1 2 2 0 2 1 0 0 0 2 1 0 2 1 2 1 1 2 1 2 1 0 2 0 1 2 2 1 2 0 0 1
#c 1 0 2 1 1 2 2 2 1 2 1 0 1 0 0 2 0 2 0 1 1 2 2 2 1 2 0 0 1 0 0 1 0 2 1 0 0 1 0 1 0 0 1 2 2 0 2 1 0 0 0 2 1 0 2 1 2 1 1 2 1 2 1 0 2 0 1 2 2 1 2 0 0 1
#c 1 0 2 1 1 2 2 2 1 2 1 0 1 0 0 2 0 2 0 1 1 2 2 2 1 2 0 0 1 0 0 1 0 2 1 0 0 1 0 1 0 0 1 2 2 0 2 1 0 0 0 2 1 0 2 1 2 1 1 2 1 2 1 0 2 0 1 2 2 1 2 0 0 1
1 1 45 62
24 24 27 30 36 72 41 32 38 40 16 13 49 18 1 53 63 11 50 26 48 29 14 35 71 65 10 31 34 37 52 55 0 60 8 3 57 19 42 66 4 12 28 24 73 20 47 58 69 39
#c 1 0 2 1 1 2 2 2 1 2 1 0 1 0 0 2 0 2 0 1 1 2 2 2 1 2 0 0 1 0 0 1 0 2 1 0 0 1 0 1 0 0 1 2 2 0 2 1 0 0 0 2 1 0 2 1 2 1 1 2 1 2 1 0 2 0 1 2 2 1 2 0 0 1
3 3 20 47 28 29 71 11
22 22 10 31 34 37 52 55 0 60 8 3 57 19 42 66 4 12 24 73 62 58 69 39 27 30 36 72 41 32 38 40 16 13 49 18 1 53 63 45 50 26 48 14 35 65
#c 1 0 2 1 1 2 2 2 1 2 1 0 1 0 0 2 0 2 0 1 1 2 2 2 1 2 0 0 1 0 0 1 0 2 1 0 0 1 0 1 0 0 1 2 2 0 2 1 0 0 0 2 1 0 2 1 2 1 1 2 1 2 1 0 2 0 1 2 2 1 2 0 0 1
12 12 17 59 54 67 61 43 68 51 46 33 23 25 66 34 8 69 60 31 24 37 73 28 10 39
12 13 2 56 6 70 21 5 7 9 15 64 44 22 52 55 0 3 57 19 42 4 12 62 20 47 58
#c 1 0 2 1 1 2 2 2 1 2 1 0 1 0 0 2 0 2 0 1 1 2 2 2 1 2 0 0 1 0 0 1 0 2 1 0 0 1 0 1 0 0 1 2 2 0 2 1 0 0 0 2 1 0 2 1 2 1 1 2 1 2 1 0 2 0 1 2 2 1 2 0 0 1
6 6 48 30 14 32 71 27 52 42 37 20 24 34
19 19 36 72 41 38 40 16 13 49 18 1 53 63 11 45 50 26 29 35 65 10 31 55 0 60 8 3 57 19 66 4 12 28 73 62 47 58 69 39
#c 1 0 2 1 1 2 2 2 1 2 1 0 1 0 0 2 0 2 0 1 1 2 2 2 1 2 0 0 1 0 0 1 0 2 1 0 0 1 0 1 0 0 1 2 2 0 2 1 0 0 0 2 1 0 2 1 2 1 1 2 1 2 1 0 2 0 1 2 2 1 2 0 0 1
2 2 4 39 27 72
23 23 10 31 34 37 52 55 0 60 8 3 57 19 42 66 12 28 24 73 62 20 47 58 69 30 36 41 32 38 40 16 13 49 18 1 53 63 11 45 50 26 48 29 14 35 71 65
#c 1 0 2 1 1 2 2 2 1 2 1 0 1 0 0 2 0 2 0 1 1 2 2 2 1 2 0 0 1 0 0 1 0 2 1 0 0 1 0 1 0 0 1 2 2 0 2 1 0 0 0 2 1 0 2 1 2 1 1 2 1 2 1 0 2 0 1 2 2 1 2 0 0 1
2 2 2 5 30 1
22 23 17 23 56 59 68 6 51 70 21 7 67 54 9 43 15 64 44 22 61 46 25 33 27 36 72 41 32 38 40 16 13 49 18 53 63 11 45 50 26 48 29 14 35 71 65
#c 1 0 2 1 1 2 2 2 1 2 1 0 1 0 0 2 0 2 0 1 1 2 2 2 1 2 0 0 1 0 0 1 0 2 1 0 0 1 0 1 0 0 1 2 2 0 2 1 0 0 0 2 1 0 2 1 2 1 1 2 1 2 1 0 2 0 1 2 2 1 2 0 0 1
7 6 41 72 18 48 36 32 71 4 58 39 60 62 10
18 19 27 30 38 40 16 13 49 1 53 63 11 45 50 26 29 14 35 65 31 34 37 52 55 0 8 3 57 19 42 66 12 28 24 73 20 47 69
#c 1 0 2 1 1 2 2 2 1 2 1 0 1 0 0 2 0 2 0 1 1 2 2 2 1 2 0 0 1 0 0 1 0 2 1 0 0 1 0 1 0 0 1 2 2 0 2 1 0 0 0 2 1 0 2 1 2 1 1 2 1 2 1 0 2 0 1 2 2 1 2 0 0 1
#c 1 0 2 1 1 2 2 2 1 2 1 0 1 0 0 2 0 2 0 1 1 2 2 2 1 2 0 0 1 0 0 1 0 2 1 0 0 1 0 1 0 0 1 2 2 0 2 1 0 0 0 2 1 0 2 1 2 1 1 2 1 2 1 0 2 0 1 2 2 1 2 0 0 1
#c 1 0 2 1 1 2 2 2 1 2 1 0 1 0 0 2 0 2 0 1 1 2 2 2 1 2 0 0 1 0 0 1 0 2 1 0 0 1 0 1 0 0 1 2 2 0 2 1 0 0 0 2 1 0 2 1 2 1 1 2 1 2 1 0 2 0 1 2 2 1 2 0 0 1
#c 1 0 2 1 1 2 2 2 1 2 1 0 1 0 0 2 0 2 0 1 1 2 2 2 1 2 0 0 1 0 0 1 0 2 1 0 0 1 0 1 0 0 1 2 2 0 2 1 0 0 0 2 1 0 2 1 2 1 1 2 1 2 1 0 2 0 1 2 2 1 2 0 0 1
10 10 20 10 57 28 31 69 42 0 24 37 22 2 23 7 9 6 43 61 15 56
15 14 34 52 55 60 8 3 19 66 4 12 73 62 47 58 39 17 59 68 51 70 21 5 67 54 64 44 46 25 33
#c 1 0 2 1 1 2 2 2 1 2 1 0 1 0 0 2 0 2 0 1 1 2 2 2 1 2 0 0 1 0 0 1 0 2 1 0 0 1 0 1 0 0 1 2 2 0 2 1 0 0 0 2 1 0 2 1 2 1 1 2 1 2 1 0 2 0 1 2 2 1 2 0 0 1
12 12 21 51 64 9 5 70 61 2 6 22 56 67 35 50 32 45 27 13 14 72 1 30 65 26
12 13 17 23 59 68 7 54 43 15 44 46 25 33 36 41 38 40 16 49 18 53 63 11 48 29 71
#c 1 0 2 1 1 2 2 2 1 2 1 0 1 0 0 2 0 2 0 1 1 2 2 2 1 2 0 0 1 0 0 1 0 2 1 0 0 1 0 1 0 0 1 2 2 0 2 1 0 0 0 2 1 0 2 1 2 1 1 2 1 2 1 0 2 0 1 2 2 1 2 0 0 1
8 8 30 11 65 27 41 50 29 72 0 57 20 34 73 24 10 66
17 17 36 32 38 40 16 13 49 18 1 53 63 45 26 48 14 35 71 31 37 52 55 60 8 3 19 42 4 12 28 62 47 58 69 39
#c 1 0 2 1 1 2 2 2 1 2 1 0 1 0 0 2 0 2 0 1 1 2 2 2 1 2 0 0 1 0 0 1 0 2 1 0 0 1 0 1 0 0 1 2 2 0 2 1 0 0 0 2 1 0 2 1 2 1 1 2 1 2 1 0 2 0 1 2 2 1 2 0 0 1
11 11 69 47 73 57 52 60 19 37 42 58 8 32 26 45 40 18 36 29 16 13 65 11
14 14 10 31 34 55 0 3 66 4 12 28 24 62 20 39 27 30 72 41 38 49 1 53 63 50 48 14 35 71
#c 1 0 2 1 1 2 2 2 1 2 1 0 1 0 0 2 0 2 0 1 1 2 2 2 1 2 0 0 1 0 0 1 0 2 1 0 0 1 0 1 0 0 1 2 2 0 2 1 0 0 0 2 1 0 2 1 2 1 1 2 1 2 1 0 2 0 1 2 2 1 2 0 0 1
#c 1 0 2 1 1 2 2 2 1 2 1 0 1 0 0 2 0 2 0 1 1 2 2 2 1 2 0 0 1 0 0 1 0 2 1 0 0 1 0 1 0 0 1 2 2 0 2 1 0 0 0 2 1 0 2 1 2 1 1 2 1 2 1 0 2 0 1 2 2 1 2 0 0 1
3 3 40 49 29 56 51 64
22 21 27 30 36 72 41 32 38 16 13 18 1 53 63 11 45 50 26 48 14 35 71 65 2 17 23 59 68 6 70 21 5 7 67 54 9 43 15 44 22 61 46 25 33
#c 1 0 2 1 1 2 2 2 1 2 1 0 1 0 0 2 0 2 0 1 1 2 2 2 1 2 0 0 1 0 0 1 0 2 1 0 0 1 0 1 0 0 1 2 2 0 2 1 0 0 0 2 1 0 2 1 2 1 1 2 1 2 1 0 2 0 1 2 2 1 2 0 0 1
2 2 10 24 59 2
23 22 31 34 37 52 55 0 60 8 3 57 19 42 66 4 12 28 73 62 20 47 58 69 39 17 23 56 68 6 51 70 21 5 7 67 54 9 43 15 64 44 22 61 46 25 33
#c 1 0 1 1 1 2 2 2 1 2 2 0 1 0 0 2 0 2 0 1 1 2 2 2 2 2 0 0 1 0 0 1 0 2 1 0 0 1 0 1 0 0 1 2 2 0 2 1 0 0 0 2 1 0 2 1 2 1 1 1 1 2 1 0 2 0 1 2 2 1 2 0 0 1
10 10 33 7 43 17 70 24 68 56 21 64 18 16 26 36 48 13 30 27 71 41
14 15 23 6 51 5 67 54 9 15 44 22 61 46 25 10 72 32 38 40 49 1 53 63 11 45 50 29 14 35 65
#c 1 0 1 1 1 2 2 2 1 2 2 0 1 0 0 2 0 2 0 1 1 2 2 2 2 2 0 0 1 0 0 1 0 2 1 0 0 1 0 1 0 0 1 2 2 0 2 1 0 0 0 2 1 0 2 1 2 1 1 1 1 2 1 0 2 0 1 2 2 1 2 0 0 1
11 11 13 38 27 48 72 11 26 50 36 49 14 33 5 24 22 46 9 51 7 70 43 56
14 13 30 41 32 40 16 18 1 53 63 45 29 35 71 65 17 23 68 6 21 67 54 15 64 44 61 25 10
#c 1 0 1 1 1 2 2 2 1 2 2 0 1 0 0 2 0 2 0 1 1 2 2 2 2 2 0 0 1 0 0 1 0 2 1 0 0 1 0 1 0 0 1 2 2 0 2 1 0 0 0 2 1 0 2 1 2 1 1 1 1 2 1 0 2 0 1 2 2 1 2 0 0 1
10 10 28 12 39 59 0 3 55 31 62 60 54 21 17 46 70 33 7 24 23 5
15 14 34 37 52 8 57 19 42 66 4 73 20 47 58 69 2 56 68 6 51 67 9 43 15 64 44 22 61 25 10
#c 1 0 1 1 1 2 2 2 1 2 2 0 1 0 0 2 0 2 0 1 1 2 2 2 2 2 0 0 1 0 0 1 0 2 1 0 0 1 0 1 0 0 1 2 2 0 2 1 0 0 0 2 1 0 2 1 2 1 1 1 1 2 1 0 2 0 1 2 2 1 2 0 0 1
12 12 25 15 67 44 21 10 5 56 43 68 24 6 26 30 38 53 41 29 16 11 49 13 48 40
12 13 17 23 51 70 7 54 9 64 22 61 46 33 27 36 72 32 18 1 63 45 50 14 35 71 65
#c 1 0 1 1 1 2 2 2 1 2 2 0 1 0 0 2 0 2 0 1 1 2 2 2 2 2 0 0 1 0 0 1 0 2 1 0 0 1 0 1 0 0 1 2 2 0 2 1 0 0 0 2 1 0 2 1 2 1 1 1 1 2 1 0 2 0 1 2 2 1 2 0 0 1
6 6 27 1 13 35 40 38 51 54 44 10 21 61
19 18 30 36 72 41 32 16 49 18 53 63 11 45 50 26 48 29 14 71 65 17 23 56 68 6 70 5 7 67 9 43 15 64 22 46 25 33 24
#c 1 0 1 1 1 2 2 2 1 2 2 0 1 0 0 2 0 2 0 1 1 2 2 2 2 2 0 0 1 0 0 1 0 2 1 0 0 1 0 1 0 0 1 2 2 0 2 1 0 0 0 2 1 0 2 1 2 1 1 1 1 2 1 0 2 0 1 2 2 1 2 0 0 1
4 4 31 19 2 8 44 15 68 54
21 20 34 37 52 55 0 60 3 57 42 66 4 12 28 73 62 20 47 58 69 39 59 17 23 56 6 51 70 21 5 7 67 9 43 64 22 61 46 25 33 10 24
#c 1 0 1 1 1 2 2 2 1 2 2 0 1 0 0 2 0 2 0 1 1 2 2 2 2 2 0 0 1 0 0 1 0 2 1 0 0 1 0 1 0 0 1 2 2 0 2 1 0 0 0 2 1 0 2 1 2 1 1 1 1 2 1 0 2 0 1 2 2 1 2 0 0 1
9 9 10 5 25 6 54 17 23 46 51 50 13 30 63 48 40 26 45 14
15 16 56 68 70 21 7 67 9 43 15 64 44 22 61 33 24 27 36 72 41 32 38 16 49 18 1 53 11 29 35 71 65
#c 1 0 1 1 1 2 2 2 1 2 2 0 1 0 0 2 0 2 0 1 1 2 2 2 2 2 0 0 1 0 0 1 0 2 1 0 0 1 0 1 0 0 1 2 2 0 2 1 0 0 0 2 1 0 2 1 2 1 1 1 1 2 1 0 2 0 1 2 2 1 2 0 0 1
#c 1 0 1 1 1 2 2 2 1 2 2 0 1 0 0 2 0 2 0 1 1 2 2 2 2 2 0 0 1 0 0 1 0 2 1 0 0 1 0 1 0 0 1 2 2 0 2 1 0 0 0 2 1 0 2 1 2 1 1 1 1 2 1 0 2 0 1 2 2 1 2 0 0 1
3 3 0 34 19 7 23 54
22 21 31 37 52 55 60 8 3 57 42 66 4 12 28 73 62 20 47 58 69 39 59 2 17 56 68 6 51 70 21 5 67 9 43 15 64 44 22 61 46 25 33 10 24
#c 1 0 1 1 1 2 2 2 1 2 2 0 1 0 0 2 0 2 0 1 1 2 2 2 2 2 0 0 1 0 0 1 0 2 1 0 0 1 0 1 0 0 1 2 2 0 2 1 0 0 0 2 1 0 2 1 2 1 1 1 1 2 1 0 2 0 1 2 2 1 2 0 0 1
#c 1 0 1 1 1 2 2 2 1 2 2 0 1 0 0 2 0 2 0 1 1 2 2 2 2 2 0 0 1 0 0 1 0 2 1 0 0 1 0 1 0 0 1 2 2 0 2 1 0 0 0 2 1 0 2 1 2 1 1 1 1 2 1 0 2 0 1 2 2 1 2 0 0 1
#c 1 0 1 1 1 2 2 2 1 2 2 0 1 0 0 2 0 2 0 1 1 2 2 2 2 2 0 0 1 0 0 1 0 2 1 0 0 1 0 1 0 0 1 2 2 0 2 1 0 0 0 2 1 0 2 1 2 1 1 1 1 2 1 0 2 0 1 2 2 1 2 0 0 1
#c 1 0 1 1 1 2 2 2 1 2 2 0 1 0 0 2 0 2 0 1 1 2 2 2 2 2 0 0 1 0 0 1 0 2 1 0 0 1 0 1 0 0 1 2 2 0 2 1 0 0 0 2 1 0 2 1 2 1 1 1 1 2 1 0 2 0 1 2 2 1 2 0 0 1
3 3 10 43 44 4 34 39
21 22 17 23 56 68 6 51 70 21 5 7 67 54 9 15 64 22 61 46 25 33 24 31 37 52 55 0 60 8 3 57 19 42 66 12 28 73 62 20 47 58 69 59 2
#c 1 0 1 1 1 2 2 2 1 2 2 0 1 0 0 2 0 2 0 1 1 2 2 2 2 2 0 0 1 0 0 1 0 2 1 0 0 1 0 1 0 0 1 2 2 0 2 1 0 0 0 2 1 0 2 1 2 1 1 1 1 2 1 0 2 0 1 2 2 1 2 0 0 1
12 12 29 38 63 72 53 11 71 1 49 40 14 27 33 21 68 54 17 46 67 24 23 51 10 15
13 12 30 36 41 32 16 13 18 45 50 26 48 35 65 56 6 70 5 7 9 43 64 44 22 61 25
#c 1 0 1 1 1 2 2 2 1 2 2 0 1 0 0 2 0 2 0 1 1 2 2 2 2 2 0 0 1 0 0 1 0 2 1 0 0 1 0 1 0 0 1 2 2 0 2 1 0 0 0 2 1 0 2 1 2 1 1 1 1 2 1 0 2 0 1 2 2 1 2 0 0 1
4 4 66 62 0 42 43 33 5 68
21 20 31 34 37 52 55 60 8 3 57 19 4 12 28 73 20 47 58 69 39 59 2 17 23 56 6 51 70 21 7 67 54 9 15 64 44 22 61 46 25 10 24
#c 1 0 1 1 1 2 2 2 1 2 2 0 1 0 0 2 0 2 0 1 1 2 2 2 2 2 0 0 1 0 0 1 0 2 1 0 0 1 0 1 0 0 1 2 2 0 2 1 0 0 0 2 1 0 2 1 2 1 1 1 1 2 1 0 2 0 1 2 2 1 2 0 0 1
2 2 6 15 71 45
22 23 17 23 56 68 51 70 21 5 7 67 54 9 43 64 44 22 61 46 25 33 10 24 27 30 36 72 41 32 38 40 16 13 49 18 1 53 63 11 50 26 48 29 14 35 65
#c 1 0 1 1 1 2 2 2 1 2 2 0 1 0 0 2 0 2 0 1 1 2 2 2 2 2 0 0 1 0 0 1 0 2 1 0 0 1 0 1 0 0 1 2 2 0 2 1 0 0 0 2 1 0 2 1 2 1 1 1 1 2 1 0 2 0 1 2 2 1 2 0 0 1
11 12 63 53 48 72 35 27 18 30 14 26 40 43 7 6 61 51 64 56 33 5 10 68 25
14 12 36 41 32 38 16 13 49 1 11 45 50 29 71 65 17 23 70 21 67 54 9 15 44 22 46 24
#c 1 0 1 1 1 2 2 2 1 2 2 0 1 0 0 2 0 2 0 1 1 2 2 2 2 2 0 0 1 0 0 1 0 2 1 0 0 1 0 1 0 0 1 2 2 0 2 1 0 0 0 2 1 0 2 1 2 1 1 1 1 2 1 0 2 0 1 2 2 1 2 0 0 1
7 7 28 66 12 52 55 34 0 16 65 40 63 36 13 29
18 18 31 37 60 8 3 57 19 42 4 73 62 20 47 58 69 39 59 2 27 30 72 41 32 38 49 18 1 53 11 45 50 26 48 14 35 71
#c 1 0 1 1 1 2 2 2 1 2 2 0 1 0 0 2 0 2 0 1 1 2 2 2 2 2 0 0 1 0 0 1 0 2 1 0 0 1 0 1 0 0 1 2 2 0 2 1 0 0 0 2 1 0 2 1 2 1 1 1 1 2 1 0 2 0 1 2 2 1 2 0 0 1
8 8 25 44 61 23 7 51 46 22 31 39 0 69 62 34 55 57
16 17 17 56 68 6 70 21 5 67 54 9 43 15 64 33 10 24 37 52 60 8 3 19 42 66 4 12 28 73 20 47 58 59 2
#c 1 0 1 1 1 2 2 2 1 2 2 0 1 0 0 2 0 2 0 1 1 2 2 2 2 2 0 0 1 0 0 1 0 2 1 0 0 1 0 1 0 0 1 2 2 0 2 1 0 0 0 2 1 0 2 1 2 1 1 1 1 2 1 0 2 0 1 2 2 1 2 0 0 1
9 8 32 11 63 27 36 41 71 40 65 60 59 20 28 12 3 0 39
16 17 30 72 38 16 13 49 18 1 53 45 50 26 48 29 14 35 31 34 37 52 55 8 57 19 42 66 4 73 62 47 58 69 2
#c 1 0 1 1 1 2 2 2 1 2 2 0 1 0 0 2 0 2 0 1 1 2 2 2 2 2 0 0 1 0 0 1 0 2 1 0 0 1 0 1 0 0 1 2 2 0 2 1 0 0 0 2 1 0 2 1 2 1 1 1 1 2 1 0 2 0 1 2 2 1 2 0 0 1
7 6 66 31 3 0 4 42 57 30 40 29 65 49 35
18 19 34 37 52 55 60 8 19 12 28 73 62 20 47 58 69 39 59 2 27 36 72 41 32 38 16 13 18 1 53 63 11 45 50 26 48 14 71
#c 1 0 1 1 1 2 2 2 1 2 2 0 1 0 0 2 0 2 0 1 1 2 2 2 2 2 0 0 1 0 0 1 0 2 1 0 0 1 0 1 0 0 1 2 2 0 2 1 0 0 0 2 1 0 2 1 2 1 1 1 1 2 1 0 2 0 1 2 2 1 2 0 0 1
6 6 68 17 6 7 24 56 52 12 60 4 28 19
18 19 23 51 70 21 5 67 54 9 43 15 64 44 22 61 46 25 33 10 31 34 37 55 0 8 3 57 42 66 73 62 20 47 58 69 39 59 2
#c 1 0 1 1 1 2 2 2 1 2 2 0 1 0 0 2 0 2 0 1 1 2 2 2 2 2 0 0 1 0 0 1 0 2 1 0 0 1 0 1 0 0 1 2 2 0 2 1 0 0 0 2 1 0 2 1 2 1 1 1 1 2 1 0 2 0 1 2 2 1 2 0 0 1
4 4 26 65 36 71 5 44 61 67
21 20 27 30 72 41 32 38 40 16 13 49 18 1 53 63 11 45 50 48 29 14 35 17 23 56 68 6 51 70 21 7 54 9 43 15 64 22 46 25 33 10 24
#c 1 0 1 1 1 2 2 2 1 2 2 0 1 0 0 2 0 2 0 1 1 2 2 2 2 2 0 0 1 0 0 1 0 2 1 0 0 1 0 1 0 0 1 2 2 0 2 1 0 0 0 2 1 0 2 1 2 1 1 1 1 2 1 0 2 0 1 2 2 1 2 0 0 1
3 3 3 28 73 21 10 67
22 21 31 34 37 52 55 0 60 8 57 19 42 66 4 12 62 20 47 58 69 39 59 2 17 23 56 68 6 51 70 5 7 54 9 43 15 64 44 22 61 46 25 33 24
#c 1 0 1 1 1 2 2 2 1 2 2 0 1 0 0 2 0 2 0 1 1 2 2 2 2 2 0 0 1 0 0 1 0 2 1 0 0 1 0 1 0 0 1 2 2 0 2 1 0 0 0 2 1 0 2 1 2 1 1 1 1 2 1 0 2 0 1 2 2 1 2 0 0 1
6 7 25 68 9 56 43 61 69 62 31 28 2 12 3
18 18 17 23 6 51 70 21 5 7 67 54 15 64 44 22 46 33 10 24 34 37 52 55 0 60 8 57 19 42 66 4 73 20 47 58 39 59
#c 1 0 1 1 1 2 2 2 1 2 2 0 1 0 0 2 0 2 0 1 1 2 2 2 2 2 0 0 1 0 0 1 0 2 1 0 0 1 0 1 0 0 1 2 2 0 2 1 0 0 0 2 1 0 2 1 2 1 1 1 1 2 1 0 2 0 1 2 2 1 2 0 0 1
#c 1 0 1 1 1 2 2 2 1 2 2 0 1 0 0 2 0 2 0 1 1 2 2 2 2 2 0 0 1 0 0 1 0 2 1 0 0 1 0 1 0 0 1 2 2 0 2 1 0 0 0 2 1 0 2 1 2 1 1 1 1 2 1 0 2 0 1 2 2 1 2 0 0 1
11 11 28 58 4 20 57 55 2 59 47 52 42 43 21 5 17 64 44 54 25 22 51 6
14 13 31 34 37 0 60 8 3 19 66 12 73 62 69 39 23 56 68 70 7 67 9 15 61 46 33 10 24
#c 1 0 1 1 1 2 2 2 1 2 2 0 1 0 0 2 0 2 0 1 1 2 2 2 2 2 0 0 1 0 0 1 0 2 1 0 0 1 0 1 0 0 1 2 2 0 2 1 0 0 0 2 1 0 2 1 2 1 1 1 1 2 1 0 2 0 1 2 2 1 2 0 0 1
1 1 25 27
23 24 17 23 56 68 6 51 70 21 5 7 67 54 9 43 15 64 44 22 61 46 33 10 24 30 36 72 41 32 38 40 16 13 49 18 1 53 63 11 45 50 26 48 29 14 35 71 65
#c 1 0 1 1 1 2 2 2 1 2 2 0 1 0 0 2 0 2 0 1 1 2 2 2 2 2 0 0 1 0 0 1 0 2 1 0 0 1 0 1 0 0 1 2 2 0 2 1 0 0 0 2 1 0 2 1 2 1 1 1 1 2 1 0 2 0 1 2 2 1 2 0 0 1
11 11 30 36 32 38 45 35 27 40 65 29 26 43 15 6 24 5 21 61 33 10 64 56
14 13 72 41 16 13 49 18 1 53 63 11 50 48 14 71 17 23 68 51 70 7 67 54 9 44 22 46 25
#c 1 0 1 1 1 2 2 2 1 2 2 0 1 0 0 2 0 2 0 1 1 2 2 2 2 2 0 0 1 0 0 1 0 2 1 0 0 1 0 1 0 0 1 2 2 0 2 1 0 0 0 2 1 0 2 1 2 1 1 1 1 2 1 0 2 0 1 2 2 1 2 0 0 1
#c 1 0 1 1 1 2 2 2 1 2 2 0 1 0 0 2 0 2 0 1 1 2 2 2 2 2 0 0 1 0 0 1 0 2 1 0 0 1 0 1 0 0 1 2 2 0 2 1 0 0 0 2 1 0 2 1 2 1 1 1 1 2 1 0 2 0 1 2 2 1 2 0 0 1
9 9 25 23 7 15 24 67 9 43 54 52 66 12 57 8 62 37 28 42
15 16 17 56 68 6 51 70 21 5 64 44 22 61 46 33 10 31 34 55 0 60 3 19 4 73 20 47 58 69 39 59 2
#c 1 0 1 1 1 2 2 2 1 2 2 0 1 0 0 2 0 2 0 1 1 2 2 2 2 2 0 0 1 0 0 1 0 2 1 0 0 1 0 1 0 0 1 2 2 0 2 1 0 0 0 2 1 0 2 1 2 1 1 1 1 2 1 0 2 0 1 2 2 1 2 0 0 1
9 9 36 50 14 45 29 41 38 27 72 58 52 37 47 69 59 55 34 39
16 16 30 32 40 16 13 49 18 1 53 63 11 26 48 35 71 65 31 0 60 8 3 57 19 42 66 4 12 28 73 62 20 2
#c 1 0 1 1 1 2 2 2 1 2 2 0 1 0 0 2 0 2 0 1 1 2 2 2 2 2 0 0 1 0 0 1 0 2 1 0 0 1 0 1 0 0 1 2 2 0 2 1 0 0 0 2 1 0 2 1 2 1 1 1 1 2 1 0 2 0 1 2 2 1 2 0 0 1
2 2 8 66 18 50
23 23 31 34 37 52 55 0 60 3 57 19 42 4 12 28 73 62 20 47 58 69 39 59 2 27 30 36 72 41 32 38 40 16 13 49 1 53 63 11 45 26 48 29 14 35 71 65
#c 1 0 1 1 1 2 2 2 1 2 2 0 1 0 0 2 0 2 0 1 1 2 2 2 2 2 0 0 1 0 0 1 0 2 1 0 0 1 0 1 0 0 1 2 2 0 2 1 0 0 0 2 1 0 2 1 2 1 1 1 1 2 1 0 2 0 1 2 2 1 2 0 0 1
#c 1 0 1 1 1 2 2 2 1 2 2 0 1 0 0 2 0 2 0 1 1 2 2 2 2 2 0 0 1 0 0 1 0 2 1 0 0 1 0 1 0 0 1 2 2 0 2 1 0 0 0 2 1 0 2 1 2 1 1 1 1 2 1 0 2 0 1 2 2 1 2 0 0 1
11 11 53 35 32 63 18 49 45 26 65 16 30 22 15 23 6 9 33 21 70 67 25 56
14 13 27 36 72 41 38 40 13 1 11 50 48 29 14 71 17 68 51 5 7 54 43 64 44 61 46 10 24
#c 1 0 1 1 1 2 2 2 1 2 2 0 1 0 0 2 0 2 0 1 1 2 2 2 2 2 0 0 1 0 0 1 0 2 1 0 0 1 0 1 0 0 1 2 2 0 2 1 0 0 0 2 1 0 2 1 2 1 1 1 1 2 1 0 2 0 1 2 2 1 2 0 0 1
#c 1 0 1 1 1 2 2 2 1 2 2 0 1 0 0 2 0 2 0 1 1 2 2 2 2 2 0 0 1 0 0 1 0 2 1 0 0 1 0 1 0 0 1 2 2 0 2 1 0 0 0 2 1 0 2 1 2 1 1 1 1 2 1 0 2 0 1 2 2 1 2 0 0 1
10 9 51 17 21 23 9 24 22 67 56 61 3 12 37 66 59 31 34 69 20
14 16 68 6 70 5 7 54 43 15 64 44 46 25 33 10 52 55 0 60 8 57 19 42 4 28 73 62 47 58 39 2
#c 1 0 1 1 1 2 2 2 1 2 2 0 1 0 0 2 0 2 0 1 1 2 2 2 2 2 0 0 1 0 0 1 0 2 1 0 0 1 0 1 0 0 1 2 2 0 2 1 0 0 0 2 1 0 2 1 2 1 1 1 1 2 1 0 2 0 1 2 2 1 2 0 0 1
#c 1 0 1 1 1 2 2 2 1 2 2 0 1 0 0 2 0 2 0 1 1 2 2 2 2 2 0 0 1 0 0 1 0 2 1 0 0 1 0 1 0 0 1 2 2 0 2 1 0 0 0 2 1 0 2 1 2 1 1 1 1 2 1 0 2 0 1 2 2 1 2 0 0 1
11 11 19 8 69 12 42 28 73 34 3 47 2 16 14 29 38 35 30 63 72 11 26 1
14 14 31 37 52 55 0 60 57 66 4 62 20 58 39 59 27 36 41 32 40 13 49 18 53 45 50 48 71 65
#c 1 0 1 1 1 2 2 2 1 2 2 0 1 0 0 2 0 2 0 1 1 2 2 2 2 2 0 0 1 0 0 1 0 2 1 0 0 1 0 1 0 0 1 2 2 0 2 1 0 0 0 2 1 0 2 1 2 1 1 1 1 2 1 0 2 0 1 2 2 1 2 0 0 1
#c 1 0 1 1 1 2 2 2 1 2 2 0 1 0 0 2 0 2 0 1 1 2 2 2 2 2 0 0 1 0 0 1 0 2 1 0 0 1 0 1 0 0 1 2 2 0 2 1 0 0 0 2 1 0 2 1 2 1 1 1 1 2 1 0 2 0 1 2 2 1 2 0 0 1
#c 1 0 1 1 1 2 2 2 1 2 2 0 1 0 0 2 0 2 0 1 1 2 2 2 2 2 0 0 1 0 0 1 0 2 1 0 0 1 0 1 0 0 1 2 2 0 2 1 0 0 0 2 1 0 2 1 2 1 1 1 1 2 1 0 2 0 1 2 2 1 2 0 0 1
#c 1 0 1 1 1 2 2 2 1 2 2 0 1 0 0 2 0 2 0 1 1 2 2 2 2 2 0 0 1 0 0 1 0 2 1 0 0 1 0 1 0 0 1 2 2 0 2 1 0 0 0 2 1 0 2 1 2 1 1 1 1 2 1 0 2 0 1 2 2 1 2 0 0 1
8 8 64 25 22 46 68 70 33 43 19 12 34 8 57 3 55 52
16 17 17 23 56 6 51 21 5 7 67 54 9 15 44 61 10 24 31 37 0 60 42 66 4 28 73 62 20 47 58 69 39 59 2
#c 1 0 1 1 1 2 2 2 1 2 2 0 1 0 0 2 0 2 0 1 1 2 2 2 2 2 0 0 1 0 0 1 0 2 1 0 0 1 0 1 0 0 1 2 2 0 2 1 0 0 0 2 1 0 2 1 2 1 1 1 1 2 1 0 2 0 1 2 2 1 2 0 0 1
5 5 30 71 18 16 38 0 47 2 19 66
20 20 27 36 72 41 32 40 13 49 1 53 63 11 45 50 26 48 29 14 35 65 31 34 37 52 55 60 8 3 57 42 4 12 28 73 62 20 58 69 39 59
#c 1 0 1 1 1 2 2 2 1 2 2 0 1 0 0 2 0 2 0 1 1 2 2 2 2 2 0 0 1 0 0 1 0 2 1 0 0 1 0 1 0 0 1 2 2 0 2 1 0 0 0 2 1 0 2 1 2 1 1 1 1 2 1 0 2 0 1 2 2 1 2 0 0 1
11 11 62 2 39 60 59 4 58 20 57 12 73 71 45 36 32 72 53 16 50 14 38 48
14 14 31 34 37 52 55 0 8 3 19 42 66 28 47 69 27 30 41 40 13 49 18 1 63 11 26 29 35 65
#c 1 0 0 1 0 2 2 2 1 2 2 0 0 0 1 2 1 2 0 1 0 2 2 2 2 2 0 0 1 0 0 1 1 2 1 0 1 1 1 0 0 0 1 2 2 1 2 1 1 0 1 2 1 1 2 1 2 0 0 0 0 2 0 0 2 0 1 2 2 1 2 1 1 0
#c 1 0 0 1 0 2 2 2 1 2 2 0 0 0 1 2 1 2 0 1 0 2 2 2 2 2 0 0 1 0 0 1 1 2 1 0 1 1 1 0 0 0 1 2 2 1 2 1 1 0 1 2 1 1 2 1 2 0 0 0 0 2 0 0 2 0 1 2 2 1 2 1 1 0
1 1 20 21
24 23 27 30 41 40 13 49 18 1 63 11 26 29 35 65 62 2 39 60 59 4 58 57 12 73 17 23 56 68 6 51 70 5 7 67 54 9 43 15 64 44 22 61 46 25 33 10 24
#c 1 0 0 1 0 2 2 2 1 2 2 0 0 0 1 2 1 2 0 1 0 2 2 2 2 2 0 0 1 0 0 1 1 2 1 0 1 1 1 0 0 0 1 2 2 1 2 1 1 0 1 2 1 1 2 1 2 0 0 0 0 2 0 0 2 0 1 2 2 1 2 1 1 0
8 8 48 31 34 28 53 3 14 36 18 62 27 49 1 59 20 35
17 17 37 52 55 0 8 19 42 66 47 69 71 45 32 72 16 50 38 30 41 40 13 63 11 26 29 65 2 39 60 4 58 57 12 73
#c 1 0 0 1 0 2 2 2 1 2 2 0 0 0 1 2 1 2 0 1 0 2 2 2 2 2 0 0 1 0 0 1 1 2 1 0 1 1 1 0 0 0 1 2 2 1 2 1 1 0 1 2 1 1 2 1 2 0 0 0 0 2 0 0 2 0 1 2 2 1 2 1 1 0
9 9 64 43 44 61 51 56 25 22 46 36 69 53 31 32 55 50 52 42
15 16 17 23 68 6 70 21 5 7 67 54 9 15 33 10 24 34 37 0 8 3 19 66 28 47 71 45 72 16 14 38 48
#c 1 0 0 1 0 2 2 2 1 2 2 0 0 0 1 2 1 2 0 1 0 2 2 2 2 2 0 0 1 0 0 1 1 2 1 0 1 1 1 0 0 0 1 2 2 1 2 1 1 0 1 2 1 1 2 1 2 0 0 0 0 2 0 0 2 0 1 2 2 1 2 1 1 0
11 11 57 20 58 29 1 40 2 27 41 59 62 46 70 68 17 10 25 61 51 23 5 56
14 13 30 13 49 18 63 11 26 35 65 39 60 4 12 73 6 21 7 67 54 9 43 15 64 44 22 33 24
#c 1 0 0 1 0 2 2 2 1 2 2 0 0 0 1 2 1 2 0 1 0 2 2 2 2 2 0 0 1 0 0 1 1 2 1 0 1 1 1 0 0 0 1 2 2 1 2 1 1 0 1 2 1 1 2 1 2 0 0 0 0 2 0 0 2 0 1 2 2 1 2 1 1 0
#c 1 0 0 1 0 2 2 2 1 2 2 0 0 0 1 2 1 2 0 1 0 2 2 2 2 2 0 0 1 0 0 1 1 2 1 0 1 1 1 0 0 0 1 2 2 1 2 1 1 0 1 2 1 1 2 1 2 0 0 0 0 2 0 0 2 0 1 2 2 1 2 1 1 0
3 3 15 24 6 52 3 47
21 22 17 23 56 68 51 70 21 5 7 67 54 9 43 64 44 22 61 46 25 33 10 31 34 37 55 0 8 19 42 66 28 69 71 45 36 32 72 53 16 50 14 38 48
#c 1 0 0 1 0 2 2 2 1 2 2 0 0 0 1 2 1 2 0 1 0 2 2 2 2 2 0 0 1 0 0 1 1 2 1 0 1 1 1 0 0 0 1 2 2 1 2 1 1 0 1 2 1 1 2 1 2 0 0 0 0 2 0 0 2 0 1 2 2 1 2 1 1 0
9 8 40 26 41 30 59 58 63 35 2 70 9 7 22 6 67 44 5
16 16 27 13 49 18 1 11 29 65 62 39 60 4 20 57 12 73 17 23 56 68 51 21 54 43 15 64 61 46 25 33 10 24
#c 1 0 0 1 0 2 2 2 1 2 2 0 0 0 1 2 1 2 0 1 0 2 2 2 2 2 0 0 1 0 0 1 1 2 1 0 1 1 1 0 0 0 1 2 2 1 2 1 1 0 1 2 1 1 2 1 2 0 0 0 0 2 0 0 2 0 1 2 2 1 2 1 1 0
#c 1 0 0 1 0 2 2 2 1 2 2 0 0 0 1 2 1 2 0 1 0 2 2 2 2 2 0 0 1 0 0 1 1 2 1 0 1 1 1 0 0 0 1 2 2 1 2 1 1 0 1 2 1 1 2 1 2 0 0 0 0 2 0 0 2 0 1 2 2 1 2 1 1 0
11 9 6 17 54 5 70 67 10 21 9 56 24 2 58 73 12 29 11 35 40 59
13 16 23 68 51 7 43 15 64 44 22 61 46 25 33 27 30 41 13 49 18 1 63 26 65 62 39 60 4 20 57
#c 1 0 0 1 0 2 2 2 1 2 2 0 0 0 1 2 1 2 0 1 0 2 2 2 2 2 0 0 1 0 0 1 1 2 1 0 1 1 1 0 0 0 1 2 2 1 2 1 1 0 1 2 1 1 2 1 2 0 0 0 0 2 0 0 2 0 1 2 2 1 2 1 1 0
#c 1 0 0 1 0 2 2 2 1 2 2 0 0 0 1 2 1 2 0 1 0 2 2 2 2 2 0 0 1 0 0 1 1 2 1 0 1 1 1 0 0 0 1 2 2 1 2 1 1 0 1 2 1 1 2 1 2 0 0 0 0 2 0 0 2 0 1 2 2 1 2 1 1 0
1 1 69 67
24 23 31 34 37 52 55 0 8 3 19 42 66 28 47 71 45 36 32 72 53 16 50 14 38 48 17 23 56 68 6 51 70 21 5 7 54 9 43 15 64 44 22 61 46 25 33 10 24
#c 1 0 0 1 0 2 2 2 1 2 2 0 0 0 1 2 1 2 0 1 0 2 2 2 2 2 0 0 1 0 0 1 1 2 1 0 1 1 1 0 0 0 1 2 2 1 2 1 1 0 1 2 1 1 2 1 2 0 0 0 0 2 0 0 2 0 1 2 2 1 2 1 1 0
#c 1 0 0 1 0 2 2 2 1 2 2 0 0 0 1 2 1 2 0 1 0 2 2 2 2 2 0 0 1 0 0 1 1 2 1 0 1 1 1 0 0 0 1 2 2 1 2 1 1 0 1 2 1 1 2 1 2 0 0 0 0 2 0 0 2 0 1 2 2 1 2 1 1 0
2 3 2 27 69 48 32
23 22 30 41 40 13 49 18 1 63 11 26 29 35 65 62 39 60 59 4 58 20 57 12 73 31 34 37 52 55 0 8 3 19 42 66 28 47 71 45 36 72 53 16 50 14 38
#c 1 0 0 1 0 2 2 2 1 2 2 0 0 0 1 2 1 2 0 1 0 2 2 2 2 2 0 0 1 0 0 1 1 2 1 0 1 1 1 0 0 0 1 2 2 1 2 1 1 0 1 2 1 1 2 1 2 0 0 0 0 2 0 0 2 0 1 2 2 1 2 1 1 0
7 7 55 69 45 48 31 32 14 56 33 64 44 17 68 67
18 17 34 37 52 0 8 3 19 42 66 28 47 71 36 72 53 16 50 38 23 6 51 70 21 5 7 54 9 43 15 22 61 46 25 10 24
#c 1 0 0 1 0 2 2 2 1 2 2 0 0 0 1 2 1 2 0 1 0 2 2 2 2 2 0 0 1 0 0 1 1 2 1 0 1 1 1 0 0 0 1 2 2 1 2 1 1 0 1 2 1 1 2 1 2 0 0 0 0 2 0 0 2 0 1 2 2 1 2 1 1 0
1 1 43 8
23 24 17 23 56 68 6 51 70 21 5 7 67 54 9 15 64 44 22 61 46 25 33 10 24 31 34 37 52 55 0 3 19 42 66 28 47 69 71 45 36 32 72 53 16 50 14 38 48
#c 1 0 0 1 0 2 2 2 1 2 2 0 0 0 1 2 1 2 0 1 0 2 2 2 2 2 0 0 1 0 0 1 1 2 1 0 1 1 1 0 0 0 1 2 2 1 2 1 1 0 1 2 1 1 2 1 2 0 0 0 0 2 0 0 2 0 1 2 2 1 2 1 1 0
#c 1 0 0 1 0 2 2 2 1 2 2 0 0 0 1 2 1 2 0 1 0 2 2 2 2 2 0 0 1 0 0 1 1 2 1 0 1 1 1 0 0 0 1 2 2 1 2 1 1 0 1 2 1 1 2 1 2 0 0 0 0 2 0 0 2 0 1 2 2 1 2 1 1 0
8 8 53 66 34 3 45 38 8 0 68 64 22 23 24 10 67 25
17 16 31 37 52 55 19 42 28 47 69 71 36 32 72 16 50 14 48 17 56 6 51 70 21 5 7 54 9 43 15 44 61 46 33
#c 1 0 0 1 0 2 2 2 1 2 2 0 0 0 1 2 1 2 0 1 0 2 2 2 2 2 0 0 1 0 0 1 1 2 1 0 1 1 1 0 0 0 1 2 2 1 2 1 1 0 1 2 1 1 2 1 2 0 0 0 0 2 0 0 2 0 1 2 2 1 2 1 1 0
2 2 7 21 71 53
22 23 17 23 56 68 6 51 70 5 67 54 9 43 15 64 44 22 61 46 25 33 10 24 31 34 37 52 55 0 8 3 19 42 66 28 47 69 45 36 32 72 16 50 14 38 48
#c 1 0 0 1 0 2 2 2 1 2 2 0 0 0 1 2 1 2 0 1 0 2 2 2 2 2 0 0 1 0 0 1 1 2 1 0 1 1 1 0 0 0 1 2 2 1 2 1 1 0 1 2 1 1 2 1 2 0 0 0 0 2 0 0 2 0 1 2 2 1 2 1 1 0
#c 1 0 0 1 0 2 2 2 1 2 2 0 0 0 1 2 1 2 0 1 0 2 2 2 2 2 0 0 1 0 0 1 1 2 1 0 1 1 1 0 0 0 1 2 2 1 2 1 1 0 1 2 1 1 2 1 2 0 0 0 0 2 0 0 2 0 1 2 2 1 2 1 1 0
5 5 69 66 28 52 16 35 30 18 13 4
20 20 31 34 37 55 0 8 3 19 42 47 71 45 36 32 72 53 50 14 38 48 27 41 40 49 1 63 11 26 29 65 62 2 39 60 59 58 20 57 12 73
#c 1 0 0 1 0 2 2 2 1 2 2 0 0 0 1 2 1 2 0 1 0 2 2 2 2 2 0 0 1 0 0 1 1 2 1 0 1 1 1 0 0 0 1 2 2 1 2 1 1 0 1 2 1 1 2 1 2 0 0 0 0 2 0 0 2 0 1 2 2 1 2 1 1 0
#c 1 0 0 1 0 2 2 2 1 2 2 0 0 0 1 2 1 2 0 1 0 2 2 2 2 2 0 0 1 0 0 1 1 2 1 0 1 1 1 0 0 0 1 2 2 1 2 1 1 0 1 2 1 1 2 1 2 0 0 0 0 2 0 0 2 0 1 2 2 1 2 1 1 0
11 11 63 59 62 2 26 11 29 60 65 39 27 66 45 16 36 31 28 19 55 0 48 8
14 14 30 41 40 13 49 18 1 35 4 58 20 57 12 73 34 37 52 3 42 47 69 71 32 72 53 50 14 38
#c 1 0 0 1 0 2 2 2 1 2 2 0 0 0 1 2 1 2 0 1 0 2 2 2 2 2 0 0 1 0 0 1 1 2 1 0 1 1 1 0 0 0 1 2 2 1 2 1 1 0 1 2 1 1 2 1 2 0 0 0 0 2 0 0 2 0 1 2 2 1 2 1 1 0
11 11 52 32 36 45 66 31 47 72 53 48 71 6 10 68 61 70 44 21 23 51 17 24
14 13 34 37 55 0 8 3 19 42 28 69 16 50 14 38 56 5 7 67 54 9 43 15 64 22 46 25 33
#c 1 0 0 1 0 2 2 2 1 2 2 0 0 0 1 2 1 2 0 1 0 2 2 2 2 2 0 0 1 0 0 1 1 2 1 0 1 1 1 0 0 0 1 2 2 1 2 1 1 0 1 2 1 1 2 1 2 0 0 0 0 2 0 0 2 0 1 2 2 1 2 1 1 0
10 11 7 9 5 24 43 23 15 10 44 68 16 48 69 50 37 55 66 8 72 47 34
14 14 17 56 6 51 70 21 67 54 64 22 61 46 25 33 31 52 0 3 19 42 28 71 45 36 32 53 14 38
#c 1 0 0 1 0 2 2 2 1 2 2 0 0 0 1 2 1 2 0 1 0 2 2 2 2 2 0 0 1 0 0 1 1 2 1 0 1 1 1 0 0 0 1 2 2 1 2 1 1 0 1 2 1 1 2 1 2 0 0 0 0 2 0 0 2 0 1 2 2 1 2 1 1 0
9 9 20 18 39 26 59 1 40 73 13 56 68 46 70 51 5 9 67 24
16 15 27 30 41 49 63 11 29 35 65 62 2 60 4 58 57 12 17 23 6 21 7 54 43 15 64 44 22 61 25 33 10
#c 1 0 0 1 0 2 2 2 1 2 2 0 0 0 1 2 1 2 0 1 0 2 2 2 2 2 0 0 1 0 0 1 1 2 1 0 1 1 1 0 0 0 1 2 2 1 2 1 1 0 1 2 1 1 2 1 2 0 0 0 0 2 0 0 2 0 1 2 2 1 2 1 1 0
9 9 28 38 16 66 48 71 52 50 36 59 57 60 58 39 63 4 26 18
16 16 31 34 37 55 0 8 3 19 42 47 69 45 32 72 53 14 27 30 41 40 13 49 1 11 29 35 65 62 2 20 12 73
#c 1 0 0 1 0 2 2 2 1 2 2 0 0 0 1 2 1 2 0 1 0 2 2 2 2 2 0 0 1 0 0 1 1 2 1 0 1 1 1 0 0 0 1 2 2 1 2 1 1 0 1 2 1 1 2 1 2 0 0 0 0 2 0 0 2 0 1 2 2 1 2 1 1 0
7 7 33 44 15 25 43 24 56 0 48 52 32 38 45 8
17 18 17 23 68 6 51 70 21 5 7 67 54 9 64 22 61 46 10 31 34 37 55 3 19 42 66 28 47 69 71 36 72 53 16 50 14
#c 1 0 0 1 0 2 2 2 1 2 2 0 0 0 1 2 1 2 0 1 0 2 2 2 2 2 0 0 1 0 0 1 1 2 1 0 1 1 1 0 0 0 1 2 2 1 2 1 1 0 1 2 1 1 2 1 2 0 0 0 0 2 0 0 2 0 1 2 2 1 2 1 1 0
3 2 26 27 11 28 72
22 23 30 41 40 13 49 18 1 63 29 35 65 62 2 39 60 59 4 58 20 57 12 73 31 34 37 52 55 0 8 3 19 42 66 47 69 71 45 36 32 53 16 50 14 38 48
#c 1 0 0 1 0 2 2 2 1 2 2 0 0 0 1 2 1 2 0 1 0 2 2 2 2 2 0 0 1 0 0 1 1 2 1 0 1 1 1 0 0 0 1 2 2 1 2 1 1 0 1 2 1 1 2 1 2 0 0 0 0 2 0 0 2 0 1 2 2 1 2 1 1 0
11 11 47 19 28 32 53 8 55 42 50 52 38 20 73 62 30 60 39 11 29 4 26 27
14 14 31 34 37 0 3 66 69 71 45 36 72 16 14 48 41 40 13 49 18 1 63 35 65 2 59 58 57 12
#c 1 0 0 1 0 2 2 2 1 2 2 0 0 0 1 2 1 2 0 1 0 2 2 2 2 2 0 0 1 0 0 1 1 2 1 0 1 1 1 0 0 0 1 2 2 1 2 1 1 0 1 2 1 1 2 1 2 0 0 0 0 2 0 0 2 0 1 2 2 1 2 1 1 0
3 3 25 46 68 53 50 31
21 22 17 23 56 6 51 70 21 5 7 67 54 9 43 15 64 44 22 61 33 10 24 34 37 52 55 0 8 3 19 42 66 28 47 69 71 45 36 32 72 16 14 38 48
#c 1 0 0 1 0 2 2 2 1 2 2 0 0 0 1 2 1 2 0 1 0 2 2 2 2 2 0 0 1 0 0 1 1 2 1 0 1 1 1 0 0 0 1 2 2 1 2 1 1 0 1 2 1 1 2 1 2 0 0 0 0 2 0 0 2 0 1 2 2 1 2 1 1 0
#c 1 0 0 1 0 2 2 2 1 2 2 0 0 0 1 2 1 2 0 1 0 2 2 2 2 2 0 0 1 0 0 1 1 2 1 0 1 1 1 0 0 0 1 2 2 1 2 1 1 0 1 2 1 1 2 1 2 0 0 0 0 2 0 0 2 0 1 2 2 1 2 1 1 0
#c 1 0 0 1 0 2 2 2 1 2 2 0 0 0 1 2 1 2 0 1 0 2 2 2 2 2 0 0 1 0 0 1 1 2 1 0 1 1 1 0 0 0 1 2 2 1 2 1 1 0 1 2 1 1 2 1 2 0 0 0 0 2 0 0 2 0 1 2 2 1 2 1 1 0
#c 1 0 0 1 0 2 2 2 1 2 2 0 0 0 1 2 1 2 0 1 0 2 2 2 2 2 0 0 1 0 0 1 1 2 1 0 1 1 1 0 0 0 1 2 2 1 2 1 1 0 1 2 1 1 2 1 2 0 0 0 0 2 0 0 2 0 1 2 2 1 2 1 1 0
4 4 57 29 58 65 72 37 19 0
21 21 27 30 41 40 13 49 18 1 63 11 26 35 62 2 39 60 59 4 20 12 73 31 34 52 55 8 3 42 66 28 47 69 71 45 36 32 53 16 50 14 38 48
#c 1 0 0 1 0 2 2 2 1 2 2 0 0 0 1 2 1 2 0 1 0 2 2 2 2 2 0 0 1 0 0 1 1 2 1 0 1 1 1 0 0 0 1 2 2 1 2 1 1 0 1 2 1 1 2 1 2 0 0 0 0 2 0 0 2 0 1 2 2 1 2 1 1 0
#c 1 0 0 1 0 2 2 2 1 2 2 0 0 0 1 2 1 2 0 1 0 2 2 2 2 2 0 0 1 0 0 1 1 2 1 0 1 1 1 0 0 0 1 2 2 1 2 1 1 0 1 2 1 1 2 1 2 0 0 0 0 2 0 0 2 0 1 2 2 1 2 1 1 0
12 12 33 43 70 24 7 5 44 9 15 22 6 51 16 19 66 72 36 52 3 34 8 55 47 50
12 13 17 23 56 68 21 67 54 64 61 46 25 10 31 37 0 42 28 69 71 45 32 53 14 38 48
#c 1 0 0 1 0 2 2 2 1 2 2 0 0 0 1 2 1 2 0 1 0 2 2 2 2 2 0 0 1 0 0 1 1 2 1 0 1 1 1 0 0 0 1 2 2 1 2 1 1 0 1 2 1 1 2 1 2 0 0 0 0 2 0 0 2 0 1 2 2 1 2 1 1 0
7 8 20 11 62 49 60 39 65 24 10 67 44 23 21 33 17
18 16 27 30 41 40 13 18 1 63 26 29 35 2 59 4 58 57 12 73 56 68 6 51 70 5 7 54 9 43 15 64 22 61 46 25
#c 1 0 0 1 0 2 2 2 1 2 2 0 0 0 1 2 1 2 0 1 0 2 2 2 2 2 0 0 1 0 0 1 1 2 1 0 1 1 1 0 0 0 1 2 2 1 2 1 1 0 1 2 1 1 2 1 2 0 0 0 0 2 0 0 2 0 1 2 2 1 2 1 1 0
6 6 66 28 53 45 48 3 27 12 35 30 41 26
19 19 31 34 37 52 55 0 8 19 42 47 69 71 36 32 72 16 50 14 38 40 13 49 18 1 63 11 29 65 62 2 39 60 59 4 58 20 57 73
#c 1 0 0 1 0 2 2 2 1 2 2 0 0 0 1 2 1 2 0 1 0 2 2 2 2 2 0 0 1 0 0 1 1 2 1 0 1 1 1 0 0 0 1 2 2 1 2 1 1 0 1 2 1 1 2 1 2 0 0 0 0 2 0 0 2 0 1 2 2 1 2 1 1 0
#c 1 0 0 1 0 2 2 2 1 2 2 0 0 0 1 2 1 2 0 1 0 2 2 2 2 2 0 0 1 0 0 1 1 2 1 0 1 1 1 0 0 0 1 2 2 1 2 1 1 0 1 2 1 1 2 1 2 0 0 0 0 2 0 0 2 0 1 2 2 1 2 1 1 0
3 3 11 18 58 36 19 38
22 22 27 30 41 40 13 49 1 63 26 29 35 65 62 2 39 60 59 4 20 57 12 73 31 34 37 52 55 0 8 3 42 66 28 47 69 71 45 32 72 53 16 50 14 48
#c 1 0 0 1 0 2 2 2 1 2 2 0 0 0 1 2 1 2 0 1 0 2 2 2 2 2 0 0 1 0 0 1 1 2 1 0 1 1 1 0 0 0 1 2 2 1 2 1 1 0 1 2 1 1 2 1 2 0 0 0 0 2 0 0 2 0 1 2 2 1 2 1 1 0
10 10 19 50 47 28 31 52 37 42 34 38 54 33 64 10 67 24 21 7 9 68
15 14 55 0 8 3 66 69 71 45 36 32 72 53 16 14 48 17 23 56 6 51 70 5 43 15 44 22 61 46 25
#c 1 0 0 1 0 2 2 1 1 1 1 0 0 0 1 2 1 2 0 2 0 1 2 2 1 2 0 0 2 0 0 2 1 1 2 0 1 2 2 0 0 0 2 2 2 1 2 2 1 0 2 2 2 1 1 1 2 0 0 0 0 2 0 0 1 0 1 1 1 1 2 1 1 0
#c 1 0 0 1 0 2 2 1 1 1 1 0 0 0 1 2 1 2 0 2 0 1 2 2 1 2 0 0 2 0 0 2 1 1 2 0 1 2 2 0 0 0 2 2 2 1 2 2 1 0 2 2 2 1 1 1 2 0 0 0 0 2 0 0 1 0 1 1 1 1 2 1 1 0
1 1 1 43
24 23 27 30 41 40 13 49 18 63 11 26 29 35 65 62 2 39 60 59 4 58 20 57 12 73 17 23 56 6 51 70 5 15 44 22 61 46 25 19 50 47 28 31 52 37 42 34 38
#c 1 0 0 1 0 2 2 1 1 1 1 0 0 0 1 2 1 2 0 2 0 1 2 2 1 2 0 0 2 0 0 2 1 1 2 0 1 2 2 0 0 0 2 2 2 1 2 2 1 0 2 2 2 1 1 1 2 0 0 0 0 2 0 0 1 0 1 1 1 1 2 1 1 0
10 10 48 55 32 14 33 8 68 10 21 72 26 39 20 30 60 41 40 2 18 11
15 15 0 3 66 69 71 45 36 53 16 54 64 67 24 7 9 27 13 49 1 63 29 35 65 62 59 4 58 57 12 73
#c 1 0 0 1 0 2 2 1 1 1 1 0 0 0 1 2 1 2 0 2 0 1 2 2 1 2 0 0 2 0 0 2 1 1 2 0 1 2 2 0 0 0 2 2 2 1 2 2 1 0 2 2 2 1 1 1 2 0 0 0 0 2 0 0 1 0 1 1 1 1 2 1 1 0
12 12 31 28 56 19 50 46 25 6 42 34 70 38 53 0 10 24 36 68 54 66 71 7 9 72
12 13 17 23 51 5 43 15 44 22 61 47 52 37 55 8 3 69 45 32 16 14 48 33 64 67 21
#c 1 0 0 1 0 2 2 1 1 1 1 0 0 0 1 2 1 2 0 2 0 1 2 2 1 2 0 0 2 0 0 2 1 1 2 0 1 2 2 0 0 0 2 2 2 1 2 2 1 0 2 2 2 1 1 1 2 0 0 0 0 2 0 0 1 0 1 1 1 1 2 1 1 0
3 3 60 29 58 23 61 50
22 21 27 30 41 40 13 49 18 1 63 11 26 35 65 62 2 39 59 4 20 57 12 73 17 56 6 51 70 5 43 15 44 22 46 25 19 47 28 31 52 37 42 34 38
#c 1 0 0 1 0 2 2 1 1 1 1 0 0 0 1 2 1 2 0 2 0 1 2 0 1 2 0 0 2 2 0 2 1 1 2 0 1 2 2 0 0 0 2 2 2 1 2 2 1 0 0 2 2 1 1 1 2 0 2 0 2 0 0 0 1 0 1 1 1 1 2 1 1 0
#c 1 0 0 1 0 2 2 1 1 1 1 0 0 0 1 2 1 2 0 2 0 1 2 0 1 2 0 0 2 2 0 2 1 1 2 0 1 2 2 0 0 0 2 2 2 1 2 2 1 0 0 2 2 1 1 1 2 0 2 0 2 0 0 0 1 0 1 1 1 1 2 1 1 0
#c 1 0 0 1 0 2 2 1 1 1 1 0 0 0 1 2 1 2 0 2 0 1 2 0 1 2 0 0 2 2 0 2 1 1 2 0 1 2 2 0 0 0 2 2 2 1 2 2 1 0 0 2 2 1 1 1 2 0 2 0 2 0 0 0 1 0 1 1 1 1 2 1 1 0
7 7 49 13 20 1 41 12 4 28 19 47 6 58 56 70
18 17 27 30 40 18 63 11 26 35 65 62 2 39 59 57 73 23 61 50 17 51 5 43 15 44 22 46 25 31 52 37 42 34 38 60 29
#c 1 2 0 1 2 2 0 1 1 1 1 0 2 2 1 2 1 2 0 0 2 1 2 0 1 2 0 0 0 2 0 2 1 1 2 0 1 2 2 0 0 2 2 2 2 1 2 0 1 2 0 2 2 1 1 1 0 0 0 0 2 0 0 0 1 0 1 1 1 1 0 1 1 0
#c 1 2 0 1 2 2 0 1 1 1 1 0 2 2 1 2 1 2 0 0 2 1 2 0 1 2 0 0 0 2 0 2 1 1 2 0 1 2 2 0 0 2 2 2 2 1 2 0 1 2 0 2 2 1 1 1 0 0 0 0 2 0 0 0 1 0 1 1 1 1 0 1 1 0
7 6 41 13 52 1 29 44 51 32 53 64 0 66 55
17 19 17 5 43 15 22 46 25 31 37 42 34 38 60 49 20 12 4 8 3 69 71 45 36 72 16 14 48 54 33 10 67 24 21 7 9 68
#c 1 2 0 1 2 2 0 1 1 1 1 0 2 2 1 2 1 2 0 0 2 1 2 0 1 2 0 0 0 2 0 2 1 1 2 0 1 2 2 0 0 2 2 2 2 1 2 0 1 2 0 2 2 1 1 1 0 0 0 0 2 0 0 0 1 0 1 1 1 1 0 1 1 0
#c 1 2 0 1 2 2 0 1 1 1 1 0 2 2 1 2 1 2 0 0 2 1 2 0 1 2 0 0 0 2 0 2 1 1 2 0 1 2 2 0 0 2 2 2 2 1 2 0 1 2 0 2 2 1 1 1 0 0 0 0 2 0 0 0 1 0 1 1 1 1 0 1 1 0
11 11 33 36 66 72 68 67 7 10 48 24 55 26 27 23 59 28 47 19 57 58 61 73
14 14 0 8 3 69 71 45 32 53 16 14 54 64 21 9 30 40 18 63 11 35 65 62 2 39 50 6 56 70
#c 1 2 0 1 2 2 0 1 1 1 1 0 2 2 1 2 1 2 0 0 2 1 2 0 1 2 0 0 0 2 0 2 1 1 2 0 1 2 2 0 0 2 2 2 2 1 2 0 1 2 0 2 2 1 1 1 0 0 0 0 2 0 0 0 1 0 1 1 1 1 0 1 1 0
2 2 52 31 65 30
22 23 17 51 5 43 15 44 22 46 25 37 42 34 38 60 29 49 13 20 1 41 12 4 27 40 18 63 11 26 35 62 2 39 59 57 73 23 61 50 28 19 47 6 58 56 70
#c 1 2 0 1 2 2 0 1 1 1 1 0 2 2 1 2 1 2 0 0 2 1 2 0 1 2 0 0 0 2 0 2 1 1 2 0 1 2 2 0 0 2 2 2 2 1 2 0 1 2 0 2 2 1 1 1 0 0 0 0 2 0 0 0 1 0 1 1 1 1 0 1 1 0
#c 1 2 0 1 2 2 0 1 1 1 1 0 2 2 1 2 1 2 0 0 2 1 2 0 1 2 0 0 0 2 0 2 1 1 2 0 1 2 2 0 0 2 2 2 2 1 2 0 1 2 0 2 2 1 1 1 0 0 0 0 2 0 0 0 1 0 1 1 1 1 0 1 1 0
#c 1 2 0 1 2 2 0 1 1 1 1 0 2 2 1 2 1 2 0 0 2 1 2 0 1 2 0 0 0 2 0 2 1 1 2 0 1 2 2 0 0 2 2 2 2 1 2 0 1 2 0 2 2 1 1 1 0 0 0 0 2 0 0 0 1 0 1 1 1 1 0 1 1 0
#c 1 2 0 1 2 2 0 1 1 1 1 0 2 2 1 2 1 2 0 0 2 1 2 0 1 2 0 0 0 2 0 2 1 1 2 0 1 2 2 0 0 2 2 2 2 1 2 0 1 2 0 2 2 1 1 1 0 0 0 0 2 0 0 0 1 0 1 1 1 1 0 1 1 0
9 9 59 30 47 73 6 65 63 2 18 60 37 20 1 51 5 34 12 13
16 15 27 40 11 26 35 62 39 57 23 61 50 28 19 58 56 70 17 43 15 44 22 46 25 31 52 42 38 29 49 41 4
#c 1 2 0 1 2 2 0 1 1 1 1 0 2 2 1 2 1 2 0 0 2 1 2 0 1 2 0 0 0 2 0 2 1 1 2 0 1 2 2 0 0 2 2 2 2 1 2 0 1 2 0 2 2 1 1 1 0 0 0 0 2 0 0 0 1 0 1 1 1 1 0 1 1 0
#c 1 2 0 1 2 2 0 1 1 1 1 0 2 2 1 2 1 2 0 0 2 1 2 0 1 2 0 0 0 2 0 2 1 1 2 0 1 2 2 0 0 2 2 2 2 1 2 0 1 2 0 2 2 1 1 1 0 0 0 0 2 0 0 0 1 0 1 1 1 1 0 1 1 0
6 6 31 34 12 49 38 15 45 69 33 72 71 36
18 19 17 51 5 43 44 22 46 25 52 37 42 60 29 13 20 1 41 4 55 0 8 3 66 32 53 16 14 48 54 64 10 67 24 21 7 9 68
#c 1 2 0 1 2 2 0 1 1 1 1 0 2 2 1 2 1 2 0 0 2 1 2 0 1 2 0 0 0 2 0 2 1 1 2 0 1 2 2 0 0 2 2 2 2 1 2 0 1 2 0 2 2 1 1 1 0 0 0 0 2 0 0 0 1 0 1 1 1 1 0 1 1 0
#c 1 2 0 1 2 2 0 1 1 1 1 0 2 2 1 2 1 2 0 0 2 1 2 0 1 2 0 0 0 2 0 2 1 1 2 0 1 2 2 0 0 2 2 2 2 1 2 0 1 2 0 2 2 1 1 1 0 0 0 0 2 0 0 0 1 0 1 1 1 1 0 1 1 0
10 10 68 71 33 64 9 48 53 7 45 72 30 47 19 39 28 61 35 59 65 6
15 15 55 0 8 3 66 69 36 32 16 14 54 10 67 24 21 27 40 18 63 11 26 62 2 57 73 23 50 58 56 70
#c 1 2 0 1 2 2 0 1 1 1 1 0 2 2 1 2 1 2 0 0 2 1 2 0 1 2 0 0 0 2 0 2 1 1 2 0 1 2 2 0 0 2 2 2 2 1 2 0 1 2 0 2 2 1 1 1 0 0 0 0 2 0 0 0 1 0 1 1 1 1 0 1 1 0
12 12 5 37 15 60 42 44 4 51 49 12 46 31 16 7 36 33 67 48 69 8 55 3 10 66
12 13 17 43 22 25 52 34 38 29 13 20 1 41 0 71 45 32 72 53 14 54 64 24 21 9 68
#c 1 2 0 1 2 2 0 1 1 1 1 0 2 2 1 2 1 2 0 0 2 1 2 0 1 2 0 0 0 2 0 2 1 1 2 0 1 2 2 0 0 2 2 2 2 1 2 0 1 2 0 2 2 1 1 1 0 0 0 0 2 0 0 0 1 0 1 1 1 1 0 1 1 0
10 11 70 30 61 23 58 6 59 11 63 47 44 37 41 60 22 52 34 5 20 29 1
15 13 27 40 18 26 35 65 62 2 39 57 73 50 28 19 56 17 51 43 15 46 25 31 42 38 49 13 12 4
#c 1 2 0 1 2 2 0 1 1 1 1 0 2 2 1 2 1 2 0 0 2 1 2 0 1 2 0 0 0 2 0 2 1 1 2 0 1 2 2 0 0 2 2 2 2 1 2 0 1 2 0 2 2 1 1 1 0 0 0 0 2 0 0 0 1 0 1 1 1 1 0 1 1 0
2 4 33 24 18 40 65 47
23 21 55 0 8 3 66 69 71 45 36 32 72 53 16 14 48 54 64 10 67 21 7 9 68 27 30 63 11 26 35 62 2 39 59 57 73 23 61 50 28 19 6 58 56 70
#c 1 2 0 1 2 2 0 1 1 1 1 0 2 2 1 2 1 2 0 0 2 1 2 0 1 2 0 0 0 2 0 2 1 1 2 0 1 2 2 0 0 2 2 2 2 1 2 0 1 2 0 2 2 1 1 1 0 0 0 0 2 0 0 0 1 0 1 1 1 1 0 1 1 0
9 9 44 52 43 51 49 41 46 15 13 56 28 61 30 27 35 11 19 26
15 16 17 5 22 25 31 37 42 34 38 60 29 20 1 12 4 40 18 63 65 62 2 39 59 57 73 23 50 47 6 58 70
#c 1 2 0 1 2 2 0 1 1 1 1 0 2 2 1 2 1 2 0 0 2 1 2 0 1 2 0 0 0 2 0 2 1 1 2 0 1 2 2 0 0 2 2 2 2 1 2 0 1 2 0 2 2 1 1 1 0 0 0 0 2 0 0 0 1 0 1 1 1 1 0 1 1 0
7 7 63 40 61 2 50 19 11 4 5 34 13 46 17 38
18 17 27 30 18 26 35 65 62 39 59 57 73 23 28 47 6 58 56 70 51 43 15 44 22 25 31 52 37 42 60 29 49 20 1 41 12
#c 1 2 0 1 2 2 0 1 1 1 1 0 2 2 1 2 1 2 0 0 2 1 2 0 1 2 0 0 0 2 0 2 1 1 2 0 1 2 2 0 0 2 2 2 2 1 2 0 1 2 0 2 2 1 1 1 0 0 0 0 2 0 0 0 1 0 1 1 1 1 0 1 1 0
#c 1 2 0 1 2 2 0 1 1 1 1 0 2 2 1 2 1 2 0 0 2 1 2 0 1 2 0 0 0 2 0 2 1 1 2 0 1 2 2 0 0 2 2 2 2 1 2 0 1 2 0 2 2 1 1 1 0 0 0 0 2 0 0 0 1 0 1 1 1 1 0 1 1 0
10 8 52 20 22 12 29 17 46 41 43 37 2 61 62 26 40 39 58 23
14 17 51 5 15 44 25 31 42 34 38 60 49 13 1 4 27 30 18 63 11 35 65 59 57 73 50 28 19 47 6 56 70
#c 1 2 0 1 2 2 0 1 1 1 1 0 2 2 1 2 1 2 0 0 2 1 2 0 1 2 0 0 0 2 0 2 1 1 2 0 1 2 2 0 0 2 2 2 2 1 2 0 1 2 0 2 2 1 1 1 0 0 0 0 2 0 0 0 1 0 1 1 1 1 0 1 1 0
#c 1 2 0 1 2 2 0 1 1 1 1 0 2 2 1 2 1 2 0 0 2 1 2 0 1 2 0 0 0 2 0 2 1 1 2 0 1 2 2 0 0 2 2 2 2 1 2 0 1 2 0 2 2 1 1 1 0 0 0 0 2 0 0 0 1 0 1 1 1 1 0 1 1 0
10 11 21 69 24 68 8 48 45 16 53 67 11 59 18 70 35 56 50 58 26 65 30
15 14 55 0 3 66 71 36 32 72 14 54 33 64 10 7 9 27 40 63 62 2 39 57 73 23 61 28 19 47 6
#c 1 2 0 1 2 2 0 1 1 1 1 0 2 2 1 2 1 2 0 0 2 1 2 0 1 2 0 0 0 2 0 2 1 1 2 0 1 2 2 0 0 2 2 2 2 1 2 0 1 2 0 2 2 1 1 1 0 0 0 0 2 0 0 0 1 0 1 1 1 1 0 1 1 0
6 4 1 5 29 12 46 13 69 64 0 72
18 21 17 51 43 15 44 22 25 31 52 37 42 34 38 60 49 20 41 4 55 8 3 66 71 45 36 32 53 16 14 48 54 33 10 67 24 21 7 9 68
#c 1 2 0 1 2 2 0 1 1 1 1 0 2 2 1 2 1 2 0 0 2 1 2 0 1 2 0 0 0 2 0 2 1 1 2 0 1 2 2 0 0 2 2 2 2 1 2 0 1 2 0 2 2 1 1 1 0 0 0 0 2 0 0 0 1 0 1 1 1 1 0 1 1 0
6 6 58 40 39 57 61 27 55 3 9 8 14 24
19 19 30 18 63 11 26 35 65 62 2 59 73 23 50 28 19 47 6 56 70 0 66 69 71 45 36 32 72 53 16 48 54 33 64 10 67 21 7 68
#c 1 2 0 1 2 2 0 1 1 1 1 0 2 2 1 2 1 2 0 0 2 1 2 0 1 2 0 0 0 2 0 2 1 1 2 0 1 2 2 0 0 2 2 2 2 1 2 0 1 2 0 2 2 1 1 1 0 0 0 0 2 0 0 0 1 0 1 1 1 1 0 1 1 0
#c 1 2 0 1 2 2 0 1 1 1 1 0 2 2 1 2 1 2 0 0 2 1 2 0 1 2 0 0 0 2 0 2 1 1 2 0 1 2 2 0 0 2 2 2 2 1 2 0 1 2 0 2 2 1 1 1 0 0 0 0 2 0 0 0 1 0 1 1 1 1 0 1 1 0
#c 1 2 0 1 2 2 0 1 1 1 1 0 2 2 1 2 1 2 0 0 2 1 2 0 1 2 0 0 0 2 0 2 1 1 2 0 1 2 2 0 0 2 2 2 2 1 2 0 1 2 0 2 2 1 1 1 0 0 0 0 2 0 0 0 1 0 1 1 1 1 0 1 1 0
#c 1 2 0 1 2 2 0 1 1 1 1 0 2 2 1 2 1 2 0 0 2 1 2 0 1 2 0 0 0 2 0 2 1 1 2 0 1 2 2 0 0 2 2 2 2 1 2 0 1 2 0 2 2 1 1 1 0 0 0 0 2 0 0 0 1 0 1 1 1 1 0 1 1 0
10 10 67 66 64 48 8 3 9 71 54 21 44 29 38 37 4 17 25 12 42 60
15 14 55 0 69 45 36 32 72 53 16 14 33 10 24 7 68 51 5 43 15 22 46 31 52 34 49 13 20 1 41
#c 1 2 0 1 2 2 0 1 1 1 1 0 2 2 1 2 1 2 0 0 2 1 2 0 1 2 0 0 0 2 0 2 1 1 2 0 1 2 2 0 0 2 2 2 2 1 2 0 1 2 0 2 2 1 1 1 0 0 0 0 2 0 0 0 1 0 1 1 1 1 0 1 1 0
6 6 4 22 25 49 1 41 2 18 70 28 6 23
18 19 17 51 5 43 15 44 46 31 52 37 42 34 38 60 29 13 20 12 27 30 40 63 11 26 35 65 62 39 59 57 73 61 50 19 47 58 56
#c 1 2 0 1 2 2 0 1 1 1 1 0 2 2 1 2 1 2 0 0 2 1 2 0 1 2 0 0 0 2 0 2 1 1 2 0 1 2 2 0 0 2 2 2 2 1 2 0 1 2 0 2 2 1 1 1 0 0 0 0 2 0 0 0 1 0 1 1 1 1 0 1 1 0
5 5 65 18 23 19 63 21 48 32 3 45
20 20 27 30 40 11 26 35 62 2 39 59 57 73 61 50 28 47 6 58 56 70 55 0 8 66 69 71 36 72 53 16 14 54 33 64 10 67 24 7 9 68
#c 1 2 0 1 2 2 0 1 1 1 1 0 2 2 1 2 1 2 0 0 2 1 2 0 1 2 0 0 0 2 0 2 1 1 2 0 1 2 2 0 0 2 2 2 2 1 2 0 1 2 0 2 2 1 1 1 0 0 0 0 2 0 0 0 1 0 1 1 1 1 0 1 1 0
6 7 24 9 69 67 7 21 27 35 50 59 62 30 47
19 18 55 0 8 3 66 71 45 36 32 72 53 16 14 48 54 33 64 10 68 40 18 63 11 26 65 2 39 57 73 23 61 28 19 6 58 56 70
#c 1 2 0 1 2 2 0 1 1 1 1 0 2 2 1 2 1 2 0 0 2 1 2 0 1 2 0 0 0 2 0 2 1 1 2 0 1 2 2 0 0 2 2 2 2 1 2 0 1 2 0 2 2 1 1 1 0 0 0 0 2 0 0 0 1 0 1 1 1 1 0 1 1 0
#c 1 2 0 1 2 2 0 1 1 1 1 0 2 2 1 2 1 2 0 0 2 1 2 0 1 2 0 0 0 2 0 2 1 1 2 0 1 2 2 0 0 2 2 2 2 1 2 0 1 2 0 2 2 1 1 1 0 0 0 0 2 0 0 0 1 0 1 1 1 1 0 1 1 0
3 3 57 19 59 13 46 5
22 21 27 30 40 18 63 11 26 35 65 62 2 39 73 23 61 50 28 47 6 58 56 70 17 51 43 15 44 22 25 31 52 37 42 34 38 60 29 49 20 1 41 12 4
#c 1 2 0 1 2 2 0 1 1 1 1 0 2 2 1 2 1 2 0 0 2 1 2 0 1 2 0 0 0 2 0 2 1 1 2 0 1 2 2 0 0 2 2 2 2 1 2 0 1 2 0 2 2 1 1 1 0 0 0 0 2 0 0 0 1 0 1 1 1 1 0 1 1 0
6 6 45 55 54 69 0 53 30 73 23 11 50 63
19 19 8 3 66 71 36 32 72 16 14 48 33 64 10 67 24 21 7 9 68 27 40 18 26 35 65 62 2 39 59 57 61 28 19 47 6 58 56 70
#c 1 2 0 1 2 2 0 1 1 1 1 0 2 2 1 2 1 2 0 0 2 1 2 0 1 2 0 0 0 2 0 2 1 1 2 0 1 2 2 0 0 2 2 2 2 1 2 0 1 2 0 2 2 1 1 1 0 0 0 0 2 0 0 0 1 0 1 1 1 1 0 1 1 0
1 1 34 50
23 24 17 51 5 43 15 44 22 46 25 31 52 37 42 38 60 29 49 13 20 1 41 12 4 27 30 40 18 63 11 26 35 65 62 2 39 59 57 73 23 61 28 19 47 6 58 56 70
#c 1 2 0 1 2 2 0 1 1 1 1 0 2 2 1 2 1 2 0 0 2 1 2 0 1 2 0 0 0 2 0 2 1 1 2 0 1 2 2 0 0 2 2 2 2 1 2 0 1 2 0 2 2 1 1 1 0 0 0 0 2 0 0 0 1 0 1 1 1 1 0 1 1 0
12 12 28 57 26 19 39 65 50 56 61 6 63 2 32 9 72 68 33 16 55 0 7 3 69 71
13 13 27 30 40 18 11 35 62 59 73 23 47 58 70 8 66 45 36 53 14 48 54 64 10 67 24 21
#c 1 2 0 1 2 2 0 1 1 1 1 0 2 2 1 2 1 2 0 0 2 1 2 0 1 2 0 0 0 2 0 2 1 1 2 0 1 2 2 0 0 2 2 2 2 1 2 0 1 2 0 2 2 1 1 1 0 0 0 0 2 0 0 0 1 0 1 1 1 1 0 1 1 0
3 3 71 21 69 42 41 34
22 21 55 0 8 3 66 45 36 32 72 53 16 14 48 54 33 64 10 67 24 7 9 68 17 51 5 43 15 44 22 46 25 31 52 37 38 60 29 49 13 20 1 12 4
#c 1 2 0 1 2 2 0 1 1 1 1 0 2 2 1 2 1 2 0 0 2 1 2 0 1 2 0 0 0 2 0 2 1 1 2 0 1 2 2 0 0 2 2 2 2 1 2 0 1 2 0 2 2 1 1 1 0 0 0 0 2 0 0 0 1 0 1 1 1 1 0 1 1 0
12 12 1 52 51 20 12 38 13 4 44 49 46 60 36 16 69 7 32 3 64 66 14 33 54 67
12 13 17 5 43 15 22 25 31 37 42 34 29 41 55 0 8 71 45 72 53 48 10 24 21 9 68
#c 1 2 0 1 2 2 0 1 1 1 1 0 2 2 1 2 1 2 0 0 2 1 2 0 1 2 0 0 0 2 0 2 1 1 2 0 1 2 2 0 0 2 2 2 2 1 2 0 1 2 0 2 2 1 1 1 0 0 0 0 2 0 0 0 1 0 1 1 1 1 0 1 1 0
7 7 11 39 63 58 70 50 30 7 66 68 72 21 54 36
18 18 27 40 18 26 35 65 62 2 59 57 73 23 61 28 19 47 6 56 55 0 8 3 69 71 45 32 53 16 14 48 33 64 10 67 24 9
#c 1 2 0 1 2 2 0 1 1 1 1 0 2 2 1 2 1 2 0 0 2 1 2 0 1 2 0 0 0 2 0 2 1 1 2 0 1 2 2 0 0 2 2 2 2 1 2 0 1 2 0 2 2 1 1 1 0 0 0 0 2 0 0 0 1 0 1 1 1 1 0 1 1 0
12 12 69 53 54 68 48 45 55 64 33 0 14 71 73 23 30 2 18 61 26 58 59 70 47 56
13 13 8 3 66 36 32 72 16 10 67 24 21 7 9 27 40 63 11 35 65 62 39 57 50 28 19 6
#c 1 2 0 1 2 2 0 1 1 1 1 0 2 2 1 2 1 2 0 0 2 1 2 0 1 2 0 0 0 2 0 2 1 1 2 0 1 2 2 0 0 2 2 2 2 1 2 0 1 2 0 2 2 1 1 1 0 0 0 0 2 0 0 0 1 0 1 1 1 1 0 1 1 0
#c 1 2 0 1 2 2 0 1 1 1 1 0 2 2 1 2 1 2 0 0 2 1 2 0 1 2 0 0 0 2 0 2 1 1 2 0 1 2 2 0 0 2 2 2 2 1 2 0 1 2 0 2 2 1 1 1 0 0 0 0 2 0 0 0 1 0 1 1 1 1 0 1 1 0
6 6 58 63 59 23 28 19 52 1 34 49 42 51
19 18 27 30 40 18 11 26 35 65 62 2 39 57 73 61 50 47 6 56 70 17 5 43 15 44 22 46 25 31 37 38 60 29 13 20 41 12 4
#c 1 2 0 1 2 2 0 1 1 1 1 0 2 2 1 2 1 2 0 0 2 1 2 0 1 2 0 0 0 2 0 2 1 1 2 0 1 2 2 0 0 2 2 2 2 1 2 0 1 2 0 2 2 1 1 1 0 0 0 0 2 0 0 0 1 0 1 1 1 1 0 1 1 0
9 9 7 68 53 21 9 69 66 45 32 50 70 62 26 47 35 73 19 63
16 16 55 0 8 3 71 36 72 16 14 48 54 33 64 10 67 24 27 30 40 18 11 65 2 39 59 57 23 61 28 6 58 56
#c 1 2 0 1 2 2 0 1 1 1 1 0 2 2 1 2 1 2 0 0 2 1 2 0 1 2 0 0 0 2 0 2 1 1 2 0 1 2 2 0 0 2 2 2 2 1 2 0 1 2 0 2 2 1 1 1 0 0 0 0 2 0 0 0 1 0 1 1 1 1 0 1 1 0
#c 1 2 0 1 2 2 0 1 1 1 1 0 2 2 1 2 1 2 0 0 2 1 2 0 1 2 0 0 0 2 0 2 1 1 2 0 1 2 2 0 0 2 2 2 2 1 2 0 1 2 0 2 2 1 1 1 0 0 0 0 2 0 0 0 1 0 1 1 1 1 0 1 1 0
7 9 47 63 19 59 58 26 6 12 42 49 29 51 15 44 4 5
18 15 27 30 40 18 11 35 65 62 2 39 57 73 23 61 50 28 56 70 17 43 22 46 25 31 52 37 34 38 60 13 20 1 41
#c 1 2 0 1 2 2 0 1 1 1 1 0 2 2 1 2 1 2 0 0 2 1 2 0 1 2 0 0 0 2 0 2 1 1 2 0 1 2 2 0 0 2 2 2 2 1 2 0 1 2 0 2 2 1 1 1 0 0 0 0 2 0 0 0 1 0 1 1 1 1 0 1 1 0
1 1 45 49
24 23 55 0 8 3 66 69 71 36 32 72 53 16 14 48 54 33 64 10 67 24 21 7 9 68 17 51 5 43 15 44 22 46 25 31 52 37 42 34 38 60 29 13 20 1 41 12 4
#c 1 2 0 1 2 2 0 1 1 1 1 0 2 2 1 2 1 2 0 0 2 1 2 0 1 2 0 0 0 2 0 2 1 1 2 0 1 2 2 0 0 2 2 2 2 1 2 0 1 2 0 2 2 1 1 1 0 0 0 0 2 0 0 0 1 0 1 1 1 1 0 1 1 0
7 7 13 15 17 38 22 41 1 16 9 8 3 48 54 0
17 18 51 5 43 44 46 25 31 52 37 42 34 60 29 49 20 12 4 55 66 69 71 45 36 32 72 53 14 33 64 10 67 24 21 7 68
#c 1 2 0 1 2 2 0 1 1 1 1 0 2 2 1 2 1 2 0 0 2 1 2 0 1 2 0 0 0 2 0 2 1 1 2 0 1 2 2 0 0 2 2 2 2 1 2 0 1 2 0 2 2 1 1 1 0 0 0 0 2 0 0 0 1 0 1 1 1 1 0 1 1 0
7 7 57 58 47 11 26 30 40 71 54 33 16 21 69 55
18 18 27 18 63 35 65 62 2 39 59 73 23 61 50 28 19 6 56 70 0 8 3 66 45 36 32 72 53 14 48 64 10 67 24 7 9 68
#c 1 2 0 1 2 2 0 1 1 1 1 0 2 2 1 2 1 2 0 0 2 1 2 0 1 2 0 0 0 2 0 2 1 1 2 0 1 2 2 0 0 2 2 2 2 1 2 0 1 2 0 2 2 1 1 1 0 0 0 0 2 0 0 0 1 0 1 1 1 1 0 1 1 0
#c 1 2 0 1 2 2 0 1 1 1 1 0 2 2 1 2 1 2 0 0 2 1 2 0 1 2 0 0 0 2 0 2 1 1 2 0 1 2 2 0 0 2 2 2 2 1 2 0 1 2 0 2 2 1 1 1 0 0 0 0 2 0 0 0 1 0 1 1 1 1 0 1 1 0
6 6 37 5 1 46 41 44 70 35 23 59 26 65
18 19 17 51 43 15 22 25 31 52 42 34 38 60 29 49 13 20 12 4 27 30 40 18 63 11 62 2 39 57 73 61 50 28 19 47 6 58 56
#c 1 2 0 1 2 2 0 1 1 1 1 0 2 2 1 2 1 2 0 0 2 1 2 0 1 2 0 0 0 2 0 2 1 1 2 0 1 2 2 0 0 2 2 2 2 1 2 0 1 2 0 2 2 1 1 1 0 0 0 0 2 0 0 0 1 0 1 1 1 1 0 1 1 0
3 3 65 50 47 43 37 41
22 21 27 30 40 18 63 11 26 35 62 2 39 59 57 73 23 61 28 19 6 58 56 70 17 51 5 15 44 22 46 25 31 52 42 34 38 60 29 49 13 20 1 12 4
#c 1 2 0 1 2 2 0 1 1 1 1 0 2 2 1 2 1 2 0 0 2 1 2 0 1 2 0 0 0 2 0 2 1 1 2 0 1 2 2 0 0 2 2 2 2 1 2 0 1 2 0 2 2 1 1 1 0 0 0 0 2 0 0 0 1 0 1 1 1 1 0 1 1 0
#c 1 2 0 1 2 2 0 1 1 1 1 0 2 2 1 2 1 2 0 0 2 1 2 0 1 2 0 0 0 2 0 2 1 1 2 0 1 2 2 0 0 2 2 2 2 1 2 0 1 2 0 2 2 1 1 1 0 0 0 0 2 0 0 0 1 0 1 1 1 1 0 1 1 0
5 5 4 25 22 60 38 73 65 40 30 47
19 20 17 51 5 43 15 44 46 31 52 37 42 34 29 49 13 20 1 41 12 27 18 63 11 26 35 62 2 39 59 57 23 61 50 28 19 6 58 56 70
#c 1 2 0 1 2 2 0 1 1 1 1 0 2 2 1 2 1 2 0 0 2 1 2 0 1 2 0 0 0 2 0 2 1 1 2 0 1 2 2 0 0 2 2 2 2 1 2 0 1 2 0 2 2 1 1 1 0 0 0 0 2 0 0 0 1 0 1 1 1 1 0 1 1 0
5 5 65 63 23 27 70 8 68 64 71 0
20 20 30 40 18 11 26 35 62 2 39 59 57 73 61 50 28 19 47 6 58 56 55 3 66 69 45 36 32 72 53 16 14 48 54 33 10 67 24 21 7 9
#c 1 2 0 1 2 2 0 1 1 1 1 0 2 2 1 2 1 2 0 0 2 1 2 0 1 2 0 0 0 2 0 2 1 1 2 0 1 2 2 0 0 2 2 2 2 1 2 0 1 2 0 2 2 1 1 1 0 0 0 0 2 0 0 0 1 0 1 1 1 1 0 1 1 0
10 10 71 0 10 69 14 68 8 48 54 45 5 52 37 25 46 17 20 4 15 1
15 14 55 3 66 36 32 72 53 16 33 64 67 24 21 7 9 51 43 44 22 31 42 34 38 60 29 49 13 41 12
#c 1 2 0 1 2 2 0 1 1 1 1 0 2 2 1 2 1 2 0 0 2 1 2 0 1 2 0 0 0 2 0 2 1 1 2 0 1 2 2 0 0 2 2 2 2 1 2 0 1 2 0 2 2 1 1 1 0 0 0 0 2 0 0 0 1 0 1 1 1 1 0 1 1 0
6 6 38 20 49 25 43 4 26 39 30 47 50 70
18 19 17 51 5 15 44 22 46 31 52 37 42 34 60 29 13 1 41 12 27 40 18 63 11 35 65 62 2 59 57 73 23 61 28 19 6 58 56
#c 1 2 0 1 2 2 0 1 1 1 1 0 2 2 1 2 1 2 0 0 2 1 2 0 1 2 0 0 0 2 0 2 1 1 2 0 1 2 2 0 0 2 2 2 2 1 2 0 1 2 0 2 2 1 1 1 0 0 0 0 2 0 0 0 1 0 1 1 1 1 0 1 1 0
#c 1 2 0 1 2 2 0 1 1 1 1 0 2 2 1 2 1 2 0 0 2 1 2 0 1 2 0 0 0 2 0 2 1 1 2 0 1 2 2 0 0 2 2 2 2 1 2 0 1 2 0 2 2 1 1 1 0 0 0 0 2 0 0 0 1 0 1 1 1 1 0 1 1 0
4 4 54 67 3 45 52 5 12 38
21 20 55 0 8 66 69 71 36 32 72 53 16 14 48 33 64 10 24 21 7 9 68 17 51 43 15 44 22 46 25 31 37 42 34 60 29 49 13 20 1 41 4
#c 1 2 0 1 2 2 0 1 1 1 1 0 2 2 1 2 1 2 0 0 2 1 2 0 1 2 0 0 0 2 0 2 1 1 2 0 1 2 2 0 0 2 2 2 2 1 2 0 1 2 0 2 2 1 1 1 0 0 0 0 2 0 0 0 1 0 1 1 1 1 0 1 1 0
#c 1 2 0 1 2 2 0 1 1 1 1 0 2 2 1 2 1 2 0 0 2 1 2 0 1 2 0 0 0 2 0 2 1 1 2 0 1 2 2 0 0 2 2 2 2 1 2 0 1 2 0 2 2 1 1 1 0 0 0 0 2 0 0 0 1 0 1 1 1 1 0 1 1 0
7 7 28 2 70 39 35 62 27 33 48 71 45 9 68 72
18 18 30 40 18 63 11 26 65 59 57 73 23 61 50 19 47 6 58 56 55 0 8 3 66 69 36 32 53 16 14 54 64 10 67 24 21 7
#c 1 2 0 1 2 2 0 1 1 1 1 0 2 2 1 2 1 2 0 0 2 1 2 0 1 2 0 0 0 2 0 2 1 1 2 0 1 2 2 0 0 2 2 2 2 1 2 0 1 2 0 2 2 1 1 1 0 0 0 0 2 0 0 0 1 0 1 1 1 1 0 1 1 0
3 3 0 8 45 15 37 42
22 21 55 3 66 69 71 36 32 72 53 16 14 48 54 33 64 10 67 24 21 7 9 68 17 51 5 43 44 22 46 25 31 52 34 38 60 29 49 13 20 1 41 12 4
#c 1 2 0 1 2 2 0 1 1 1 1 0 2 2 1 2 1 2 0 0 2 1 2 0 1 2 0 0 0 2 0 2 1 1 2 0 1 2 2 0 0 2 2 2 2 1 2 0 1 2 0 2 2 1 1 1 0 0 0 0 2 0 0 0 1 0 1 1 1 1 0 1 1 0
7 7 46 37 38 4 43 5 17 27 19 30 57 73 56 28
17 18 51 15 44 22 25 31 52 42 34 60 29 49 13 20 1 41 12 40 18 63 11 26 35 65 62 2 39 59 23 61 50 47 6 58 70
#c 1 2 0 1 2 2 0 1 1 1 1 0 2 2 1 2 1 2 0 0 2 1 2 0 1 2 0 0 0 2 0 2 1 1 2 0 1 2 2 0 0 2 2 2 2 1 2 0 1 2 0 2 2 1 1 1 0 0 0 0 2 0 0 0 1 0 1 1 1 1 0 1 1 0
#c 1 2 0 1 2 2 0 1 1 1 1 0 2 2 1 2 1 2 0 0 2 1 2 0 1 2 0 0 0 2 0 2 1 1 2 0 1 2 2 0 0 2 2 2 2 1 2 0 1 2 0 2 2 1 1 1 0 0 0 0 2 0 0 0 1 0 1 1 1 1 0 1 1 0
8 10 53 14 10 3 16 72 36 0 25 52 34 22 41 42 13 12 15 4
17 14 55 8 66 69 71 45 32 48 54 33 64 67 24 21 7 9 68 17 51 5 43 44 46 31 37 38 60 29 49 20 1
#c 1 2 0 1 2 2 0 1 1 1 1 0 2 2 1 2 1 2 0 0 2 1 2 0 1 2 0 0 0 2 0 2 1 1 2 0 1 2 2 0 0 2 2 2 2 1 2 0 1 2 0 2 2 1 1 1 0 0 0 0 2 0 0 0 1 0 1 1 1 1 0 1 1 0
2 4 38 20 66 64 24 16
22 21 17 51 5 43 15 44 22 46 25 31 52 37 42 34 60 29 49 13 1 41 12 4 55 0 8 3 69 71 45 36 32 72 53 14 48 54 33 10 67 21 7 9 68
#c 1 2 0 1 2 2 0 1 1 1 1 0 2 2 1 2 1 2 0 0 2 1 2 0 1 2 0 0 0 2 0 2 1 1 2 0 1 2 2 0 0 2 2 2 2 1 2 0 1 2 0 2 2 1 1 1 0 0 0 0 2 0 0 0 1 0 1 1 1 1 0 1 1 0
1 1 62 71
24 24 27 30 40 18 63 11 26 35 65 2 39 59 57 73 23 61 50 28 19 47 6 58 56 70 55 0 8 3 66 69 45 36 32 72 53 16 14 48 54 33 64 10 67 24 21 7 9 68
#c 1 2 0 1 2 2 0 1 1 1 1 0 2 2 1 2 1 2 0 0 2 1 2 0 1 2 0 0 0 2 0 2 1 1 2 0 1 2 2 0 0 2 2 2 2 1 2 0 1 2 0 2 2 1 1 1 0 0 0 0 2 0 0 0 1 0 1 1 1 1 0 1 1 0
1 1 10 20
24 23 55 0 8 3 66 69 71 45 36 32 72 53 16 14 48 54 33 64 67 24 21 7 9 68 17 51 5 43 15 44 22 46 25 31 52 37 42 34 38 60 29 49 13 1 41 12 4
#c 1 2 0 1 2 2 0 1 1 1 1 0 2 2 1 2 1 2 0 0 2 1 2 0 1 2 0 0 0 2 0 2 1 1 2 0 1 2 2 0 0 2 2 2 2 1 2 0 1 2 0 2 2 1 1 1 0 0 0 0 2 0 0 0 1 0 1 1 1 1 0 1 1 0
#c 1 2 0 1 2 2 0 1 1 1 1 0 2 2 1 2 1 2 0 0 2 1 2 0 1 2 0 0 0 2 0 2 1 1 2 0 1 2 2 0 0 2 2 2 2 1 2 0 1 2 0 2 2 1 1 1 0 0 0 0 2 0 0 0 1 0 1 1 1 1 0 1 1 0
3 3 39 59 35 5 25 29
22 21 27 30 40 18 63 11 26 65 62 2 57 73 23 61 50 28 19 47 6 58 56 70 17 51 43 15 44 22 46 31 52 37 42 34 38 60 49 13 20 1 41 12 4
#c 1 2 0 1 2 2 0 1 1 1 1 0 2 2 1 2 1 2 0 0 2 1 2 0 1 2 0 0 0 2 0 2 1 1 2 0 1 2 2 0 0 2 2 2 2 1 2 0 1 2 0 2 2 1 1 1 0 0 0 0 2 0 0 0 1 0 1 1 1 1 0 1 1 0
#c 1 2 0 1 2 2 0 1 1 1 1 0 2 2 1 2 1 2 0 0 2 1 2 0 1 2 0 0 0 2 0 2 1 1 2 0 1 2 2 0 0 2 2 2 2 1 2 0 1 2 0 2 2 1 1 1 0 0 0 0 2 0 0 0 1 0 1 1 1 1 0 1 1 0
7 7 20 42 46 5 43 15 60 56 73 28 30 27 19 2
17 18 17 51 44 22 25 31 52 37 34 38 29 49 13 1 41 12 4 40 18 63 11 26 35 65 62 39 59 57 23 61 50 47 6 58 70
#c 1 2 0 1 2 2 0 1 1 1 1 0 2 2 1 2 1 2 0 0 2 1 2 0 1 2 0 0 0 2 0 2 1 1 2 0 1 2 2 0 0 2 2 2 2 1 2 0 1 2 0 2 2 1 1 1 0 0 0 0 2 0 0 0 1 0 1 1 1 1 0 1 1 0
3 3 2 61 58 20 51 15
22 21 27 30 40 18 63 11 26 35 65 62 39 59 57 73 23 50 28 19 47 6 56 70 17 5 43 44 22 46 25 31 52 37 42 34 38 60 29 49 13 1 41 12 4
#c 1 2 0 1 2 2 0 1 1 1 1 0 2 2 1 2 1 2 0 0 2 1 2 0 1 2 0 0 0 2 0 2 1 1 2 0 1 2 2 0 0 2 2 2 2 1 2 0 1 2 0 2 2 1 1 1 0 0 0 0 2 0 0 0 1 0 1 1 1 1 0 1 1 0
#c 1 2 0 1 2 2 0 1 1 1 1 0 2 2 1 2 1 2 0 0 2 1 2 0 1 2 0 0 0 2 0 2 1 1 2 0 1 2 2 0 0 2 2 2 2 1 2 0 1 2 0 2 2 1 1 1 0 0 0 0 2 0 0 0 1 0 1 1 1 1 0 1 1 0
11 11 42 51 52 12 49 44 1 4 31 22 29 39 59 18 35 56 11 40 70 58 26 30
13 14 17 5 43 15 46 25 37 34 38 60 13 20 41 27 63 65 62 2 57 73 23 61 50 28 19 47 6
#c 1 2 0 1 2 2 0 1 1 1 1 0 2 2 1 2 1 2 0 0 2 1 2 0 1 2 0 0 0 2 0 2 1 1 2 0 1 2 2 0 0 2 2 2 2 1 2 0 1 2 0 2 2 1 1 1 0 0 0 0 2 0 0 0 1 0 1 1 1 1 0 1 1 0
11 11 19 58 27 47 23 28 6 59 62 65 73 10 16 66 7 69 45 21 55 8 9 48
14 14 30 40 18 63 11 26 35 2 39 57 61 50 56 70 0 3 71 36 32 72 53 14 54 33 64 67 24 68
#c 1 2 0 1 2 2 0 1 1 1 1 0 2 2 1 2 1 2 0 0 2 1 2 0 1 2 0 0 0 2 0 2 1 1 2 0 1 2 2 0 0 2 2 2 2 1 2 0 1 2 0 2 2 1 1 1 0 0 0 0 2 0 0 0 1 0 1 1 1 1 0 1 1 0
5 5 36 9 8 48 3 29 37 41 42 51
20 19 55 0 66 69 71 45 32 72 53 16 14 54 33 64 10 67 24 21 7 68 17 5 43 15 44 22 46 25 31 52 34 38 60 49 13 20 1 12 4
#c 1 2 0 1 2 2 0 1 1 1 1 0 2 2 1 2 1 2 0 0 2 1 2 0 1 2 0 0 0 2 0 2 1 1 2 0 1 2 2 0 0 2 2 2 2 1 2 0 1 2 0 2 2 1 1 1 0 0 0 0 2 0 0 0 1 0 1 1 1 1 0 1 1 0
#c 1 2 0 1 2 2 0 1 1 1 1 0 2 2 1 2 1 2 0 0 2 1 2 0 1 2 0 0 0 2 0 2 1 1 2 0 1 2 2 0 0 2 2 2 2 1 2 0 1 2 0 2 2 1 1 1 0 0 0 0 2 0 0 0 1 0 1 1 1 1 0 1 1 0
8 7 61 39 57 23 50 26 58 19 16 69 3 68 36 66 8
17 18 27 30 40 18 63 11 35 65 62 2 59 73 28 47 6 56 70 55 0 71 45 32 72 53 14 48 54 33 64 10 67 24 21 7 9
#c 1 2 0 1 2 2 0 1 1 1 1 0 2 2 1 2 1 2 0 0 2 1 2 0 1 2 0 0 0 2 0 2 1 1 2 0 1 2 2 0 0 2 2 2 2 1 2 0 1 2 0 2 2 1 1 1 0 0 0 0 2 0 0 0 1 0 1 1 1 1 0 1 1 0
1 1 54 12
24 23 55 0 8 3 66 69 71 45 36 32 72 53 16 14 48 33 64 10 67 24 21 7 9 68 17 51 5 43 15 44 22 46 25 31 52 37 42 34 38 60 29 49 13 20 1 41 4
#c 1 2 0 1 2 2 0 1 1 1 1 0 2 2 1 2 1 2 0 0 2 1 2 0 1 2 0 0 0 2 0 2 1 1 2 0 1 2 2 0 0 2 2 2 2 1 2 0 1 2 0 2 2 1 1 1 0 0 0 0 2 0 0 0 1 0 1 1 1 1 0 1 1 0
#c 1 2 0 1 2 2 0 1 1 1 1 0 2 2 1 2 1 2 0 0 2 1 2 0 1 2 0 0 0 2 0 2 1 1 2 0 1 2 2 0 0 2 2 2 2 1 2 0 1 2 0 2 2 1 1 1 0 0 0 0 2 0 0 0 1 0 1 1 1 1 0 1 1 0
8 8 58 28 26 65 59 56 70 50 43 29 38 17 12 22 5 25
17 16 27 30 40 18 63 11 35 62 2 39 57 73 23 61 19 47 6 51 15 44 46 31 52 37 42 34 60 49 13 20 1 41 4
#c 1 2 0 1 2 2 0 1 1 1 1 0 2 2 1 2 1 2 0 0 2 1 2 0 1 2 0 0 0 2 0 2 1 1 2 0 1 2 2 0 0 2 2 2 2 1 2 0 1 2 0 2 2 1 1 1 0 0 0 0 2 0 0 0 1 0 1 1 1 1 0 1 1 0
#c 1 2 0 1 2 2 0 1 1 1 1 0 2 2 1 2 1 2 0 0 2 1 2 0 1 2 0 0 0 2 0 2 1 1 2 0 1 2 2 0 0 2 2 2 2 1 2 0 1 2 0 2 2 1 1 1 0 0 0 0 2 0 0 0 1 0 1 1 1 1 0 1 1 0
4 4 20 43 5 60 39 27 61 18
20 21 17 51 15 44 22 46 25 31 52 37 42 34 38 29 49 13 1 41 12 4 30 40 63 11 26 35 65 62 2 59 57 73 23 50 28 19 47 6 58 56 70
#c 1 2 0 1 2 2 0 1 1 1 1 0 2 2 1 2 1 2 0 0 2 1 2 0 1 2 0 0 0 2 0 2 1 1 2 0 1 2 2 0 0 2 2 2 2 1 2 0 1 2 0 2 2 1 1 1 0 0 0 0 2 0 0 0 1 0 1 1 1 1 0 1 1 0
#c 1 2 0 1 2 2 0 1 1 1 1 0 2 2 1 2 1 2 0 0 2 1 2 0 1 2 0 0 0 2 0 2 1 1 2 0 1 2 2 0 0 2 2 2 2 1 2 0 1 2 0 2 2 1 1 1 0 0 0 0 2 0 0 0 1 0 1 1 1 1 0 1 1 0
4 3 3 68 48 7 57 30 61
21 22 55 0 8 66 69 71 45 36 32 72 53 16 14 54 33 64 10 67 24 21 9 27 40 18 63 11 26 35 65 62 2 39 59 73 23 50 28 19 47 6 58 56 70
#c 1 2 0 1 2 2 0 1 1 1 1 0 2 2 1 2 1 2 0 0 2 1 2 0 1 2 0 0 0 2 0 2 1 1 2 0 1 2 2 0 0 2 2 2 2 1 2 0 1 2 0 2 2 1 1 1 0 0 0 0 2 0 0 0 1 0 1 1 1 1 0 1 1 0
#c 1 2 0 1 2 2 0 1 1 1 1 0 2 2 1 2 1 2 0 0 2 1 2 0 1 2 0 0 0 2 0 2 1 1 2 0 1 2 2 0 0 2 2 2 2 1 2 0 1 2 0 2 2 1 1 1 0 0 0 0 2 0 0 0 1 0 1 1 1 1 0 1 1 0
8 8 73 6 50 40 61 28 58 23 48 24 53 0 68 54 33 66
17 17 27 30 18 63 11 26 35 65 62 2 39 59 57 19 47 56 70 55 8 3 69 71 45 36 32 72 16 14 64 10 67 21 7 9
#c 1 2 0 1 2 2 0 1 1 1 1 0 2 2 1 2 1 2 0 0 2 1 2 0 1 2 0 0 0 2 0 2 1 1 2 0 1 2 2 0 0 2 2 2 2 1 2 0 1 2 0 2 2 1 1 1 0 0 0 0 2 0 0 0 1 0 1 1 1 1 0 1 1 0
#c 1 2 0 1 2 2 0 1 1 1 1 0 2 2 1 2 1 2 0 0 2 1 2 0 1 2 0 0 0 2 0 2 1 1 2 0 1 2 2 0 0 2 2 2 2 1 2 0 1 2 0 2 2 1 1 1 0 0 0 0 2 0 0 0 1 0 1 1 1 1 0 1 1 0
3 3 17 31 13 14 16 66
21 22 51 5 43 15 44 22 46 25 52 37 42 34 38 60 29 49 20 1 41 12 4 55 0 8 3 69 71 45 36 32 72 53 48 54 33 64 10 67 24 21 7 9 68
#c 1 2 0 1 2 2 0 1 1 1 1 0 2 1 2 2 2 1 0 0 2 1 2 0 1 2 0 0 0 2 0 1 1 1 2 0 1 2 2 0 0 2 2 2 2 1 2 0 1 2 0 2 2 1 1 1 0 0 0 0 2 0 0 0 1 0 2 1 1 1 0 1 1 0
6 6 35 23 11 39 6 19 67 7 31 33 64 21
19 19 27 30 40 18 63 26 65 62 2 59 57 73 61 50 28 47 58 56 70 55 0 8 3 69 71 45 36 32 72 53 48 54 10 24 9 68 17 13
#c 1 2 0 1 2 2 0 1 1 1 1 0 2 1 2 2 2 1 0 0 2 1 2 0 1 2 0 0 0 2 0 1 1 1 2 0 1 2 2 0 0 2 2 2 2 1 2 0 1 2 0 2 2 1 1 1 0 0 0 0 2 0 0 0 1 0 2 1 1 1 0 1 1 0
4 4 68 72 7 32 47 2 23 50
21 21 55 0 8 3 69 71 45 36 53 48 54 33 64 10 67 24 21 9 17 31 13 27 30 40 18 63 11 26 35 65 62 39 59 57 73 61 28 19 6 58 56 70
#c 1 2 0 1 2 2 0 1 1 1 1 0 2 1 2 2 2 1 0 0 2 1 2 0 1 2 0 0 0 2 0 1 1 1 2 0 1 2 2 0 0 2 2 2 2 1 2 0 1 2 0 2 2 1 1 1 0 0 0 0 2 0 0 0 1 0 2 1 1 1 0 1 1 0
#c 1 2 0 1 2 2 0 1 1 1 1 0 2 1 2 2 2 1 0 0 2 1 2 0 1 2 0 0 0 2 0 1 1 1 2 0 1 2 2 0 0 2 2 2 2 1 2 0 1 2 0 2 2 1 1 1 0 0 0 0 2 0 0 0 1 0 2 1 1 1 0 1 1 0
4 4 50 27 57 63 7 64 17 0
21 21 30 40 18 11 26 35 65 62 2 39 59 73 23 61 28 19 47 6 58 56 70 55 8 3 69 71 45 36 32 72 53 48 54 33 10 67 24 21 9 68 31 13
#c 1 2 0 1 2 2 0 1 1 1 1 0 2 1 2 2 2 1 0 0 2 1 2 0 1 2 0 0 0 2 0 1 1 1 2 0 1 2 2 0 0 2 2 2 2 1 2 0 1 2 0 2 2 1 1 1 0 0 0 0 2 0 0 0 1 0 2 1 1 1 0 1 1 0
#c 1 2 0 1 2 2 0 1 1 1 1 0 2 1 2 2 2 1 0 0 2 1 2 0 1 2 0 0 0 2 0 1 1 1 2 0 1 2 2 0 0 2 2 2 2 1 2 0 1 2 0 2 2 1 1 1 0 0 0 0 2 0 0 0 1 0 2 1 1 1 0 1 1 0
5 5 49 46 15 20 22 45 9 68 24 55
19 20 51 5 43 44 25 52 37 42 34 38 60 29 1 41 12 4 14 16 66 0 8 3 69 71 36 32 72 53 48 54 33 64 10 67 21 7 17 31 13
#c 1 2 0 1 2 2 0 1 1 1 1 0 2 1 2 2 2 1 0 0 2 1 2 0 1 2 0 0 0 2 0 1 1 1 2 0 1 2 2 0 0 2 2 2 2 1 2 0 1 2 0 2 2 1 1 1 0 0 0 0 2 0 0 0 1 0 2 1 1 1 0 1 1 0
2 1 57 11 43
23 23 27 30 40 18 63 26 35 65 62 2 39 59 73 23 61 50 28 19 47 6 58 56 70 51 5 15 44 22 46 25 52 37 42 34 38 60 29 49 20 1 41 12 4 14 16 66
#c 1 2 0 1 2 2 0 1 1 1 1 0 2 1 2 2 2 1 0 0 2 1 2 0 1 2 0 0 0 2 0 1 1 1 2 0 1 2 2 0 0 2 2 2 2 1 2 0 1 2 0 2 2 1 1 1 0 0 0 0 2 0 0 0 1 0 2 1 1 1 0 1 1 0
#c 1 2 0 1 2 2 0 1 1 1 1 0 2 1 2 2 2 1 0 0 2 1 2 0 1 2 0 0 0 2 0 1 1 1 2 0 1 2 2 0 0 2 2 2 2 1 2 0 1 2 0 2 2 1 1 1 0 0 0 0 2 0 0 0 1 0 2 1 1 1 0 1 1 0
11 9 29 60 4 16 52 46 49 1 20 66 5 19 73 50 40 70 11 62 35 39
13 16 51 43 15 44 22 25 37 42 34 38 41 12 14 27 30 18 63 26 65 2 59 57 23 61 28 47 6 58 56
#c 1 2 0 1 2 2 0 1 1 1 1 0 2 1 2 2 2 1 0 0 2 1 2 0 1 2 0 0 0 2 0 1 1 1 2 0 1 2 2 0 0 2 2 2 2 1 2 0 1 2 0 2 2 1 1 1 0 0 0 0 2 0 0 0 1 0 2 1 1 1 0 1 1 0
4 6 65 57 18 27 38 41 51 25 1 49
21 18 30 40 63 11 26 35 62 2 39 59 73 23 61 50 28 19 47 6 58 56 70 5 43 15 44 22 46 52 37 42 34 60 29 20 12 4 14 16 66
#c 1 2 0 1 2 2 0 1 1 1 1 0 2 1 2 2 2 1 0 0 2 1 2 0 1 2 0 0 0 2 0 1 1 1 2 0 1 2 2 0 0 2 2 2 2 1 2 0 1 2 0 2 2 1 1 1 0 0 0 0 2 0 0 0 1 0 2 1 1 1 0 1 1 0
2 2 48 67 6 27
23 23 55 0 8 3 69 71 45 36 32 72 53 54 33 64 10 24 21 7 9 68 17 31 13 30 40 18 63 11 26 35 65 62 2 39 59 57 73 23 61 50 28 19 47 58 56 70
#c 1 2 0 1 2 2 0 1 1 1 1 0 2 1 2 2 2 1 0 0 2 1 2 0 1 2 0 0 0 2 0 1 1 1 2 0 1 2 2 0 0 2 2 2 2 1 2 0 1 2 0 2 2 1 1 1 0 0 0 0 2 0 0 0 1 0 2 1 1 1 0 1 1 0
10 10 14 16 29 46 60 41 5 42 37 43 45 10 9 8 33 64 72 31 0 7
14 15 51 15 44 22 25 52 34 38 49 20 1 12 4 66 55 3 69 71 36 32 53 48 54 67 24 21 68 17 13
#c 1 2 0 1 2 2 0 1 1 1 1 0 2 1 2 2 2 1 0 0 2 1 2 0 1 2 0 0 0 2 0 1 1 1 2 0 1 2 2 0 0 2 2 2 2 1 2 0 1 2 0 2 2 1 1 1 0 0 0 0 2 0 0 0 1 0 2 1 1 1 0 1 1 0
1 1 30 34
24 23 27 40 18 63 11 26 35 65 62 2 39 59 57 73 23 61 50 28 19 47 6 58 56 70 51 5 43 15 44 22 46 25 52 37 42 38 60 29 49 20 1 41 12 4 14 16 66
#c 1 2 0 1 2 2 0 1 1 1 1 0 2 1 2 2 2 1 0 0 2 1 2 0 1 2 0 0 0 2 0 1 1 1 2 0 1 2 2 0 0 2 2 2 2 1 2 0 1 2 0 2 2 1 1 1 0 0 0 0 2 0 0 0 1 0 2 1 1 1 0 1 1 0
#c 1 2 0 1 2 2 0 1 1 1 1 0 2 1 2 2 2 1 0 0 2 1 2 0 1 2 0 0 0 2 0 1 1 1 2 0 1 2 2 0 0 2 2 2 2 1 2 0 1 2 0 2 2 1 1 1 0 0 0 0 2 0 0 0 1 0 2 1 1 1 0 1 1 0
11 11 25 12 51 41 37 44 43 42 1 16 29 65 73 59 30 40 6 62 70 2 50 56
13 14 5 15 22 46 52 34 38 60 49 20 4 14 66 27 18 63 11 26 35 39 57 23 61 28 19 47 58
#c 1 2 0 1 2 2 0 1 1 1 1 0 2 1 2 2 2 1 0 0 2 1 2 0 1 2 0 0 0 2 0 1 1 1 2 0 1 2 2 0 0 2 2 2 2 1 2 0 1 2 0 2 2 1 1 1 0 0 0 0 2 0 0 0 1 0 2 1 1 1 0 1 1 0
1 1 50 31
24 24 27 30 40 18 63 11 26 35 65 62 2 39 59 57 73 23 61 28 19 47 6 58 56 70 55 0 8 3 69 71 45 36 32 72 53 48 54 33 64 10 67 24 21 7 9 68 17 13
#c 1 2 0 1 2 2 0 1 1 1 1 0 2 1 2 2 2 1 0 0 2 1 2 0 1 2 0 0 0 2 0 1 1 1 2 0 1 2 2 0 0 2 2 2 2 1 2 0 1 2 0 2 2 1 1 1 0 0 0 0 2 0 0 0 1 0 2 1 1 1 0 1 1 0
#c 1 2 0 1 2 2 0 1 1 1 1 0 2 1 2 2 2 1 0 0 2 1 2 0 1 2 0 0 0 2 0 1 1 1 2 0 1 2 2 0 0 2 2 2 2 1 2 0 1 2 0 2 2 1 1 1 0 0 0 0 2 0 0 0 1 0 2 1 1 1 0 1 1 0
2 2 34 4 35 61
22 23 51 5 43 15 44 22 46 25 52 37 42 38 60 29 49 20 1 41 12 14 16 66 27 30 40 18 63 11 26 65 62 2 39 59 57 73 23 50 28 19 47 6 58 56 70
#c 1 2 0 1 2 2 0 1 1 1 1 0 2 1 2 2 2 1 0 0 2 1 2 0 1 2 0 0 0 2 0 1 1 1 2 0 1 2 2 0 0 2 2 2 2 1 2 0 1 2 0 2 2 1 1 1 0 0 0 0 2 0 0 0 1 0 2 1 1 1 0 1 1 0
#c 1 2 0 1 2 2 0 1 1 1 1 0 2 1 2 2 2 1 0 0 2 1 2 0 1 2 0 0 0 2 0 1 1 1 2 0 1 2 2 0 0 2 2 2 2 1 2 0 1 2 0 2 2 1 1 1 0 0 0 0 2 0 0 0 1 0 2 1 1 1 0 1 1 0
5 4 64 36 13 17 9 56 26 59 23
20 21 55 0 8 3 69 71 45 32 72 53 48 54 33 10 67 24 21 7 68 31 27 30 40 18 63 11 35 65 62 2 39 57 73 61 50 28 19 47 6 58 70
#c 1 2 0 1 2 2 0 1 1 1 1 0 2 1 2 2 2 1 0 0 2 1 2 0 1 2 0 0 0 2 0 1 1 1 2 0 1 2 2 0 0 2 2 2 2 1 2 0 1 2 0 2 2 1 1 1 0 0 0 0 2 0 0 0 1 0 2 1 1 1 0 1 1 0
5 5 14 46 51 22 34 48 32 45 10 36
19 20 5 43 15 44 25 52 37 42 38 60 29 49 20 1 41 12 4 16 66 55 0 8 3 69 71 72 53 54 33 64 67 24 21 7 9 68 17 31 13
#c 1 2 0 1 2 2 0 1 1 1 1 0 2 1 2 2 2 1 0 0 2 1 2 0 1 2 0 0 0 2 0 1 1 1 2 0 1 2 2 0 0 2 2 2 2 1 2 0 1 2 0 2 2 1 1 1 0 0 0 0 2 0 0 0 1 0 2 1 1 1 0 1 1 0
4 4 61 23 58 28 43 46 29 44
21 20 27 30 40 18 63 11 26 35 65 62 2 39 59 57 73 50 19 47 6 56 70 51 5 15 22 25 52 37 42 34 38 60 49 20 1 41 12 4 14 16 66
#c 1 2 0 1 2 2 0 1 1 1 1 0 2 1 2 2 2 1 0 0 2 1 2 0 1 2 0 0 0 2 0 1 1 1 2 0 1 2 2 0 0 2 2 2 2 1 2 0 1 2 0 2 2 1 1 1 0 0 0 0 2 0 0 0 1 0 2 1 1 1 0 1 1 0
#c 1 2 0 1 2 2 0 1 1 1 1 0 2 1 2 2 2 1 0 0 2 1 2 0 1 2 0 0 0 2 0 1 1 1 2 0 1 2 2 0 0 2 2 2 2 1 2 0 1 2 0 2 2 1 1 1 0 0 0 0 2 0 0 0 1 0 2 1 1 1 0 1 1 0
4 4 44 43 5 52 31 64 8 17
20 21 51 15 22 46 25 37 42 34 38 60 29 49 20 1 41 12 4 14 16 66 55 0 3 69 71 45 36 32 72 53 48 54 33 10 67 24 21 7 9 68 13
#c 1 2 0 1 2 2 0 1 1 1 1 0 2 1 2 2 2 1 0 0 2 1 2 0 1 2 0 0 0 2 0 1 1 1 2 0 1 2 2 0 0 2 2 2 2 1 2 0 1 2 0 2 2 1 1 1 0 0 0 0 2 0 0 0 1 0 2 1 1 1 0 1 1 0
7 7 70 40 73 56 23 65 58 44 38 25 5 14 46 49
18 17 27 30 18 63 11 26 35 62 2 39 59 57 61 50 28 19 47 6 51 43 15 22 52 37 42 34 60 29 20 1 41 12 4 16 66
#c 1 2 0 1 2 2 0 1 1 1 1 0 2 1 2 2 2 1 0 0 2 1 2 0 1 2 0 0 0 2 0 1 1 1 2 0 1 2 2 0 0 2 2 2 2 1 2 0 1 2 0 2 2 1 1 1 0 0 0 0 2 0 0 0 1 0 2 1 1 1 0 1 1 0
#c 1 2 0 1 2 2 0 1 1 1 1 0 2 1 2 2 2 1 0 0 2 1 2 0 1 2 0 0 0 2 0 1 1 1 2 0 1 2 2 0 0 2 2 2 2 1 2 0 1 2 0 2 2 1 1 1 0 0 0 0 2 0 0 0 1 0 2 1 1 1 0 1 1 0
4 4 46 20 34 41 54 64 67 31
20 21 51 5 43 15 44 22 25 52 37 42 38 60 29 49 1 12 4 14 16 66 55 0 8 3 69 71 45 36 32 72 53 48 33 10 24 21 7 9 68 17 13
#c 1 2 0 1 2 2 0 1 1 1 1 0 2 1 2 2 2 1 0 0 2 1 2 0 1 2 0 0 0 2 0 1 1 1 2 0 1 2 2 0 0 2 2 2 2 1 2 0 1 2 0 2 2 1 1 1 0 0 0 0 2 0 0 0 1 0 2 1 1 1 0 1 1 0
#c 1 2 0 1 2 2 0 1 1 1 1 0 2 1 2 2 2 1 0 0 2 1 2 0 1 2 0 0 0 2 0 1 1 1 2 0 1 2 2 0 0 2 2 2 2 1 2 0 1 2 0 2 2 1 1 1 0 0 0 0 2 0 0 0 1 0 2 1 1 1 0 1 1 0
#c 1 2 0 1 2 2 0 1 1 1 1 0 2 1 2 2 2 1 0 0 2 1 2 0 1 2 0 0 0 2 0 1 1 1 2 0 1 2 2 0 0 2 2 2 2 1 2 0 1 2 0 2 2 1 1 1 0 0 0 0 2 0 0 0 1 0 2 1 1 1 0 1 1 0
4 4 38 51 1 29 21 67 55 69
20 21 5 43 15 44 22 46 25 52 37 42 34 60 49 20 41 12 4 14 16 66 0 8 3 71 45 36 32 72 53 48 54 33 64 10 24 7 9 68 17 31 13
#c 1 2 0 1 2 2 0 1 1 1 1 0 2 1 2 2 2 1 0 0 2 1 2 0 1 2 0 0 0 2 0 1 1 1 2 0 1 2 2 0 0 2 2 2 2 1 2 0 1 2 0 2 2 1 1 1 0 0 0 0 2 0 0 0 1 0 2 1 1 1 0 1 1 0
5 4 70 27 39 40 73 0 33 67 64
20 21 30 18 63 11 26 35 65 62 2 59 57 23 61 50 28 19 47 6 58 56 55 8 3 69 71 45 36 32 72 53 48 54 10 24 21 7 9 68 17 31 13
#c 1 2 0 1 2 2 0 1 1 1 1 0 2 1 2 2 2 1 0 0 2 1 2 0 1 2 0 0 0 2 0 1 1 1 2 0 1 2 2 0 0 2 2 2 2 1 2 0 1 2 0 2 2 1 1 1 0 0 0 0 2 0 0 0 1 0 2 1 1 1 0 1 1 0
1 1 55 14
24 23 0 8 3 69 71 45 36 32 72 53 48 54 33 64 10 67 24 21 7 9 68 17 31 13 51 5 43 15 44 22 46 25 52 37 42 34 38 60 29 49 20 1 41 12 4 16 66
#c 1 2 0 1 2 2 0 1 1 1 1 0 2 1 2 2 2 1 0 0 2 1 2 0 1 2 0 0 0 2 0 1 1 1 2 0 1 2 2 0 0 2 2 2 2 1 2 0 1 2 0 2 2 1 1 1 0 0 0 0 2 0 0 0 1 0 2 1 1 1 0 1 1 0
1 1 20 11
23 24 51 5 43 15 44 22 46 25 52 37 42 34 38 60 29 49 1 41 12 4 14 16 66 27 30 40 18 63 26 35 65 62 2 39 59 57 73 23 61 50 28 19 47 6 58 56 70
#c 1 2 0 1 2 2 0 1 1 1 1 0 2 1 2 2 2 1 0 0 2 1 2 0 1 2 0 0 0 2 0 1 1 1 2 0 1 2 2 0 0 2 2 2 2 1 2 0 1 2 0 2 2 1 1 1 0 0 0 0 2 0 0 0 1 0 2 1 1 1 0 1 1 0
#c 1 2 0 1 2 2 0 1 1 1 1 0 2 1 2 2 2 1 0 0 2 1 2 0 1 2 0 0 0 2 0 1 1 1 2 0 1 2 2 0 0 2 2 2 2 1 2 0 1 2 0 2 2 1 1 1 0 0 0 0 2 0 0 0 1 0 2 1 1 1 0 1 1 0
7 7 33 55 31 3 71 36 8 20 41 4 44 1 60 43
18 17 0 69 45 32 72 53 48 54 64 10 67 24 21 7 9 68 17 13 51 5 15 22 46 25 52 37 42 34 38 29 49 12 14 16 66
#c 1 2 0 1 2 2 0 1 1 1 1 0 2 1 2 2 2 1 0 0 2 1 2 0 1 2 0 0 0 2 0 1 1 1 2 0 1 2 2 0 0 2 2 2 2 1 2 0 1 2 0 2 2 1 1 1 0 0 0 0 2 0 0 0 1 0 2 1 1 1 0 1 1 0
8 8 34 49 4 44 12 38 46 5 11 2 6 40 70 28 62 30
16 17 51 43 15 22 25 52 37 42 60 29 20 1 41 14 16 66 27 18 63 26 35 65 39 59 57 73 23 61 50 19 47 58 56
#c 1 2 0 1 2 2 0 1 1 1 1 0 2 1 2 2 2 1 0 0 2 1 2 0 1 2 0 0 0 2 0 1 1 1 2 0 1 2 2 0 0 2 2 2 2 1 2 0 1 2 0 2 2 1 1 1 0 0 0 0 2 0 0 0 1 0 2 1 1 1 0 1 1 0
2 2 23 50 55 32
23 23 27 30 40 18 63 11 26 35 65 62 2 39 59 57 73 61 28 19 47 6 58 56 70 0 8 3 69 71 45 36 72 53 48 54 33 64 10 67 24 21 7 9 68 17 31 13
#c 1 2 0 1 2 2 0 1 1 1 1 0 2 1 2 2 2 1 0 0 2 1 2 0 1 2 0 0 0 2 0 1 1 1 2 0 1 2 2 0 0 2 2 2 2 1 2 0 1 2 0 2 2 1 1 1 0 0 0 0 2 0 0 0 1 0 2 1 1 1 0 1 1 0
7 7 7 48 72 64 53 13 9 37 29 52 22 44 41 12
18 17 55 0 8 3 69 71 45 36 32 54 33 10 67 24 21 68 17 31 51 5 43 15 46 25 42 34 38 60 49 20 1 4 14 16 66
#c 1 2 0 1 2 2 0 1 1 1 1 0 2 1 2 2 2 1 0 0 2 1 2 0 1 2 0 0 0 2 0 1 1 1 2 0 1 2 2 0 0 2 2 2 2 1 2 0 1 2 0 2 2 1 1 1 0 0 0 0 2 0 0 0 1 0 2 1 1 1 0 1 1 0
7 7 52 38 60 34 51 43 22 53 68 13 21 69 55 48
17 18 5 15 44 46 25 37 42 29 49 20 1 41 12 4 14 16 66 0 8 3 71 45 36 32 72 54 33 64 10 67 24 7 9 17 31
#c 1 2 0 1 2 2 0 1 1 1 1 0 2 1 2 2 2 1 0 0 2 1 2 0 1 2 0 0 0 2 0 1 1 1 2 0 1 2 2 0 0 2 2 2 2 1 2 0 1 2 0 2 2 1 1 1 0 0 0 0 2 0 0 0 1 0 2 1 1 1 0 1 1 0
4 4 40 56 70 47 54 13 67 69
21 21 27 30 18 63 11 26 35 65 62 2 39 59 57 73 23 61 50 28 19 6 58 55 0 8 3 71 45 36 32 72 53 48 33 64 10 24 21 7 9 68 17 31
#c 1 2 0 1 2 2 0 1 1 1 1 0 2 1 2 2 2 1 0 0 2 1 2 0 1 2 0 0 0 2 0 1 1 1 2 0 1 2 2 0 0 2 2 2 2 1 2 0 1 2 0 2 2 1 1 1 0 0 0 0 2 0 0 0 1 0 2 1 1 1 0 1 1 0
11 11 53 0 13 17 31 33 3 67 68 71 45 66 60 41 15 29 4 16 52 49 44 12
14 13 55 8 69 36 32 72 48 54 64 10 24 21 7 9 51 5 43 22 46 25 37 42 34 38 20 1 14
#c 1 2 0 1 2 2 0 1 1 1 1 0 2 1 2 2 2 1 0 0 2 1 2 0 1 2 0 0 0 2 0 1 1 1 2 0 1 2 2 0 0 2 2 2 2 1 2 0 1 2 0 2 2 1 1 1 0 0 0 0 2 0 0 0 1 0 2 1 1 1 0 1 1 0
#c 1 2 0 1 2 2 0 1 1 1 1 0 2 1 2 2 2 1 0 0 2 1 2 0 1 2 0 0 0 2 0 1 1 1 2 0 1 2 2 0 0 2 2 2 2 1 2 0 1 2 0 2 2 1 1 1 0 0 0 0 2 0 0 0 1 0 2 1 1 1 0 1 1 0
#c 1 2 0 1 2 2 0 1 1 1 1 0 2 1 2 2 2 1 0 0 2 1 2 0 1 2 0 0 0 2 0 1 1 1 2 0 1 2 2 0 0 2 2 2 2 1 2 0 1 2 0 2 2 1 1 1 0 0 0 0 2 0 0 0 1 0 2 1 1 1 0 1 1 0
#c 1 2 0 1 2 2 0 1 1 1 1 0 2 1 2 2 2 1 0 0 2 1 2 0 1 2 0 0 0 2 0 1 1 1 2 0 1 2 2 0 0 2 2 2 2 1 2 0 1 2 0 2 2 1 1 1 0 0 0 0 2 0 0 0 1 0 2 1 1 1 0 1 1 0
1 1 44 58
23 24 51 5 43 15 22 46 25 52 37 42 34 38 60 29 49 20 1 41 12 4 14 16 66 27 30 40 18 63 11 26 35 65 62 2 39 59 57 73 23 61 50 28 19 47 6 56 70
#c 1 2 0 1 2 2 0 1 1 1 1 0 2 1 2 2 2 1 0 0 2 1 2 0 1 2 0 0 0 2 0 1 1 1 2 0 1 2 2 0 0 2 2 2 2 1 2 0 1 2 0 2 2 1 1 1 0 0 0 0 2 0 0 0 1 0 2 1 1 1 0 1 1 0
#c 1 2 0 1 2 2 0 1 1 1 1 0 2 1 2 2 2 1 0 0 2 1 2 0 1 2 0 0 0 2 0 1 1 1 2 0 1 2 2 0 0 2 2 2 2 1 2 0 1 2 0 2 2 1 1 1 0 0 0 0 2 0 0 0 1 0 2 1 1 1 0 1 1 0
5 4 54 33 7 67 36 37 5 46 66
20 20 55 0 8 3 69 71 45 32 72 53 48 64 10 24 21 9 68 17 31 13 51 43 15 44 22 25 52 42 34 38 60 29 49 20 1 41 12 4 14 16
#c 1 2 0 1 2 2 0 1 1 1 1 0 2 1 2 2 2 1 0 0 2 1 2 0 1 2 0 0 0 2 0 1 1 1 2 0 1 2 2 0 0 2 2 2 2 1 2 0 1 2 0 2 2 1 1 1 0 0 0 0 2 0 0 0 1 0 2 1 1 1 0 1 1 0
5 5 14 16 43 22 1 28 65 19 6 2
19 20 51 5 15 44 46 25 52 37 42 34 38 60 29 49 20 41 12 4 66 27 30 40 18 63 11 26 35 62 39 59 57 73 23 61 50 47 58 56 70
#c 1 2 0 1 2 2 0 1 1 1 1 0 2 1 2 2 2 1 0 0 2 1 2 0 1 2 0 0 0 2 0 1 1 1 2 0 1 2 2 0 0 2 2 2 2 1 2 0 1 2 0 2 2 1 1 1 0 0 0 0 2 0 0 0 1 0 2 1 1 1 0 1 1 0
6 6 19 39 58 35 18 6 33 36 64 45 0 48
19 19 27 30 40 63 11 26 65 62 2 59 57 73 23 61 50 28 47 56 70 55 8 3 69 71 32 72 53 54 10 67 24 21 7 9 68 17 31 13
#c 1 2 0 1 2 2 0 1 1 1 1 0 2 1 2 2 2 1 0 0 2 1 2 0 1 2 0 0 0 2 0 1 1 1 2 0 1 2 2 0 0 2 2 2 2 1 2 0 1 2 0 2 2 1 1 1 0 0 0 0 2 0 0 0 1 0 2 1 1 1 0 1 1 0
11 11 55 48 21 54 53 69 3 64 45 0 17 34 16 60 38 42 37 52 12 66 4 46
14 13 8 71 36 32 72 33 10 67 24 7 9 68 31 13 51 5 43 15 44 22 25 29 49 20 1 41 14
#c 1 2 0 1 2 2 0 1 1 1 1 0 2 1 2 2 2 1 0 0 2 1 2 0 1 2 0 0 0 2 0 1 1 1 2 0 1 2 2 0 0 2 2 2 2 1 2 0 1 2 0 2 2 1 1 1 0 0 0 0 2 0 0 0 1 0 2 1 1 1 0 1 1 0
1 1 5 67
23 24 51 43 15 44 22 46 25 52 37 42 34 38 60 29 49 20 1 41 12 4 14 16 66 55 0 8 3 69 71 45 36 32 72 53 48 54 33 64 10 24 21 7 9 68 17 31 13
#c 1 2 0 1 2 2 0 1 1 1 1 0 2 1 2 2 2 1 0 0 2 1 2 0 1 2 0 0 0 2 0 1 1 1 2 0 1 2 2 0 0 2 2 2 2 1 2 0 1 2 0 2 2 1 1 1 0 0 0 0 2 0 0 0 1 0 2 1 1 1 0 1 1 0
7 7 18 70 59 26 11 39 62 12 29 52 22 14 15 1
18 17 27 30 40 63 35 65 2 57 73 23 61 50 28 19 47 6 58 56 51 5 43 44 46 25 37 42 34 38 60 49 20 41 4 16 66
#c 1 2 0 1 2 2 0 1 1 1 1 0 2 1 2 2 2 1 0 0 2 1 2 0 1 2 0 0 0 2 0 1 1 1 2 0 1 2 2 0 0 2 2 2 2 1 2 0 1 2 0 2 2 1 1 1 0 0 0 0 2 0 0 0 1 0 2 1 1 1 0 1 1 0
#c 1 2 0 1 2 2 0 1 1 1 1 0 2 1 2 2 2 1 0 0 2 1 2 0 1 2 0 0 0 2 0 1 1 1 2 0 1 2 2 0 0 2 2 2 2 1 2 0 1 2 0 2 2 1 1 1 0 0 0 0 2 0 0 0 1 0 2 1 1 1 0 1 1 0
10 10 41 52 49 42 5 14 43 46 22 60 32 3 17 67 55 54 13 45 33 0
14 15 51 15 44 25 37 34 38 29 20 1 12 4 16 66 8 69 71 36 72 53 48 64 10 24 21 7 9 68 31
#c 1 2 0 1 2 2 0 1 1 1 1 0 2 1 2 2 2 1 0 0 2 1 2 0 1 2 0 0 0 2 0 1 1 1 2 0 1 2 2 0 0 2 2 2 2 1 2 0 1 2 0 2 2 1 1 1 0 0 0 0 2 0 0 0 1 0 2 1 1 1 0 1 1 0
7 7 27 50 26 6 28 56 70 64 31 24 69 9 71 17
18 18 30 40 18 63 11 35 65 62 2 39 59 57 73 23 61 19 47 58 55 0 8 3 45 36 32 72 53 48 54 33 10 67 21 7 68 13
#c 1 2 0 1 2 2 0 1 1 1 1 0 2 1 2 2 2 1 0 0 2 1 2 0 1 2 0 0 0 2 0 1 1 1 2 0 1 2 2 0 0 2 2 2 2 1 2 0 1 2 0 2 2 1 1 1 0 0 0 0 2 0 0 0 1 0 2 1 1 1 0 1 1 0
#c 1 2 0 1 2 2 0 1 1 1 1 0 2 1 2 2 2 1 0 0 2 1 2 0 1 2 0 0 0 2 0 1 1 1 2 0 1 2 2 0 0 2 2 2 2 1 2 0 1 2 0 2 2 1 1 1 0 0 0 0 2 0 0 0 1 0 2 1 1 1 0 1 1 0
1 1 1 69
23 24 51 5 43 15 44 22 46 25 52 37 42 34 38 60 29 49 20 41 12 4 14 16 66 55 0 8 3 71 45 36 32 72 53 48 54 33 64 10 67 24 21 7 9 68 17 31 13
#c 1 2 0 1 2 2 0 1 1 1 1 0 2 1 2 2 2 1 0 0 2 1 2 0 1 2 0 0 0 2 0 1 1 1 2 0 1 2 2 0 0 2 2 2 2 1 2 0 1 2 0 2 2 1 1 1 0 0 0 0 2 0 0 0 1 0 2 1 1 1 0 1 1 0
12 12 35 19 2 6 65 57 63 27 28 39 23 73 37 38 25 34 41 51 1 66 15 42 43 16
13 12 30 40 18 11 26 62 59 61 50 47 58 56 70 5 44 22 46 52 60 29 49 20 12 4 14
#c 1 2 0 1 2 2 0 1 1 1 1 0 2 1 2 2 2 1 0 0 2 1 2 0 1 2 0 0 0 2 0 1 1 1 2 0 1 2 2 0 0 2 2 2 2 1 2 0 1 2 0 2 2 1 1 1 0 0 0 0 2 0 0 0 1 0 2 1 1 1 0 1 1 0
#c 1 2 0 1 2 2 0 1 1 1 1 0 2 1 2 2 2 1 0 0 2 1 2 0 1 2 0 0 0 2 0 1 1 1 2 0 1 2 2 0 0 2 2 2 2 1 2 0 1 2 0 2 2 1 1 1 0 0 0 0 2 0 0 0 1 0 2 1 1 1 0 1 1 0
6 7 37 1 43 12 52 41 63 50 28 73 57 62 56
18 18 51 5 15 44 22 46 25 42 34 38 60 29 49 20 4 14 16 66 27 30 40 18 11 26 35 65 2 39 59 23 61 19 47 6 58 70
#c 1 2 0 1 2 2 0 1 1 1 1 0 2 1 2 2 2 1 0 0 2 1 2 0 1 2 0 0 0 2 0 1 1 1 2 0 1 2 2 0 0 2 2 2 2 1 2 0 1 2 0 2 2 1 1 1 0 0 0 0 2 0 0 0 1 0 2 1 1 1 0 1 1 0
1 1 47 12
24 23 27 30 40 18 63 11 26 35 65 62 2 39 59 57 73 23 61 50 28 19 6 58 56 70 51 5 43 15 44 22 46 25 52 37 42 34 38 60 29 49 20 1 41 4 14 16 66
#c 1 2 0 1 2 2 0 1 1 1 1 0 2 1 2 2 2 1 0 0 2 1 2 0 1 2 0 0 0 2 0 1 1 1 2 0 1 2 2 0 0 2 2 2 2 1 2 0 1 2 0 2 2 1 1 1 0 0 0 0 2 0 0 0 1 0 2 1 1 1 0 1 1 0
#c 1 2 0 1 2 2 0 1 1 1 1 0 2 1 2 2 2 1 0 0 2 1 2 0 1 2 0 0 0 2 0 1 1 1 2 0 1 2 2 0 0 2 2 2 2 1 2 0 1 2 0 2 2 1 1 1 0 0 0 0 2 0 0 0 1 0 2 1 1 1 0 1 1 0
8 8 46 52 42 37 34 66 20 49 62 65 58 35 23 18 2 11
16 17 51 5 43 15 44 22 25 38 60 29 1 41 12 4 14 16 27 30 40 63 26 39 59 57 73 61 50 28 19 47 6 56 70
#c 1 2 0 1 2 2 0 1 1 1 1 0 2 1 2 2 2 1 0 0 2 1 2 0 1 2 0 0 0 2 0 1 1 1 2 0 1 2 2 0 0 2 2 2 2 1 2 0 1 2 0 2 2 1 1 1 0 0 0 0 2 0 0 0 1 0 2 1 1 1 0 1 1 0
10 10 27 11 28 59 56 19 73 58 65 30 60 16 1 41 14 34 52 12 46 5
15 14 40 18 63 26 35 62 2 39 57 23 61 50 47 6 70 51 43 15 44 22 25 37 42 38 29 49 20 4 66
#c 1 2 0 1 2 2 0 1 1 1 1 0 2 1 2 2 2 1 0 0 2 1 2 0 1 2 0 0 0 2 0 1 1 1 2 0 1 2 2 0 0 2 2 2 2 1 2 0 1 2 0 2 2 1 1 1 0 0 0 0 2 0 0 0 1 0 2 1 1 1 0 1 1 0
4 4 53 68 69 32 58 62 59 6
21 21 55 0 8 3 71 45 36 72 48 54 33 64 10 67 24 21 7 9 17 31 13 27 30 40 18 63 11 26 35 65 2 39 57 73 23 61 50 28 19 47 56 70
#c 1 2 0 1 2 2 0 1 1 1 1 0 2 1 2 2 2 1 0 0 2 1 2 0 1 2 0 0 0 2 0 1 1 1 2 0 1 2 2 0 0 2 2 2 2 1 2 0 1 2 0 2 2 1 1 1 0 0 0 0 2 0 0 0 1 0 2 1 1 1 0 1 1 0
8 9 25 46 16 49 1 15 66 44 48 67 32 8 64 7 13 24 53
16 16 51 5 43 22 52 37 42 34 38 60 29 20 41 12 4 14 55 0 3 69 71 45 36 72 54 33 10 21 9 68 17 31
#c 1 2 0 1 2 2 0 1 1 1 1 0 2 1 2 2 2 1 0 0 2 1 2 0 1 2 0 0 0 2 0 1 1 1 2 0 1 2 2 0 0 2 2 2 2 1 2 0 1 2 0 2 2 1 1 1 0 0 0 0 2 0 0 0 1 0 2 1 1 1 0 1 1 0
1 2 0 1 2 2 0 1 1 1 1 0 2 1 2 2 2 1 0 0 2 1 2 0 1 2 0 0 0 2 0 1 1 1 2 0 1 2 2 0 0 2 2 2 2 1 2 0 1 2 0 2 2 1 1 1 0 0 0 0 2 0 0 0 1 0 2 1 1 1 0 1 1 0
