#c 0 1 0 1 0 1 0 1 0 1 0 1 0 1 0 1 0 1 0 1 0 1 0 1 0 1 0 1 0 1 0 1 0 1 0 1 0 1 0 1 0 1 0 1 0 1 0 1 0 1 0 1 0 1 0 1 0 1 0
2 2 7 49 10 28
27 28 1 3 5 9 11 13 15 17 19 21 23 25 27 29 31 33 35 37 39 41 43 45 47 51 53 55 57 0 2 4 6 8 12 14 16 18 20 22 24 26 30 32 34 36 38 40 42 44 46 48 50 52 54 56 58
#c 0 1 0 1 0 1 0 0 0 1 1 1 0 1 0 1 0 1 0 1 0 1 0 1 0 1 0 1 1 1 0 1 0 1 0 1 0 1 0 1 0 1 0 1 0 1 0 1 0 0 0 1 0 1 0 1 0 1 0
3 3 56 44 30 11 27 33
27 26 0 2 4 6 8 12 14 16 18 20 22 24 26 32 34 36 38 40 42 46 48 50 52 54 58 7 49 1 3 5 9 13 15 17 19 21 23 25 29 31 35 37 39 41 43 45 47 51 53 55 57 10 28
#c 0 1 0 1 0 1 0 0 0 1 1 1 0 1 0 1 0 1 0 1 0 1 0 1 0 1 0 1 1 1 0 1 0 1 0 1 0 1 0 1 0 1 0 1 0 1 0 1 0 0 0 1 0 1 0 1 0 1 0
#c 0 1 0 1 0 1 0 0 0 1 1 1 0 1 0 1 0 1 0 1 0 1 0 1 0 1 0 1 1 1 0 1 0 1 0 1 0 1 0 1 0 1 0 1 0 1 0 1 0 0 0 1 0 1 0 1 0 1 0
#c 0 1 0 1 0 1 0 0 0 1 1 1 0 1 0 1 0 1 0 1 0 1 0 1 0 1 0 1 1 1 0 1 0 1 0 1 0 1 0 1 0 1 0 1 0 1 0 1 0 0 0 1 0 1 0 1 0 1 0
4 4 10 19 27 51 14 32 2 58
25 26 1 3 5 9 11 13 15 17 21 23 25 29 31 33 35 37 39 41 43 45 47 53 55 57 28 0 4 6 8 12 16 18 20 22 24 26 30 34 36 38 40 42 44 46 48 50 52 54 56 7 49
#c 0 1 0 1 0 1 0 0 0 1 1 1 0 1 0 1 0 1 0 1 0 1 0 1 0 1 0 1 1 1 0 1 0 1 0 1 0 1 0 1 0 1 0 1 0 1 0 1 0 0 0 1 0 1 0 1 0 1 0
#c 0 1 0 1 0 1 0 0 0 1 1 1 0 1 0 1 0 1 0 1 0 1 0 1 0 1 0 1 1 1 0 1 0 1 0 1 0 1 0 1 0 1 0 1 0 1 0 1 0 0 0 1 0 1 0 1 0 1 0
#c 0 1 0 1 0 1 0 0 0 1 1 1 0 1 0 1 0 1 0 1 0 1 0 1 0 1 0 1 1 1 0 1 0 1 0 1 0 1 0 1 0 1 0 1 0 1 0 1 0 0 0 1 0 1 0 1 0 1 0
6 7 7 6 36 22 30 40 45 19 35 47 51 5 31
24 22 0 2 4 8 12 14 16 18 20 24 26 32 34 38 42 44 46 48 50 52 54 56 58 49 1 3 9 11 13 15 17 21 23 25 27 29 33 37 39 41 43 53 55 57 10 28
#c 0 1 0 1 0 1 0 0 0 1 1 1 0 1 0 1 0 1 0 1 0 1 0 1 0 1 0 1 1 1 0 1 0 1 0 1 0 1 0 1 0 1 0 1 0 1 0 1 0 0 0 1 0 1 0 1 0 1 0
#c 0 1 0 1 0 1 0 0 0 1 1 1 0 1 0 1 0 1 0 1 0 1 0 1 0 1 0 1 1 1 0 1 0 1 0 1 0 1 0 1 0 1 0 1 0 1 0 1 0 0 0 1 0 1 0 1 0 1 0
3 3 36 34 48 51 23 55
27 26 0 2 4 6 8 12 14 16 18 20 22 24 26 30 32 38 40 42 44 46 50 52 54 56 58 7 49 1 3 5 9 11 13 15 17 19 21 25 27 29 31 33 35 37 39 41 43 45 47 53 57 10 28
#c 0 1 0 1 0 1 0 0 0 1 1 1 0 1 0 1 0 1 0 1 0 1 0 1 0 1 0 1 1 1 0 1 0 1 0 1 0 1 0 1 0 1 0 1 0 1 0 1 0 0 0 1 0 1 0 1 0 1 0
6 6 33 31 25 9 39 51 52 24 4 6 18 32
23 24 1 3 5 11 13 15 17 19 21 23 27 29 35 37 41 43 45 47 53 55 57 10 28 0 2 8 12 14 16 20 22 26 30 34 36 38 40 42 44 46 48 50 54 56 58 7 49
#c 0 1 0 1 1 1 1 0 0 0 1 1 0 1 0 1 0 1 1 1 0 1 0 1 1 0 0 1 1 1 0 0 1 0 0 1 0 1 0 0 0 1 0 1 0 1 0 1 0 0 0 0 1 1 0 1 0 1 0
12 12 9 20 39 8 42 26 49 44 50 33 30 0 11 23 55 24 5 13 52 18 32 19 10 15
18 17 2 12 14 16 22 34 36 38 40 46 48 54 56 58 7 31 25 51 1 3 17 21 27 29 35 37 41 43 45 47 53 57 28 4 6
#c 0 1 0 1 1 1 1 0 0 0 1 1 0 1 0 1 0 1 1 1 0 1 0 1 1 0 0 1 1 1 0 0 1 0 0 1 0 1 0 0 0 1 0 1 0 1 0 1 0 0 0 0 1 1 0 1 0 1 0
#c 0 1 0 1 1 1 1 0 0 0 1 1 0 1 0 1 0 1 1 1 0 1 0 1 1 0 0 1 1 1 0 0 1 0 0 1 0 1 0 0 0 1 0 1 0 1 0 1 0 0 0 0 1 1 0 1 0 1 0
7 9 40 48 7 44 12 26 51 10 47 15 35 45 27 13 5 52
23 20 0 2 8 14 16 20 22 30 34 36 38 42 46 50 54 56 58 49 33 31 25 9 39 1 3 11 17 19 21 23 29 37 41 43 53 55 57 28 24 4 6 18 32
#c 0 1 0 1 1 1 1 0 0 0 1 1 0 1 0 1 0 1 1 1 0 1 0 1 1 0 0 1 1 1 0 0 1 0 0 1 0 1 0 0 0 1 0 1 0 1 0 1 0 0 0 0 1 1 0 1 0 1 0
6 6 21 37 43 27 4 28 0 9 51 33 22 46
23 24 1 3 5 11 13 15 17 19 23 29 35 41 45 47 53 55 57 10 52 24 6 18 32 2 8 12 14 16 20 26 30 34 36 38 40 42 44 48 50 54 56 58 7 49 31 25 39
#c 0 1 0 1 1 1 1 0 0 0 1 1 0 1 0 1 0 1 1 1 0 1 0 1 1 0 0 1 1 1 0 0 1 0 0 1 0 1 0 0 0 1 0 1 0 1 0 1 0 0 0 0 1 1 0 1 0 1 0
#c 0 1 0 1 1 1 1 0 0 0 1 1 0 1 0 1 0 1 1 1 0 1 0 1 1 0 0 1 1 1 0 0 1 0 0 1 0 1 0 0 0 1 0 1 0 1 0 1 0 0 0 0 1 1 0 1 0 1 0
9 9 5 23 43 4 13 3 35 47 57 9 56 25 48 46 44 54 0 2
20 21 1 11 15 17 19 21 27 29 37 41 45 53 55 10 28 52 24 6 18 32 8 12 14 16 20 22 26 30 34 36 38 40 42 50 58 7 49 33 31 39 51
#c 0 1 0 1 1 1 1 0 0 0 1 1 0 1 0 1 0 1 1 1 0 1 0 1 1 0 0 1 1 1 0 0 1 0 0 1 0 1 0 0 0 1 0 1 0 1 0 1 0 0 0 0 1 1 0 1 0 1 0
10 10 22 16 8 30 39 25 7 33 36 31 5 52 43 35 53 28 4 19 1 10
20 19 0 2 12 14 20 26 34 38 40 42 44 46 48 50 54 56 58 49 9 51 3 11 13 15 17 21 23 27 29 37 41 45 47 55 57 24 6 18 32
#c 0 1 0 1 1 1 1 0 0 0 1 1 0 1 0 1 0 1 1 1 0 1 0 1 1 0 0 1 1 1 0 0 1 0 0 1 0 1 0 0 0 1 0 1 0 1 0 1 0 0 0 0 1 1 0 1 0 1 0
12 12 15 53 37 11 29 52 3 32 55 1 4 13 30 12 0 36 2 7 8 48 14 33 46 44
17 18 5 17 19 21 23 27 35 41 43 45 47 57 10 28 24 6 18 16 20 22 26 34 38 40 42 50 54 56 58 49 31 25 9 39 51
#c 0 1 0 1 1 1 1 0 0 0 1 1 0 1 0 1 0 1 1 1 0 1 0 1 1 0 0 1 1 1 0 0 1 0 0 1 0 1 0 0 0 1 0 1 0 1 0 1 0 0 0 0 1 1 0 1 0 1 0
#c 0 1 0 1 1 1 1 0 0 0 1 1 0 1 0 1 0 1 1 1 0 1 0 1 1 0 0 1 1 1 0 0 1 0 0 1 0 1 0 0 0 1 0 1 0 1 0 1 0 0 0 0 1 1 0 1 0 1 0
#c 0 1 0 1 1 1 1 0 0 0 1 1 0 1 0 1 0 1 1 1 0 1 0 1 1 0 0 1 1 1 0 0 1 0 0 1 0 1 0 0 0 1 0 1 0 1 0 1 0 0 0 0 1 1 0 1 0 1 0
#c 0 1 0 1 1 1 1 0 0 0 1 1 0 1 0 1 0 1 1 1 0 1 0 1 1 0 0 1 1 1 0 0 1 0 0 1 0 1 0 0 0 1 0 1 0 1 0 1 0 0 0 0 1 1 0 1 0 1 0
#c 0 1 0 1 1 1 1 0 0 0 1 1 0 1 0 1 0 1 1 1 0 1 0 1 1 0 0 1 1 1 0 0 1 0 0 1 0 1 0 0 0 1 0 1 0 1 0 1 0 0 0 0 1 1 0 1 0 1 0
#c 0 1 0 1 1 1 1 0 0 0 1 1 0 1 0 1 0 1 1 1 0 1 0 1 1 0 0 1 1 1 0 0 1 0 0 1 0 1 0 0 0 1 0 1 0 1 0 1 0 0 0 0 1 1 0 1 0 1 0
#c 0 1 0 1 1 1 1 0 0 0 1 1 0 1 0 1 0 1 1 1 0 1 0 1 1 0 0 1 1 1 0 0 1 0 0 1 0 1 0 0 0 1 0 1 0 1 0 1 0 0 0 0 1 1 0 1 0 1 0
#c 0 1 0 1 1 1 1 0 0 0 1 1 0 1 0 1 0 1 1 1 0 1 0 1 1 0 0 1 1 1 0 0 1 0 0 1 0 1 0 0 0 1 0 1 0 1 0 1 0 0 0 0 1 1 0 1 0 1 0
4 4 18 13 15 57 34 48 38 42
25 26 1 3 5 11 17 19 21 23 27 29 35 37 41 43 45 47 53 55 10 28 52 24 4 6 32 0 2 8 12 14 16 20 22 26 30 36 40 44 46 50 54 56 58 7 49 33 31 25 9 39 51
#c 0 1 0 1 1 1 1 0 0 0 1 1 0 1 0 1 0 1 1 1 0 1 0 1 1 0 0 1 1 1 0 0 1 0 0 1 0 1 0 0 0 1 0 1 0 1 0 1 0 0 0 0 1 1 0 1 0 1 0
2 3 8 58 27 53 29
28 26 0 2 12 14 16 20 22 26 30 34 36 38 40 42 44 46 48 50 54 56 7 49 33 31 25 9 39 51 1 3 5 11 13 15 17 19 21 23 35 37 41 43 45 47 55 57 10 28 52 24 4 6 18 32
#c 0 1 0 1 1 1 1 0 0 0 1 1 0 1 0 1 0 1 1 1 0 1 0 1 1 0 0 1 1 1 0 0 1 0 0 1 0 1 0 0 0 1 0 1 0 1 0 1 0 0 0 0 1 1 0 1 0 1 0
10 10 32 4 47 23 3 5 1 53 45 55 54 12 50 16 30 40 14 31 48 22
19 20 11 13 15 17 19 21 27 29 35 37 41 43 57 10 28 52 24 6 18 0 2 8 20 26 34 36 38 42 44 46 56 58 7 49 33 25 9 39 51
#c 0 1 0 1 1 1 1 0 0 0 1 1 0 1 0 1 0 1 1 1 0 1 0 1 1 0 0 1 1 1 0 0 1 0 0 1 0 1 0 0 0 1 0 1 0 1 0 1 0 0 0 0 1 1 0 1 0 1 0
#c 0 1 0 1 1 1 1 0 0 0 1 1 0 1 0 1 0 1 1 1 0 1 0 1 1 0 0 1 1 1 0 0 1 0 0 1 0 1 0 0 0 1 0 1 0 1 0 1 0 0 0 0 1 1 0 1 0 1 0
#c 0 1 0 1 1 1 1 0 0 0 1 1 0 1 0 1 0 1 1 1 0 1 0 1 1 0 0 1 1 1 0 0 1 0 0 1 0 1 0 0 0 1 0 1 0 1 0 1 0 0 0 0 1 1 0 1 0 1 0
#c 0 1 0 1 1 1 1 0 0 0 1 1 0 1 0 1 0 1 1 1 0 1 0 1 1 0 0 1 1 1 0 0 1 0 0 1 0 1 0 0 0 1 0 1 0 1 0 1 0 0 0 0 1 1 0 1 0 1 0
#c 0 1 0 1 1 1 1 0 0 0 1 1 0 1 0 1 0 1 1 1 0 1 0 1 1 0 0 1 1 1 0 0 1 0 0 1 0 1 0 0 0 1 0 1 0 1 0 1 0 0 0 0 1 1 0 1 0 1 0
5 7 2 58 42 49 25 45 41 27 32 29 1 23
25 22 0 8 12 14 16 20 22 26 30 34 36 38 40 44 46 48 50 54 56 7 33 31 9 39 51 3 5 11 13 15 17 19 21 35 37 43 47 53 55 57 10 28 52 24 4 6 18
#c 0 0 1 1 1 1 1 0 0 0 1 1 0 1 0 1 0 1 1 1 0 1 0 0 1 1 0 0 1 0 0 0 0 0 0 1 0 1 0 0 0 0 1 1 0 0 0 1 0 1 0 0 1 1 0 1 0 1 1
11 13 11 18 52 3 4 57 2 53 49 17 15 44 33 29 12 39 54 41 32 20 51 38 26 0
16 19 5 13 19 21 35 37 43 47 55 10 28 24 6 58 42 25 8 14 16 22 30 34 36 40 46 48 50 56 7 31 9 45 27 1 23
#c 0 0 1 1 1 1 1 0 0 0 1 1 0 1 0 1 0 1 1 1 0 1 0 0 1 1 0 0 1 0 0 0 0 0 0 1 0 1 0 0 0 0 1 1 0 0 0 1 0 1 0 0 1 1 0 1 0 1 1
11 11 33 30 27 8 32 26 51 20 23 7 38 3 52 55 43 28 53 4 17 42 6 13
21 16 0 12 14 16 22 34 36 40 44 46 48 50 54 56 31 9 39 45 41 29 1 5 11 15 19 21 35 37 47 57 10 24 18 2 58 49 25
#c 0 0 1 1 1 1 1 0 0 0 1 1 0 1 0 1 0 1 1 1 0 1 0 0 1 1 0 0 1 0 0 0 0 0 0 1 0 1 0 0 0 0 1 1 0 0 0 1 0 1 0 0 1 1 0 1 0 1 1
5 5 49 21 47 13 4 0 50 32 14 16
22 27 3 5 11 15 17 19 35 37 43 53 55 57 10 28 52 24 6 18 2 58 42 25 8 12 20 22 26 30 34 36 38 40 44 46 48 54 56 7 33 31 9 39 51 45 41 27 29 1 23
#c 0 0 1 1 1 1 1 0 0 0 1 1 0 1 0 1 0 1 1 1 0 1 0 0 1 1 0 0 1 0 0 0 0 0 0 1 0 1 0 0 0 0 1 1 0 0 0 1 0 1 0 0 1 1 0 1 0 1 1
14 14 20 39 45 0 26 41 9 38 8 31 14 51 48 56 57 2 18 19 43 52 5 55 53 47 13 35 4 10
18 13 12 16 22 30 34 36 40 44 46 50 54 7 33 27 32 29 1 23 3 11 15 17 21 37 28 24 6 58 42 49 25
#c 0 0 1 1 1 1 1 0 0 0 1 1 0 1 0 1 0 1 1 1 0 1 0 0 1 1 0 0 1 0 0 0 0 0 0 1 0 1 0 0 0 0 1 1 0 0 0 1 0 1 0 0 1 1 0 1 0 1 1
3 3 47 37 25 7 30 20
24 29 3 5 11 13 15 17 19 21 35 43 53 55 57 10 28 52 24 4 6 18 2 58 42 49 0 8 12 14 16 22 26 34 36 38 40 44 46 48 50 54 56 33 31 9 39 51 45 41 27 32 29 1 23
#c 0 0 1 1 1 1 1 0 0 0 1 1 0 1 0 1 0 1 1 1 0 1 0 0 1 1 0 0 1 0 0 0 0 0 0 1 0 1 0 0 0 0 1 1 0 0 0 1 0 1 0 0 1 1 0 1 0 1 1
3 3 9 44 38 3 49 52
29 24 0 8 12 14 16 20 22 26 30 34 36 40 46 48 50 54 56 7 33 31 39 51 45 41 27 32 29 1 23 5 11 13 15 17 19 21 35 37 43 47 53 55 57 10 28 24 4 6 18 2 58 42 25
#c 0 0 1 1 1 1 1 0 0 0 1 1 0 1 0 1 0 1 1 1 0 1 0 0 1 1 0 0 1 0 0 0 0 0 0 1 0 1 0 0 0 0 1 1 0 0 0 1 0 1 0 0 1 1 0 1 0 1 1
#c 0 0 1 1 1 1 1 0 0 0 1 1 0 1 0 1 0 1 1 1 0 1 0 0 1 1 0 0 1 0 0 0 0 0 0 1 0 1 0 0 0 0 1 1 0 0 0 1 0 1 0 0 1 1 0 1 0 1 1
2 2 27 26 37 3
30 25 0 8 12 14 16 20 22 30 34 36 38 40 44 46 48 50 54 56 7 33 31 9 39 51 45 41 32 29 1 23 5 11 13 15 17 19 21 35 43 47 53 55 57 10 28 52 24 4 6 18 2 58 42 49 25
#c 0 0 1 1 1 1 1 0 0 0 1 1 0 1 0 1 0 1 1 1 0 1 0 0 1 1 0 0 1 0 0 0 0 0 0 1 0 1 0 0 0 0 1 1 0 0 0 1 0 1 0 0 1 1 0 1 0 1 1
#c 0 0 1 1 1 1 1 0 0 0 1 1 0 1 0 1 0 1 1 1 0 1 0 0 1 1 0 0 1 0 0 0 0 0 0 1 0 1 0 0 0 0 1 1 0 0 0 1 0 1 0 0 1 1 0 1 0 1 1
12 12 38 0 1 32 56 46 20 34 36 16 22 31 42 24 6 13 37 10 21 53 19 17 5 18
20 15 8 12 14 26 30 40 44 48 50 54 7 33 9 39 51 45 41 27 29 23 3 11 15 35 43 47 55 57 28 52 4 2 58 49 25
#c 0 0 1 1 1 1 1 0 0 0 1 1 0 1 0 1 0 1 1 1 0 1 0 0 1 1 0 0 1 0 0 0 0 0 0 1 0 1 0 0 0 0 1 1 0 0 0 1 0 1 0 0 1 1 0 1 0 1 1
13 13 35 28 21 17 49 10 25 58 6 3 4 5 19 12 29 41 26 38 7 20 9 46 14 1 45 0
14 19 11 13 15 37 43 47 53 55 57 52 24 18 2 42 8 16 22 30 34 36 40 44 48 50 54 56 33 31 39 51 27 32 23
#c 0 0 1 1 1 1 1 0 0 0 1 1 0 1 0 1 0 1 1 1 0 1 0 0 1 1 0 0 1 0 0 0 0 0 0 1 0 1 0 0 0 0 1 1 0 0 0 1 0 1 0 0 1 1 0 1 0 1 1
#c 0 0 1 1 1 1 1 0 0 0 1 1 0 1 0 1 0 1 1 1 0 1 0 0 1 1 0 0 1 0 0 0 0 0 0 1 0 1 0 0 0 0 1 1 0 0 0 1 0 1 0 0 1 1 0 1 0 1 1
#c 0 0 1 1 1 1 1 0 0 0 1 1 0 1 0 1 0 1 1 1 0 1 0 0 1 1 0 0 1 0 0 0 0 0 0 1 0 1 0 0 0 0 1 1 0 0 0 1 0 1 0 0 1 1 0 1 0 1 1
#c 0 0 1 1 1 1 1 0 0 0 1 1 0 1 0 1 0 1 1 1 0 1 0 0 1 1 0 0 1 0 0 0 0 0 0 1 0 1 0 0 0 0 1 1 0 0 0 1 0 1 0 0 1 1 0 1 0 1 1
3 3 58 25 35 16 48 54
24 29 3 5 11 13 15 17 19 21 37 43 47 53 55 57 10 28 52 24 4 6 18 2 42 49 0 8 12 14 20 22 26 30 34 36 38 40 44 46 50 56 7 33 31 9 39 51 45 41 27 32 29 1 23
#c 0 0 1 1 1 1 1 0 0 0 1 1 0 1 0 1 0 1 1 1 0 1 0 0 1 1 0 0 1 0 0 0 0 0 0 1 0 1 0 0 0 0 1 1 0 0 0 1 0 1 0 0 1 1 0 1 0 1 1
#c 0 0 1 1 1 1 1 0 0 0 1 1 0 1 0 1 0 1 1 1 0 1 0 0 1 1 0 0 1 0 0 0 0 0 0 1 0 1 0 0 0 0 1 1 0 0 0 1 0 1 0 0 1 1 0 1 0 1 1
#c 0 0 1 1 1 1 1 0 0 0 1 1 0 1 0 1 0 1 1 1 0 1 0 0 1 1 0 0 1 0 0 0 0 0 0 1 0 1 0 0 0 0 1 1 0 0 0 1 0 1 0 0 1 1 0 1 0 1 1
11 9 51 50 48 30 0 45 31 7 1 41 46 3 24 6 17 10 37 43 49 53
21 18 8 12 14 16 20 22 26 34 36 38 40 44 54 56 33 9 39 27 32 29 23 5 11 13 15 19 21 35 47 55 57 28 52 4 18 2 58 42 25
#c 0 0 1 1 1 1 1 0 0 0 1 1 0 1 0 1 0 1 1 1 0 1 0 0 1 1 0 0 1 0 0 0 0 0 0 1 0 1 0 0 0 0 1 1 0 0 0 1 0 1 0 0 1 1 0 1 0 1 1
#c 0 0 1 1 1 1 1 0 0 0 1 1 0 1 0 1 0 1 1 1 0 1 0 0 1 1 0 0 1 0 0 0 0 0 0 1 0 1 0 0 0 0 1 1 0 0 0 1 0 1 0 0 1 1 0 1 0 1 1
#c 0 0 1 1 1 1 1 0 0 0 1 1 0 1 0 1 0 1 1 1 0 1 0 0 1 1 0 0 1 0 0 0 0 0 0 1 0 1 0 0 0 0 1 1 0 0 0 1 0 1 0 0 1 1 0 1 0 1 1
7 7 2 25 49 55 21 58 15 56 8 1 27 32 41 38
20 25 3 5 11 13 17 19 35 37 43 47 53 57 10 28 52 24 4 6 18 42 0 12 14 16 20 22 26 30 34 36 40 44 46 48 50 54 7 33 31 9 39 51 45 29 23
#c 0 0 1 1 1 1 1 0 0 0 1 1 0 1 0 1 0 1 1 1 0 1 0 0 1 1 0 0 1 0 0 0 0 0 0 1 0 1 0 0 0 0 1 1 0 0 0 1 0 1 0 0 1 1 0 1 0 1 1
4 4 12 32 39 20 17 13 42 3
28 23 0 8 14 16 22 26 30 34 36 38 40 44 46 48 50 54 56 7 33 31 9 51 45 41 27 29 1 23 5 11 15 19 21 35 37 43 47 53 55 57 10 28 52 24 4 6 18 2 58 49 25
#c 0 0 1 1 1 1 1 0 0 0 1 1 0 1 0 1 0 1 1 1 0 1 0 0 1 1 0 0 1 0 0 0 0 0 0 1 0 1 0 0 0 0 1 1 0 0 0 1 0 1 0 0 1 1 0 1 0 1 1
#c 0 0 1 1 1 1 1 0 0 0 1 1 0 1 0 1 0 1 1 1 0 1 0 0 1 1 0 0 1 0 0 0 0 0 0 1 0 1 0 0 0 0 1 1 0 0 0 1 0 1 0 0 1 1 0 1 0 1 1
3 3 29 26 38 42 3 19
29 24 0 8 12 14 16 20 22 30 34 36 40 44 46 48 50 54 56 7 33 31 9 39 51 45 41 27 32 1 23 5 11 13 15 17 21 35 37 43 47 53 55 57 10 28 52 24 4 6 18 2 58 49 25
#c 0 0 1 1 1 1 1 0 0 0 1 1 0 1 0 1 0 1 1 1 0 1 0 0 1 1 0 0 1 0 0 0 0 0 0 1 0 1 0 0 0 0 1 1 0 0 0 1 0 1 0 0 1 1 0 1 0 1 1
1 1 37 33
26 31 3 5 11 13 15 17 19 21 35 43 47 53 55 57 10 28 52 24 4 6 18 2 58 42 49 25 0 8 12 14 16 20 22 26 30 34 36 38 40 44 46 48 50 54 56 7 31 9 39 51 45 41 27 32 29 1 23
#c 0 0 1 1 1 1 1 0 0 0 1 1 0 1 0 1 0 1 1 1 0 1 0 0 1 1 0 0 1 0 0 0 0 0 0 1 0 1 0 0 0 0 1 1 0 0 0 1 0 1 0 0 1 1 0 1 0 1 1
15 15 50 29 34 54 23 30 36 31 12 45 20 7 40 16 33 13 57 19 37 24 3 58 21 49 15 10 25 43 6 52
17 12 0 8 14 22 26 38 44 46 48 56 9 39 51 41 27 32 1 5 11 17 35 47 53 55 28 4 18 2 42
#c 0 0 1 1 1 1 1 0 0 0 1 1 0 1 0 1 0 1 1 1 0 1 0 0 1 1 0 0 1 0 0 0 0 0 0 1 0 1 0 0 0 0 1 1 0 0 0 1 0 1 0 0 1 1 0 1 0 1 1
6 6 2 6 47 35 19 58 41 48 9 36 7 0
21 26 3 5 11 13 15 17 21 37 43 53 55 57 10 28 52 24 4 18 42 49 25 8 12 14 16 20 22 26 30 34 38 40 44 46 50 54 56 33 31 39 51 45 27 32 29 1 23
#c 0 0 1 1 1 1 1 0 0 0 1 1 0 1 0 1 0 1 1 1 0 1 0 0 1 1 0 0 1 0 0 0 0 0 0 1 0 1 0 0 0 0 1 1 0 0 0 1 0 1 0 0 1 1 0 1 0 1 1
3 3 7 41 1 19 43 28
29 24 0 8 12 14 16 20 22 26 30 34 36 38 40 44 46 48 50 54 56 33 31 9 39 51 45 27 32 29 23 3 5 11 13 15 17 21 35 37 47 53 55 57 10 52 24 4 6 18 2 58 42 49 25
#c 0 0 1 1 1 1 1 0 0 0 1 1 0 1 0 1 0 1 1 1 0 1 0 0 1 1 0 0 1 0 0 0 0 0 0 1 0 1 0 0 0 0 1 1 0 0 0 1 0 1 0 0 1 1 0 1 0 1 1
#c 0 0 1 1 1 1 1 0 0 0 1 1 0 1 0 1 0 1 1 1 0 1 0 0 1 1 0 0 1 0 0 0 0 0 0 1 0 1 0 0 0 0 1 1 0 0 0 1 0 1 0 0 1 1 0 1 0 1 1
7 7 54 56 16 29 14 51 22 49 11 35 43 4 2 17
25 20 0 8 12 20 26 30 34 36 38 40 44 46 48 50 7 33 31 9 39 45 41 27 32 1 23 3 5 13 15 19 21 37 47 53 55 57 10 28 52 24 6 18 58 42 25
#c 0 0 0 1 0 1 1 0 0 0 1 0 0 1 1 1 1 0 1 1 0 1 1 0 1 1 0 0 1 1 0 0 0 0 0 0 0 1 0 0 0 0 1 0 0 0 0 1 0 0 0 1 1 1 1 1 1 1 1
#c 0 0 0 1 0 1 1 0 0 0 1 0 0 1 1 1 1 0 1 1 0 1 1 0 1 1 0 0 1 1 0 0 0 0 0 0 0 1 0 0 0 0 1 0 0 0 0 1 0 0 0 1 1 1 1 1 1 1 1
5 5 9 2 38 34 43 13 6 51 28 25
27 22 0 8 12 20 26 30 36 40 44 46 48 50 7 33 31 39 45 41 27 32 1 23 49 11 35 4 17 3 5 15 19 21 37 47 53 55 57 10 52 24 18 58 42 54 56 16 29 14 22
#c 0 0 0 1 0 1 1 0 0 0 1 0 0 1 1 1 1 0 1 1 0 1 1 0 1 1 0 0 1 1 0 0 0 0 0 0 0 1 0 0 0 0 1 0 0 0 0 1 0 0 0 1 1 1 1 1 1 1 1
#c 0 0 0 1 0 1 1 0 0 0 1 0 0 1 1 1 1 0 1 1 0 1 1 0 1 1 0 0 1 1 0 0 0 0 0 0 0 1 0 0 0 0 1 0 0 0 0 1 0 0 0 1 1 1 1 1 1 1 1
13 13 30 1 33 44 27 50 43 40 9 20 34 26 31 54 22 37 16 6 53 3 18 13 19 15 47 42
19 14 0 8 12 36 38 46 48 7 39 45 41 32 23 49 11 35 4 2 17 5 21 55 57 10 28 52 24 58 25 56 29 14 51
#c 0 0 0 1 0 1 1 0 0 0 1 0 0 1 1 1 1 0 1 1 0 1 1 0 1 1 0 0 1 1 0 0 0 0 0 0 0 1 0 0 0 0 1 0 0 0 0 1 0 0 0 1 1 1 1 1 1 1 1
7 7 3 55 5 53 25 6 54 32 40 7 1 11 34 17
20 25 13 15 19 21 37 47 57 10 28 52 24 18 58 42 56 16 29 14 51 22 0 8 12 20 26 30 36 38 44 46 48 50 33 31 9 39 45 41 27 23 49 35 43 4 2
#c 0 0 0 1 0 1 1 0 0 0 1 0 0 1 1 1 1 0 1 1 0 1 1 0 1 1 0 0 1 1 0 0 0 0 0 0 0 1 0 0 0 0 1 0 0 0 0 1 0 0 0 1 1 1 1 1 1 1 1
#c 0 0 0 1 0 1 1 0 0 0 1 0 0 1 1 1 1 0 1 1 0 1 1 0 1 1 0 0 1 1 0 0 0 0 0 0 0 1 0 0 0 0 1 0 0 0 0 1 0 0 0 1 1 1 1 1 1 1 1
3 1 37 13 21 11
24 31 3 5 15 19 47 53 55 57 10 28 52 24 6 18 58 42 25 54 56 16 29 14 51 22 0 8 12 20 26 30 34 36 38 40 44 46 48 50 7 33 31 9 39 45 41 27 32 1 23 49 35 43 4 2 17
#c 0 0 0 1 0 1 1 0 0 0 1 0 0 1 1 1 1 0 1 1 0 1 1 0 1 1 0 0 1 1 0 0 0 0 0 0 0 1 0 0 0 0 1 0 0 0 0 1 0 0 0 1 1 1 1 1 1 1 1
16 16 35 36 23 41 33 0 50 1 17 27 49 38 20 4 43 26 5 56 15 58 19 13 10 18 6 25 22 29 57 24 28 16
16 11 8 12 30 34 40 44 46 48 7 31 9 39 45 32 11 2 3 21 37 47 53 55 52 42 54 14 51
#c 0 0 0 1 0 1 1 0 0 0 1 0 0 1 1 1 1 0 1 1 0 1 1 0 1 1 0 0 1 1 0 0 0 0 0 0 0 1 0 0 0 0 1 0 0 0 0 1 0 0 0 1 1 1 1 1 1 1 1
#c 0 0 0 1 0 1 1 0 0 0 1 0 0 1 1 1 1 0 1 1 0 1 1 0 1 1 0 0 1 1 0 0 0 0 0 0 0 1 0 0 0 0 1 0 0 0 0 1 0 0 0 1 1 1 1 1 1 1 1
#c 0 0 0 1 0 1 1 0 0 0 1 0 0 1 1 1 1 0 1 1 0 1 1 0 1 1 0 0 1 1 0 0 0 0 0 0 0 1 0 0 0 0 1 0 0 0 0 1 0 0 0 1 1 1 1 1 1 1 1
2 2 56 37 38 27
25 30 3 5 13 15 19 21 47 53 55 57 10 28 52 24 6 18 58 42 25 54 16 29 14 51 22 0 8 12 20 26 30 34 36 40 44 46 48 50 7 33 31 9 39 45 41 32 1 23 49 11 35 43 4 2 17
#c 0 0 0 1 0 1 1 0 0 0 1 0 0 1 1 1 1 0 1 1 0 1 1 0 1 1 0 0 1 1 0 0 0 0 0 0 0 1 0 0 0 0 1 0 0 0 0 1 0 0 0 1 1 1 1 1 1 1 1
#c 0 0 0 1 0 1 1 0 0 0 1 0 0 1 1 1 1 0 1 1 0 1 1 0 1 1 0 0 1 1 0 0 0 0 0 0 0 1 0 0 0 0 1 0 0 0 0 1 0 0 0 1 1 1 1 1 1 1 1
#c 0 0 0 1 0 1 1 0 0 0 1 0 0 1 1 1 1 0 1 1 0 1 1 0 1 1 0 0 1 1 0 0 0 0 0 0 0 1 0 0 0 0 1 0 0 0 0 1 0 0 0 1 1 1 1 1 1 1 1
7 9 23 17 0 26 20 1 30 29 54 16 55 52 25 53 15 47
25 18 8 12 34 36 38 40 44 46 48 50 7 33 31 9 39 45 41 27 32 49 11 35 43 4 2 3 5 13 19 21 37 57 10 28 24 6 18 58 42 56 14 51 22
#c 0 0 0 1 0 1 1 0 0 0 1 0 0 1 1 1 1 0 1 1 0 1 1 0 1 1 0 0 1 1 0 0 0 0 0 0 0 1 0 0 0 0 1 0 0 0 0 1 0 0 0 1 1 1 1 1 1 1 1
#c 0 0 0 1 0 1 1 0 0 0 1 0 0 1 1 1 1 0 1 1 0 1 1 0 1 1 0 0 1 1 0 0 0 0 0 0 0 1 0 0 0 0 1 0 0 0 0 1 0 0 0 1 1 1 1 1 1 1 1
10 10 1 43 17 33 4 0 45 35 27 12 13 47 53 29 58 57 25 6 24 28
22 17 8 20 26 30 34 36 38 40 44 46 48 50 7 31 9 39 41 32 23 49 11 2 3 5 15 19 21 37 55 10 52 18 42 54 56 16 14 51 22
#c 0 0 0 1 0 1 1 0 0 0 1 0 0 1 1 1 1 0 1 1 0 1 1 0 1 1 0 0 1 1 0 0 0 0 0 0 0 1 0 0 0 0 1 0 0 0 0 1 0 0 0 1 1 1 1 1 1 1 1
#c 0 0 0 1 0 1 1 0 0 0 1 0 0 1 1 1 1 0 1 1 0 1 1 0 1 1 0 0 1 1 0 0 0 0 0 0 0 1 0 0 0 0 1 0 0 0 0 1 0 0 0 1 1 1 1 1 1 1 1
14 14 45 17 30 27 35 34 9 20 33 32 50 26 12 1 29 18 58 42 19 52 14 13 55 3 16 6 5 21
18 13 0 8 36 38 40 44 46 48 7 31 39 41 23 49 11 43 4 2 15 37 47 53 57 10 28 24 25 54 56 51 22
#c 0 0 0 1 0 1 1 0 0 0 1 0 0 1 1 1 1 0 1 1 0 1 1 0 1 1 0 0 1 1 0 0 0 0 0 0 0 1 0 0 0 0 1 0 0 0 0 1 0 0 0 1 1 1 1 1 1 1 1
10 10 24 37 15 6 22 29 28 25 3 58 50 44 11 38 49 9 7 45 35 0
17 22 5 13 19 21 47 53 55 57 10 52 18 42 54 56 16 14 51 8 12 20 26 30 34 36 40 46 48 33 31 39 41 27 32 1 23 43 4 2 17
#c 0 0 0 1 0 1 1 0 0 0 1 0 0 1 1 1 1 0 1 1 0 1 1 0 1 1 0 0 1 1 0 0 0 0 0 0 0 1 0 0 0 0 1 0 0 0 0 1 0 0 0 1 1 1 1 1 1 1 1
8 8 12 39 8 35 33 26 44 49 5 58 24 56 25 53 19 51
24 19 0 20 30 34 36 38 40 46 48 50 7 31 9 45 41 27 32 1 23 11 43 4 2 17 3 13 15 21 37 47 55 57 10 28 52 6 18 42 54 16 29 14 22
#c 0 0 0 1 0 1 1 0 0 0 1 0 0 1 1 1 1 0 1 1 0 1 1 0 1 1 0 0 1 1 0 0 0 0 0 0 0 1 0 0 0 0 1 0 0 0 0 1 0 0 0 1 1 1 1 1 1 1 1
2 2 22 55 43 39
25 30 3 5 13 15 19 21 37 47 53 57 10 28 52 24 6 18 58 42 25 54 56 16 29 14 51 0 8 12 20 26 30 34 36 38 40 44 46 48 50 7 33 31 9 45 41 27 32 1 23 49 11 35 4 2 17
#c 0 0 0 1 0 1 1 0 0 0 1 0 0 1 1 1 1 0 1 1 0 1 1 0 1 1 0 0 1 1 0 0 0 0 0 0 0 1 0 0 0 0 1 0 0 0 0 1 0 0 0 1 1 1 1 1 1 1 1
#c 0 0 0 1 0 1 1 0 0 0 1 0 0 1 1 1 1 0 1 1 0 1 1 0 1 1 0 0 1 1 0 0 0 0 0 0 0 1 0 0 0 0 1 0 0 0 0 1 0 0 0 1 1 1 1 1 1 1 1
#c 0 0 0 1 0 1 1 0 0 0 1 0 0 1 1 1 1 0 1 1 0 1 1 0 1 1 0 0 1 1 0 0 0 0 0 0 0 1 0 0 0 0 1 0 0 0 0 1 0 0 0 1 1 1 1 1 1 1 1
#c 0 0 0 1 0 1 1 0 0 0 1 0 0 1 1 1 1 0 1 1 0 1 1 0 1 1 0 0 1 1 0 0 0 0 0 0 0 1 0 0 0 0 1 0 0 0 0 1 0 0 0 1 1 1 1 1 1 1 1
#c 0 0 0 1 0 1 1 0 0 0 1 0 0 1 1 1 1 0 1 1 0 1 1 0 1 1 0 0 1 1 0 0 0 0 0 0 0 1 0 0 0 0 1 0 0 0 0 1 0 0 0 1 1 1 1 1 1 1 1
7 7 48 34 30 45 27 12 20 6 54 28 24 16 10 14
25 20 0 8 26 36 38 40 44 46 50 7 33 31 9 39 41 32 1 23 49 11 35 43 4 2 17 3 5 13 15 19 21 37 47 53 55 57 52 18 58 42 25 56 29 51 22
#c 0 0 0 1 0 1 1 0 0 0 1 0 0 1 1 1 1 0 1 1 0 1 1 0 1 1 0 0 1 1 0 0 0 0 0 0 0 1 0 0 0 0 1 0 0 0 0 1 0 0 0 1 1 1 1 1 1 1 1
4 4 37 13 16 56 0 31 30 2
23 28 3 5 15 19 21 47 53 55 57 10 28 52 24 6 18 58 42 25 54 29 14 51 22 8 12 20 26 34 36 38 40 44 46 48 50 7 33 9 39 45 41 27 32 1 23 49 11 35 43 4 17
#c 0 0 0 1 0 1 1 0 0 0 1 0 0 1 1 1 1 0 1 1 0 1 1 0 1 1 0 0 1 1 0 0 0 0 0 0 0 1 0 0 0 0 1 0 0 0 0 1 0 0 0 1 1 1 1 1 1 1 1
#c 0 0 0 1 0 1 1 0 0 0 1 0 0 1 1 1 1 0 1 1 0 1 1 0 1 1 0 0 1 1 0 0 0 0 0 0 0 1 0 0 0 0 1 0 0 0 0 1 0 0 0 1 1 1 1 1 1 1 1
#c 0 0 0 1 0 1 1 0 0 0 1 0 0 1 1 1 1 0 1 1 0 1 1 0 1 1 0 0 1 1 0 0 0 0 0 0 0 1 0 0 0 0 1 0 0 0 0 1 0 0 0 1 1 1 1 1 1 1 1
#c 0 0 0 1 0 1 1 0 0 0 1 0 0 1 1 1 1 0 1 1 0 1 1 0 1 1 0 0 1 1 0 0 0 0 0 0 0 1 0 0 0 0 1 0 0 0 0 1 0 0 0 1 1 1 1 1 1 1 1
9 9 53 47 54 5 6 29 3 52 42 45 49 7 36 2 4 38 20 12
18 23 13 15 19 21 37 55 57 10 28 24 18 58 25 56 16 14 51 22 0 8 26 30 34 40 44 46 48 50 33 31 9 39 41 27 32 1 23 11 35 43 17
#c 0 0 0 1 0 1 1 0 0 0 1 0 0 1 1 1 1 0 1 1 0 1 1 0 1 1 0 0 1 1 0 0 0 0 0 0 0 1 0 0 0 0 1 0 0 0 0 1 0 0 0 1 1 1 1 1 1 1 1
6 6 41 44 1 7 45 40 14 10 28 5 51 16
26 21 0 8 12 20 26 30 34 36 38 46 48 50 33 31 9 39 27 32 23 49 11 35 43 4 2 17 3 13 15 19 21 37 47 53 55 57 52 24 6 18 58 42 25 54 56 29 22
#c 0 1 0 1 0 0 1 1 0 0 0 0 0 1 0 1 0 0 1 1 0 1 1 0 1 1 0 0 0 1 0 0 0 0 0 0 0 1 0 0 1 1 1 0 1 1 0 1 0 0 0 0 1 1 1 1 1 1 1
9 11 7 47 19 52 55 45 40 42 22 27 14 2 16 35 0 26 5 38 39 23
18 21 3 13 15 21 37 53 57 24 6 18 58 25 54 56 29 41 44 1 8 12 20 30 34 36 46 48 50 33 31 9 32 49 11 43 4 17 10 28 51
#c 0 1 0 1 0 0 1 1 0 0 0 0 0 1 0 1 0 0 1 1 0 1 1 0 1 1 0 0 0 1 0 0 0 0 0 0 0 1 0 0 1 1 1 0 1 1 0 1 0 0 0 0 1 1 1 1 1 1 1
#c 0 1 0 1 0 0 1 1 0 0 0 0 0 1 0 1 0 0 1 1 0 1 1 0 1 1 0 0 0 1 0 0 0 0 0 0 0 1 0 0 1 1 1 0 1 1 0 1 0 0 0 0 1 1 1 1 1 1 1
8 8 45 55 15 1 29 21 54 13 20 35 23 34 2 50 46 49
19 24 3 19 37 47 53 57 52 24 6 18 58 42 25 56 22 41 44 7 40 0 8 12 26 30 36 38 48 33 31 9 39 27 32 11 43 4 17 14 10 28 5 51 16
#c 0 1 0 1 0 0 1 1 0 0 0 0 0 1 0 1 0 0 1 1 0 1 1 0 1 1 0 0 0 1 0 0 0 0 0 0 0 1 0 0 1 1 1 0 1 1 0 1 0 0 0 0 1 1 1 1 1 1 1
1 1 26 24
31 26 0 8 12 20 30 34 36 38 46 48 50 33 31 9 39 27 32 23 49 11 35 43 4 2 17 14 10 28 5 51 16 3 13 15 19 21 37 47 53 55 57 52 6 18 58 42 25 54 56 29 22 41 44 1 7 45 40
#c 0 1 0 1 0 0 1 1 0 0 0 0 0 1 0 1 0 0 1 1 0 1 1 0 1 1 0 0 0 1 0 0 0 0 0 0 0 1 0 0 1 1 1 0 1 1 0 1 0 0 0 0 1 1 1 1 1 1 1
4 4 21 13 22 29 43 4 23 46
23 28 3 15 19 37 47 53 55 57 52 24 6 18 58 42 25 54 56 41 44 1 7 45 40 0 8 12 20 26 30 34 36 38 48 50 33 31 9 39 27 32 49 11 35 2 17 14 10 28 5 51 16
#c 0 1 0 1 0 0 1 1 0 0 0 0 0 1 0 1 0 0 1 1 0 1 1 0 1 1 0 0 0 1 0 0 0 0 0 0 0 1 0 0 1 1 1 0 1 1 0 1 0 0 0 0 1 1 1 1 1 1 1
11 11 9 31 32 4 27 23 38 39 48 43 8 58 21 42 15 53 13 41 6 3 37 45
21 16 0 12 20 26 30 34 36 46 50 33 49 11 35 2 17 14 10 28 5 51 16 19 47 55 57 52 24 18 25 54 56 29 22 44 1 7 40
#c 0 1 0 1 0 0 1 1 0 0 0 0 0 1 0 1 0 0 1 1 0 1 1 0 1 1 0 0 0 1 0 0 0 0 0 0 0 1 0 0 1 1 1 0 1 1 0 1 0 0 0 0 1 1 1 1 1 1 1
#c 0 1 0 1 0 0 1 1 0 0 0 0 0 1 0 1 0 0 1 1 0 1 1 0 1 1 0 0 0 1 0 0 0 0 0 0 0 1 0 0 1 1 1 0 1 1 0 1 0 0 0 0 1 1 1 1 1 1 1
#c 0 1 0 1 0 0 1 1 0 0 0 0 0 1 0 1 0 0 1 1 0 1 1 0 1 1 0 0 0 1 0 0 0 0 0 0 0 1 0 0 1 1 1 0 1 1 0 1 0 0 0 0 1 1 1 1 1 1 1
9 9 44 6 53 15 19 47 3 24 7 30 17 27 38 34 46 39 26 5
18 23 13 21 37 55 57 52 18 58 42 25 54 56 29 22 41 1 45 40 0 8 12 20 36 48 50 33 31 9 32 23 49 11 35 43 4 2 14 10 28 51 16
#c 0 1 0 1 0 0 1 1 0 0 0 0 0 1 0 1 0 0 1 1 0 1 1 0 1 1 0 0 0 1 0 0 0 0 0 0 0 1 0 0 1 1 1 0 1 1 0 1 0 0 0 0 1 1 1 1 1 1 1
16 16 16 34 31 0 49 50 27 26 23 51 11 2 8 17 28 38 44 6 55 45 19 21 52 41 18 1 22 3 53 58 56 13
16 11 12 20 30 36 46 48 33 9 39 32 35 43 4 14 10 5 15 37 47 57 24 42 25 54 29 7 40
#c 0 1 0 1 0 0 1 1 0 0 0 0 0 1 0 1 0 0 1 1 0 1 1 0 1 1 0 0 0 1 0 0 0 0 0 0 0 1 0 0 1 1 1 0 1 1 0 1 0 0 0 0 1 1 1 1 1 1 1
7 7 13 57 40 29 15 53 56 50 10 11 34 38 9 33
20 25 3 19 21 37 47 55 52 24 6 18 58 42 25 54 22 41 44 1 7 45 0 8 12 20 26 30 36 46 48 31 39 27 32 23 49 35 43 4 2 17 14 28 5 51 16
#c 0 1 0 1 0 0 1 1 0 0 0 0 0 1 0 1 0 0 1 1 0 1 1 0 1 1 0 0 0 1 0 0 0 0 0 0 0 1 0 0 1 1 1 0 1 1 0 1 0 0 0 0 1 1 1 1 1 1 1
#c 0 1 0 1 0 0 1 1 0 0 0 0 0 1 0 1 0 0 1 1 0 1 1 0 1 1 0 0 0 1 0 0 0 0 0 0 0 1 0 0 1 1 1 0 1 1 0 1 0 0 0 0 1 1 1 1 1 1 1
12 12 53 15 56 29 44 18 13 24 58 22 37 45 16 9 4 11 35 20 14 33 39 36 38 10
15 20 3 19 21 47 55 57 52 6 42 25 54 41 1 7 40 0 8 12 26 30 34 46 48 50 31 27 32 23 49 43 2 17 28 5 51
#c 0 1 0 1 0 0 1 1 0 0 0 0 0 1 0 1 0 0 1 1 0 1 1 0 1 1 0 0 0 1 0 0 0 0 0 0 0 1 0 0 1 1 1 0 1 1 0 1 0 0 0 0 1 1 1 1 1 1 1
3 3 33 10 20 21 29 56
29 24 0 8 12 26 30 34 36 38 46 48 50 31 9 39 27 32 23 49 11 35 43 4 2 17 14 28 5 51 16 3 13 15 19 37 47 53 55 57 52 24 6 18 58 42 25 54 22 41 44 1 7 45 40
#c 0 1 0 1 0 0 1 1 0 0 0 0 0 1 0 1 0 0 1 1 0 1 1 0 1 1 0 0 0 1 0 0 0 0 0 0 0 1 0 0 1 1 1 0 1 1 0 1 0 0 0 0 1 1 1 1 1 1 1
2 4 6 45 36 33 8 16
25 28 3 13 15 19 21 37 47 53 55 57 52 24 18 58 42 25 54 56 29 22 41 44 1 7 40 0 12 20 26 30 34 38 46 48 50 31 9 39 27 32 23 49 11 35 43 4 2 17 14 10 28 5 51
#c 0 1 0 1 0 0 1 1 0 0 0 0 0 1 0 1 0 0 1 1 0 1 1 0 1 1 0 0 0 1 0 0 0 0 0 0 0 1 0 0 1 1 1 0 1 1 0 1 0 0 0 0 1 1 1 1 1 1 1
7 7 36 50 39 5 14 11 26 58 15 37 53 52 57 18
25 20 0 8 12 20 30 34 38 46 48 33 31 9 27 32 23 49 35 43 4 2 17 10 28 51 16 3 13 19 21 47 55 24 6 42 25 54 56 29 22 41 44 1 7 45 40
#c 0 1 0 1 0 0 1 1 0 0 0 0 0 1 0 1 0 0 1 1 0 1 1 0 1 1 0 0 0 1 0 0 0 0 0 0 0 1 0 0 1 1 1 0 1 1 0 1 0 0 0 0 1 1 1 1 1 1 1
#c 0 1 0 1 0 0 1 1 0 0 0 0 0 1 0 1 0 0 1 1 0 1 1 0 1 1 0 0 0 1 0 0 0 0 0 0 0 1 0 0 1 1 1 0 1 1 0 1 0 0 0 0 1 1 1 1 1 1 1
6 5 20 43 5 35 31 2 21 52 6 47 55
26 22 0 8 12 26 30 34 36 38 46 48 50 33 9 39 27 32 23 49 11 4 17 14 10 28 51 16 3 13 15 19 37 53 57 24 18 58 42 25 54 56 29 22 41 44 1 7 45 40
#c 0 1 0 1 0 0 1 1 0 0 0 0 0 1 0 1 0 0 1 1 0 1 1 0 1 1 0 0 0 1 0 0 0 0 0 0 0 1 0 0 1 1 1 0 1 1 0 1 0 0 0 0 1 1 1 1 1 1 1
12 11 56 54 53 18 21 41 40 24 42 1 25 13 2 46 4 12 51 39 36 8 0 20 49
15 21 3 15 19 37 47 55 57 52 6 58 29 22 44 7 45 26 30 34 38 48 50 33 31 9 27 32 23 11 35 43 17 14 10 28 5 16
#c 0 1 0 1 0 0 1 1 0 0 0 0 0 1 0 1 0 0 1 1 0 1 1 0 1 1 0 0 0 1 0 0 0 0 0 0 0 1 0 0 1 1 1 0 1 1 0 1 0 0 0 0 1 1 1 1 1 1 1
10 10 51 28 8 35 36 48 46 34 5 38 7 56 18 13 3 22 29 44 40 6
22 17 0 12 20 26 30 50 33 31 9 39 27 32 23 49 11 43 4 2 17 14 10 16 15 19 21 37 47 53 55 57 52 24 58 42 25 54 41 1 45
#c 0 1 0 1 0 0 1 1 0 0 0 0 0 1 0 1 0 0 1 1 0 1 1 0 1 1 0 0 0 1 0 0 0 0 0 0 0 1 0 0 1 1 1 0 1 1 0 1 0 0 0 0 1 1 1 1 1 1 1
7 7 42 37 6 21 22 53 3 4 28 26 12 27 39 30
20 25 13 15 19 47 55 57 52 24 18 58 25 54 56 29 41 44 1 7 45 40 0 8 20 34 36 38 46 48 50 33 31 9 32 23 49 11 35 43 2 17 14 10 5 51 16
#c 0 1 0 1 0 0 1 1 0 0 0 0 0 1 0 1 0 0 1 1 0 1 1 0 1 1 0 0 0 1 0 0 0 0 0 0 0 1 0 0 1 1 1 0 1 1 0 1 0 0 0 0 1 1 1 1 1 1 1
12 12 11 0 39 33 49 36 48 31 5 50 30 27 41 56 3 25 1 40 57 19 44 45 24 53
20 15 8 12 20 26 34 38 46 9 32 23 35 43 4 2 17 14 10 28 51 16 13 15 21 37 47 55 52 6 18 58 42 54 29 22 7
#c 0 1 0 1 0 0 1 1 0 0 0 0 0 1 0 1 0 0 1 1 0 1 1 0 1 1 0 0 0 1 0 0 0 0 0 0 0 1 0 0 1 1 1 0 1 1 0 1 0 0 0 0 1 1 1 1 1 1 1
#c 0 1 0 1 0 0 1 1 0 0 0 0 0 1 0 1 0 0 1 1 0 1 1 0 1 1 0 0 0 1 0 0 0 0 0 0 0 1 0 0 1 1 1 0 1 1 0 1 0 0 0 0 1 1 1 1 1 1 1
#c 0 1 0 1 0 0 1 1 0 0 0 0 0 1 0 1 0 0 1 1 0 1 1 0 1 1 0 0 0 1 0 0 0 0 0 0 0 1 0 0 1 1 1 0 1 1 0 1 0 0 0 0 1 1 1 1 1 1 1
8 9 21 25 7 45 55 53 42 18 12 46 4 48 16 49 8 31 33
19 23 3 13 15 19 37 47 57 52 24 6 58 54 56 29 22 41 44 1 40 0 20 26 30 34 36 38 50 9 39 27 32 23 11 35 43 2 17 14 10 28 5 51
#c 0 1 0 1 0 0 1 1 0 0 0 0 0 1 0 1 0 0 1 1 0 1 1 0 1 1 0 0 0 1 0 0 0 0 0 0 0 1 0 0 1 1 1 0 1 1 0 1 0 0 0 0 1 1 1 1 1 1 1
14 14 38 30 12 14 2 46 8 23 43 48 32 28 31 20 41 13 40 21 44 25 56 19 29 45 1 18 47 24
18 13 0 26 34 36 50 33 9 39 27 49 11 35 4 17 10 5 51 16 3 15 37 53 55 57 52 6 58 42 54 22 7
#c 0 1 0 1 0 0 1 1 0 0 0 0 0 1 0 1 0 0 1 1 0 1 1 0 1 1 0 0 0 1 0 0 0 0 0 0 0 1 0 0 1 1 1 0 1 1 0 1 0 0 0 0 1 1 1 1 1 1 1
#c 0 1 0 1 0 0 1 1 0 0 0 0 0 1 0 1 0 0 1 1 0 1 1 0 1 1 0 0 0 1 0 0 0 0 0 0 0 1 0 0 1 1 1 0 1 1 0 1 0 0 0 0 1 1 1 1 1 1 1
2 2 38 34 37 1
30 25 0 8 12 20 26 30 36 46 48 50 33 31 9 39 27 32 23 49 11 35 43 4 2 17 14 10 28 5 51 16 3 13 15 19 21 47 53 55 57 52 24 6 18 58 42 25 54 56 29 22 41 44 7 45 40
#c 0 1 0 1 0 0 1 1 0 0 0 0 0 1 0 1 0 0 1 1 0 1 1 0 1 1 0 0 0 1 0 0 0 0 0 0 0 1 0 0 1 1 1 0 1 1 0 1 0 0 0 0 1 1 1 1 1 1 1
5 6 52 57 3 22 18 4 9 39 14 12 16
22 26 13 15 19 21 37 47 53 55 24 6 58 42 25 54 56 29 41 44 1 7 45 40 0 8 20 26 30 34 36 38 46 48 50 33 31 27 32 23 49 11 35 43 2 17 10 28 5 51
#c 0 1 0 1 0 0 1 1 0 0 0 0 0 1 0 1 0 0 1 1 0 1 1 0 1 1 0 0 0 1 0 0 0 0 0 0 0 1 0 0 1 1 1 0 1 1 0 1 0 0 0 0 1 1 1 1 1 1 1
#c 0 1 0 1 0 0 1 1 0 0 0 0 0 1 0 1 0 0 1 1 0 1 1 0 1 1 0 0 0 1 0 0 0 0 0 0 0 1 0 0 1 1 1 0 1 1 0 1 0 0 0 0 1 1 1 1 1 1 1
#c 0 1 0 1 0 0 1 1 0 0 0 0 0 1 0 1 0 0 1 1 0 1 1 0 1 1 0 0 0 1 0 0 0 0 0 0 0 1 0 0 1 1 1 0 1 1 0 1 0 0 0 0 1 1 1 1 1 1 1
#c 0 1 0 1 0 0 1 1 0 0 0 0 0 1 0 1 0 0 1 1 0 1 1 0 1 1 0 0 0 1 0 0 0 0 0 0 0 1 0 0 1 1 1 0 1 1 0 1 0 0 0 0 1 1 1 1 1 1 1
#c 0 1 0 1 0 0 1 1 0 0 0 0 0 1 0 1 0 0 1 1 0 1 1 0 1 1 0 0 0 1 0 0 0 0 0 0 0 1 0 0 1 1 1 0 1 1 0 1 0 0 0 0 1 1 1 1 1 1 1
#c 0 1 0 1 0 0 1 1 0 0 0 0 0 1 0 1 0 0 1 1 0 1 1 0 1 1 0 0 0 1 0 0 0 0 0 0 0 1 0 0 1 1 1 0 1 1 0 1 0 0 0 0 1 1 1 1 1 1 1
8 8 29 22 56 53 55 6 58 57 2 17 38 12 43 36 14 23
19 24 3 13 15 19 21 37 47 52 24 18 42 25 54 41 44 1 7 45 40 0 8 20 26 30 34 46 48 50 33 31 9 39 27 32 49 11 35 4 10 28 5 51 16
#c 0 1 0 1 0 0 1 1 0 0 0 0 0 1 0 1 0 0 1 1 0 1 1 0 1 1 0 0 0 1 0 0 0 0 0 0 0 1 0 0 1 1 1 0 1 1 0 1 0 0 0 0 1 1 1 1 1 1 1
6 7 5 38 34 49 26 8 3 42 15 29 13 53 57
26 20 0 12 20 30 36 46 48 50 33 31 9 39 27 32 23 11 35 43 4 2 17 14 10 28 51 16 19 21 37 47 55 52 24 6 18 58 25 54 56 22 41 44 1 7 45 40
#c 0 1 0 1 0 0 1 1 0 0 0 0 0 1 0 1 0 0 1 1 0 1 1 0 1 1 0 0 0 1 0 0 0 0 0 0 0 1 0 0 1 1 1 0 1 1 0 1 0 0 0 0 1 1 1 1 1 1 1
6 6 29 3 6 40 15 58 39 11 4 26 32 31
21 26 13 19 21 37 47 53 55 57 52 24 18 42 25 54 56 22 41 44 1 7 45 0 8 12 20 30 34 36 38 46 48 50 33 9 27 23 49 35 43 2 17 14 10 28 5 51 16
#c 0 1 0 1 0 0 1 1 0 0 0 0 0 1 0 1 0 0 1 1 0 1 1 0 1 1 0 0 0 1 0 0 0 0 0 0 0 1 0 0 1 1 1 0 1 1 0 1 0 0 0 0 1 1 1 1 1 1 1
10 10 32 28 46 51 48 9 17 31 30 34 47 55 7 6 1 57 25 52 3 58
22 17 0 8 12 20 26 36 38 50 33 39 27 23 49 11 35 43 4 2 14 10 5 16 13 15 19 21 37 53 24 18 42 54 56 29 22 41 44 45 40
#c 0 1 0 1 0 0 1 1 0 0 0 0 0 1 0 1 0 0 1 1 0 1 1 0 1 1 0 0 0 1 0 0 0 0 0 0 0 1 0 0 1 1 1 0 1 1 0 1 0 0 0 0 1 1 1 1 1 1 1
#c 0 1 0 1 0 0 1 1 0 0 0 0 0 1 0 1 0 0 1 1 0 1 1 0 1 1 0 0 0 1 0 0 0 0 0 0 0 1 0 0 1 1 1 0 1 1 0 1 0 0 0 0 1 1 1 1 1 1 1
#c 0 1 0 1 0 0 1 1 0 0 0 0 0 1 0 1 0 0 1 1 0 1 1 0 1 1 0 0 0 1 0 0 0 0 0 0 0 1 0 0 1 1 1 0 1 1 0 1 0 0 0 0 1 1 1 1 1 1 1
1 1 18 33
26 31 3 13 15 19 21 37 47 53 55 57 52 24 6 58 42 25 54 56 29 22 41 44 1 7 45 40 0 8 12 20 26 30 34 36 38 46 48 50 31 9 39 27 32 23 49 11 35 43 4 2 17 14 10 28 5 51 16
#c 0 1 0 1 0 0 1 1 0 0 0 0 0 1 0 1 0 0 1 1 0 1 1 0 1 1 0 0 0 1 0 0 0 0 0 0 0 1 0 0 1 1 1 0 1 1 0 1 0 0 0 0 1 1 1 1 1 1 1
#c 0 1 0 1 0 0 1 1 0 0 0 0 0 1 0 1 0 0 1 1 0 1 1 0 1 1 0 0 0 1 0 0 0 0 0 0 0 1 0 0 1 1 1 0 1 1 0 1 0 0 0 0 1 1 1 1 1 1 1
12 10 55 13 37 1 24 6 18 41 57 15 44 21 32 43 20 50 27 28 9 26 38 12
15 22 3 19 47 53 52 58 42 25 54 56 29 22 7 45 40 0 8 30 34 36 46 48 33 31 39 23 49 11 35 4 2 17 14 10 5 51 16
#c 0 1 0 1 0 0 1 1 0 0 0 0 0 1 0 1 0 0 1 1 0 1 1 0 1 1 0 0 0 1 0 0 0 0 0 0 0 1 0 0 1 1 1 0 1 1 0 1 0 0 0 0 1 1 1 1 1 1 1
#c 0 1 0 1 0 0 1 1 0 0 0 0 0 1 0 1 0 0 1 1 0 1 1 0 1 1 0 0 0 1 0 0 0 0 0 0 0 1 0 0 1 1 1 0 1 1 0 1 0 0 0 0 1 1 1 1 1 1 1
1 1 41 39
26 31 3 13 15 19 21 37 47 53 55 57 52 24 6 18 58 42 25 54 56 29 22 44 1 7 45 40 0 8 12 20 26 30 34 36 38 46 48 50 33 31 9 27 32 23 49 11 35 43 4 2 17 14 10 28 5 51 16
#c 0 1 0 1 0 0 1 1 0 0 0 0 0 1 0 1 0 0 1 1 0 1 1 0 1 1 0 0 0 1 0 0 0 0 0 0 0 1 0 0 1 1 1 0 1 1 0 1 0 0 0 0 1 1 1 1 1 1 1
13 13 51 17 0 39 32 35 28 30 2 27 14 49 16 37 25 6 58 57 19 29 18 54 1 22 3 45
19 14 8 12 20 26 34 36 38 46 48 50 33 31 9 23 11 43 4 10 5 13 15 21 47 53 55 52 24 42 56 41 44 7 40
#c 0 1 0 1 0 0 1 1 0 0 0 0 0 1 0 1 0 0 1 1 0 1 1 0 1 1 0 0 0 1 0 0 0 0 0 0 0 1 0 0 1 1 1 0 1 1 0 1 0 0 0 0 1 1 1 1 1 1 1
6 6 42 7 58 40 13 57 16 28 46 34 23 50
21 26 3 15 19 21 37 47 53 55 52 24 6 18 25 54 56 29 22 41 44 1 45 0 8 12 20 26 30 36 38 48 33 31 9 39 27 32 49 11 35 43 4 2 17 14 10 5 51
#c 0 1 0 1 0 0 1 1 0 0 0 0 0 1 0 1 0 0 1 1 0 1 1 0 1 1 0 0 0 1 0 0 0 0 0 0 0 1 0 0 1 1 1 0 1 1 0 1 0 0 0 0 1 1 1 1 1 1 1
2 2 16 51 7 56
30 25 0 8 12 20 26 30 34 36 38 46 48 50 33 31 9 39 27 32 23 49 11 35 43 4 2 17 14 10 28 5 3 13 15 19 21 37 47 53 55 57 52 24 6 18 58 42 25 54 29 22 41 44 1 45 40
#c 0 1 0 1 0 0 1 1 0 0 0 0 0 1 0 1 0 0 1 1 0 1 1 0 1 1 0 0 0 1 0 0 0 0 0 0 0 1 0 0 1 1 1 0 1 1 0 1 0 0 0 0 1 1 1 1 1 1 1
#c 0 1 0 1 0 0 1 1 0 0 0 0 0 1 0 1 0 0 1 1 0 1 1 0 1 1 0 0 0 1 0 0 0 0 0 0 0 1 0 0 1 1 1 0 1 1 0 1 0 0 0 0 1 1 1 1 1 1 1
16 16 17 35 28 27 46 5 32 4 31 38 0 36 30 48 23 39 52 29 42 24 3 56 18 53 54 1 41 47 55 19 45 57
16 11 8 12 20 26 34 50 33 9 49 11 43 2 14 10 51 16 13 15 21 37 6 58 25 22 44 7 40
#c 0 1 0 1 0 0 1 1 0 0 0 0 0 1 0 1 0 0 1 1 0 1 1 0 1 1 0 0 0 1 0 0 0 0 0 0 0 1 0 0 1 1 1 0 1 1 0 1 0 0 0 0 1 1 1 1 1 1 1
#c 0 1 0 1 0 0 1 1 0 0 0 0 0 1 0 1 0 0 1 1 0 1 1 0 1 1 0 0 0 1 0 0 0 0 0 0 0 1 0 0 1 1 1 0 1 1 0 1 0 0 0 0 1 1 1 1 1 1 1
#c 0 1 0 1 0 0 1 1 0 0 0 0 0 1 0 1 0 0 1 1 0 1 1 0 1 1 0 0 0 1 0 0 0 0 0 0 0 1 0 0 1 1 1 0 1 1 0 1 0 0 0 0 1 1 1 1 1 1 1
1 1 54 35
26 31 3 13 15 19 21 37 47 53 55 57 52 24 6 18 58 42 25 56 29 22 41 44 1 7 45 40 0 8 12 20 26 30 34 36 38 46 48 50 33 31 9 39 27 32 23 49 11 43 4 2 17 14 10 28 5 51 16
#c 0 1 0 1 0 0 1 1 0 0 0 0 0 1 0 1 0 0 1 1 0 1 1 0 1 1 0 0 0 1 0 0 0 0 0 0 0 1 0 0 1 1 1 0 1 1 0 1 0 0 0 0 1 1 1 1 1 1 1
#c 0 1 0 1 0 0 1 1 0 0 0 0 0 1 0 1 0 0 1 1 0 1 1 0 1 1 0 0 0 1 0 0 0 0 0 0 0 1 0 0 1 1 1 0 1 1 0 1 0 0 0 0 1 1 1 1 1 1 1
#c 0 1 0 1 0 0 1 1 0 0 0 0 0 1 0 1 0 0 1 1 0 1 1 0 1 1 0 0 0 1 0 0 0 0 0 0 0 1 0 0 1 1 1 0 1 1 0 1 0 0 0 0 1 1 1 1 1 1 1
15 15 39 9 38 30 2 32 4 50 46 34 33 16 48 20 43 56 7 54 52 22 13 55 42 40 53 6 25 21 41 47
17 12 0 8 12 26 36 31 27 23 49 11 35 17 14 10 28 5 51 3 15 19 37 57 24 18 58 29 44 1 45
#c 0 1 0 1 0 0 1 1 0 0 0 0 0 1 0 1 0 0 1 1 0 1 1 0 1 1 0 0 0 1 0 0 0 0 0 0 0 1 0 0 1 1 1 0 1 1 0 1 0 0 0 0 1 1 1 1 1 1 1
#c 0 1 0 1 0 0 1 1 0 0 0 0 0 1 0 1 0 0 1 1 0 1 1 0 1 1 0 0 0 1 0 0 0 0 0 0 0 1 0 0 1 1 1 0 1 1 0 1 0 0 0 0 1 1 1 1 1 1 1
6 6 34 23 30 48 5 51 42 57 7 18 13 44
26 21 0 8 12 20 26 36 38 46 50 33 31 9 39 27 32 49 11 35 43 4 2 17 14 10 28 16 3 15 19 21 37 47 53 55 52 24 6 58 25 54 56 29 22 41 1 45 40
#c 0 1 0 1 0 0 1 1 0 0 0 0 0 1 0 1 0 0 1 1 0 1 1 0 1 1 0 0 0 1 0 0 0 0 0 0 0 1 0 0 1 1 1 0 1 1 0 1 0 0 0 0 1 1 1 1 1 1 1
#c 0 1 0 1 0 0 1 1 0 0 0 0 0 1 0 1 0 0 1 1 0 1 1 0 1 1 0 0 0 1 0 0 0 0 0 0 0 1 0 0 1 1 1 0 1 1 0 1 0 0 0 0 1 1 1 1 1 1 1
#c 0 1 0 1 0 0 1 1 0 0 0 0 0 1 0 1 0 0 1 1 0 1 1 0 1 1 0 0 0 1 0 0 0 0 0 0 0 1 0 0 1 1 1 0 1 1 0 1 0 0 0 0 1 1 1 1 1 1 1
#c 0 1 0 1 0 0 1 1 0 0 0 0 0 1 0 1 0 0 1 1 0 1 1 0 1 1 0 0 0 1 0 0 0 0 0 0 0 1 0 0 1 1 1 0 1 1 0 1 0 0 0 0 1 1 1 1 1 1 1
#c 0 1 0 1 0 0 1 1 0 0 0 0 0 1 0 1 0 0 1 1 0 1 1 0 1 1 0 0 0 1 0 0 0 0 0 0 0 1 0 0 1 1 1 0 1 1 0 1 0 0 0 0 1 1 1 1 1 1 1
#c 0 1 0 1 0 0 1 1 0 0 0 0 0 1 0 1 0 0 1 1 0 1 1 0 1 1 0 0 0 1 0 0 0 0 0 0 0 1 0 0 1 1 1 0 1 1 0 1 0 0 0 0 1 1 1 1 1 1 1
7 7 49 0 51 12 8 9 16 6 29 1 57 52 44 24
25 20 20 26 30 34 36 38 46 48 50 33 31 39 27 32 23 11 35 43 4 2 17 14 10 28 5 3 13 15 19 21 37 47 53 55 18 58 42 25 54 56 22 41 7 45 40
#c 0 1 0 1 0 0 1 1 0 0 0 0 0 1 0 1 0 0 1 1 0 1 1 0 1 1 0 0 0 1 0 0 0 0 0 0 0 1 0 0 1 1 1 0 1 1 0 1 0 0 0 0 1 1 1 1 1 1 1
#c 0 1 0 1 0 0 1 1 0 0 0 0 0 1 0 1 0 0 1 1 0 1 1 0 1 1 0 0 0 1 0 0 0 0 0 0 0 1 0 0 1 1 1 0 1 1 0 1 0 0 0 0 1 1 1 1 1 1 1
#c 0 1 0 1 0 0 1 1 0 0 0 0 0 1 0 1 0 0 1 1 0 1 1 0 1 1 0 0 0 1 0 0 0 0 0 0 0 1 0 0 1 1 1 0 1 1 0 1 0 0 0 0 1 1 1 1 1 1 1
10 12 19 1 25 37 58 52 41 6 3 24 2 33 50 31 8 9 14 36 38 26 0 46
17 20 13 15 21 47 53 55 57 18 42 54 56 29 22 44 7 45 40 12 20 30 34 48 39 27 32 23 49 11 35 43 4 17 10 28 5 51 16
#c 0 1 0 1 0 0 1 1 0 0 0 0 0 1 0 1 0 0 1 1 0 1 1 0 1 1 0 0 0 1 0 0 0 0 0 0 0 1 0 0 1 1 1 0 1 1 0 1 0 0 0 0 1 1 1 1 1 1 1
#c 0 1 0 1 0 0 1 1 0 0 0 0 0 1 0 1 0 0 1 1 0 1 1 0 1 1 0 0 0 1 0 0 0 0 0 0 0 1 0 0 1 1 1 0 1 1 0 1 0 0 0 0 1 1 1 1 1 1 1
8 7 45 40 41 44 3 54 24 57 11 39 2 35 50 38 30
19 25 13 15 19 21 37 47 53 55 52 6 18 58 42 25 56 29 22 1 7 0 8 12 20 26 34 36 46 48 33 31 9 27 32 23 49 43 4 17 14 10 28 5 51 16
#c 0 1 0 1 0 0 1 1 0 0 0 0 0 1 0 1 0 0 1 1 0 1 1 0 1 1 0 0 0 1 0 0 0 0 0 0 0 1 0 0 1 1 1 0 1 1 0 1 0 0 0 0 1 1 1 1 1 1 1
3 4 11 10 51 54 53 55 19
29 23 0 8 12 20 26 30 34 36 38 46 48 50 33 31 9 39 27 32 23 49 35 43 4 2 17 14 28 5 16 3 13 15 21 37 47 57 52 24 6 18 58 42 25 56 29 22 41 44 1 7 45 40
#c 0 1 0 1 0 0 1 1 0 0 0 0 0 1 0 1 0 0 1 1 0 1 1 0 1 1 0 0 0 1 0 0 0 0 0 0 0 1 0 0 1 1 1 0 1 1 0 1 0 0 0 0 1 1 1 1 1 1 1
1 1 58 46
26 31 3 13 15 19 21 37 47 53 55 57 52 24 6 18 42 25 54 56 29 22 41 44 1 7 45 40 0 8 12 20 26 30 34 36 38 48 50 33 31 9 39 27 32 23 49 11 35 43 4 2 17 14 10 28 5 51 16
#c 0 1 0 1 0 0 1 1 0 0 0 0 0 1 0 1 0 0 1 1 0 1 1 0 1 1 0 0 0 1 0 0 0 0 0 0 0 1 0 0 1 1 1 0 1 1 0 1 0 0 0 0 1 1 1 1 1 1 1
#c 0 1 0 1 0 0 1 1 0 0 0 0 0 1 0 1 0 0 1 1 0 1 1 0 1 1 0 0 0 1 0 0 0 0 0 0 0 1 0 0 1 1 1 0 1 1 0 1 0 0 0 0 1 1 1 1 1 1 1
10 10 47 45 3 18 40 52 37 24 44 57 10 49 14 46 9 31 39 12 50 23
17 22 13 15 19 21 53 55 6 58 42 25 54 56 29 22 41 1 7 0 8 20 26 30 34 36 38 48 33 27 32 11 35 43 4 2 17 28 5 51 16
#c 0 1 0 1 0 0 1 1 0 0 0 0 0 1 0 1 0 0 1 1 0 1 1 0 1 1 0 0 0 1 0 0 0 0 0 0 0 1 0 0 1 1 1 0 1 1 0 1 0 0 0 0 1 1 1 1 1 1 1
#c 0 1 0 1 0 0 1 1 0 0 0 0 0 1 0 1 0 0 1 1 0 1 1 0 1 1 0 0 0 1 0 0 0 0 0 0 0 1 0 0 1 1 1 0 1 1 0 1 0 0 0 0 1 1 1 1 1 1 1
#c 0 1 0 1 0 0 1 1 0 0 0 0 0 1 0 1 0 0 1 1 0 1 1 0 1 1 0 0 0 1 0 0 0 0 0 0 0 1 0 0 1 1 1 0 1 1 0 1 0 0 0 0 1 1 1 1 1 1 1
5 5 12 31 32 23 49 21 58 52 18 57
27 22 0 8 20 26 30 34 36 38 46 48 50 33 9 39 27 11 35 43 4 2 17 14 10 28 5 51 16 3 13 15 19 37 47 53 55 24 6 42 25 54 56 29 22 41 44 1 7 45 40
#c 0 1 0 1 0 0 1 1 0 0 0 0 0 1 0 1 0 0 1 1 0 1 1 0 1 1 0 0 0 1 0 0 0 0 0 0 0 1 0 0 1 1 1 0 1 1 0 1 0 0 0 0 1 1 1 1 1 1 1
#c 0 1 0 1 0 0 1 1 0 0 0 0 0 1 0 1 0 0 1 1 0 1 1 0 1 1 0 0 0 1 0 0 0 0 0 0 0 1 0 0 1 1 1 0 1 1 0 1 0 0 0 0 1 1 1 1 1 1 1
6 6 12 33 31 10 27 30 1 25 44 22 47 37
26 21 0 8 20 26 34 36 38 46 48 50 9 39 32 23 49 11 35 43 4 2 17 14 28 5 51 16 3 13 15 19 21 53 55 57 52 24 6 18 58 42 54 56 29 41 7 45 40
#c 0 1 0 1 0 0 1 1 0 0 0 0 0 1 0 1 0 0 1 1 0 1 1 0 1 1 0 0 0 1 0 0 0 0 0 0 0 1 0 0 1 1 1 0 1 1 0 1 0 0 0 0 1 1 1 1 1 1 1
#c 0 1 0 1 0 0 1 1 0 0 0 0 0 1 0 1 0 0 1 1 0 1 1 0 1 1 0 0 0 1 0 0 0 0 0 0 0 1 0 0 1 1 1 0 1 1 0 1 0 0 0 0 1 1 1 1 1 1 1
#c 0 1 0 1 0 0 1 1 0 0 0 0 0 1 0 1 0 0 1 1 0 1 1 0 1 1 0 0 0 1 0 0 0 0 0 0 0 1 0 0 1 1 1 0 1 1 0 1 0 0 0 0 1 1 1 1 1 1 1
3 3 15 41 52 4 43 12
24 29 3 13 19 21 37 47 53 55 57 24 6 18 58 42 25 54 56 29 22 44 1 7 45 40 0 8 20 26 30 34 36 38 46 48 50 33 31 9 39 27 32 23 49 11 35 2 17 14 10 28 5 51 16
#c 0 1 0 1 0 0 1 1 0 0 0 0 0 1 0 1 0 0 1 1 0 1 1 0 1 1 0 0 0 1 0 0 0 0 0 0 0 1 0 0 1 1 1 0 1 1 0 1 0 0 0 0 1 1 1 1 1 1 1
#c 0 1 0 1 0 0 1 1 0 0 0 0 0 1 0 1 0 0 1 1 0 1 1 0 1 1 0 0 0 1 0 0 0 0 0 0 0 1 0 0 1 1 1 0 1 1 0 1 0 0 0 0 1 1 1 1 1 1 1
#c 0 1 0 1 0 0 1 1 0 0 0 0 0 1 0 1 0 0 1 1 0 1 1 0 1 1 0 0 0 1 0 0 0 0 0 0 0 1 0 0 1 1 1 0 1 1 0 1 0 0 0 0 1 1 1 1 1 1 1
#c 0 1 0 1 0 0 1 1 0 0 0 0 0 1 0 1 0 0 1 1 0 1 1 0 1 1 0 0 0 1 0 0 0 0 0 0 0 1 0 0 1 1 1 0 1 1 0 1 0 0 0 0 1 1 1 1 1 1 1
#c 0 1 0 1 0 0 1 1 0 0 0 0 0 1 0 1 0 0 1 1 0 1 1 0 1 1 0 0 0 1 0 0 0 0 0 0 0 1 0 0 1 1 1 0 1 1 0 1 0 0 0 0 1 1 1 1 1 1 1
#c 0 1 0 1 0 0 1 1 0 0 0 0 0 1 0 1 0 0 1 1 0 1 1 0 1 1 0 0 0 1 0 0 0 0 0 0 0 1 0 0 1 1 1 0 1 1 0 1 0 0 0 0 1 1 1 1 1 1 1
#c 0 1 0 1 0 0 1 1 0 0 0 0 0 1 0 1 0 0 1 1 0 1 1 0 1 1 0 0 0 1 0 0 0 0 0 0 0 1 0 0 1 1 1 0 1 1 0 1 0 0 0 0 1 1 1 1 1 1 1
4 4 17 10 5 39 25 6 53 21
28 23 0 8 12 20 26 30 34 36 38 46 48 50 33 31 9 27 32 23 49 11 35 43 4 2 14 28 51 16 3 13 15 19 37 47 55 57 52 24 18 58 42 54 56 29 22 41 44 1 7 45 40
#c 0 1 0 1 0 0 1 1 0 0 0 0 0 1 0 1 0 0 1 1 0 1 1 0 1 1 0 0 0 1 0 0 0 0 0 0 0 1 0 0 1 1 1 0 1 1 0 1 0 0 0 0 1 1 1 1 1 1 1
10 10 37 55 7 13 54 29 24 47 58 21 51 27 50 38 14 34 17 33 49 31
17 22 3 15 19 53 57 52 6 18 42 25 56 22 41 44 1 45 40 0 8 12 20 26 30 36 46 48 9 39 32 23 11 35 43 4 2 10 28 5 16
#c 0 1 0 1 0 0 1 1 0 0 0 0 0 1 0 1 0 0 1 1 0 1 1 0 1 1 0 0 0 1 0 0 0 0 0 0 0 1 0 0 1 1 1 0 1 1 0 1 0 0 0 0 1 1 1 1 1 1 1
#c 0 1 0 1 0 0 1 1 0 0 0 0 0 1 0 1 0 0 1 1 0 1 1 0 1 1 0 0 0 1 0 0 0 0 0 0 0 1 0 0 1 1 1 0 1 1 0 1 0 0 0 0 1 1 1 1 1 1 1
#c 0 1 0 1 0 0 1 1 0 0 0 0 0 1 0 1 0 0 1 1 0 1 1 0 1 1 0 0 0 1 0 0 0 0 0 0 0 1 0 0 1 1 1 0 1 1 0 1 0 0 0 0 1 1 1 1 1 1 1
#c 0 1 0 1 0 0 1 1 0 0 0 0 0 1 0 1 0 0 1 1 0 1 1 0 1 1 0 0 0 1 0 0 0 0 0 0 0 1 0 0 1 1 1 0 1 1 0 1 0 0 0 0 1 1 1 1 1 1 1
#c 0 1 0 1 0 0 1 1 0 0 0 0 0 1 0 1 0 0 1 1 0 1 1 0 1 1 0 0 0 1 0 0 0 0 0 0 0 1 0 0 1 1 1 0 1 1 0 1 0 0 0 0 1 1 1 1 1 1 1
13 13 14 50 20 17 33 9 35 32 12 38 46 10 28 19 3 54 25 37 40 7 42 57 1 52 15 13
19 14 0 8 26 30 34 36 48 31 39 27 23 49 11 43 4 2 5 51 16 21 47 53 55 24 6 18 58 56 29 22 41 44 45
#c 0 1 0 1 0 0 1 1 0 0 0 0 0 1 0 1 0 0 1 1 0 1 1 0 1 1 0 0 0 1 0 0 0 0 0 0 0 1 0 0 1 1 1 0 1 1 0 1 0 0 0 0 1 1 1 1 1 1 1
11 11 25 53 21 18 44 1 6 57 37 19 24 28 11 12 17 38 30 35 49 33 43 48
16 21 3 13 15 47 55 52 58 42 54 56 29 22 41 7 45 40 0 8 20 26 34 36 46 50 31 9 39 27 32 23 4 2 14 10 5 51 16
#c 0 1 0 1 0 0 1 1 0 0 0 0 0 1 0 1 0 0 1 1 0 1 1 0 1 1 0 0 0 1 0 0 0 0 0 0 0 1 0 0 1 1 1 0 1 1 0 1 0 0 0 0 1 1 1 1 1 1 1
1 1 33 7
31 26 0 8 12 20 26 30 34 36 38 46 48 50 31 9 39 27 32 23 49 11 35 43 4 2 17 14 10 28 5 51 16 3 13 15 19 21 37 47 53 55 57 52 24 6 18 58 42 25 54 56 29 22 41 44 1 45 40
#c 0 1 0 1 0 0 1 1 0 0 0 0 0 1 0 1 0 0 1 1 0 1 1 0 1 1 0 0 0 1 0 0 0 0 0 0 0 1 0 0 1 1 1 0 1 1 0 1 0 0 0 0 1 1 1 1 1 1 1
#c 0 1 0 1 0 0 1 1 0 0 0 0 0 1 0 1 0 0 1 1 0 1 1 0 1 1 0 0 0 1 0 0 0 0 0 0 0 1 0 0 1 1 1 0 1 1 0 1 0 0 0 0 1 1 1 1 1 1 1
#c 0 1 0 1 0 0 1 1 0 0 0 0 0 1 0 1 0 0 1 1 0 1 1 0 1 1 0 0 0 1 0 0 0 0 0 0 0 1 0 0 1 1 1 0 1 1 0 1 0 0 0 0 1 1 1 1 1 1 1
8 8 6 58 13 40 29 1 55 3 36 16 14 26 17 33 9 0
19 24 15 19 21 37 47 53 57 52 24 18 42 25 54 56 22 41 44 7 45 8 12 20 30 34 38 46 48 50 31 39 27 32 23 49 11 35 43 4 2 10 28 5 51
#c 0 1 0 1 0 0 1 1 0 0 0 0 0 1 0 1 0 0 1 1 0 1 1 0 1 1 0 0 0 1 0 0 0 0 0 0 0 1 0 0 1 1 1 0 1 1 0 1 0 0 0 0 1 1 1 1 1 1 1
#c 0 1 0 1 0 0 1 1 0 0 0 0 0 1 0 1 0 0 1 1 0 1 1 0 1 1 0 0 0 1 0 0 0 0 0 0 0 1 0 0 1 1 1 0 1 1 0 1 0 0 0 0 1 1 1 1 1 1 1
#c 0 1 0 1 0 0 1 1 0 0 0 0 0 1 0 1 0 0 1 1 0 1 1 0 1 1 0 0 0 1 0 0 0 0 0 0 0 1 0 0 1 1 1 0 1 1 0 1 0 0 0 0 1 1 1 1 1 1 1
#c 0 1 0 1 0 0 1 1 0 0 0 0 0 1 0 1 0 0 1 1 0 1 1 0 1 1 0 0 0 1 0 0 0 0 0 0 0 1 0 0 1 1 1 0 1 1 0 1 0 0 0 0 1 1 1 1 1 1 1
#c 0 1 0 1 0 0 1 1 0 0 0 0 0 1 0 1 0 0 1 1 0 1 1 0 1 1 0 0 0 1 0 0 0 0 0 0 0 1 0 0 1 1 1 0 1 1 0 1 0 0 0 0 1 1 1 1 1 1 1
#c 0 1 0 1 0 0 1 1 0 0 0 0 0 1 0 1 0 0 1 1 0 1 1 0 1 1 0 0 0 1 0 0 0 0 0 0 0 1 0 0 1 1 1 0 1 1 0 1 0 0 0 0 1 1 1 1 1 1 1
#c 0 1 0 1 0 0 1 1 0 0 0 0 0 1 0 1 0 0 1 1 0 1 1 0 1 1 0 0 0 1 0 0 0 0 0 0 0 1 0 0 1 1 1 0 1 1 0 1 0 0 0 0 1 1 1 1 1 1 1
14 14 12 0 8 27 46 33 5 26 36 2 34 31 48 9 13 18 47 7 19 37 45 52 25 24 58 15 21 42
18 13 20 30 38 50 39 32 23 49 11 35 43 4 17 14 10 28 51 16 3 53 55 57 6 54 56 29 22 41 44 1 40
#c 0 1 0 1 0 0 1 1 0 0 0 0 0 1 0 1 0 0 1 1 0 1 1 0 1 1 0 0 0 1 0 0 0 0 0 0 0 1 0 0 1 1 1 0 1 1 0 1 0 0 0 0 1 1 1 1 1 1 1
#c 0 1 0 1 0 0 1 1 0 0 0 0 0 1 0 1 0 0 1 1 0 1 1 0 1 1 0 0 0 1 0 0 0 0 0 0 0 1 0 0 1 1 1 0 1 1 0 1 0 0 0 0 1 1 1 1 1 1 1
4 4 51 39 28 8 24 6 45 19
28 23 0 12 20 26 30 34 36 38 46 48 50 33 31 9 27 32 23 49 11 35 43 4 2 17 14 10 5 16 3 13 15 21 37 47 53 55 57 52 18 58 42 25 54 56 29 22 41 44 1 7 40
#c 0 1 0 1 0 0 1 1 0 0 0 0 0 1 0 1 0 0 1 1 0 1 1 0 1 1 0 0 0 1 0 0 0 0 0 0 0 1 0 0 1 1 1 0 1 1 0 1 0 0 0 0 1 1 1 1 1 1 1
9 7 7 29 53 45 47 22 25 54 13 50 35 20 27 16 12 0
18 25 3 15 19 21 37 55 57 52 24 6 18 58 42 56 41 44 1 40 8 26 30 34 36 38 46 48 33 31 9 39 32 23 49 11 43 4 2 17 14 10 28 5 51
#c 0 1 0 1 0 0 1 1 0 0 0 0 0 1 0 1 0 0 1 1 0 1 1 0 1 1 0 0 0 1 0 0 0 0 0 0 0 1 0 0 1 1 1 0 1 1 0 1 0 0 0 0 1 1 1 1 1 1 1
#c 0 1 0 1 0 0 1 1 0 0 0 0 0 1 0 1 0 0 1 1 0 1 1 0 1 1 0 0 0 1 0 0 0 0 0 0 0 1 0 0 1 1 1 0 1 1 0 1 0 0 0 0 1 1 1 1 1 1 1
7 7 7 19 3 22 45 42 52 46 51 27 16 28 2 38
20 25 13 15 21 37 47 53 55 57 24 6 18 58 25 54 56 29 41 44 1 40 0 8 12 20 26 30 34 36 48 50 33 31 9 39 32 23 49 11 35 43 4 17 14 10 5
#c 0 1 0 1 0 0 1 1 0 0 0 0 0 1 0 1 0 0 1 1 0 1 1 0 1 1 0 0 0 1 0 0 0 0 0 0 0 1 0 0 1 1 1 0 1 1 0 1 0 0 0 0 1 1 1 1 1 1 1
#c 0 1 0 1 0 0 1 1 0 0 0 0 0 1 0 1 0 0 1 1 0 1 1 0 1 1 0 0 0 1 0 0 0 0 0 0 0 1 0 0 1 1 1 0 1 1 0 1 0 0 0 0 1 1 1 1 1 1 1
9 9 18 44 22 56 19 45 6 53 29 49 48 36 9 39 20 0 27 14
18 23 3 13 15 21 37 47 55 57 52 24 58 42 25 54 41 1 7 40 8 12 26 30 34 38 46 50 33 31 32 23 11 35 43 4 2 17 10 28 5 51 16
#c 0 1 0 1 0 0 1 1 0 0 0 0 0 1 0 1 0 0 1 1 0 1 1 0 1 1 0 0 0 1 0 0 0 0 0 0 0 1 0 0 1 1 1 0 1 1 0 1 0 0 0 0 1 1 1 1 1 1 1
#c 0 1 0 1 0 0 1 1 0 0 0 0 0 1 0 1 0 0 1 1 0 1 1 0 1 1 0 0 0 1 0 0 0 0 0 0 0 1 0 0 1 1 1 0 1 1 0 1 0 0 0 0 1 1 1 1 1 1 1
2 1 13 47 20
25 31 3 15 19 21 37 53 55 57 52 24 6 18 58 42 25 54 56 29 22 41 44 1 7 45 40 0 8 12 26 30 34 36 38 46 48 50 33 31 9 39 27 32 23 49 11 35 43 4 2 17 14 10 28 5 51 16
#c 0 1 0 1 0 0 1 1 0 0 0 0 0 1 0 1 0 0 1 1 0 1 1 0 1 1 0 0 0 1 0 0 0 0 0 0 0 1 0 0 1 1 1 0 1 1 0 1 0 0 0 0 1 1 1 1 1 1 1
#c 0 1 0 1 0 0 1 1 0 0 0 0 0 1 0 1 0 0 1 1 0 1 1 0 1 1 0 0 0 1 0 0 0 0 0 0 0 1 0 0 1 1 1 0 1 1 0 1 0 0 0 0 1 1 1 1 1 1 1
11 10 7 21 47 42 54 37 40 18 52 29 55 38 27 10 2 35 49 12 9 50 30
16 22 3 13 15 19 53 57 24 6 58 25 56 22 41 44 1 45 0 8 20 26 34 36 46 48 33 31 39 32 23 11 43 4 17 14 28 5 51 16
#c 0 1 0 1 0 0 1 1 0 0 0 0 0 1 0 1 0 0 1 1 0 1 1 0 1 1 0 0 0 1 0 0 0 0 0 0 0 1 0 0 1 1 1 0 1 1 0 1 0 0 0 0 1 1 1 1 1 1 1
#c 0 1 0 1 0 0 1 1 0 0 0 0 0 1 0 1 0 0 1 1 0 1 1 0 1 1 0 0 0 1 0 0 0 0 0 0 0 1 0 0 1 1 1 0 1 1 0 1 0 0 0 0 1 1 1 1 1 1 1
#c 0 1 0 1 0 0 1 1 0 0 0 0 0 1 0 1 0 0 1 1 0 1 1 0 1 1 0 0 0 1 0 0 0 0 0 0 0 1 0 0 1 1 1 0 1 1 0 1 0 0 0 0 1 1 1 1 1 1 1
10 10 11 23 0 2 35 43 36 50 49 31 44 7 53 22 45 54 21 29 25 6
22 17 8 12 20 26 30 34 38 46 48 33 9 39 27 32 4 17 14 10 28 5 51 16 3 13 15 19 37 47 55 57 52 24 18 58 42 56 41 1 40
#c 0 1 0 1 0 0 1 1 0 0 0 0 0 1 0 1 0 0 1 1 0 1 1 0 1 1 0 0 0 1 0 0 0 0 0 0 0 1 0 0 1 1 1 0 1 1 0 1 0 0 0 0 1 1 1 1 1 1 1
7 7 40 3 18 29 42 21 54 39 43 12 33 36 9 28
20 25 13 15 19 37 47 53 55 57 52 24 6 58 25 56 22 41 44 1 7 45 0 8 20 26 30 34 38 46 48 50 31 27 32 23 49 11 35 4 2 17 14 10 5 51 16
#c 0 1 0 1 0 0 1 1 0 0 0 0 0 1 0 1 0 0 1 1 0 1 1 0 1 1 0 0 0 1 0 0 0 0 0 0 0 1 0 0 1 1 1 0 1 1 0 1 0 0 0 0 1 1 1 1 1 1 1
#c 0 1 0 1 0 0 1 1 0 0 0 0 0 1 0 1 0 0 1 1 0 1 1 0 1 1 0 0 0 1 0 0 0 0 0 0 0 1 0 0 1 1 1 0 1 1 0 1 0 0 0 0 1 1 1 1 1 1 1
11 11 1 29 42 44 15 45 22 19 6 53 56 36 28 48 8 46 26 23 2 4 17 27
16 21 3 13 21 37 47 55 57 52 24 18 58 25 54 41 7 40 0 12 20 30 34 38 50 33 31 9 39 32 49 11 35 43 14 10 5 51 16
#c 0 1 0 1 0 0 1 1 0 0 0 0 0 1 0 1 0 0 1 1 0 1 1 0 1 1 0 0 0 1 0 0 0 0 0 0 0 1 0 0 1 1 1 0 1 1 0 1 0 0 0 0 1 1 1 1 1 1 1
#c 0 1 0 1 0 0 1 1 0 0 0 0 0 1 0 1 0 0 1 1 0 1 1 0 1 1 0 0 0 1 0 0 0 0 0 0 0 1 0 0 1 1 1 0 1 1 0 1 0 0 0 0 1 1 1 1 1 1 1
#c 0 1 0 1 0 0 1 1 0 0 0 0 0 1 0 1 0 0 1 1 0 1 1 0 1 1 0 0 0 1 0 0 0 0 0 0 0 1 0 0 1 1 1 0 1 1 0 1 0 0 0 0 1 1 1 1 1 1 1
11 11 33 39 20 43 49 50 17 38 23 26 46 54 29 7 56 37 47 45 40 41 19 15
21 16 0 8 12 30 34 36 48 31 9 27 32 11 35 4 2 14 10 28 5 51 16 3 13 21 53 55 57 52 24 6 18 58 42 25 22 44 1
#c 0 1 0 1 0 0 1 1 0 0 0 0 0 1 0 1 0 0 1 1 0 1 1 0 1 1 0 0 0 1 0 0 0 0 0 0 0 1 0 0 1 1 1 0 1 1 0 1 0 0 0 0 1 1 1 1 1 1 1
#c 0 1 0 1 0 0 1 1 0 0 0 0 0 1 0 1 0 0 1 1 0 1 1 0 1 1 0 0 0 1 0 0 0 0 0 0 0 1 0 0 1 1 1 0 1 1 0 1 0 0 0 0 1 1 1 1 1 1 1
3 3 20 30 11 57 15 1
29 24 0 8 12 26 34 36 38 46 48 50 33 31 9 39 27 32 23 49 35 43 4 2 17 14 10 28 5 51 16 3 13 19 21 37 47 53 55 52 24 6 18 58 42 25 54 56 29 22 41 44 7 45 40
#c 0 1 0 1 0 0 1 1 0 0 0 0 0 1 0 1 0 0 1 1 0 1 1 0 1 1 0 0 0 1 0 0 0 0 0 0 0 1 0 0 1 1 1 0 1 1 0 1 0 0 0 0 1 1 1 1 1 1 1
1 3 6 33 4 50
26 29 3 13 15 19 21 37 47 53 55 57 52 24 18 58 42 25 54 56 29 22 41 44 1 7 45 40 0 8 12 20 26 30 34 36 38 46 48 31 9 39 27 32 23 49 11 35 43 2 17 14 10 28 5 51 16
#c 0 1 0 1 0 0 1 1 0 0 0 0 0 1 0 1 0 0 1 1 0 1 1 0 1 1 0 0 0 1 0 0 0 0 0 0 0 1 0 0 1 1 1 0 1 1 0 1 0 0 0 0 1 1 1 1 1 1 1
11 11 33 12 31 34 46 50 9 8 30 26 5 29 19 15 45 21 6 47 22 25 7 18
21 16 0 20 36 38 48 39 27 32 23 49 11 35 43 4 2 17 14 10 28 51 16 3 13 37 53 55 57 52 24 58 42 54 56 41 44 1 40
#c 0 1 0 1 0 0 1 1 0 0 0 0 0 1 0 1 0 0 1 1 0 1 1 0 1 1 0 0 0 1 0 0 0 0 0 0 0 1 0 0 1 1 1 0 1 1 0 1 0 0 0 0 1 1 1 1 1 1 1
#c 0 1 0 1 0 0 1 1 0 0 0 0 0 1 0 1 0 0 1 1 0 1 1 0 1 1 0 0 0 1 0 0 0 0 0 0 0 1 0 0 1 1 1 0 1 1 0 1 0 0 0 0 1 1 1 1 1 1 1
#c 0 1 0 1 0 0 1 1 0 0 0 0 0 1 0 1 0 0 1 1 0 1 1 0 1 1 0 0 0 1 0 0 0 0 0 0 0 1 0 0 1 1 1 0 1 1 0 1 0 0 0 0 1 1 1 1 1 1 1
2 2 21 44 23 48
25 30 3 13 15 19 37 47 53 55 57 52 24 6 18 58 42 25 54 56 29 22 41 1 7 45 40 0 8 12 20 26 30 34 36 38 46 50 33 31 9 39 27 32 49 11 35 43 4 2 17 14 10 28 5 51 16
#c 0 1 0 1 0 0 1 1 0 0 0 0 0 1 0 1 0 0 1 1 0 1 1 0 1 1 0 0 0 1 0 0 0 0 0 0 0 1 0 0 1 1 1 0 1 1 0 1 0 0 0 0 1 1 1 1 1 1 1
#c 0 1 0 1 0 0 1 1 0 0 0 0 0 1 0 1 0 0 1 1 0 1 1 0 1 1 0 0 0 1 0 0 0 0 0 0 0 1 0 0 1 1 1 0 1 1 0 1 0 0 0 0 1 1 1 1 1 1 1
11 11 57 22 58 13 18 29 6 56 15 1 37 11 50 10 35 27 26 28 8 16 9 0
16 21 3 19 21 47 53 55 52 24 42 25 54 41 44 7 45 40 12 20 30 34 36 38 46 48 33 31 39 32 23 49 43 4 2 17 14 5 51
#c 0 1 0 1 0 0 1 1 0 0 0 0 0 1 0 1 0 0 1 1 0 1 1 0 1 1 0 0 0 1 0 0 0 0 0 0 0 1 0 0 1 1 1 0 1 1 0 1 0 0 0 0 1 1 1 1 1 1 1
2 3 50 39 41 22 58
30 24 0 8 12 20 26 30 34 36 38 46 48 33 31 9 27 32 23 49 11 35 43 4 2 17 14 10 28 5 51 16 3 13 15 19 21 37 47 53 55 57 52 24 6 18 42 25 54 56 29 44 1 7 45 40
#c 0 1 0 1 0 0 1 1 0 0 0 0 0 1 0 1 0 0 1 1 0 1 1 0 1 1 0 0 0 1 0 0 0 0 0 0 0 1 0 0 1 1 1 0 1 1 0 1 0 0 0 0 1 1 1 1 1 1 1
#c 0 1 0 1 0 0 1 1 0 0 0 0 0 1 0 1 0 0 1 1 0 1 1 0 1 1 0 0 0 1 0 0 0 0 0 0 0 1 0 0 1 1 1 0 1 1 0 1 0 0 0 0 1 1 1 1 1 1 1
#c 0 1 0 1 0 0 1 1 0 0 0 0 0 1 0 1 0 0 1 1 0 1 1 0 1 1 0 0 0 1 0 0 0 0 0 0 0 1 0 0 1 1 1 0 1 1 0 1 0 0 0 0 1 1 1 1 1 1 1
#c 0 1 0 1 0 0 1 1 0 0 0 0 0 1 0 1 0 0 1 1 0 1 1 0 1 1 0 0 0 1 0 0 0 0 0 0 0 1 0 0 1 1 1 0 1 1 0 1 0 0 0 0 1 1 1 1 1 1 1
12 12 5 4 28 27 35 38 36 8 20 32 2 17 57 52 41 40 7 1 19 47 55 22 13 53
20 15 0 12 26 30 34 46 48 50 33 31 9 39 23 49 11 43 14 10 51 16 3 15 21 37 24 6 18 58 42 25 54 56 29 44 45
#c 0 1 0 1 0 0 1 1 0 0 0 0 0 1 0 1 0 0 1 1 0 1 1 0 1 1 0 0 0 1 0 0 0 0 0 0 0 1 0 0 1 1 1 0 1 1 0 1 0 0 0 0 1 1 1 1 1 1 1
7 7 57 47 18 6 40 42 13 26 31 2 12 14 30 50
20 25 3 15 19 21 37 53 55 52 24 58 25 54 56 29 22 41 44 1 7 45 0 8 20 34 36 38 46 48 33 9 39 27 32 23 49 11 35 43 4 17 10 28 5 51 16
#c 0 1 0 1 0 0 1 1 0 0 0 0 0 1 0 1 0 0 1 1 0 1 1 0 1 1 0 0 0 1 0 0 0 0 0 0 0 1 0 0 1 1 1 0 1 1 0 1 0 0 0 0 1 1 1 1 1 1 1
#c 0 1 0 1 0 0 1 1 0 0 0 0 0 1 0 1 0 0 1 1 0 1 1 0 1 1 0 0 0 1 0 0 0 0 0 0 0 1 0 0 1 1 1 0 1 1 0 1 0 0 0 0 1 1 1 1 1 1 1
#c 0 1 0 1 0 0 1 1 0 0 0 0 0 1 0 1 0 0 1 1 0 1 1 0 1 1 0 0 0 1 0 0 0 0 0 0 0 1 0 0 1 1 1 0 1 1 0 1 0 0 0 0 1 1 1 1 1 1 1
#c 0 1 0 1 0 0 1 1 0 0 0 0 0 1 0 1 0 0 1 1 0 1 1 0 1 1 0 0 0 1 0 0 0 0 0 0 0 1 0 0 1 1 1 0 1 1 0 1 0 0 0 0 1 1 1 1 1 1 1
9 9 18 55 54 29 52 45 53 42 15 16 39 50 17 51 26 43 31 2
18 23 3 13 19 21 37 47 57 24 6 58 25 56 22 41 44 1 7 40 0 8 12 20 30 34 36 38 46 48 33 9 27 32 23 49 11 35 4 14 10 28 5
#c 0 1 0 1 0 0 1 1 0 0 0 0 0 1 0 1 0 0 1 1 0 1 1 0 1 1 0 0 0 1 0 0 0 0 0 0 0 1 0 0 1 1 1 0 1 1 0 1 0 0 0 0 1 1 1 1 1 1 1
4 4 49 34 2 46 13 24 47 54
28 23 0 8 12 20 26 30 36 38 48 50 33 31 9 39 27 32 23 11 35 43 4 17 14 10 28 5 51 16 3 15 19 21 37 53 55 57 52 6 18 58 42 25 56 29 22 41 44 1 7 45 40
#c 0 1 0 1 0 0 1 1 0 0 0 0 0 1 0 1 0 0 1 1 0 1 1 0 1 1 0 0 0 1 0 0 0 0 0 0 0 1 0 0 1 1 1 0 1 1 0 1 0 0 0 0 1 1 1 1 1 1 1
9 7 25 42 47 55 18 3 52 41 7 0 39 9 49 11 10 31
18 25 13 15 19 21 37 53 57 24 6 58 54 56 29 22 44 1 45 40 8 12 20 26 30 34 36 38 46 48 50 33 27 32 23 35 43 4 2 17 14 28 5 51 16
#c 0 1 0 1 0 0 1 1 0 0 0 0 0 1 0 1 0 0 1 1 0 1 1 0 1 1 0 0 0 1 0 0 0 0 0 0 0 1 0 0 1 1 1 0 1 1 0 1 0 0 0 0 1 1 1 1 1 1 1
#c 0 1 0 1 0 0 1 1 0 0 0 0 0 1 0 1 0 0 1 1 0 1 1 0 1 1 0 0 0 1 0 0 0 0 0 0 0 1 0 0 1 1 1 0 1 1 0 1 0 0 0 0 1 1 1 1 1 1 1
2 2 54 41 35 51
25 30 3 13 15 19 21 37 47 53 55 57 52 24 6 18 58 42 25 56 29 22 44 1 7 45 40 0 8 12 20 26 30 34 36 38 46 48 50 33 31 9 39 27 32 23 49 11 43 4 2 17 14 10 28 5 16
#c 0 1 0 1 0 0 1 1 0 0 0 0 0 1 0 1 0 0 1 1 0 1 1 0 1 1 0 0 0 1 0 0 0 0 0 0 0 1 0 0 1 1 1 0 1 1 0 1 0 0 0 0 1 1 1 1 1 1 1
16 16 5 31 20 30 11 51 12 33 50 48 23 26 4 0 27 43 58 54 37 55 25 6 18 42 19 52 21 47 53 45 24 29
16 11 8 34 36 38 46 9 39 32 49 35 2 17 14 10 28 16 3 13 15 57 56 22 41 44 1 7 40
#c 0 1 0 1 0 0 1 1 0 0 0 0 0 1 0 1 0 0 1 1 0 1 1 0 1 1 0 0 0 1 0 0 0 0 0 0 0 1 0 0 1 1 1 0 1 1 0 1 0 0 0 0 1 1 1 1 1 1 1
#c 0 1 0 1 0 0 1 1 0 0 0 0 0 1 0 1 0 0 1 1 0 1 1 0 1 1 0 0 0 1 0 0 0 0 0 0 0 1 0 0 1 1 1 0 1 1 0 1 0 0 0 0 1 1 1 1 1 1 1
15 15 14 17 12 10 8 51 16 28 31 5 39 43 36 23 38 29 37 6 54 41 53 40 21 13 25 45 55 1 18 22
17 12 0 20 26 30 34 46 48 50 33 9 27 32 49 11 35 4 2 3 15 19 47 57 52 24 58 42 56 44 7
#c 0 1 0 1 0 0 1 1 0 0 0 0 0 1 0 1 0 0 1 1 0 1 1 0 1 1 0 0 0 1 0 0 0 0 0 0 0 1 0 0 1 1 1 0 1 1 0 1 0 0 0 0 1 1 1 1 1 1 1
#c 0 1 0 1 0 0 1 1 0 0 0 0 0 1 0 1 0 0 1 1 0 1 1 0 1 1 0 0 0 1 0 0 0 0 0 0 0 1 0 0 1 1 1 0 1 1 0 1 0 0 0 0 1 1 1 1 1 1 1
11 11 28 39 5 33 50 17 14 32 30 46 9 3 19 24 37 7 22 55 40 52 41 47
21 16 0 8 12 20 26 34 36 38 48 31 27 23 49 11 35 43 4 2 10 51 16 13 15 21 53 57 6 18 58 42 25 54 56 29 44 1 45
#c 0 1 0 1 0 0 1 1 0 0 0 0 0 1 0 1 0 0 1 1 0 1 1 0 1 1 0 0 0 1 0 0 0 0 0 0 0 1 0 0 1 1 1 0 1 1 0 1 0 0 0 0 1 1 1 1 1 1 1
#c 0 1 0 1 0 0 1 1 0 0 0 0 0 1 0 1 0 0 1 1 0 1 1 0 1 1 0 0 0 1 0 0 0 0 0 0 0 1 0 0 1 1 1 0 1 1 0 1 0 0 0 0 1 1 1 1 1 1 1
#c 0 1 0 1 0 0 1 1 0 0 0 0 0 1 0 1 0 0 1 1 0 1 1 0 1 1 0 0 0 1 0 0 0 0 0 0 0 1 0 0 1 1 1 0 1 1 0 1 0 0 0 0 1 1 1 1 1 1 1
#c 0 1 0 1 0 0 1 1 0 0 0 0 0 1 0 1 0 0 1 1 0 1 1 0 1 1 0 0 0 1 0 0 0 0 0 0 0 1 0 0 1 1 1 0 1 1 0 1 0 0 0 0 1 1 1 1 1 1 1
#c 0 1 0 1 0 0 1 1 0 0 0 0 0 1 0 1 0 0 1 1 0 1 1 0 1 1 0 0 0 1 0 0 0 0 0 0 0 1 0 0 1 1 1 0 1 1 0 1 0 0 0 0 1 1 1 1 1 1 1
0 1 0 1 0 0 1 1 0 0 0 0 0 1 0 1 0 0 1 1 0 1 1 0 1 1 0 0 0 1 0 0 0 0 0 0 0 1 0 0 1 1 1 0 1 1 0 1 0 0 0 0 1 1 1 1 1 1 1
