#c 0 1 2 3 4 5 6 7 0 1 2 3 4 5 6 7 0 1 2 3 4 5 6 7 0 1 2 3 4 5 6 7 0 1 2 3 4 5 6 7 0 1 2 3 4 5 6 7 0 1 2 3 4 5 6 7 0 1 2 3 4 5 6 7 0 1 2 3 4 5 6
1 1 65 6
8 8 1 9 17 25 33 41 49 57 14 22 30 38 46 54 62 70
#c 0 1 2 3 4 5 1 7 0 1 2 3 4 5 6 7 0 1 2 3 4 5 6 7 0 1 2 3 4 5 6 7 0 1 2 3 4 5 6 7 0 1 2 3 4 5 6 7 0 1 2 3 4 5 6 7 0 1 2 3 4 5 6 7 0 6 2 3 4 5 6
4 4 66 42 10 26 35 3 19 59
5 5 2 18 34 50 58 11 27 43 51 67
#c 0 1 2 2 4 5 1 7 0 1 3 3 4 5 6 7 0 1 2 2 4 5 6 7 0 1 3 3 4 5 6 7 0 1 2 2 4 5 6 7 0 1 3 3 4 5 6 7 0 1 2 3 4 5 6 7 0 1 2 2 4 5 6 7 0 6 3 3 4 5 6
4 6 27 10 66 51 12 36 44 20 68 52
5 3 11 43 67 42 26 4 28 60
#c 0 1 2 2 4 5 1 7 0 1 4 3 3 5 6 7 0 1 2 2 3 5 6 7 0 1 3 4 4 5 6 7 0 1 2 2 3 5 6 7 0 1 3 3 3 5 6 7 0 1 2 4 3 5 6 7 0 1 2 2 4 5 6 7 0 6 4 3 3 5 6
1 1 51 6
6 8 4 28 60 27 10 66 1 9 17 25 33 41 49 57
#c 0 1 2 2 4 5 1 7 0 1 4 3 3 5 6 7 0 1 2 2 3 5 6 7 0 1 3 4 4 5 6 7 0 1 2 2 3 5 6 7 0 1 3 3 3 5 6 7 0 1 2 4 3 5 6 7 0 1 2 2 4 5 6 7 0 6 4 3 3 5 6
2 2 13 61 18 35
7 7 5 21 29 37 45 53 69 2 34 50 58 3 19 59
#c 0 1 2 2 4 5 1 7 0 1 4 3 3 2 6 7 0 1 5 2 3 5 6 7 0 1 3 4 4 5 6 7 0 1 2 5 3 5 6 7 0 1 3 3 3 5 6 7 0 1 2 4 3 5 6 7 0 1 2 2 4 2 6 7 0 6 4 3 3 5 6
3 1 38 22 62 27
6 6 14 30 46 54 70 65 4 28 60 10 66 51
#c 0 1 2 2 4 5 1 7 0 1 4 3 3 2 6 7 0 1 5 2 3 5 6 7 0 1 3 4 4 5 6 7 0 1 2 5 3 5 6 7 0 1 3 3 3 5 6 7 0 1 2 4 3 5 6 7 0 1 2 2 4 2 6 7 0 6 4 3 3 5 6
4 4 7 47 63 31 54 22 46 70
4 5 15 23 39 55 14 30 38 62 65
#c 0 1 2 2 4 5 1 7 0 1 4 3 3 2 6 7 0 1 5 2 3 5 6 7 0 1 3 4 4 5 6 7 0 1 2 5 3 5 6 7 0 1 3 3 3 5 6 7 0 1 2 4 3 5 6 7 0 1 2 2 4 2 6 7 0 6 4 3 3 5 6
#c 0 1 2 2 4 5 1 7 0 1 4 3 3 2 6 7 0 1 5 2 3 5 6 7 0 1 3 4 4 5 6 7 0 1 2 5 3 5 6 7 0 1 3 3 3 5 6 7 0 1 2 4 3 5 6 7 0 1 2 2 4 2 6 7 0 6 4 3 3 5 6
4 4 57 1 33 9 19 61 2 59
5 5 17 25 41 49 6 34 50 58 3 13
#c 0 1 2 2 4 5 1 7 0 1 4 3 3 2 6 7 0 1 5 2 3 5 6 7 0 1 3 4 4 5 6 7 0 1 2 5 3 5 6 7 0 1 3 3 3 5 6 7 0 1 2 4 3 5 6 7 0 1 2 2 4 2 6 7 0 6 4 3 3 5 6
4 3 50 3 61 58 0 16 64
5 6 2 34 19 59 13 8 24 32 40 48 56
#c 0 1 2 2 4 5 1 7 0 1 4 3 3 2 6 7 0 1 5 2 3 5 6 7 0 1 3 4 4 5 6 7 0 1 2 5 3 5 6 7 0 1 3 3 3 5 6 7 0 1 2 4 3 5 6 7 0 1 2 2 4 2 6 7 0 6 4 3 3 5 6
#c 0 1 2 2 4 5 1 7 0 1 4 3 3 2 6 7 0 1 5 2 3 5 6 7 0 1 3 4 4 5 6 7 0 1 2 5 3 5 6 7 0 1 3 3 3 5 6 7 0 1 2 4 3 5 6 7 0 1 2 2 4 2 6 7 0 6 4 3 3 5 6
3 3 4 27 51 53 35 69
4 6 28 60 10 66 5 21 29 37 45 18
#c 0 1 2 2 4 5 1 7 0 1 4 3 3 2 6 7 0 1 5 2 3 5 6 7 0 1 3 4 4 5 6 7 0 1 2 5 3 5 6 7 0 1 3 3 3 5 6 7 0 1 2 4 3 5 6 7 0 1 2 2 4 2 6 7 0 6 4 3 3 5 6
4 4 53 21 29 5 48 40 64 56
5 5 37 45 69 18 35 0 8 16 24 32
#c 0 1 2 2 4 5 1 7 0 1 4 3 3 2 6 7 0 1 5 2 3 5 6 7 0 1 3 4 4 5 6 7 0 1 2 5 3 5 6 7 0 1 3 3 3 5 6 7 0 1 2 4 3 5 6 7 0 1 2 2 4 2 6 7 0 6 4 3 3 5 6
1 1 70 23
8 7 14 22 30 38 46 54 62 65 7 15 31 39 47 55 63
#c 0 1 2 2 4 5 1 7 0 1 4 3 3 2 6 7 0 1 5 2 3 5 6 7 0 1 3 4 4 5 6 7 0 1 2 5 3 5 6 7 0 1 3 3 3 5 6 7 0 1 2 4 3 5 6 7 0 1 2 2 4 2 6 7 0 6 4 3 3 5 6
4 4 7 47 39 55 29 37 18 69
4 5 15 23 31 63 5 21 45 53 35
#c 0 1 2 2 4 5 1 5 0 1 4 3 3 2 6 7 0 1 7 2 3 5 6 7 0 1 3 4 4 7 6 7 0 1 2 5 3 7 6 5 0 1 3 3 3 5 6 5 0 1 2 4 3 5 6 5 0 1 2 2 4 2 6 7 0 6 4 3 3 7 6
2 3 8 0 4 66 10
7 4 16 24 32 40 48 56 64 28 60 27 51
#c 4 1 2 2 0 5 1 5 4 1 0 3 3 2 6 7 0 1 7 2 3 5 6 7 0 1 3 4 4 7 6 7 0 1 2 5 3 7 6 5 0 1 3 3 3 5 6 5 0 1 2 4 3 5 6 5 0 1 2 2 4 2 6 7 0 6 0 3 3 7 6
4 4 49 6 41 57 53 35 7 5
5 5 1 9 17 25 33 21 45 47 39 55
#c 4 1 2 2 0 5 1 5 4 1 0 3 3 2 6 7 0 1 7 2 3 5 6 7 0 1 3 4 4 7 6 7 0 1 2 5 3 7 6 5 0 1 3 3 3 5 6 5 0 1 2 4 3 5 6 5 0 1 2 2 4 2 6 7 0 6 0 3 3 7 6
1 3 13 10 56 66
8 7 2 34 50 58 3 19 59 61 16 24 32 40 48 64 4
#c 4 1 2 2 0 5 1 5 4 1 0 3 3 2 6 7 0 1 7 2 3 5 6 7 0 1 3 4 4 7 6 7 0 1 2 5 3 7 6 5 0 1 3 3 3 5 6 5 0 1 2 4 3 5 6 5 0 1 2 2 4 2 6 7 0 6 0 3 3 7 6
1 1 52 6
10 8 11 43 67 42 26 12 36 44 20 68 1 9 17 25 33 41 49 57
#c 4 1 2 2 0 5 3 5 4 1 0 3 3 2 6 7 0 1 7 2 3 5 6 7 0 1 3 4 4 7 6 7 0 1 2 5 3 7 6 5 0 1 3 3 3 5 6 5 0 1 2 4 1 5 6 5 0 1 2 2 4 2 6 7 0 6 0 3 3 7 6
2 2 28 0 70 38
4 7 60 27 51 8 14 22 30 46 54 62 65
#c 6 1 2 2 0 5 3 5 4 1 0 3 3 2 6 7 0 1 7 2 3 5 6 7 0 1 3 4 6 7 6 7 0 1 2 5 3 7 4 5 0 1 3 3 3 5 6 5 0 1 2 4 1 5 6 5 0 1 2 2 4 2 6 7 0 6 0 3 3 7 4
#c 6 1 2 2 0 5 3 5 4 1 0 3 3 2 6 7 0 1 7 2 3 5 6 7 0 1 3 4 6 7 6 7 0 1 2 5 3 7 4 5 0 1 3 3 3 5 6 5 0 1 2 4 1 5 6 5 0 1 2 2 4 2 6 7 0 6 0 3 3 7 4
2 2 0 28 31 37
7 6 14 22 30 46 54 62 65 15 23 63 29 18 69
#c 6 1 2 2 0 5 3 5 4 1 0 3 3 2 6 7 0 1 7 2 3 5 6 7 0 1 3 4 6 7 6 7 0 1 2 5 3 7 4 5 0 1 3 3 3 5 6 5 0 1 2 4 1 5 6 5 0 1 2 2 4 2 6 7 0 6 0 3 3 7 4
2 2 18 69 67 43
6 9 15 23 31 63 29 37 11 42 26 12 36 44 20 68 6
#c 6 1 2 2 0 5 3 5 4 1 0 3 3 2 6 7 0 1 7 2 3 5 6 7 0 1 3 4 6 7 6 7 0 1 2 5 3 7 4 5 0 1 3 3 3 5 6 5 0 1 2 4 1 5 6 5 0 1 2 2 4 2 6 7 0 6 0 3 3 7 4
5 4 24 16 48 40 4 5 39 35 21
5 5 32 56 64 66 10 45 53 7 47 55
#c 6 1 2 2 5 0 3 5 4 1 0 3 3 2 6 7 5 1 7 2 3 0 6 7 5 1 3 4 6 7 6 7 0 1 2 0 3 7 4 0 5 1 3 3 3 5 6 5 5 1 2 4 1 5 6 5 0 1 2 2 4 2 6 7 0 6 0 3 3 7 4
#c 6 1 2 2 5 0 3 5 4 1 0 3 3 2 6 7 5 1 7 2 3 0 6 7 5 1 3 4 6 7 6 7 0 1 2 0 3 7 4 0 5 1 3 3 3 5 6 5 5 1 2 4 1 5 6 5 0 1 2 2 4 2 6 7 0 6 0 3 3 7 4
2 2 59 50 4 48
7 8 2 34 58 3 19 13 61 45 53 7 47 55 24 16 40
#c 6 1 2 2 2 0 3 5 4 1 0 3 3 2 6 7 5 1 7 2 3 0 6 7 5 1 3 4 6 7 6 7 0 1 2 0 3 7 4 0 5 1 3 3 3 5 6 5 2 1 5 4 1 5 6 5 0 1 2 5 4 2 6 7 0 6 0 3 3 7 4
#c 6 1 2 2 2 0 3 5 4 1 0 3 3 2 6 7 5 1 7 2 3 0 6 7 5 1 3 4 6 7 6 7 0 1 2 0 3 7 4 0 5 1 3 3 3 5 6 5 2 1 5 4 1 5 6 5 0 1 2 5 4 2 6 7 0 6 0 3 3 7 4
3 1 38 70 60 20
3 10 27 51 8 11 43 67 42 26 12 36 44 68 6
#c 6 1 2 2 2 0 3 5 4 1 0 3 3 2 6 7 5 1 7 2 4 0 6 7 5 1 3 4 6 7 6 7 0 1 2 0 3 7 3 0 5 1 3 3 3 5 6 5 2 1 5 4 1 5 6 5 0 1 2 5 3 2 6 7 0 6 0 3 3 7 3
1 1 45 32
9 8 53 7 47 55 24 16 40 59 50 56 64 66 10 5 39 35 21
#c 6 1 2 2 2 0 3 5 4 1 0 3 3 2 6 7 5 1 7 2 4 0 6 7 5 1 3 4 6 7 6 7 0 1 2 0 3 7 3 0 5 1 3 3 3 5 6 5 2 1 5 4 1 5 6 5 0 1 2 5 3 2 6 7 0 6 0 3 3 7 3
#c 6 1 2 2 2 0 3 5 4 1 0 3 3 2 6 7 5 1 7 2 4 0 6 7 5 1 3 4 6 7 6 7 0 1 2 0 3 7 3 0 5 1 3 3 3 5 6 5 2 1 5 4 1 5 6 5 0 1 2 5 3 2 6 7 0 6 0 3 3 7 3
3 3 29 63 37 26 60 12
5 10 15 23 31 18 69 11 43 67 42 36 44 68 6 38 70
#c 6 1 2 2 2 0 3 5 4 1 0 3 3 2 6 7 5 1 7 2 4 0 6 7 5 1 3 4 6 7 6 7 0 1 2 0 3 7 3 0 5 1 3 3 3 5 6 5 2 1 5 4 1 5 6 5 0 1 2 5 3 2 6 7 0 6 0 3 3 7 3
3 3 39 66 32 4 2 13
6 6 56 64 10 5 35 21 34 58 3 19 61 48
#c 6 1 0 2 0 0 3 5 4 1 0 3 3 0 6 7 5 1 7 2 4 0 6 7 5 1 3 4 6 7 6 7 2 1 2 0 3 7 3 2 5 1 3 3 3 5 6 5 2 1 5 4 1 5 6 5 0 1 2 5 3 2 6 7 0 6 2 3 3 7 3
#c 6 1 0 2 0 0 3 5 4 1 0 3 3 0 6 7 5 1 7 2 4 0 6 7 5 1 3 4 6 7 6 7 2 1 2 0 3 7 3 2 5 1 3 3 3 5 6 5 2 1 5 4 1 5 6 5 0 1 2 5 3 2 6 7 0 6 2 3 3 7 3
3 3 58 3 32 51 20 8
6 1 34 19 61 48 39 66 27
#c 6 1 0 2 0 0 3 5 4 1 0 3 3 0 6 7 5 1 7 2 4 0 6 7 5 1 3 4 6 7 6 7 2 1 2 0 3 7 3 2 5 1 3 3 3 5 6 5 2 1 5 4 1 5 6 5 0 1 2 5 3 2 6 7 0 6 2 3 3 7 3
5 6 67 36 6 43 38 13 2 5 56 64 10
8 3 11 42 26 12 44 68 70 60 35 21 4
#c 6 1 0 2 0 0 3 5 4 1 0 3 3 0 6 7 5 1 7 2 4 0 6 7 5 1 3 4 6 7 6 7 2 1 2 0 3 7 3 2 5 1 3 3 3 5 6 5 2 1 5 4 1 5 6 5 0 1 2 5 3 2 6 7 0 6 2 3 3 7 3
2 2 20 51 54 28
2 7 27 8 14 22 30 46 62 65 0
#c 6 1 0 2 0 0 3 5 4 1 0 3 3 0 6 7 5 1 7 2 4 0 6 7 5 1 3 4 6 7 6 7 2 1 2 0 3 7 3 2 5 1 3 3 3 5 6 5 2 1 5 4 1 5 6 5 0 1 2 5 3 2 6 7 0 6 2 3 3 7 3
4 4 50 55 59 24 63 15 31 18
6 4 45 53 7 47 16 40 23 29 37 69
#c 6 1 0 2 0 0 3 5 4 1 0 3 3 0 6 7 5 1 7 2 4 0 6 7 5 1 3 4 6 7 6 7 2 1 2 0 3 7 3 2 5 1 3 3 3 5 6 5 2 1 5 4 1 5 6 5 0 1 2 5 3 2 6 7 0 6 2 3 3 7 3
1 1 46 31
8 7 14 22 30 54 62 65 28 0 15 23 63 29 37 18 69
#c 6 1 0 2 0 0 3 5 4 1 0 3 3 0 6 7 5 1 7 2 4 0 6 7 5 1 3 4 6 7 6 6 2 1 2 0 3 7 3 2 5 1 3 3 3 5 7 5 2 1 5 4 1 5 6 5 0 1 2 5 3 2 6 7 0 6 2 3 3 7 3
3 3 18 69 23 42 6 12
5 10 15 63 29 37 46 11 43 67 26 36 44 68 38 70 60
#c 6 1 0 2 0 0 3 5 4 1 0 3 3 0 6 7 5 1 7 2 4 0 6 7 5 1 3 4 6 7 6 6 2 1 2 0 3 7 3 2 5 1 3 3 3 5 7 5 2 1 5 4 1 5 6 5 0 1 2 5 3 2 6 7 0 6 2 3 3 7 3
2 2 64 10 29 23
7 6 56 5 35 21 4 2 13 15 63 37 18 69 46
#c 6 1 0 2 0 0 3 5 4 1 7 3 3 0 6 7 5 1 7 2 4 0 6 0 5 1 3 4 6 0 6 6 2 1 2 0 3 7 3 2 5 1 3 3 3 5 7 5 2 1 5 4 1 5 6 5 0 1 2 5 3 2 6 7 7 6 2 3 3 7 3
1 1 49 62
8 8 1 9 17 25 33 41 57 52 14 22 30 54 65 28 0 31
#c 6 1 0 2 0 0 3 5 4 1 7 3 3 0 6 7 5 1 7 2 4 0 6 0 5 1 3 4 6 0 6 6 2 1 2 0 3 7 3 2 5 1 3 3 3 5 7 5 2 1 5 4 1 5 6 5 0 1 2 5 3 2 6 7 7 6 2 3 3 7 3
2 2 39 34 8 27
7 2 58 3 19 61 48 66 32 51 20
#c 6 1 0 2 0 0 3 5 4 1 7 3 3 0 6 7 5 1 7 2 4 0 6 0 5 1 3 4 6 0 6 6 2 1 2 0 3 7 3 2 5 1 3 3 3 5 7 5 2 1 5 4 1 5 6 5 0 1 2 5 3 2 6 7 7 6 2 3 3 7 3
2 2 44 42 55 50
11 8 11 43 67 26 12 36 68 6 38 70 60 45 53 7 47 24 16 40 59
#c 6 1 0 2 0 0 3 5 4 1 7 3 3 0 6 7 5 1 7 2 4 0 6 0 5 1 3 4 6 0 6 6 2 1 2 0 3 7 3 2 5 1 5 3 5 5 7 5 2 1 3 4 1 5 6 3 0 1 2 5 3 2 6 7 7 6 2 3 3 7 3
2 2 27 20 18 15
2 6 51 8 63 37 69 46 64 10
#c 6 1 0 2 0 0 3 5 4 1 7 3 3 0 6 7 5 1 7 2 4 0 6 0 5 1 3 4 6 0 6 6 2 1 2 0 3 7 3 2 5 1 5 3 5 5 7 5 2 1 3 4 1 5 6 3 0 1 2 5 3 2 6 7 7 6 2 3 3 7 3
1 1 7 19
9 8 45 53 47 24 16 40 59 44 42 34 58 3 61 48 39 66 32
#c 6 1 0 2 0 0 3 5 4 1 7 3 3 0 6 7 5 1 7 2 4 0 6 0 5 1 3 4 6 0 6 6 2 1 2 0 3 7 3 2 5 1 5 3 5 5 7 5 2 1 3 4 1 5 6 3 0 1 2 5 3 2 6 7 7 6 2 3 3 7 3
4 4 28 65 14 31 57 49 25 9
5 5 22 30 54 62 0 1 17 33 41 52
#c 6 1 0 2 0 0 3 5 4 6 7 3 3 0 1 7 5 1 7 2 4 0 6 0 5 6 3 4 1 0 6 1 2 1 2 0 3 7 3 2 5 1 5 3 5 5 7 5 2 6 3 4 1 5 6 3 0 6 2 5 3 2 6 7 7 1 2 3 3 7 3
1 3 10 34 66 3
7 6 15 63 37 18 69 46 64 58 19 61 48 39 32
#c 6 1 0 2 0 0 3 5 4 6 7 3 3 0 1 7 5 1 7 2 4 0 6 0 5 6 3 4 1 0 6 1 2 1 2 0 3 7 3 2 5 1 5 3 5 5 7 5 2 6 3 4 1 5 6 3 0 6 2 5 3 2 6 7 7 1 2 3 3 7 3
3 3 2 23 21 9 62 57
6 6 56 5 35 4 13 29 22 30 54 0 49 25
#c 6 1 0 2 0 0 3 5 4 6 7 3 3 0 1 7 5 1 7 2 4 0 6 0 5 6 3 4 1 0 6 1 2 1 2 0 3 7 3 2 5 1 5 3 5 5 7 5 2 6 3 4 1 5 6 3 0 6 2 5 3 2 6 7 7 1 2 3 3 7 3
3 4 41 1 31 13 23 5 56
6 5 17 33 52 28 65 14 35 21 4 2 29
#c 6 1 0 2 0 0 3 5 4 6 7 3 3 0 1 7 5 1 7 2 4 0 6 0 5 6 3 4 1 0 6 1 2 1 2 0 3 7 3 2 5 1 5 3 5 5 7 5 2 6 3 4 1 5 6 3 0 6 2 5 3 2 6 7 7 1 2 3 3 7 3
2 2 58 19 47 40
7 8 34 3 61 48 39 66 32 45 53 7 24 16 59 44 42
#c 6 1 0 2 0 0 3 5 4 6 7 3 3 0 1 7 5 1 7 5 4 0 6 0 5 6 3 4 1 0 6 1 2 1 2 0 3 7 3 2 2 1 5 3 5 5 7 2 2 6 3 4 1 5 6 3 0 6 5 5 3 2 6 7 7 1 2 3 3 7 3
2 2 38 67 35 13
11 7 11 43 26 12 36 68 6 70 60 55 50 56 5 21 4 2 29 23
#c 6 1 0 2 0 0 3 5 4 6 7 3 3 3 1 7 5 1 7 5 4 0 6 0 5 6 3 4 1 0 6 1 2 1 2 3 3 7 0 2 2 1 5 3 5 5 7 2 2 6 3 4 1 5 6 3 0 6 5 5 3 2 6 7 7 1 2 0 3 7 3
2 4 51 20 45 44 24 42
2 6 27 8 53 7 16 59 58 19
#c 6 1 0 2 0 0 3 5 4 6 7 3 3 3 1 7 5 1 7 5 5 0 6 0 4 6 3 4 1 0 6 1 2 1 2 3 3 7 0 2 2 1 4 3 4 4 7 2 2 6 3 5 1 5 6 3 0 6 5 5 3 2 6 7 7 1 2 0 3 7 3
2 2 59 53 61 32
6 7 7 16 58 19 51 20 34 3 48 39 66 47 40
#c 6 1 0 2 0 0 3 5 4 6 7 3 3 3 1 7 5 1 7 5 5 0 6 0 4 6 3 4 1 0 6 1 2 1 2 3 3 7 0 2 2 1 4 3 4 4 7 2 2 6 3 5 1 5 6 3 0 6 5 5 3 2 6 7 7 1 2 0 3 7 3
4 4 54 9 30 22 65 14 33 52
5 5 62 0 57 49 25 1 17 41 28 31
#c 6 1 0 2 0 0 3 5 4 6 7 3 3 3 1 7 5 1 7 5 5 0 6 0 4 6 3 4 1 0 6 1 2 1 2 3 3 7 0 2 2 1 4 3 4 4 7 2 2 6 3 5 1 5 6 3 0 6 5 5 3 2 6 7 7 1 2 0 3 7 3
4 4 69 15 46 10 45 27 8 42
4 2 63 37 18 64 44 24
#c 6 1 0 2 0 0 3 5 4 6 7 3 3 3 1 7 5 1 7 5 5 0 6 0 4 6 3 4 1 0 6 1 2 1 2 3 3 7 0 2 2 1 4 3 4 4 7 2 2 6 3 5 1 5 6 3 0 6 5 5 3 2 6 7 7 1 2 0 3 7 3
1 3 4 30 49 22
8 6 56 5 21 2 29 23 38 67 54 62 0 57 25 9
#c 6 1 0 2 6 0 3 5 4 6 7 3 3 3 1 7 5 1 7 5 5 0 0 0 4 6 3 4 1 0 0 1 2 1 2 3 3 7 0 2 2 1 4 3 4 4 7 2 2 0 3 5 1 5 6 3 0 6 5 5 3 2 6 7 7 1 2 0 3 7 3
4 4 41 14 52 1 8 42 27 44
5 2 17 33 28 65 31 45 24
#c 6 1 0 2 6 0 3 5 4 6 7 3 3 3 1 7 5 1 7 5 5 0 0 0 4 6 3 4 1 0 0 1 2 1 2 3 3 7 0 2 2 1 4 3 4 4 7 2 2 0 3 5 1 5 6 3 0 6 5 5 3 2 6 7 7 1 2 0 3 7 3
2 2 34 48 25 57
7 5 3 61 39 66 32 47 40 54 62 0 9 4
#c 6 1 0 2 6 0 3 5 4 6 7 3 3 3 1 7 5 1 7 5 5 0 0 0 4 6 3 4 1 0 0 1 2 1 2 3 3 7 0 2 2 1 4 3 4 4 7 2 2 0 3 5 1 5 6 3 0 6 5 5 3 2 6 7 7 1 2 0 3 7 3
4 3 35 12 11 43 7 53 20
9 5 26 36 68 6 70 60 55 50 13 16 59 58 19 51
#c 6 1 0 2 6 0 3 5 4 6 7 3 3 3 1 7 5 1 7 5 5 0 0 0 4 6 3 4 1 0 0 1 2 1 2 3 3 7 0 2 2 1 4 3 4 4 7 2 2 0 3 5 1 5 6 3 0 6 5 5 3 2 6 7 7 1 2 0 3 7 3
1 1 8 50
5 12 27 45 44 24 42 11 43 26 12 36 68 6 70 60 55 35 13
#c 6 1 0 2 6 0 3 5 4 6 7 3 3 3 1 7 5 1 7 5 5 0 0 0 4 6 3 4 1 0 0 1 2 1 2 3 3 7 0 2 2 1 4 3 4 4 7 2 2 0 3 5 1 5 6 3 0 6 5 5 3 2 6 7 7 1 2 0 3 7 3
3 3 59 16 7 13 35 68
5 10 53 58 19 51 20 11 43 26 12 36 6 70 60 55 50
#c 6 1 0 2 6 0 3 5 4 6 7 3 3 3 1 7 5 1 7 5 5 0 0 0 4 6 3 4 1 0 0 1 2 1 2 3 3 7 0 2 2 1 4 3 4 4 7 2 2 0 3 5 1 5 6 3 0 6 5 5 3 2 6 7 7 1 2 0 3 7 3
1 1 25 51
6 7 54 62 0 57 9 4 53 7 16 59 58 19 20
#c 6 1 0 2 6 0 3 5 4 6 7 3 3 3 1 7 5 1 7 5 5 0 0 0 4 6 3 4 1 0 0 1 2 1 2 3 3 7 0 2 2 1 4 3 4 4 7 2 2 0 3 5 1 5 6 3 0 6 5 5 3 2 6 7 7 1 2 0 3 7 3
2 2 10 37 24 44
6 4 15 63 18 69 46 64 27 8 45 42
#c 6 1 0 2 6 0 3 5 4 6 7 3 3 3 1 7 5 1 7 5 5 0 0 0 4 6 3 4 1 0 0 1 2 1 2 3 3 7 0 2 2 1 4 3 4 4 7 2 2 0 3 5 1 5 6 3 0 6 5 5 3 2 6 7 7 1 2 0 3 7 3
2 2 30 5 20 53
9 6 56 21 2 29 23 38 67 49 22 7 16 59 58 19 51
#c 6 1 0 2 6 0 3 5 4 6 7 3 3 3 1 7 5 1 7 5 5 0 0 0 4 6 3 4 1 0 0 1 2 1 2 3 3 7 0 2 2 1 4 3 4 4 7 2 2 0 3 5 1 5 6 3 0 6 5 5 3 2 6 7 7 1 2 0 3 7 3
#c 6 1 0 2 6 0 3 5 4 6 7 3 3 3 1 7 5 1 7 5 5 0 0 0 4 6 3 4 1 0 0 1 2 1 2 3 3 7 0 2 2 1 4 3 4 4 7 2 2 0 3 5 1 5 6 3 0 6 5 5 3 2 6 7 7 1 2 0 3 7 3
3 3 66 61 47 4 57 54
6 4 34 3 48 39 32 40 62 0 25 9
#c 6 1 0 2 6 0 3 5 4 6 7 3 3 3 1 7 5 1 7 5 5 0 0 0 4 6 3 4 1 0 0 1 2 1 2 3 3 7 0 2 2 1 4 3 4 4 7 2 2 0 3 5 1 5 6 3 0 6 5 5 3 2 6 7 7 1 2 0 3 7 3
4 4 12 13 26 43 16 58 20 7
9 4 11 36 68 6 70 60 55 50 35 53 59 19 51
#c 6 1 0 2 6 0 3 3 4 6 7 3 5 5 1 7 3 1 7 5 3 0 0 0 4 6 5 4 1 0 0 1 2 1 2 3 3 7 0 2 2 1 4 5 4 4 7 2 2 0 3 5 1 5 6 3 0 6 3 5 3 2 6 7 7 1 2 0 3 7 3
3 3 45 27 44 41 28 1
3 6 8 24 42 17 33 52 65 14 31
#c 6 1 0 2 6 0 3 3 4 6 7 3 5 5 1 7 3 1 7 5 3 0 0 0 4 6 5 4 1 0 0 1 2 1 2 3 3 7 0 2 2 1 4 5 4 4 7 2 2 0 3 5 1 5 6 3 0 6 3 5 3 2 6 7 7 1 2 0 3 7 3
#c 6 1 0 2 6 0 3 3 4 6 7 3 5 5 1 7 3 1 7 5 3 0 0 0 4 6 5 4 1 0 0 1 2 1 2 3 3 7 0 2 2 1 4 5 4 4 7 2 2 0 3 5 1 5 6 3 0 6 3 5 3 2 6 7 7 1 2 0 3 7 3
2 1 4 62 65
5 8 54 0 57 25 9 1 17 33 41 52 28 14 31
#c 6 1 0 2 6 0 3 3 4 6 7 3 5 5 1 7 3 1 7 5 3 0 0 0 4 6 5 4 1 0 0 1 2 1 2 3 3 7 0 2 2 1 4 5 4 4 7 2 2 0 3 5 1 5 6 3 0 6 3 5 3 2 6 7 7 1 2 0 3 7 3
3 3 15 64 63 3 48 32
5 6 37 18 69 46 10 34 61 39 66 47 40
#c 6 1 0 2 6 0 3 3 4 6 7 3 5 5 1 7 3 1 7 5 3 0 0 0 4 6 5 4 1 0 0 1 2 1 2 3 3 7 0 2 2 1 4 5 4 4 7 2 2 0 3 5 1 5 6 3 0 6 3 5 3 2 6 7 7 1 2 0 3 7 3
4 4 49 67 30 22 69 15 37 46
7 4 56 5 21 2 29 23 38 63 18 64 10
#c 6 1 0 2 6 0 3 3 4 6 7 3 5 5 1 7 3 1 7 5 3 0 0 0 4 6 5 4 1 0 0 1 2 1 2 3 3 7 0 2 2 1 4 5 4 4 7 2 2 0 3 5 1 5 6 3 0 6 3 5 3 2 6 7 7 1 2 0 3 7 3
1 1 33 47
8 8 1 17 41 52 28 65 14 31 34 3 61 48 39 66 32 40
#c 6 1 0 2 6 0 3 3 4 6 7 3 5 5 1 7 3 1 7 5 3 0 0 0 4 6 5 4 1 0 0 1 2 1 2 3 3 7 0 2 2 1 4 5 4 4 7 2 2 0 3 5 1 5 6 3 0 6 3 5 3 2 6 7 7 1 2 0 3 7 3
1 1 61 69
8 7 34 3 48 39 66 32 47 40 15 63 37 18 46 64 10
#c 6 1 0 2 6 0 3 3 4 6 7 3 5 5 1 7 3 1 7 5 3 0 0 0 4 6 5 4 1 0 0 1 2 1 2 3 3 7 0 2 2 1 4 5 4 4 7 2 2 0 3 5 1 5 6 3 0 6 3 5 3 2 6 7 7 1 2 0 3 7 3
5 5 70 68 35 11 16 49 30 29 38 5
8 6 36 6 60 55 50 58 20 7 56 21 2 23 67 22
#c 6 1 0 2 6 0 3 3 4 6 7 3 5 5 1 7 3 1 7 5 3 0 0 0 4 6 5 4 1 0 0 1 2 1 2 3 3 7 0 2 2 1 4 5 4 4 7 2 2 0 3 5 1 5 6 3 0 6 3 5 3 2 6 7 7 1 2 0 3 7 3
#c 6 1 0 2 6 0 3 3 4 6 7 3 5 5 1 7 3 1 7 5 3 0 0 0 4 6 5 4 1 0 0 1 2 1 2 3 3 7 0 2 2 1 4 5 4 4 7 2 2 0 3 5 1 5 6 3 0 6 3 5 3 2 6 7 7 1 2 0 3 7 3
3 3 43 12 51 42 45 27
5 3 53 59 19 13 26 8 44 24
#c 6 1 0 2 6 0 3 3 4 6 7 3 5 5 1 7 3 1 7 5 3 0 0 0 4 6 5 4 1 0 0 1 2 1 2 3 3 7 0 2 2 1 4 5 4 4 7 2 2 0 3 5 1 5 6 3 0 6 3 5 3 2 6 7 7 1 2 0 3 7 3
#c 6 1 0 2 6 0 3 3 4 6 7 3 5 5 1 7 3 1 7 5 3 0 0 0 4 6 5 4 1 0 0 1 2 1 2 3 3 7 0 2 2 1 4 5 4 4 7 2 2 0 3 5 1 5 6 3 0 6 3 5 3 2 6 7 7 1 2 0 3 7 3
1 1 63 3
7 8 15 37 18 69 46 64 10 34 61 48 39 66 32 47 40
#c 6 1 0 2 6 0 3 3 4 6 7 3 5 5 1 7 3 1 7 5 3 0 0 0 4 6 5 4 1 0 0 1 2 1 2 3 3 7 0 2 2 1 4 5 4 4 7 2 2 0 3 5 1 5 6 3 0 6 3 5 3 2 6 7 7 1 2 0 3 7 3
2 2 38 21 24 42
9 4 56 5 2 29 23 67 30 49 22 27 8 45 44
#c 6 1 0 2 6 0 3 3 4 6 7 3 5 5 1 7 3 1 7 5 3 0 0 0 4 6 5 4 1 0 0 1 2 1 2 3 3 7 0 2 2 1 4 5 4 4 7 2 2 0 3 5 1 5 6 3 0 6 3 5 3 2 6 7 7 1 2 0 3 7 3
3 3 31 1 28 66 47 3
6 6 17 33 41 52 65 14 34 61 48 39 32 40
#c 6 1 0 2 6 0 3 3 4 6 7 3 5 5 1 7 3 1 7 5 3 0 0 0 4 6 5 4 1 0 0 1 2 1 2 3 3 7 0 2 2 1 4 5 4 4 7 2 2 0 3 5 1 5 6 3 0 6 3 5 3 2 6 7 7 1 2 0 3 7 3
3 3 32 39 47 28 31 1
6 6 34 3 61 48 66 40 17 33 41 52 65 14
#c 6 2 0 2 6 0 3 3 4 6 7 3 5 5 1 7 3 1 7 5 3 0 0 0 4 6 5 4 2 0 0 2 1 1 2 3 3 7 0 1 2 1 4 5 4 4 7 1 2 0 3 5 1 5 6 3 0 6 3 5 3 2 6 7 7 1 2 0 3 7 3
6 5 16 35 20 58 70 11 42 24 27 44 8
7 1 36 68 6 60 55 50 7 45
#c 6 2 0 2 6 0 3 3 4 6 7 3 5 5 1 7 3 1 7 5 3 0 0 0 4 6 5 4 2 0 0 2 1 1 2 3 3 7 0 1 2 1 4 5 4 4 7 1 2 0 3 5 1 5 6 3 0 6 3 5 3 2 6 7 7 1 2 0 3 7 3
#c 6 2 0 2 6 0 3 3 4 6 7 3 5 5 1 7 3 1 7 5 3 0 0 0 4 6 5 4 2 0 0 2 1 1 2 3 3 7 0 1 2 1 4 5 4 4 7 1 2 0 3 5 1 5 6 3 0 6 3 5 3 2 6 7 7 1 2 0 3 7 3
4 4 19 26 43 53 10 64 63 69
4 4 59 51 12 13 15 37 18 46
#c 6 2 0 2 6 0 3 3 4 6 7 3 5 5 1 7 3 1 7 5 3 0 0 0 4 6 5 4 2 0 0 2 1 1 2 3 3 7 0 1 2 1 4 5 4 4 7 1 2 0 3 5 1 5 6 3 0 6 3 5 3 2 6 7 7 1 2 0 3 7 3
2 2 0 4 8 45
5 4 54 62 57 25 9 27 44 24 42
#c 6 2 0 2 6 0 3 3 4 6 7 3 5 5 1 7 3 1 7 5 3 0 0 0 4 6 5 4 2 0 0 2 1 1 2 3 3 7 0 1 2 1 4 5 4 4 7 1 2 0 3 5 1 5 6 3 0 6 3 5 3 2 6 7 7 1 2 0 3 7 3
1 2 15 42 27
7 4 63 37 18 69 46 64 10 8 45 44 24
#c 6 2 0 2 6 0 3 3 4 6 7 3 5 5 1 7 3 1 7 5 3 0 0 0 4 6 5 4 2 0 0 2 1 1 2 3 3 7 0 1 2 1 4 5 4 4 7 1 2 0 3 5 1 5 6 3 0 6 3 5 3 2 6 7 7 1 2 0 3 7 3
4 5 38 22 23 29 65 39 32 52 47
7 4 56 5 21 2 67 30 49 17 33 41 14
#c 6 2 0 2 6 0 3 3 4 6 7 3 5 5 1 7 3 1 7 5 3 0 0 0 4 6 5 4 2 0 0 2 1 1 2 3 3 7 0 1 2 1 4 5 4 4 7 1 2 0 3 5 1 5 6 3 0 6 3 5 3 2 6 7 7 1 2 0 3 7 3
4 4 65 17 52 39 9 62 4 25
5 3 33 41 14 32 47 54 0 57
#c 6 2 0 2 6 0 3 3 4 6 7 3 5 5 1 7 3 1 7 5 3 0 0 0 4 6 5 4 2 0 0 2 1 1 2 3 3 7 0 1 2 1 4 5 4 4 7 1 2 0 3 5 1 5 6 3 0 6 3 5 3 2 6 7 7 1 2 0 3 7 3
4 2 1 31 3 48 18 46
5 6 34 61 66 40 28 15 63 37 69 64 10
#c 6 2 0 2 6 0 3 3 4 6 7 3 5 5 1 7 3 1 7 5 3 0 0 0 4 6 5 4 2 0 0 2 1 1 2 3 3 7 0 1 2 1 4 5 4 4 7 1 2 0 3 5 1 5 6 3 0 6 3 5 3 2 6 7 7 1 2 0 3 7 3
3 3 6 35 58 47 39 33
10 6 11 36 68 70 60 55 50 16 20 7 17 41 52 65 14 32
#c 6 2 0 2 6 0 1 3 4 6 7 3 5 5 1 7 3 1 7 5 3 0 0 0 4 6 5 4 2 0 0 2 1 3 2 1 3 7 0 3 2 1 4 5 4 4 7 3 2 0 3 5 1 5 6 3 0 6 1 5 3 2 6 7 7 1 2 0 3 7 3
3 3 45 27 8 54 57 0
3 4 44 24 42 62 25 9 4
#c 6 2 0 2 6 0 1 3 4 6 7 3 5 5 1 7 3 1 7 5 3 0 0 0 4 6 5 4 2 0 0 2 1 3 2 1 3 7 0 3 2 1 4 5 4 4 7 3 2 0 3 5 1 5 6 3 0 6 1 5 3 2 6 7 7 1 2 0 3 7 3
1 1 53 14
7 8 59 19 51 12 13 26 43 17 41 52 65 32 6 35 58
#c 6 2 0 2 6 0 1 3 4 6 7 3 5 5 5 7 3 1 7 5 3 0 0 0 4 6 5 4 2 0 0 2 1 3 2 1 3 7 0 3 2 1 4 5 4 4 7 3 2 0 3 5 1 1 6 3 0 6 1 5 3 2 6 7 7 1 2 0 3 7 3
3 5 25 9 62 27 45 44 8 42
4 1 54 0 57 4 24
#c 6 2 0 2 6 0 1 3 6 4 7 3 5 5 5 7 3 1 7 5 3 0 0 0 4 4 5 6 2 0 0 2 1 3 2 1 3 7 0 3 2 1 6 5 6 6 7 3 2 0 3 5 1 1 6 3 0 6 1 5 3 2 4 7 7 1 2 0 3 7 3
1 1 18 62
7 3 15 63 37 69 46 64 10 24 25 9
#c 6 2 0 2 6 0 1 3 6 4 7 3 5 5 5 7 3 1 7 5 3 0 0 0 4 4 5 6 2 0 0 2 1 3 2 1 3 7 0 3 2 1 6 5 6 6 7 3 2 0 3 5 1 1 6 3 0 6 1 5 3 2 4 7 7 1 2 0 3 7 3
2 2 38 49 69 37
9 6 56 5 21 2 29 23 67 30 22 15 63 18 46 64 10
#c 6 2 0 2 6 0 1 3 6 4 7 3 5 5 5 7 3 1 7 5 3 0 0 0 4 4 5 6 2 0 0 2 1 3 2 1 3 7 0 3 2 1 6 5 6 6 7 3 2 0 3 5 1 1 6 3 0 6 1 5 3 2 4 7 7 1 2 0 3 7 3
3 3 6 32 35 55 60 7
6 10 17 41 52 65 58 53 11 36 68 70 50 16 20 47 39 33
#c 6 2 0 2 6 0 1 3 6 4 7 3 5 5 5 7 3 1 7 5 3 0 0 0 4 4 5 6 2 0 0 2 1 3 2 1 3 7 0 3 2 1 6 5 6 6 7 3 2 0 3 5 1 1 6 3 0 6 1 5 3 2 4 7 7 1 2 0 3 7 3
#c 6 2 0 2 6 0 1 3 6 4 7 3 5 5 5 7 3 1 7 5 3 0 0 0 4 4 5 6 2 0 0 2 1 3 2 1 3 7 0 3 2 1 6 5 6 6 7 3 2 0 3 5 1 1 6 3 0 6 1 5 3 2 4 7 7 1 2 0 3 7 3
2 2 70 68 9 62
11 2 11 36 60 55 50 16 20 7 47 39 33 24 25
#c 6 2 0 2 6 0 1 3 6 4 7 3 5 5 5 7 3 1 7 5 3 0 0 0 4 4 5 6 2 0 0 2 1 3 2 1 3 7 0 3 2 1 6 5 6 6 7 3 2 0 3 5 1 1 6 3 0 6 1 5 3 2 4 7 7 1 2 0 3 7 3
1 1 9 65
3 8 24 25 62 17 41 52 32 6 35 58 53
#c 6 2 0 2 6 0 1 3 6 4 7 3 5 5 5 7 3 1 7 5 3 0 0 0 4 4 5 6 2 0 0 2 1 3 2 1 3 7 0 3 2 1 6 5 6 6 7 3 2 0 3 5 1 1 6 3 0 6 1 5 3 2 4 7 7 1 2 0 3 7 3
1 1 59 52
7 8 19 51 12 13 26 43 14 17 41 65 32 6 35 58 53
#c 6 2 0 2 6 0 1 3 6 4 7 3 5 5 5 7 3 1 7 5 3 0 0 0 4 4 5 6 2 0 0 2 1 3 2 1 3 7 0 3 2 1 6 5 6 6 7 3 2 0 3 5 1 1 6 3 0 6 1 5 3 2 4 7 7 1 2 0 3 7 3
4 3 0 4 44 45 38 22 29
5 8 54 57 27 8 42 56 5 21 2 23 67 30 49
#c 6 2 0 2 6 0 1 3 6 4 7 3 5 5 5 7 3 1 7 5 3 0 0 0 4 4 5 6 2 0 0 2 1 3 2 1 3 7 0 3 2 1 6 5 6 6 7 3 2 0 3 5 1 1 6 3 0 6 1 5 3 2 4 7 7 1 2 0 3 7 3
2 3 46 64 9 25 62
6 1 15 63 37 18 69 10 24
#c 6 2 0 2 6 0 1 3 6 4 7 3 5 5 5 7 3 1 7 5 3 0 0 0 4 4 5 6 2 0 0 2 1 3 2 1 3 7 0 3 2 1 6 5 6 6 7 3 2 0 3 5 1 1 6 3 0 6 1 5 3 2 4 7 7 1 2 0 3 7 3
4 3 56 23 29 5 62 24 9
7 1 21 2 38 67 30 49 22 25
#c 6 2 0 2 6 0 1 3 6 4 7 3 5 5 5 7 3 1 7 5 3 0 0 0 4 4 5 6 2 0 0 2 1 3 2 1 3 7 0 3 2 1 6 5 6 6 7 3 2 0 3 5 1 1 6 3 0 6 1 5 3 2 4 7 7 1 2 0 3 7 3
1 1 41 68
8 12 17 52 65 32 6 35 58 53 11 36 70 60 55 50 16 20 7 47 39 33
#c 6 2 0 2 6 0 1 3 6 4 7 3 5 5 5 7 3 1 7 5 3 0 0 0 4 4 5 6 2 0 0 2 1 3 2 1 3 7 0 3 2 1 6 5 6 6 7 3 2 0 3 5 1 1 6 3 0 6 1 5 3 2 4 7 7 1 2 0 3 7 3
4 4 28 3 34 40 43 12 59 19
5 4 61 48 66 31 1 51 13 26 14
#c 6 2 0 5 6 0 1 3 6 4 7 3 2 5 5 7 3 1 7 2 3 0 0 0 4 4 5 6 5 0 0 2 1 3 5 1 3 7 0 3 5 1 6 2 6 6 7 3 2 0 3 5 1 1 6 3 0 6 1 2 3 2 4 7 7 1 2 0 3 7 3
3 3 7 36 70 56 67 23
10 8 11 68 60 55 50 16 20 47 39 33 5 21 2 29 38 30 49 22
#c 6 2 0 5 6 0 1 3 6 4 7 3 2 5 5 7 3 1 7 2 3 0 0 0 4 4 5 6 5 0 0 2 1 3 5 1 3 7 0 3 5 1 6 2 6 6 7 3 2 0 3 5 1 1 6 3 0 6 1 2 3 2 4 7 7 1 2 0 3 7 3
1 1 9 11
3 12 24 25 62 36 68 70 60 55 50 16 20 7 47 39 33
#c 6 2 0 5 6 0 1 3 6 4 7 3 2 5 5 7 3 1 7 2 3 0 0 0 4 4 5 6 5 0 0 2 1 3 5 1 3 7 0 3 5 1 6 2 6 6 7 3 2 0 3 5 1 1 6 3 0 6 1 2 3 2 4 7 7 1 2 0 3 7 3
3 3 13 28 51 45 27 4
5 6 26 14 3 34 40 54 0 57 44 8 42
#c 6 2 0 5 6 0 1 3 6 4 7 3 2 5 5 7 3 1 7 2 3 0 0 0 4 4 5 6 5 0 0 2 1 3 5 1 3 7 0 3 5 1 6 2 6 6 7 3 2 0 3 5 1 1 6 3 0 6 1 2 3 2 4 7 7 1 2 0 3 7 3
3 3 57 45 42 24 25 9
6 1 54 0 4 27 44 8 62
#c 6 2 0 5 6 0 1 3 6 4 7 3 2 5 5 7 3 1 7 2 3 0 0 0 4 4 5 6 5 0 0 2 1 3 5 1 3 7 0 3 5 1 6 2 6 6 7 3 2 0 3 5 1 1 6 3 0 6 1 2 3 2 4 7 7 1 2 0 3 7 3
2 2 46 37 44 54
6 7 15 63 18 69 64 10 0 57 4 27 45 8 42
#c 6 2 0 5 6 0 1 3 6 4 7 3 2 5 5 7 3 1 7 2 3 0 0 0 4 4 5 6 5 0 0 2 1 3 5 1 3 6 0 3 5 1 6 2 7 6 6 3 2 0 3 5 1 1 7 3 0 6 1 2 3 2 4 7 7 1 2 0 3 7 3
3 3 29 30 49 27 4 57
8 6 56 5 21 2 23 38 67 22 0 45 8 42 46 37
#c 6 2 0 5 0 0 1 3 6 4 7 3 2 5 5 7 3 1 7 2 3 0 0 0 4 4 5 0 5 6 6 2 1 3 5 1 3 6 0 3 5 1 6 2 7 6 6 3 2 6 3 5 1 1 7 3 0 0 1 2 3 2 4 7 7 1 2 0 3 7 3
1 1 65 60
8 12 17 41 52 32 6 35 58 53 11 36 68 70 55 50 16 20 7 47 39 33
#c 6 2 0 5 0 0 1 3 6 4 7 3 2 5 5 7 3 1 7 2 3 0 0 0 4 4 5 0 5 6 6 2 1 3 5 1 3 6 0 3 5 1 6 2 7 6 6 3 2 6 3 5 1 1 7 3 0 0 1 2 3 2 4 7 7 1 2 0 3 7 3
3 3 61 43 19 67 21 57
6 8 48 66 31 1 12 59 56 5 2 23 38 22 27 4
#c 6 2 0 5 0 0 1 3 6 4 7 3 2 5 5 7 3 1 7 2 3 0 0 0 4 4 5 0 5 6 6 2 1 3 5 1 3 6 0 3 5 1 6 2 7 6 6 3 2 6 3 5 1 1 7 3 0 0 1 2 3 2 4 7 7 1 2 0 3 7 3
#c 6 2 0 5 0 0 1 3 6 4 7 3 2 5 5 7 3 1 7 2 3 0 0 0 4 4 5 0 5 6 6 2 1 3 5 1 3 6 0 3 5 1 6 2 7 6 6 3 2 6 3 5 1 1 7 3 0 0 1 2 3 2 4 7 7 1 2 0 3 7 3
2 2 9 62 39 55
2 11 24 25 11 36 68 70 60 50 16 20 7 47 33
#c 6 2 0 5 0 0 1 3 6 4 7 3 2 5 5 7 3 1 7 2 3 0 0 0 4 4 5 0 5 6 6 2 1 3 5 1 3 6 0 3 5 1 6 2 7 6 6 3 2 6 3 5 1 1 7 3 0 0 1 2 3 2 4 7 7 1 2 0 3 7 3
1 2 13 65 32
7 7 51 26 14 28 3 34 40 17 41 52 6 35 58 53
#c 6 2 0 5 0 0 1 3 6 4 7 3 2 5 5 7 3 1 7 2 3 0 0 0 4 4 5 0 5 6 6 2 1 3 5 1 3 6 0 3 5 1 6 2 7 6 6 3 2 6 3 5 1 1 7 3 0 0 1 2 3 2 4 7 7 1 2 0 3 7 3
1 1 0 51
8 7 45 8 42 46 37 29 30 49 13 26 14 28 3 34 40
#c 6 2 0 5 0 0 1 3 6 4 7 3 2 5 5 7 3 1 7 2 3 0 0 0 4 4 5 0 5 6 6 2 1 3 5 1 3 6 0 3 5 1 6 2 7 6 6 3 2 6 3 5 1 1 7 3 0 0 1 2 3 2 4 7 7 1 2 0 3 7 3
3 3 10 44 69 59 19 31
5 6 15 63 18 64 54 61 48 66 1 43 12
#c 6 2 0 5 0 0 1 3 6 4 7 3 2 5 5 7 3 1 7 2 3 0 0 0 4 4 5 0 5 6 6 2 1 3 5 1 3 6 0 3 5 1 6 2 7 6 6 3 2 6 3 5 1 1 7 3 0 0 1 2 3 2 4 7 7 1 2 0 3 7 3
4 3 21 4 38 5 24 25 9
7 1 56 2 23 67 22 27 57 62
#c 6 2 0 5 0 0 1 3 6 4 7 3 2 5 5 7 3 1 7 2 3 0 0 0 4 4 5 0 5 6 6 2 1 3 5 1 3 6 0 3 5 1 6 2 7 6 6 3 2 6 3 5 1 1 7 3 0 0 1 2 3 2 4 7 7 1 2 0 3 7 3
1 1 6 13
8 7 17 41 52 65 32 35 58 53 51 26 14 28 3 34 40
#c 6 2 0 5 0 0 1 3 6 4 7 3 2 5 5 7 3 1 7 2 3 0 0 0 4 4 5 0 5 6 6 2 1 3 5 1 3 6 0 3 5 1 6 2 7 6 6 3 2 6 3 5 1 1 7 3 0 0 1 2 3 2 4 7 7 1 2 0 3 7 3
1 1 66 50
8 12 61 48 31 1 43 12 59 19 11 36 68 70 60 55 16 20 7 47 39 33
#c 6 2 0 5 0 0 1 3 6 4 7 3 2 5 5 7 3 1 7 2 3 0 0 0 4 4 5 0 5 6 6 2 1 3 5 1 3 6 0 3 5 1 6 2 7 6 6 3 2 6 3 5 1 1 7 3 0 0 1 2 3 2 4 7 7 1 2 0 3 7 3
4 4 7 39 11 70 28 14 26 51
9 4 36 68 60 55 50 16 20 47 33 13 3 34 40
#c 6 2 0 5 0 0 1 3 6 4 7 3 2 5 5 7 3 1 7 2 3 0 0 0 4 4 5 0 5 6 6 2 1 3 5 1 3 6 0 3 5 1 6 2 7 6 6 3 2 6 3 5 1 1 7 3 0 0 1 2 3 2 4 7 7 1 2 0 3 7 3
2 2 24 25 44 15
2 6 9 62 63 18 69 64 10 54
#c 6 2 0 5 0 0 1 3 6 4 7 3 2 5 5 7 3 1 7 2 3 0 0 0 4 4 5 0 5 6 6 2 1 3 5 1 3 6 0 3 5 1 6 2 7 6 6 3 2 6 3 5 1 1 7 3 0 0 1 2 3 2 4 7 7 1 2 0 3 7 3
2 2 40 3 15 69
6 6 51 13 26 14 28 34 63 18 64 10 44 54
#c 6 2 0 5 0 0 1 3 6 4 7 3 2 5 5 7 3 1 7 2 3 0 0 0 4 4 5 0 5 6 6 2 1 3 5 1 3 6 0 3 5 1 6 2 7 6 6 3 2 6 3 5 1 1 7 3 0 0 1 2 3 2 4 7 7 1 2 0 3 7 3
#c 6 2 0 5 0 0 1 3 6 4 7 3 2 5 5 7 3 1 7 2 3 0 0 0 4 4 5 0 5 6 6 2 1 3 5 1 3 6 0 3 5 1 6 2 7 6 6 3 2 6 3 5 1 1 7 3 0 0 1 2 3 2 4 7 7 1 2 0 3 7 3
3 3 15 44 10 66 43 31
5 6 63 18 69 64 54 61 48 1 12 59 19
#c 6 2 0 5 0 0 1 3 6 4 7 3 2 5 5 7 3 1 7 2 3 0 0 0 4 4 5 0 5 6 6 2 1 3 5 1 3 6 0 3 5 1 6 2 7 6 6 3 2 6 3 5 1 1 7 3 0 0 1 2 3 2 4 7 7 1 2 0 3 7 3
4 4 2 57 38 56 29 30 46 37
7 5 5 21 23 67 22 27 4 0 45 8 42 49
#c 6 2 0 5 0 0 1 3 6 4 7 3 2 5 5 7 3 1 7 2 3 0 0 0 4 4 5 0 5 6 6 2 1 3 5 1 3 6 0 3 5 1 6 2 7 6 6 3 2 6 3 5 1 1 7 3 0 0 1 2 3 2 4 7 7 1 2 0 3 7 3
2 4 53 35 45 37 49 42
7 5 17 41 52 65 32 6 58 0 8 46 29 30
#c 6 2 0 5 0 0 1 3 6 4 7 3 2 5 5 7 3 1 7 2 3 0 0 0 4 4 5 0 5 6 6 2 1 3 5 6 3 1 0 3 5 1 1 2 7 1 6 3 2 1 3 5 1 6 7 3 0 0 1 2 3 2 4 7 7 1 2 0 3 7 3
#c 6 2 0 5 0 0 1 3 6 4 7 3 2 5 5 7 3 1 7 2 3 0 0 0 4 4 5 0 5 6 6 2 1 3 5 6 3 1 0 3 5 1 1 2 7 1 6 3 2 1 3 5 1 6 7 3 0 0 1 2 3 2 4 7 7 1 2 0 3 7 3
1 1 36 69
12 7 11 68 70 60 55 50 16 20 7 47 39 33 15 63 18 64 10 44 54
#c 6 2 0 5 0 0 1 3 6 4 7 3 2 5 5 7 3 1 7 2 3 0 0 0 4 4 5 0 5 6 6 2 1 3 5 6 7 1 0 3 5 1 1 2 7 1 6 3 2 1 3 5 1 6 7 3 0 0 1 2 3 2 4 7 7 1 2 0 3 3 3
1 2 62 69 39
3 11 24 25 9 11 68 70 60 55 50 16 20 7 47 33
#c 6 2 0 5 0 0 1 3 6 4 7 3 2 5 5 7 3 1 7 2 3 0 0 0 4 4 5 0 5 6 6 2 1 3 5 6 7 1 0 3 5 1 1 2 7 1 6 3 2 1 3 5 1 6 7 3 0 0 1 2 3 2 4 7 7 1 2 0 3 3 3
#c 6 2 0 5 0 0 1 3 6 4 7 3 2 5 5 7 3 1 7 2 3 0 0 0 4 4 5 0 5 6 6 2 1 3 5 6 7 1 0 3 5 1 1 2 7 1 6 3 2 1 3 5 1 6 7 3 0 0 1 2 3 2 4 7 7 1 2 0 3 3 3
3 3 29 53 0 12 61 1
4 6 8 46 30 35 48 66 31 43 59 19
#c 6 2 0 5 0 0 1 3 6 4 7 3 2 5 5 7 3 1 7 2 3 0 0 0 4 4 5 0 5 6 6 2 1 3 5 6 7 1 0 3 5 1 1 2 7 1 6 3 2 1 3 5 1 6 7 3 0 0 1 2 3 2 4 7 7 1 2 0 3 3 3
4 4 10 18 15 44 8 29 0 30
4 3 63 64 54 36 46 53 35
#c 6 2 0 5 0 0 1 3 6 4 7 3 2 5 5 7 3 1 7 2 3 0 0 0 4 4 5 0 5 6 6 2 1 3 5 6 7 1 0 3 5 1 1 2 7 1 6 3 2 1 3 5 1 6 7 3 0 0 1 2 3 2 4 7 7 1 2 0 3 3 3
3 3 56 22 38 64 36 54
8 5 5 21 2 23 67 27 4 57 15 63 18 10 44
#c 6 2 0 5 0 0 1 3 6 4 7 3 2 5 5 7 3 1 7 2 3 0 0 0 4 4 5 0 5 6 6 2 1 3 5 6 7 1 0 3 5 1 1 2 7 1 6 3 2 1 3 5 1 6 7 3 0 0 1 2 3 2 4 7 7 1 2 0 3 3 3
5 3 37 52 32 45 41 62 9 24
6 1 17 65 6 58 49 42 25
#c 6 2 0 5 0 0 1 3 6 4 7 3 2 5 5 7 3 1 7 2 3 0 0 0 4 4 5 0 5 6 6 2 1 3 5 6 7 1 0 3 5 1 1 2 7 1 6 3 2 1 3 5 1 6 7 3 0 0 1 2 3 2 4 7 7 1 2 0 3 3 3
2 2 43 12 14 26
7 6 61 48 66 31 1 59 19 51 13 28 3 34 40
#c 6 2 0 5 0 0 1 3 6 4 7 3 2 5 5 7 3 1 7 2 3 0 0 0 4 4 5 0 5 6 6 2 1 3 5 6 7 1 0 3 5 1 1 2 7 1 6 3 2 1 3 5 1 6 7 3 0 0 1 2 3 2 4 7 7 1 2 0 3 3 3
6 6 68 16 55 11 60 70 56 21 67 23 38 4
7 5 50 20 7 47 39 33 69 5 2 22 27 57
#c 6 2 0 5 0 0 1 3 6 4 7 3 2 5 5 7 3 1 7 2 3 0 0 0 4 4 5 0 5 6 6 2 1 3 5 6 7 1 0 3 5 1 1 2 7 1 6 3 2 1 3 5 1 6 7 3 0 0 1 2 3 2 4 7 7 1 2 0 3 3 3
1 1 25 36
3 7 24 9 62 15 63 18 64 10 44 54
#c 6 2 0 5 0 0 1 3 6 4 7 3 2 5 5 7 3 1 7 2 3 0 0 0 4 4 5 0 5 6 6 2 1 3 5 6 7 1 0 3 5 1 1 2 7 1 6 3 2 1 3 5 1 6 7 3 0 0 1 2 3 2 4 7 7 1 2 0 3 3 3
1 1 40 29
7 6 51 13 26 14 28 3 34 0 8 46 30 53 35
#c 6 2 0 5 0 0 1 3 6 4 7 3 2 5 5 7 3 1 7 2 3 0 0 0 4 4 5 0 5 6 6 2 1 3 5 6 7 1 0 3 5 1 1 2 7 1 6 3 2 1 3 5 1 6 7 3 0 0 1 2 3 2 4 7 7 1 2 0 3 3 3
3 1 0 35 30 25
4 3 8 46 29 53 24 9 62
#c 6 2 0 5 0 0 1 3 6 4 7 3 2 5 5 7 3 1 7 2 3 0 0 0 4 4 5 0 5 6 6 2 1 3 5 6 7 1 0 3 5 1 1 2 7 1 6 3 2 1 3 5 1 6 7 3 0 0 1 2 3 2 4 7 7 1 2 0 3 3 3
#c 6 2 0 5 0 0 1 3 6 4 7 3 2 5 5 7 3 1 7 2 3 0 0 0 4 4 5 0 5 6 6 2 1 3 5 6 7 1 0 3 5 1 1 2 7 1 6 3 2 1 3 5 1 6 7 3 0 0 1 2 3 2 4 7 7 1 2 0 3 3 3
4 4 5 4 38 56 42 6 52 41
7 7 21 2 23 67 22 27 57 17 65 32 58 45 37 49
#c 6 2 0 5 0 0 1 3 6 4 7 3 2 5 5 7 3 1 7 2 3 0 0 0 4 4 5 0 5 6 6 2 1 3 5 6 7 1 0 3 5 1 1 2 7 1 6 3 2 1 3 5 1 6 7 3 0 0 1 2 3 2 4 7 7 1 2 0 3 3 3
2 2 52 32 40 14
9 6 17 41 65 6 58 45 37 49 42 51 13 26 28 3 34
#c 6 2 0 5 0 0 1 3 6 4 7 3 2 5 5 7 3 1 7 2 3 0 0 0 4 4 5 0 5 6 6 2 1 3 5 6 7 1 0 3 5 1 1 2 7 1 6 3 2 1 3 5 1 6 7 3 0 0 1 2 3 2 4 7 7 1 2 0 3 3 3
3 3 61 31 48 49 65 52
6 8 66 1 43 12 59 19 17 41 32 6 58 45 37 42
#c 6 2 0 5 0 0 1 3 6 4 7 3 2 5 5 7 3 1 7 2 3 0 0 0 4 4 5 0 5 6 6 2 1 3 5 6 7 1 0 3 5 1 1 2 7 1 6 3 2 1 3 5 1 6 7 3 0 0 1 2 3 2 4 7 7 1 2 0 3 3 3
5 5 50 55 7 11 70 28 14 40 26 3
8 3 68 60 16 20 47 39 33 69 51 13 34
#c 6 2 0 3 0 0 1 5 6 4 7 5 2 5 3 7 3 1 7 2 3 0 0 0 4 4 3 0 3 6 6 2 1 3 5 6 7 1 0 3 3 1 1 2 7 1 6 3 2 1 5 5 1 6 7 5 0 0 1 2 3 2 4 7 7 1 2 0 3 3 5
2 1 24 25 38
2 10 9 62 56 5 21 2 23 67 22 27 4 57
#c 6 2 0 3 0 0 1 5 6 4 7 5 2 5 3 7 3 1 7 2 3 0 0 0 4 4 3 0 3 6 6 2 1 3 5 6 7 1 0 3 3 1 1 2 7 1 6 3 2 1 5 5 1 6 7 5 0 0 1 2 3 2 4 7 7 1 2 0 3 3 5
3 3 50 11 7 18 44 54
5 5 51 13 34 55 70 15 63 64 10 36
#c 6 2 0 3 0 0 1 5 6 4 7 5 2 5 3 7 3 1 7 2 3 0 0 0 4 4 3 0 3 6 6 2 1 3 5 6 7 1 0 3 3 1 1 2 7 1 6 3 2 1 5 5 1 6 7 5 0 0 1 2 3 2 4 7 7 1 2 0 3 3 5
1 1 8 1
6 8 0 46 29 30 53 35 61 48 66 31 43 12 59 19
#c 6 2 0 3 0 0 1 5 6 4 7 5 2 5 3 7 3 1 7 2 3 0 0 0 4 4 3 0 3 6 6 2 1 3 5 6 7 1 0 3 3 1 1 2 7 1 6 3 2 1 5 5 1 6 7 5 0 0 1 2 3 2 4 7 7 1 2 0 3 3 5
4 4 54 44 64 15 33 40 47 28
4 9 63 18 10 36 68 60 16 20 39 69 14 26 3
#c 6 2 0 3 0 0 1 5 6 4 7 5 2 5 3 7 3 1 7 2 3 0 0 0 4 4 3 0 3 6 6 2 1 3 5 6 7 1 0 3 3 1 1 2 7 1 6 3 2 1 5 5 1 6 7 5 0 0 1 2 3 2 4 7 7 1 2 0 3 3 5
1 2 67 32 52
10 9 56 5 21 2 23 38 22 27 4 57 17 41 65 6 58 45 37 49 42
#c 6 2 0 3 0 0 1 5 6 4 7 5 2 5 3 7 3 1 7 2 3 0 0 0 4 4 3 0 3 6 6 2 1 3 5 6 7 1 0 3 3 1 1 2 7 1 6 3 2 1 5 5 1 6 7 5 0 0 1 2 3 2 4 7 7 1 2 0 3 3 5
2 2 45 17 26 40
9 11 41 52 65 32 6 58 37 49 42 68 60 16 20 47 39 33 69 28 14 3
#c 6 2 0 3 0 0 1 5 6 4 7 5 2 5 3 7 3 1 7 2 3 0 0 0 4 4 3 0 3 6 6 2 1 3 5 6 7 1 0 3 3 1 1 2 7 1 6 3 2 1 5 5 1 6 7 5 0 0 1 2 3 2 4 7 7 1 2 0 3 3 5
1 3 66 62 25 9
8 1 61 48 31 1 43 12 59 19 24
#c 6 2 0 3 0 0 1 5 6 4 7 5 2 5 3 7 3 1 7 2 3 0 0 0 4 4 3 0 3 6 6 2 1 3 5 6 7 1 0 3 3 1 1 2 7 1 6 3 2 1 5 5 1 6 7 5 0 0 1 2 3 2 4 7 7 1 2 0 3 3 5
6 7 14 47 60 33 39 68 52 41 17 58 49 65 37
7 4 16 20 69 28 40 26 3 32 6 45 42
#c 6 2 0 3 0 0 1 5 6 4 7 5 2 5 1 7 3 3 7 2 3 0 0 0 4 4 3 0 3 6 6 2 1 1 5 6 7 3 0 1 3 3 1 2 7 1 6 1 2 3 5 5 3 6 7 5 0 0 3 2 1 2 4 7 7 3 2 0 1 3 5
1 1 24 65
3 13 25 9 62 16 20 69 28 40 26 3 52 41 17 58 49 37
#c 6 2 0 3 0 0 1 5 6 4 7 5 2 5 1 7 3 3 7 2 3 0 0 0 4 4 3 0 3 6 6 2 1 1 5 6 7 3 0 1 3 3 1 2 7 1 6 1 2 3 5 5 3 6 7 5 0 0 3 2 1 2 4 7 7 3 2 0 1 3 5
3 3 11 13 70 63 15 64
5 5 51 34 50 55 7 18 10 44 54 36
#c 6 2 0 3 0 0 1 5 6 4 7 5 2 5 1 7 3 3 7 2 3 0 0 0 4 4 3 0 3 6 6 2 1 1 5 6 7 3 0 1 3 3 1 2 7 1 6 1 2 3 5 5 3 6 7 5 0 0 3 2 1 2 4 7 7 3 2 0 1 3 5
2 1 35 53 65
5 13 0 8 46 29 30 16 20 69 28 40 26 3 52 41 17 58 49 37
#c 6 2 0 3 0 0 1 5 6 4 7 5 2 5 1 7 3 3 7 2 3 0 0 0 4 4 3 0 3 6 6 2 1 1 5 6 7 3 0 1 3 3 1 2 7 1 6 1 2 3 5 5 3 6 7 5 0 0 3 2 1 2 4 7 7 3 2 0 1 3 5
3 3 64 54 36 37 49 69
5 11 15 63 18 10 44 16 20 28 40 26 3 52 41 17 58 65
#c 6 2 0 3 0 0 1 5 6 4 7 5 2 5 1 7 3 3 7 2 3 0 0 0 4 4 3 0 3 6 6 2 1 1 5 6 7 3 0 1 3 3 1 2 7 1 6 1 2 3 5 5 3 6 7 5 0 0 3 2 1 2 4 7 7 3 2 0 1 3 5
4 4 22 2 5 67 59 66 31 48
7 5 56 21 23 38 27 4 57 61 1 43 12 19
#c 6 2 0 3 0 0 1 5 6 4 7 5 2 5 1 7 3 3 7 2 3 0 0 0 4 4 3 0 3 6 6 2 1 1 5 6 7 3 0 1 3 3 1 2 7 1 6 1 2 3 5 5 3 6 7 5 0 0 3 2 1 2 4 7 7 3 2 0 1 3 5
3 3 39 42 60 35 30 8
7 4 32 6 45 14 47 33 68 0 46 29 53
#c 6 2 0 3 0 0 1 5 6 4 7 5 2 5 1 7 3 3 7 2 3 0 0 0 4 4 3 0 3 6 6 2 1 1 5 6 7 3 0 1 3 3 1 2 7 1 6 1 2 3 5 5 3 6 7 5 0 0 3 2 1 2 4 7 7 3 2 0 1 3 5
3 3 48 31 19 26 52 37
6 11 61 66 1 43 12 59 16 20 69 28 40 3 41 17 58 49 65
#c 6 2 0 3 0 0 1 5 6 4 7 5 2 5 1 7 3 3 7 2 3 0 0 0 4 4 3 0 3 6 6 2 1 1 5 6 7 3 0 1 3 3 1 2 7 1 6 1 2 3 5 5 3 6 7 5 0 0 3 2 1 2 4 7 7 3 2 0 1 3 5
#c 6 2 0 3 0 0 1 5 6 4 7 5 2 5 1 7 3 3 7 2 3 0 0 0 4 4 3 0 3 6 6 2 1 1 5 6 7 3 0 1 3 3 1 2 7 1 6 1 2 3 5 5 3 6 7 5 0 0 3 2 1 2 4 7 7 3 2 0 1 3 5
2 1 24 25 33
2 9 9 62 32 6 45 42 14 47 60 39 68
#c 6 2 0 3 0 0 1 5 6 4 7 5 2 5 1 7 3 3 7 2 3 0 0 0 1 1 3 0 3 6 6 2 1 4 5 6 7 3 0 1 3 3 1 2 7 1 6 1 2 3 5 5 3 6 7 5 0 0 3 2 1 2 4 7 7 3 2 0 1 3 5
4 4 13 11 70 7 24 60 14 47
4 7 51 34 50 55 32 6 45 42 39 68 25
#c 6 2 0 3 0 0 1 5 6 4 7 5 2 5 1 7 3 3 7 2 3 0 0 0 1 1 3 0 3 6 6 2 1 4 5 6 7 3 0 1 3 3 1 2 7 1 6 1 2 3 5 5 3 6 7 5 0 0 3 2 1 2 4 7 7 3 2 0 1 3 5
3 3 29 46 0 13 70 50
4 5 8 30 53 35 51 34 55 7 11
#c 6 2 0 3 0 0 1 5 6 4 7 5 2 5 1 7 3 3 7 2 3 0 0 0 1 1 3 0 3 6 6 2 1 4 5 6 7 3 0 1 3 3 1 2 7 1 6 1 2 3 5 5 3 6 7 5 0 0 3 2 1 2 4 7 7 3 2 0 1 3 5
#c 6 2 0 3 0 0 1 5 6 4 7 5 2 5 1 7 3 3 7 2 3 0 0 0 1 1 3 0 3 6 6 2 1 4 5 6 7 3 0 1 3 3 1 2 7 1 6 1 2 3 5 5 3 6 7 5 0 0 3 2 1 2 4 7 7 3 2 0 1 3 5
1 1 22 16
10 13 56 5 21 2 23 38 67 27 4 57 20 69 28 40 26 3 52 41 17 58 49 65 37
#c 6 2 0 3 0 0 1 5 6 4 7 5 2 5 1 7 3 3 7 2 3 0 0 0 1 1 3 0 3 6 6 2 1 4 5 6 7 3 0 1 3 3 1 2 7 1 6 1 2 3 5 5 3 6 7 5 0 0 3 2 1 2 4 7 7 3 2 0 1 3 5
2 2 24 42 44 63
9 6 32 6 45 14 47 60 39 68 25 15 18 64 10 54 36
#c 6 2 0 3 0 0 1 5 6 4 7 5 2 5 1 7 3 3 7 2 3 0 0 0 1 1 3 0 3 6 6 2 1 4 5 6 7 3 0 1 3 3 1 2 7 1 6 1 2 3 5 5 3 6 7 5 0 0 3 2 1 2 4 7 7 3 2 0 1 3 5
#c 6 2 0 3 0 0 1 5 6 4 7 5 2 5 1 7 3 3 7 2 3 0 0 0 1 1 3 0 3 6 6 2 1 4 5 6 7 3 0 1 3 3 1 2 7 1 6 1 2 3 5 5 3 6 7 5 0 0 3 2 1 2 4 7 7 3 2 0 1 3 5
1 1 52 54
13 7 16 20 69 28 40 26 3 41 17 58 49 65 37 15 63 18 64 10 44 36
#c 6 2 0 3 0 0 1 5 6 4 7 5 2 5 1 7 3 3 7 2 3 0 0 0 1 1 3 0 3 6 6 2 1 4 5 6 7 3 0 1 3 3 1 2 7 1 6 1 2 3 5 5 7 6 3 5 0 0 3 2 1 2 4 7 7 3 2 0 1 3 5
#c 6 2 0 3 0 0 1 5 6 4 7 5 2 5 1 7 3 3 7 2 3 0 0 0 1 1 3 0 3 6 6 2 1 4 5 6 7 3 0 1 3 3 1 2 7 1 6 1 2 3 5 5 7 6 3 5 0 0 3 2 1 2 4 7 7 3 2 0 1 3 5
2 3 11 55 68 24 45
6 2 0 3 0 0 1 5 6 4 7 5 2 5 1 7 3 3 7 2 3 0 0 0 1 1 3 0 3 6 6 2 1 4 5 6 7 3 0 1 3 3 1 2 7 1 6 1 2 3 5 5 7 6 3 5 0 0 3 2 1 2 4 7 7 3 2 0 1 3 5
