#c 0 1 2 3 4 5 6 7 8 9 10 11 12 13 14 15 16 17 0 1 2 3 4 5 6 7 8 9 10 11 12 13 14 15 16 17 0 1 2 3 4 5 6 7 8 9 10 11 12 13 14 15 16 17 0 1 2 3 4 5 6 7 8 9 10 11 12 13 14 15 16 17 0 1 2 3 4 5 6 7 8 9 10 11 12 13 14 15 16 17
2 2 37 55 8 80
3 3 1 19 73 26 44 62
#c 0 1 2 3 4 5 6 7 8 9 10 11 12 13 14 15 16 17 0 1 2 3 4 5 6 7 8 9 10 11 12 13 14 15 16 17 0 1 2 3 4 5 6 7 8 9 10 11 12 13 14 15 16 17 0 1 2 3 4 5 6 7 8 9 10 11 12 13 14 15 16 17 0 1 2 3 4 5 6 7 8 9 10 11 12 13 14 15 16 17
2 2 2 38 21 3
3 3 20 56 74 39 57 75
#c 0 1 2 3 4 5 6 7 8 9 10 11 12 13 14 15 16 17 0 1 2 3 4 5 6 7 8 9 10 11 12 13 14 15 16 17 0 1 2 3 4 5 6 7 8 9 10 11 12 13 14 15 16 17 0 1 2 3 4 5 6 7 8 9 10 11 12 13 14 15 16 17 0 1 2 3 4 5 6 7 8 9 10 11 12 13 14 15 16 17
2 2 57 3 66 30
3 3 21 39 75 12 48 84
#c 0 1 2 3 4 5 6 7 8 9 10 11 12 13 14 15 16 17 0 1 2 3 4 5 6 7 8 9 10 11 12 13 14 15 16 17 0 1 2 3 4 5 6 7 8 9 10 11 12 13 14 15 16 17 0 1 2 3 4 5 6 7 8 9 10 11 12 13 14 15 16 17 0 1 2 3 4 5 6 7 8 9 10 11 12 13 14 15 16 17
1 1 58 2
4 4 4 22 40 76 20 38 56 74
#c 0 1 4 3 4 5 6 7 8 9 10 11 12 13 14 15 16 17 0 1 2 3 4 5 6 7 8 9 10 11 12 13 14 15 16 17 0 1 2 3 4 5 6 7 8 9 10 11 12 13 14 15 16 17 0 1 2 3 2 5 6 7 8 9 10 11 12 13 14 15 16 17 0 1 2 3 4 5 6 7 8 9 10 11 12 13 14 15 16 17
1 1 41 20
4 4 5 23 59 77 38 56 74 58
#c 0 1 4 3 4 5 6 7 8 9 10 11 12 13 14 15 16 17 0 1 2 3 4 5 6 7 8 9 10 11 12 13 14 15 16 17 0 1 2 3 4 5 6 7 8 9 10 11 12 13 14 15 16 17 0 1 2 3 2 5 6 7 8 9 10 11 12 13 14 15 16 17 0 1 2 3 4 5 6 7 8 9 10 11 12 13 14 15 16 17
2 2 24 42 25 61
3 3 6 60 78 7 43 79
#c 0 1 4 3 4 5 6 7 8 9 10 11 12 13 14 15 16 17 0 1 2 3 4 5 7 6 8 9 10 11 12 13 14 15 16 17 0 1 2 3 4 5 7 7 8 9 10 11 12 13 14 15 16 17 0 1 2 3 2 5 6 6 8 9 10 11 12 13 14 15 16 17 0 1 2 3 4 5 6 7 8 9 10 11 12 13 14 15 16 17
2 1 42 43 13
3 4 7 79 24 31 49 67 85
#c 0 1 4 3 4 5 6 7 8 9 10 11 12 13 14 15 16 17 0 1 2 3 4 5 7 6 8 9 10 11 12 13 14 15 16 17 0 1 2 3 4 5 7 7 8 9 10 11 12 13 14 15 16 17 0 1 2 3 2 5 6 6 8 9 10 11 12 13 14 15 16 17 0 1 2 3 4 5 6 7 8 9 10 11 12 13 14 15 16 17
#c 0 1 4 3 4 5 6 7 8 9 10 11 12 13 14 15 16 17 0 1 2 3 4 5 7 6 8 9 10 11 12 13 14 15 16 17 0 1 2 3 4 5 7 7 8 9 10 11 12 13 14 15 16 17 0 1 2 3 2 5 6 6 8 9 10 11 12 13 14 15 16 17 0 1 2 3 4 5 6 7 8 9 10 11 12 13 14 15 16 17
1 3 45 67 13 31
4 2 9 27 63 81 49 85
#c 0 1 4 3 4 5 6 7 8 9 10 11 12 13 14 15 16 17 0 1 2 3 4 5 7 6 8 9 10 11 12 13 14 15 16 17 0 1 2 3 4 5 7 7 8 9 10 11 12 13 14 15 16 17 0 1 2 3 2 5 6 6 8 9 10 11 12 13 14 15 16 17 0 1 2 3 4 5 6 7 8 9 10 11 12 13 14 15 16 17
1 1 28 75
4 4 10 46 64 82 3 21 39 57
#c 0 1 4 3 4 5 6 7 8 9 10 11 12 13 14 15 16 17 0 1 2 3 4 5 7 6 8 9 3 11 12 13 14 15 16 17 0 1 2 3 4 5 7 7 8 9 10 11 12 13 14 15 16 17 0 1 2 3 2 5 6 6 8 9 10 11 12 13 14 15 16 17 0 1 2 10 4 5 6 7 8 9 10 11 12 13 14 15 16 17
1 2 65 59 5
4 3 11 29 47 83 23 41 77
#c 0 1 4 3 4 11 6 7 8 9 10 11 12 13 14 15 16 17 0 1 2 3 4 5 7 6 8 9 3 11 12 13 14 15 16 17 0 1 2 3 4 5 7 7 8 9 10 11 12 13 14 15 16 17 0 1 2 3 2 11 6 6 8 9 10 5 12 13 14 15 16 17 0 1 2 10 4 5 6 7 8 9 10 11 12 13 14 15 16 17
1 1 66 60
4 4 12 30 48 84 6 78 25 61
#c 0 1 4 3 4 11 6 7 8 9 10 11 12 13 14 15 16 17 0 1 2 3 4 5 7 6 8 9 3 11 12 13 14 15 16 17 0 1 2 3 4 5 7 7 8 9 10 11 12 13 14 15 16 17 0 1 2 3 2 11 12 6 8 9 10 5 6 13 14 15 16 17 0 1 2 10 4 5 6 7 8 9 10 11 12 13 14 15 16 17
2 2 49 13 86 32
3 3 31 67 85 14 50 68
#c 0 1 4 3 4 11 6 7 8 9 10 11 12 14 14 15 16 17 0 1 2 3 4 5 7 6 8 9 3 11 12 13 13 15 16 17 0 1 2 3 4 5 7 7 8 9 10 11 12 14 14 15 16 17 0 1 2 3 2 11 12 6 8 9 10 5 6 13 14 15 16 17 0 1 2 10 4 5 6 7 8 9 10 11 12 13 13 15 16 17
2 2 13 49 29 59
3 4 14 50 68 11 47 83 5
#c 0 1 4 3 4 11 6 7 8 9 10 11 12 14 14 15 16 17 0 1 2 3 4 5 7 6 8 9 3 11 12 13 13 15 16 17 0 1 2 3 4 5 7 7 8 9 10 11 12 14 14 15 16 17 0 1 2 3 2 11 12 6 8 9 10 5 6 13 14 15 16 17 0 1 2 10 4 5 6 7 8 9 10 11 12 13 13 15 16 17
2 2 51 87 28 3
3 3 15 33 69 21 39 57
#c 0 1 4 3 4 11 6 7 8 9 10 11 12 14 14 15 16 17 0 1 2 3 4 5 7 6 8 9 3 11 12 13 13 15 16 17 0 1 2 3 4 5 7 7 8 9 10 11 12 14 14 15 16 17 0 1 2 3 2 11 12 6 8 9 10 5 6 13 14 15 16 17 0 1 2 10 4 5 6 7 8 9 10 11 12 13 13 15 16 17
2 3 34 88 28 3 21
3 2 16 52 70 39 57
#c 0 1 4 3 4 11 6 7 8 9 10 11 12 14 14 15 16 17 0 1 2 3 4 5 7 6 8 9 3 11 12 13 13 15 16 17 0 1 2 3 4 5 7 7 8 9 10 11 12 14 14 15 16 17 0 1 2 3 2 11 12 6 8 9 10 5 6 13 14 15 16 17 0 1 2 10 4 5 6 7 8 9 10 11 12 13 13 15 16 17
1 1 89 73
4 4 17 35 53 71 1 19 37 55
#c 0 1 4 3 4 11 6 7 8 9 10 11 12 14 14 15 16 17 0 1 2 3 4 5 7 6 8 9 3 11 12 13 13 15 16 17 0 1 2 3 4 5 7 7 8 9 10 11 12 14 14 15 16 17 0 1 2 3 2 11 12 6 8 9 10 5 6 13 14 15 16 17 0 17 2 10 4 5 6 7 8 9 10 11 12 13 13 15 16 1
1 1 54 69
4 4 0 18 36 72 15 33 51 87
#c 0 1 4 3 4 11 6 7 8 9 10 11 12 14 14 15 16 17 0 1 2 3 4 5 7 6 8 9 3 11 12 13 13 15 16 17 0 1 2 3 4 5 7 7 8 9 10 11 12 14 14 15 16 17 15 1 2 3 2 11 12 6 8 9 10 5 6 13 14 0 16 17 0 17 2 10 4 5 6 7 8 9 10 11 12 13 13 15 16 1
1 1 1 5
4 5 19 37 55 89 11 29 47 83 59
#c 0 1 4 3 4 11 6 7 8 9 10 11 12 14 14 15 16 17 0 1 2 3 4 5 7 6 8 9 3 11 12 13 13 15 16 17 0 1 2 3 4 5 7 7 8 9 10 11 12 14 14 15 16 17 15 1 2 3 2 11 12 6 8 9 10 5 6 13 14 0 16 17 0 17 2 10 4 5 6 7 8 9 10 11 12 13 13 15 16 1
2 3 38 58 23 65 77
3 1 20 56 74 41
#c 0 1 4 3 4 11 6 7 8 9 10 11 12 14 14 15 16 17 0 1 2 3 4 5 7 6 8 9 3 11 12 13 13 15 16 17 0 1 2 3 4 5 7 7 8 9 10 11 12 14 14 15 16 17 15 1 2 3 2 11 12 6 8 9 10 5 6 13 14 0 16 17 0 17 2 10 4 5 6 7 8 9 10 11 12 13 13 15 16 1
2 2 39 21 2 76
3 3 3 57 28 4 22 40
#c 0 1 3 3 4 11 6 7 8 9 10 11 12 14 14 15 16 17 0 1 2 4 4 5 7 6 8 9 3 11 12 13 13 15 16 17 0 1 2 4 4 5 7 7 8 9 10 11 12 14 14 15 16 17 15 1 2 3 2 11 12 6 8 9 10 5 6 13 14 0 16 17 0 17 2 10 3 5 6 7 8 9 10 11 12 13 13 15 16 1
1 1 4 67
4 4 22 40 39 21 31 85 86 32
#c 0 1 3 3 4 11 6 7 8 9 10 11 12 14 14 15 16 17 0 1 2 4 4 5 7 6 8 9 3 11 12 13 13 15 16 17 0 1 2 4 4 5 7 7 8 9 10 11 12 14 14 15 16 17 15 1 2 3 2 11 12 6 8 9 10 5 6 13 14 0 16 17 0 17 2 10 3 5 6 7 8 9 10 11 12 13 13 15 16 1
2 2 77 65 71 73
2 3 23 41 17 35 53
#c 0 1 3 3 4 11 6 7 8 9 10 11 12 14 14 15 16 17 0 1 2 4 4 5 7 6 8 9 3 11 12 13 13 15 16 17 0 1 2 4 4 5 7 7 8 9 10 11 12 14 14 15 16 17 15 1 2 3 2 11 12 6 8 9 10 17 6 13 14 0 16 5 0 5 2 10 3 17 6 7 8 9 10 11 12 13 13 15 16 1
2 2 66 25 11 5
3 4 6 78 61 29 47 83 59
#c 0 1 3 3 4 6 6 7 8 9 10 6 12 14 14 15 16 17 0 1 2 4 4 5 7 11 8 9 3 11 12 13 13 15 16 17 0 1 2 4 4 5 7 7 8 9 10 11 12 14 14 15 16 17 15 1 2 3 2 11 12 6 8 9 10 17 11 13 14 0 16 5 0 5 2 10 3 17 6 7 8 9 10 11 12 13 13 15 16 1
1 1 42 4
4 4 7 43 79 24 22 40 39 21
#c 0 1 3 3 4 6 6 7 8 9 10 6 12 14 14 15 16 17 0 1 2 4 4 5 7 11 8 9 3 11 12 13 13 15 16 17 0 1 2 4 4 5 7 7 8 9 10 11 12 14 14 15 16 17 15 1 2 3 2 11 12 6 8 9 10 17 11 13 14 0 16 5 0 5 2 10 3 17 6 7 8 9 10 11 12 13 13 15 16 1
1 1 62 89
4 4 8 26 44 80 1 19 37 55
#c 0 1 3 3 4 6 6 7 8 9 10 6 12 14 14 15 16 17 0 1 2 4 4 5 7 11 8 9 3 11 12 13 13 15 16 17 0 1 2 4 4 5 7 7 8 9 10 11 12 14 14 15 16 17 15 1 2 3 2 11 12 6 1 9 10 17 11 13 14 0 16 5 0 5 2 10 3 17 6 7 8 9 10 11 12 13 13 15 16 8
1 1 63 18
4 4 9 27 45 81 0 36 72 69
#c 0 1 3 3 4 6 6 7 8 9 10 6 12 14 14 15 16 17 9 1 2 4 4 5 7 11 8 9 3 11 12 13 13 15 16 17 0 1 2 4 4 5 7 7 8 9 10 11 12 14 14 15 16 17 15 1 2 3 2 11 12 6 1 0 10 17 11 13 14 0 16 5 0 5 2 10 3 17 6 7 8 9 10 11 12 13 13 15 16 8
2 2 82 64 18 9
3 3 10 46 75 27 45 81
#c 0 1 3 3 4 6 6 7 8 9 10 6 12 14 14 15 16 17 9 1 2 4 4 5 7 11 8 9 3 11 12 13 13 15 16 17 0 1 2 4 4 5 7 7 8 9 10 11 12 14 14 15 16 17 15 1 2 3 2 11 12 6 1 0 10 17 11 13 14 0 16 5 0 5 2 10 3 17 6 7 8 9 10 11 12 13 13 15 16 8
1 1 47 13
5 4 29 83 59 66 25 14 50 68 49
#c 0 1 3 3 4 6 6 7 8 9 10 6 12 11 14 15 16 17 9 1 2 4 4 5 7 11 8 9 3 11 12 13 13 15 16 17 0 1 2 4 4 5 7 7 8 9 10 14 12 14 14 15 16 17 15 1 2 3 2 11 12 6 1 0 10 17 11 13 14 0 16 5 0 5 2 10 3 17 6 7 8 9 10 11 12 13 13 15 16 8
1 1 84 86
4 4 12 30 48 60 31 67 85 32
#c 0 1 3 3 4 6 6 7 8 9 10 6 12 11 14 15 16 17 9 1 2 4 4 5 7 11 8 9 3 11 12 13 13 15 16 17 0 1 2 4 4 5 7 7 8 9 10 14 12 14 14 15 16 17 15 1 2 3 2 11 12 6 1 0 10 17 11 13 14 0 16 5 0 5 2 10 3 17 6 7 8 9 10 11 12 13 13 15 16 8
1 1 67 82
4 4 31 85 86 32 10 46 64 75
#c 0 1 3 3 4 6 6 7 8 9 10 6 12 11 14 15 16 17 9 1 2 4 4 5 7 11 8 9 3 11 12 13 13 15 16 17 0 1 2 4 4 5 7 7 8 9 10 14 12 14 14 15 16 17 15 1 2 3 2 11 12 6 1 0 10 17 11 13 14 0 16 5 0 5 2 10 3 17 6 7 8 9 10 11 12 13 13 15 16 8
1 1 50 34
4 4 14 68 49 47 16 52 70 88
#c 0 1 3 3 4 6 6 7 8 9 10 6 12 11 14 15 16 17 9 1 2 4 4 5 7 11 8 9 3 11 12 13 13 15 14 17 0 1 2 4 4 5 7 7 8 9 10 14 12 14 16 15 16 17 15 1 2 3 2 11 12 6 1 0 10 17 11 13 14 0 16 5 0 5 2 10 3 17 6 7 8 9 10 11 12 13 13 15 16 8
2 2 33 15 74 58
3 3 51 87 54 20 38 56
#c 0 1 3 3 4 6 6 7 8 9 10 6 12 11 14 2 16 17 9 1 2 4 4 5 7 11 8 9 3 11 12 13 13 2 14 17 0 1 2 4 4 5 7 7 8 9 10 14 12 14 16 15 16 17 15 1 2 3 15 11 12 6 1 0 10 17 11 13 14 0 16 5 0 5 15 10 3 17 6 7 8 9 10 11 12 13 13 15 16 8
2 2 70 16 72 69
3 3 52 88 50 0 36 63
#c 0 1 3 3 4 6 6 7 8 9 10 6 12 11 14 2 16 17 9 1 2 4 4 5 7 11 8 9 3 11 12 13 13 2 14 17 0 1 2 4 4 5 7 7 8 9 10 14 12 14 16 15 16 17 15 1 2 3 15 11 12 6 1 0 10 17 11 13 14 0 16 5 0 5 15 10 3 17 6 7 8 9 10 11 12 13 13 15 16 8
1 1 65 83
4 5 17 35 53 77 29 59 66 25 13
#c 0 1 3 3 4 6 6 7 8 9 10 6 12 11 14 2 16 17 9 1 2 4 4 5 7 11 8 9 3 11 12 13 13 2 14 17 0 1 2 4 4 5 7 7 8 9 10 14 12 14 16 15 16 17 15 1 2 3 15 11 12 6 1 0 10 17 11 13 14 0 16 5 0 5 15 10 3 17 6 7 8 9 10 11 12 13 13 15 16 8
2 3 69 72 2 3 57
3 2 0 36 63 28 76
#c 0 1 3 3 4 6 6 7 8 9 10 6 12 11 14 2 16 17 9 1 2 4 4 5 7 11 8 9 3 11 12 13 13 2 14 17 0 1 2 4 4 5 7 7 8 9 10 14 12 14 16 15 16 17 15 1 2 3 15 11 12 6 1 0 10 17 11 13 14 0 16 5 0 5 15 10 3 17 6 7 8 9 10 11 12 13 13 15 16 8
1 1 37 43
4 4 1 19 55 62 7 79 24 42
#c 0 1 3 3 4 6 6 7 8 9 10 6 12 11 14 2 16 17 9 1 2 4 4 5 7 11 8 9 3 11 12 13 13 2 14 17 0 1 2 4 4 5 7 7 8 9 10 14 12 14 16 15 16 17 15 1 2 3 15 11 12 6 1 0 10 17 11 13 14 0 16 5 0 5 15 10 3 17 6 7 8 9 10 11 12 13 13 15 16 8
2 1 15 33 72
3 4 20 38 56 0 36 69 63
#c 0 1 3 3 4 6 6 7 8 9 10 6 12 11 14 2 16 17 9 1 2 4 4 5 7 11 8 9 3 11 12 13 13 2 14 17 0 1 2 4 4 5 7 7 8 9 10 14 12 14 16 15 16 17 15 1 2 3 15 11 12 6 1 0 10 17 11 13 14 0 16 5 0 5 15 10 3 17 6 7 8 9 10 11 12 13 13 15 16 8
1 1 28 47
4 4 3 57 2 76 14 68 49 34
#c 0 1 3 3 4 6 6 7 8 9 10 6 12 11 14 2 16 17 9 1 2 4 4 5 7 11 8 9 3 11 12 13 13 2 14 17 0 1 2 4 4 5 7 7 8 9 10 14 12 14 16 15 16 17 15 1 2 3 15 11 12 6 1 0 10 17 11 13 14 0 16 5 0 5 15 10 3 17 6 7 8 9 10 11 12 13 13 15 16 8
2 2 40 21 12 84
3 3 4 22 39 30 48 60
#c 0 1 3 3 4 6 6 7 8 9 10 6 4 11 14 2 16 17 9 1 2 12 4 5 7 11 8 9 3 11 12 13 13 2 14 17 0 1 2 4 12 5 7 7 8 9 10 14 12 14 16 15 16 17 15 1 2 3 15 11 12 6 1 0 10 17 11 13 14 0 16 5 0 5 15 10 3 17 6 7 8 9 10 11 4 13 13 15 16 8
2 2 41 73 6 61
2 3 23 71 78 11 5
#c 0 1 3 3 4 6 6 7 8 9 10 6 4 11 14 2 16 17 9 1 2 12 4 5 7 11 8 9 3 11 12 13 13 2 14 17 0 1 2 4 12 5 7 7 8 9 10 14 12 14 16 15 16 17 15 1 2 3 15 11 12 6 1 0 10 17 11 13 14 0 16 5 0 5 15 10 3 17 6 7 8 9 10 11 4 13 13 15 16 8
2 1 5 6 24
3 4 78 61 11 7 43 79 42
#c 0 1 3 3 4 6 6 7 8 9 10 6 4 11 14 2 16 17 9 1 2 12 4 5 7 11 8 9 3 11 12 13 13 2 14 17 0 1 2 4 12 5 7 7 8 9 10 14 12 14 16 15 16 17 15 1 2 3 15 11 12 6 1 0 10 17 11 13 14 0 16 5 0 5 15 10 3 17 6 7 8 9 10 11 4 13 13 15 16 8
2 1 42 43 40
3 4 7 79 24 30 48 60 21
#c 0 1 3 3 4 6 6 7 8 9 10 6 4 11 14 2 16 17 9 1 2 12 4 5 7 11 8 9 3 11 12 13 13 2 14 17 0 1 2 4 12 5 7 7 8 9 10 14 12 14 16 15 16 17 15 1 2 3 15 11 12 6 1 0 10 17 11 13 14 0 16 5 0 5 15 10 3 17 6 7 8 9 10 11 4 13 13 15 16 8
1 1 80 22
4 4 8 26 44 89 4 39 12 84
#c 0 1 3 3 4 6 6 7 8 9 10 6 4 11 14 2 16 17 9 1 2 12 4 5 7 11 8 9 3 11 12 13 13 2 14 17 0 1 2 4 12 5 7 7 8 9 10 14 12 14 16 15 16 17 15 1 2 3 15 11 12 6 1 0 10 17 11 13 14 0 16 5 0 5 15 10 3 17 6 7 8 9 10 11 4 13 13 15 16 8
1 1 18 58
4 4 9 27 45 81 51 87 54 74
#c 0 1 3 3 4 6 6 7 8 9 10 6 4 11 14 2 16 17 15 1 2 12 4 5 7 11 8 9 3 11 12 13 13 2 14 17 0 1 2 4 12 5 7 7 8 9 10 14 12 14 16 15 16 17 15 1 2 3 9 11 12 6 1 0 10 17 11 13 14 0 16 5 0 5 15 10 3 17 6 7 8 9 10 11 4 13 13 15 16 8
1 1 64 7
4 4 10 46 82 75 43 79 24 42
#c 0 1 3 3 4 6 6 7 8 9 10 6 4 11 14 2 16 17 15 1 2 12 4 5 7 11 8 9 3 11 12 13 13 2 14 17 0 1 2 4 12 5 7 7 8 9 10 14 12 14 16 15 16 17 15 1 2 3 9 11 12 6 1 0 10 17 11 13 14 0 16 5 0 5 15 10 3 17 6 7 8 9 10 11 4 13 13 15 16 8
#c 0 1 3 3 4 6 6 7 8 9 10 6 4 11 14 2 16 17 15 1 2 12 4 5 7 11 8 9 3 11 12 13 13 2 14 17 0 1 2 4 12 5 7 7 8 9 10 14 12 14 16 15 16 17 15 1 2 3 9 11 12 6 1 0 10 17 11 13 14 0 16 5 0 5 15 10 3 17 6 7 8 9 10 11 4 13 13 15 16 8
1 3 21 82 64 75
4 2 30 48 60 40 10 46
#c 0 1 3 3 4 6 6 7 8 9 10 6 4 11 14 2 16 17 15 1 2 10 4 5 7 11 8 9 3 11 12 13 13 2 14 17 0 1 2 4 12 5 7 7 8 9 10 14 12 14 16 15 16 17 15 1 2 3 9 11 12 6 1 0 12 17 11 13 14 0 16 5 0 5 15 12 3 17 6 7 8 9 12 11 4 13 13 15 16 8
1 1 31 56
4 4 67 85 86 32 20 38 33 15
#c 0 1 3 3 4 6 6 7 8 9 10 6 4 11 14 2 16 17 15 1 2 10 4 5 7 11 8 9 3 11 12 13 13 2 14 17 0 1 2 4 12 5 7 7 8 9 10 14 12 14 16 15 16 17 15 1 2 3 9 11 12 6 1 0 12 17 11 13 14 0 16 5 0 5 15 12 3 17 6 7 8 9 12 11 4 13 13 15 16 8
2 3 14 49 26 8 80
3 2 68 47 34 44 89
#c 0 1 3 3 4 6 6 7 8 9 10 6 4 11 14 2 16 17 15 1 2 10 4 5 7 11 8 9 3 11 12 13 13 2 14 17 0 1 2 4 12 5 7 7 8 9 10 14 12 14 16 15 16 17 15 1 2 3 9 11 12 6 1 0 12 17 11 13 14 0 16 5 0 5 15 12 3 17 6 7 8 9 12 11 4 13 13 15 16 8
2 2 18 54 21 46
3 1 51 87 74 10
#c 0 1 3 3 4 6 6 7 8 9 10 6 4 11 14 2 16 17 15 1 2 10 4 5 7 11 8 9 3 11 12 13 13 2 14 17 0 1 2 4 12 5 7 7 8 9 10 14 12 14 16 15 16 17 15 1 2 3 9 11 12 6 1 0 12 17 11 13 14 0 16 5 0 5 15 12 3 17 6 7 8 9 12 11 4 13 13 15 16 8
2 2 70 88 68 49
3 3 16 52 50 14 47 34
#c 0 1 3 3 4 6 6 7 8 9 10 6 4 11 14 2 16 17 15 1 2 10 4 5 7 11 8 9 3 11 12 13 13 2 14 17 0 1 2 4 12 5 7 7 8 9 10 14 12 16 16 15 16 17 15 1 2 3 9 11 12 6 1 0 12 17 11 13 16 0 14 5 0 5 15 12 3 17 6 7 8 9 12 11 4 13 13 15 14 8
2 2 65 53 20 38
3 3 17 35 77 56 33 15
#c 0 1 3 3 4 6 6 7 8 9 10 6 4 11 14 2 16 17 15 1 17 10 4 5 7 11 8 9 3 11 12 13 13 2 14 17 0 1 17 4 12 5 7 7 8 9 10 14 12 16 16 15 16 2 15 1 2 3 9 11 12 6 1 0 12 2 11 13 16 0 14 5 0 5 15 12 3 17 6 7 8 9 12 11 4 13 13 15 14 8
2 3 72 69 42 43 7
3 2 0 36 63 79 24
#c 0 1 3 3 4 6 6 7 8 9 10 6 4 11 14 2 16 17 15 1 17 10 4 5 7 11 8 9 3 11 12 13 13 2 14 17 0 1 17 4 12 5 7 7 8 9 10 14 12 16 16 15 16 2 15 1 2 3 9 11 12 6 1 0 12 2 11 13 16 0 14 5 0 5 15 12 3 17 6 7 8 9 12 11 4 13 13 15 14 8
1 1 37 23
4 3 1 19 55 62 41 71 73
#c 0 1 3 3 4 6 6 7 8 9 10 6 4 11 14 2 16 17 15 1 17 10 4 5 7 11 8 9 3 11 12 13 13 2 14 17 0 1 17 4 12 5 7 7 8 9 10 14 12 16 16 15 16 2 15 1 2 3 9 11 12 6 1 0 12 2 11 13 16 0 14 5 0 5 15 12 3 17 6 7 8 9 12 11 4 13 13 15 14 8
1 1 53 22
4 4 56 33 15 65 4 39 12 84
#c 0 1 3 3 4 6 6 7 8 9 10 6 4 11 14 2 16 17 15 1 17 10 4 5 7 11 8 9 3 11 12 13 13 2 14 17 0 1 17 4 12 5 7 7 8 9 10 14 12 16 16 15 16 2 15 1 2 3 9 11 12 6 1 0 12 2 11 13 16 0 14 5 0 5 15 12 3 17 6 7 8 9 12 11 4 13 13 15 14 8
1 1 3 38
4 4 57 28 2 76 17 35 77 20
#c 0 1 3 3 4 6 6 7 8 9 10 6 4 11 14 2 16 17 15 1 17 10 4 5 7 11 8 9 3 11 12 13 13 2 14 17 0 1 17 4 12 5 7 7 8 9 10 14 12 16 16 15 16 2 15 1 2 3 9 11 12 6 1 0 12 2 11 13 16 0 14 5 0 5 15 12 3 17 6 7 8 9 12 11 4 13 13 15 14 8
2 2 12 39 3 28
3 3 4 22 84 57 2 76
#c 0 1 3 3 4 6 6 7 8 9 10 6 4 11 14 2 16 17 15 1 17 10 4 5 7 11 8 9 3 11 12 13 13 2 14 17 0 1 17 4 12 5 7 7 8 9 10 14 12 16 16 15 16 2 15 1 2 3 9 11 12 6 1 0 12 2 11 13 16 0 14 5 0 5 15 12 3 17 6 7 8 9 12 11 4 13 13 15 14 8
2 2 73 71 9 58
2 3 23 41 27 45 81
#c 0 1 3 3 4 6 6 7 8 5 10 6 4 11 14 2 16 17 15 1 17 10 4 5 7 11 8 9 3 11 12 13 13 2 14 17 0 1 17 4 12 5 7 7 8 9 10 14 12 16 16 15 16 2 15 1 2 3 5 11 12 6 1 0 12 2 11 13 16 0 14 9 0 9 15 12 3 17 6 7 8 9 12 11 4 13 13 15 14 8
1 1 78 57
4 4 6 61 11 5 3 28 2 76
#c 0 1 3 3 4 6 6 7 8 5 10 6 4 11 14 2 16 17 15 1 17 10 4 5 7 11 8 9 3 11 12 13 13 2 14 17 0 1 17 4 12 5 7 7 8 9 10 14 12 16 16 15 16 2 15 1 2 3 5 11 12 6 1 0 12 2 11 13 16 0 14 9 0 9 15 12 3 17 6 7 8 9 12 11 4 13 13 15 14 8
2 2 24 7 44 89
3 3 43 79 42 8 26 80
#c 0 1 3 3 4 6 6 7 8 5 10 6 4 11 14 2 16 17 15 1 17 10 4 5 7 11 8 9 3 11 12 13 13 2 14 17 0 1 17 4 12 5 7 7 8 9 10 14 12 16 16 15 16 2 15 1 2 3 5 11 12 6 1 0 12 2 11 13 16 0 14 9 0 9 15 12 3 17 6 7 8 9 12 11 4 13 13 15 14 8
1 1 26 70
4 4 8 44 80 89 14 47 34 88
#c 0 1 3 3 4 6 6 7 8 5 10 6 4 11 14 2 16 17 15 1 17 10 4 5 7 11 14 9 3 11 12 13 13 2 14 17 0 1 17 4 12 5 7 7 8 9 10 14 12 16 16 15 16 2 15 1 2 3 5 11 12 6 1 0 12 2 11 13 16 0 8 9 0 9 15 12 3 17 6 7 8 9 12 11 4 13 13 15 14 8
2 1 81 45 55
3 4 27 73 71 1 19 37 62
#c 0 1 3 3 4 6 6 7 8 5 10 6 4 11 14 2 16 17 15 1 17 10 4 5 7 11 14 9 3 11 12 13 13 2 14 17 0 1 17 4 12 5 7 7 8 1 10 14 12 16 16 15 16 2 15 9 2 3 5 11 12 6 1 0 12 2 11 13 16 0 8 9 0 9 15 12 3 17 6 7 8 1 12 11 4 13 13 15 14 8
1 1 46 57
2 4 10 21 3 28 2 76
#c 0 1 3 3 4 6 6 7 8 5 10 6 4 11 14 2 16 17 15 1 17 10 4 5 7 11 14 9 3 11 12 13 13 2 14 17 0 1 17 4 12 5 7 7 8 1 3 14 12 16 16 15 16 2 15 9 2 10 5 11 12 6 1 0 12 2 11 13 16 0 8 9 0 9 15 12 3 17 6 7 8 1 12 11 4 13 13 15 14 8
2 2 13 29 75 40
4 5 83 59 66 25 30 48 60 82 64
#c 0 1 3 3 4 6 6 7 8 5 10 6 4 11 14 2 16 17 15 1 17 10 4 5 7 11 14 9 3 11 12 13 13 2 14 17 0 1 17 4 12 5 7 7 8 1 3 14 12 16 16 15 16 2 15 9 2 10 5 11 12 6 1 0 12 2 11 13 16 0 8 9 0 9 15 12 3 17 6 7 8 1 12 11 4 13 13 15 14 8
2 2 75 40 67 31
5 3 30 48 60 82 64 85 86 32
#c 0 1 3 3 4 6 6 7 8 5 10 6 4 11 14 2 16 17 15 1 17 10 4 5 7 11 14 9 3 11 12 12 13 2 14 17 0 1 17 4 13 5 7 7 8 1 3 14 12 16 16 15 16 2 15 9 2 10 5 11 12 6 1 0 12 2 11 12 16 0 8 9 0 9 15 13 3 17 6 7 8 1 12 11 4 13 13 15 14 8
1 1 85 42
4 4 86 32 75 40 7 43 79 24
#c 0 1 3 3 4 6 6 7 8 5 10 6 4 11 14 2 16 17 15 1 17 10 4 5 7 11 14 9 3 11 12 12 13 2 14 17 0 1 17 4 13 5 7 7 8 1 3 14 12 16 16 15 16 2 15 9 2 10 5 11 12 6 1 0 12 2 11 12 16 0 8 9 0 9 15 13 3 17 6 7 8 1 12 11 4 13 13 15 14 8
2 2 14 88 68 16
3 3 47 34 26 52 50 49
#c 0 1 3 3 4 6 6 7 8 5 10 6 4 11 14 2 16 17 15 1 17 10 4 5 7 11 14 9 3 11 12 12 13 2 14 17 0 1 17 4 13 5 7 7 8 1 3 14 12 16 16 15 16 2 15 9 2 10 5 11 12 6 1 0 12 2 11 12 16 0 8 9 0 9 15 13 3 17 6 7 8 1 12 11 4 13 13 15 14 8
1 1 18 66
4 5 51 87 54 74 29 83 59 25 13
#c 0 1 3 3 4 6 6 7 8 5 10 6 4 11 14 2 16 17 11 1 17 10 4 5 7 11 14 9 3 11 12 12 13 2 14 17 0 1 17 4 13 5 7 7 8 1 3 14 12 16 16 15 16 2 15 9 2 10 5 11 12 6 1 0 12 2 15 12 16 0 8 9 0 9 15 13 3 17 6 7 8 1 12 11 4 13 13 15 14 8
2 2 50 52 27 73
3 2 16 68 49 71 55
#c 0 1 3 3 4 6 6 7 8 5 10 6 4 11 14 2 16 17 11 1 17 10 4 5 7 11 14 9 3 11 12 12 13 2 14 17 0 1 17 4 13 5 7 7 8 1 3 14 12 16 16 15 16 2 15 9 2 10 5 11 12 6 1 0 12 2 15 12 16 0 8 9 0 9 15 13 3 17 6 7 8 1 12 11 4 13 13 15 14 8
1 1 20 73
4 3 17 35 77 38 27 71 55
#c 0 1 3 3 4 6 6 7 8 5 10 6 4 11 14 2 16 17 11 1 17 10 4 5 7 11 14 9 3 11 12 12 13 2 14 17 0 1 17 4 13 5 7 7 8 1 3 14 12 16 16 15 16 2 15 9 2 10 5 11 12 6 1 0 12 2 15 12 16 0 8 9 0 9 15 13 3 17 6 7 8 1 12 11 4 13 13 15 14 8
2 4 63 69 60 67 64 48
3 3 0 36 72 30 82 31
#c 0 1 3 3 4 6 6 7 8 5 10 6 4 11 14 2 16 17 11 1 17 10 4 5 7 11 14 9 3 11 12 12 13 2 14 17 0 1 17 4 13 5 7 7 8 1 3 14 12 16 16 15 16 2 15 9 2 10 5 11 12 6 1 0 12 2 15 12 16 0 8 9 0 9 15 13 3 17 6 7 8 1 12 11 4 13 13 15 14 8
#c 0 1 3 3 4 6 6 7 8 5 10 6 4 11 14 2 16 17 11 1 17 10 4 5 7 11 14 9 3 11 12 12 13 2 14 17 0 1 17 4 13 5 7 7 8 1 3 14 12 16 16 15 16 2 15 9 2 10 5 11 12 6 1 0 12 2 15 12 16 0 8 9 0 9 15 13 3 17 6 7 8 1 12 11 4 13 13 15 14 8
1 1 53 66
4 4 56 33 15 65 51 87 54 74
#c 0 1 3 3 4 6 6 7 8 5 10 6 4 11 14 2 16 17 11 1 17 10 4 5 7 11 14 9 3 11 12 12 13 2 14 17 0 1 17 4 13 5 7 7 8 1 3 14 12 16 16 15 16 15 15 9 2 10 5 11 12 6 1 0 12 2 2 12 16 0 8 9 0 9 15 13 3 17 6 7 8 1 12 11 4 13 13 15 14 8
2 1 76 46 64
3 6 3 28 2 30 48 60 82 67 31
#c 0 1 3 3 4 6 6 7 8 5 10 6 4 11 14 2 16 17 11 1 17 10 4 5 7 11 14 9 3 11 12 12 13 2 14 17 0 1 17 4 13 5 7 7 8 1 3 14 12 16 16 15 16 15 15 9 2 10 5 11 12 6 1 0 12 2 2 12 16 0 8 9 0 9 15 13 3 17 6 7 8 1 12 11 4 13 13 15 14 8
#c 0 1 3 3 4 6 6 7 8 5 10 6 4 11 14 2 16 17 11 1 17 10 4 5 7 11 14 9 3 11 12 12 13 2 14 17 0 1 17 4 13 5 7 7 8 1 3 14 12 16 16 15 16 15 15 9 2 10 5 11 12 6 1 0 12 2 2 12 16 0 8 9 0 9 15 13 3 17 6 7 8 1 12 11 4 13 13 15 14 8
1 1 41 62
3 5 23 9 58 1 19 37 81 45
#c 0 1 3 3 4 6 6 7 8 5 10 6 4 11 14 2 16 17 11 1 17 10 4 5 7 11 14 9 3 11 12 12 13 2 14 17 0 1 17 4 13 5 7 7 8 1 3 14 12 16 16 15 16 15 15 9 2 10 5 11 12 6 1 0 12 2 2 12 16 0 8 9 0 9 15 13 3 17 6 7 8 1 12 11 4 13 13 15 14 8
2 2 5 78 0 69
3 3 6 61 11 36 72 63
#c 0 1 3 3 4 6 6 7 8 5 10 6 4 11 14 2 16 17 11 1 17 10 4 5 7 11 14 9 3 11 12 12 13 2 14 17 0 1 17 4 13 5 7 7 8 1 3 14 12 16 16 15 16 15 15 9 2 10 5 11 12 6 1 0 12 2 2 12 16 0 8 9 0 9 15 13 3 17 6 7 8 1 12 11 4 13 13 15 14 8
2 2 43 79 4 22
3 3 7 24 42 39 12 84
#c 0 1 3 3 4 6 6 7 8 5 10 6 4 11 14 2 16 17 11 1 17 10 4 5 7 11 14 9 3 11 12 12 13 2 14 17 0 1 17 4 13 5 7 7 8 1 3 14 12 16 16 15 16 15 15 9 2 10 5 11 12 6 1 0 12 2 2 12 16 0 8 9 0 9 15 13 3 17 6 7 8 1 12 11 4 13 13 15 14 8
2 4 80 44 19 37 81 62
3 2 8 89 70 1 45
#c 0 1 3 3 4 6 6 7 8 5 10 6 4 11 14 2 16 17 11 1 17 10 4 5 7 11 14 9 3 11 12 12 13 2 14 17 0 1 17 4 13 5 7 7 8 1 3 14 12 16 16 15 16 15 15 9 2 10 5 11 12 6 1 0 12 2 2 12 16 0 8 9 0 9 15 13 3 17 6 7 8 1 12 11 4 13 13 15 14 8
1 1 27 26
3 4 73 71 55 14 47 34 88
#c 0 1 3 3 4 6 6 7 8 5 10 6 4 11 14 2 16 17 11 1 17 10 4 5 7 11 14 9 3 11 12 12 13 2 14 17 0 1 17 4 13 5 7 7 8 1 3 14 12 16 16 15 16 15 15 9 2 10 5 11 12 6 1 0 12 2 2 12 16 0 8 9 0 9 15 13 3 17 6 7 8 1 12 11 4 13 13 15 14 8
1 1 10 8
2 4 21 57 44 80 89 70
#c 0 1 3 3 4 6 6 7 8 5 10 6 4 11 14 2 16 17 11 1 17 10 4 5 7 11 14 9 3 11 12 12 13 2 14 17 0 1 17 4 13 5 7 7 8 1 3 14 12 16 16 15 16 15 15 9 2 10 5 11 12 6 1 0 12 2 2 12 16 0 8 9 0 9 15 13 3 17 6 7 8 1 12 11 4 13 13 15 14 8
2 2 59 13 24 7
4 3 29 83 25 18 43 79 42
#c 0 1 3 3 4 6 6 7 8 5 10 6 4 11 14 2 16 17 11 1 17 10 4 5 7 11 14 9 3 11 12 12 13 2 14 17 0 1 17 4 13 5 7 7 8 1 3 14 12 16 16 15 16 15 15 9 2 10 5 11 12 6 1 0 12 2 2 12 16 0 8 9 0 9 15 13 3 17 6 7 8 1 12 11 4 13 13 15 14 8
2 2 64 67 86 40
5 3 30 48 60 82 31 85 32 75
#c 0 1 3 3 4 6 6 7 8 5 10 6 4 11 14 2 16 17 11 1 17 10 4 5 7 11 14 9 3 11 12 12 13 2 14 17 0 1 17 4 13 5 7 7 8 1 3 14 12 16 16 15 16 15 15 9 2 10 5 11 12 6 1 0 12 2 2 12 16 0 8 9 0 9 15 13 3 17 6 7 8 1 12 11 4 13 13 15 14 8
2 2 40 75 56 66
3 3 85 86 32 33 15 65
#c 0 1 3 3 4 6 6 7 8 5 10 6 4 11 14 2 16 17 11 1 17 10 4 5 7 11 14 9 3 11 12 12 13 2 14 17 0 1 17 4 13 5 7 7 8 1 3 14 12 16 16 15 16 15 15 9 2 10 5 11 12 6 1 0 12 2 2 12 16 0 8 9 0 9 15 13 3 17 6 7 8 1 12 11 4 13 13 15 14 8
2 2 47 34 30 48
3 5 14 88 26 60 82 64 67 31
#c 0 1 3 3 4 6 6 7 8 5 10 6 4 11 14 2 16 17 11 1 17 10 4 5 7 11 14 9 3 11 12 12 13 2 14 17 0 1 17 4 13 5 7 7 8 1 3 14 12 16 16 15 16 15 15 9 2 10 5 11 12 6 1 0 12 2 2 12 16 0 8 9 0 9 15 13 3 17 6 7 8 1 12 11 4 13 13 15 14 8
#c 0 1 3 3 4 6 6 7 8 5 10 6 4 11 14 2 16 17 11 1 17 10 4 5 7 11 14 9 3 11 12 12 13 2 14 17 0 1 17 4 13 5 7 7 8 1 3 14 12 16 16 15 16 15 15 9 2 10 5 11 12 6 1 0 12 2 2 12 16 0 8 9 0 9 15 13 3 17 6 7 8 1 12 11 4 13 13 15 14 8
2 2 52 49 6 5
3 3 16 50 68 78 61 11
#c 0 1 3 3 4 16 16 7 8 5 10 6 4 11 14 2 16 17 11 1 17 10 4 5 7 11 14 9 3 11 12 12 13 2 14 17 0 1 17 4 13 5 7 7 8 1 3 14 12 6 16 15 6 15 15 9 2 10 5 11 12 6 1 0 12 2 2 12 16 0 8 9 0 9 15 13 3 17 6 7 8 1 12 11 4 13 13 15 14 8
2 1 20 77 84
3 4 17 35 38 4 22 39 12
#c 0 1 3 3 4 16 16 7 8 5 10 6 4 11 14 2 16 17 11 1 4 10 4 5 7 11 14 9 3 11 12 12 13 2 14 17 0 1 17 4 13 5 7 7 8 1 3 14 12 6 16 15 6 15 15 9 2 10 5 11 12 6 1 0 12 2 2 12 16 0 8 9 0 9 15 13 3 4 6 7 8 1 12 11 17 13 13 15 14 8
1 1 0 46
4 4 36 72 69 63 3 28 2 76
#c 0 1 3 3 4 16 16 7 8 5 10 6 4 11 14 2 16 17 11 1 4 10 4 5 7 11 14 9 3 11 12 12 13 2 14 17 0 1 17 4 13 5 7 7 8 1 3 14 12 6 16 15 6 15 15 9 2 10 5 11 12 6 1 0 12 2 2 12 16 0 8 9 0 9 15 13 3 4 6 7 8 1 12 11 17 13 13 15 14 8
3 3 19 1 62 16 5 68
3 2 37 81 45 50 6
#c 0 1 3 3 4 16 16 7 8 5 10 6 4 11 14 2 16 17 11 1 4 10 4 5 7 11 14 9 3 11 12 12 13 2 14 17 0 1 17 4 13 5 7 7 8 1 3 14 12 6 16 15 6 15 15 9 2 10 5 11 12 6 1 0 12 2 2 12 16 0 8 9 0 9 15 13 3 4 6 7 8 1 12 11 17 13 13 15 14 8
2 2 66 15 73 55
3 2 56 33 65 27 71
#c 0 1 3 3 4 16 16 7 8 5 10 6 4 11 14 2 16 17 11 1 4 10 4 5 7 11 14 9 3 11 12 12 13 2 14 17 0 1 17 4 13 5 7 7 8 1 3 14 12 6 16 15 6 15 15 9 2 10 5 11 12 6 1 0 12 2 2 12 16 0 8 9 0 9 15 13 3 4 6 7 8 1 12 11 17 13 13 15 14 8
1 1 2 86
4 4 3 28 76 46 85 32 75 40
#c 0 1 3 3 4 16 16 7 8 5 10 6 4 11 14 2 16 17 11 1 4 10 4 5 7 11 14 9 3 11 12 12 13 2 14 17 0 1 17 4 13 5 7 7 8 1 3 14 12 6 16 15 6 15 15 9 2 10 5 11 12 6 1 0 12 2 2 12 16 0 8 9 0 9 15 13 3 4 6 7 8 1 12 11 17 13 13 15 14 8
1 1 77 84
5 3 4 22 39 12 20 17 35 38
#c 0 1 3 3 4 16 16 7 8 5 10 6 4 11 14 2 16 17 11 1 4 10 4 5 7 11 14 9 3 11 12 12 13 2 14 17 0 1 17 4 13 5 7 7 8 1 3 14 12 6 16 15 6 15 15 9 2 10 5 11 12 6 1 0 12 2 2 12 16 0 8 9 0 9 15 13 3 4 6 7 8 1 12 11 17 13 13 15 14 8
1 1 58 21
3 2 23 41 9 10 57
#c 0 1 3 3 4 16 16 7 8 5 10 6 4 11 14 2 16 17 11 1 4 10 4 5 7 11 14 9 3 11 12 12 13 2 14 17 0 1 17 4 13 5 7 7 8 1 3 14 12 6 16 15 6 15 15 9 2 10 5 11 12 6 1 0 12 2 2 12 16 0 8 9 0 9 15 13 3 4 6 7 8 1 12 11 17 13 13 15 14 8
1 1 52 5
4 4 78 61 11 49 16 50 68 6
#c 0 1 3 3 4 16 16 7 8 5 10 6 4 11 14 2 16 17 11 1 4 10 4 5 7 11 14 9 3 11 12 12 13 2 14 17 0 1 17 4 13 5 7 7 8 1 3 14 12 6 16 15 6 15 15 9 2 10 5 11 12 6 1 0 12 2 2 12 16 0 8 9 0 9 15 13 3 4 6 7 8 1 12 11 17 13 13 15 14 8
2 2 43 7 15 56
3 3 79 24 42 33 65 66
#c 0 1 3 3 4 16 16 7 8 5 10 6 4 11 14 2 16 17 11 1 4 10 4 5 7 11 14 9 3 11 12 12 13 2 14 17 0 1 17 4 13 5 7 7 8 1 3 14 12 6 16 15 6 15 15 9 2 10 5 11 12 6 1 0 12 2 2 12 16 0 8 9 0 9 15 13 3 4 6 7 8 1 12 11 17 13 13 15 14 8
2 2 70 44 26 14
3 3 8 80 89 47 34 88
#c 0 1 3 3 4 16 16 7 8 5 10 6 4 11 14 2 16 17 11 1 4 10 4 5 7 11 14 9 3 11 12 12 13 2 14 17 0 1 17 4 13 5 7 7 8 1 3 14 12 6 16 15 6 15 15 9 2 10 5 11 12 6 1 0 12 2 2 12 16 0 8 9 0 9 15 13 3 4 6 7 8 1 12 11 17 13 13 15 14 8
1 1 73 44
3 4 27 71 55 8 80 89 70
#c 0 1 3 3 4 16 16 7 8 5 10 6 4 11 14 2 16 17 11 1 4 10 4 5 7 11 14 9 3 11 12 12 13 2 14 17 0 1 17 4 13 5 7 7 8 1 3 14 12 6 16 15 6 15 15 9 2 10 5 11 12 6 1 0 12 2 2 12 16 0 8 9 0 9 15 13 3 4 6 7 8 1 12 11 17 13 13 15 14 8
1 1 10 53
2 4 21 57 51 87 54 74
#c 0 1 3 3 4 16 16 7 8 5 10 6 4 11 14 2 16 17 11 1 4 10 4 5 7 11 14 9 3 11 12 12 13 2 14 17 0 1 17 4 13 5 7 7 8 1 3 14 12 6 16 15 6 15 15 9 2 10 5 11 12 6 1 0 12 2 2 12 16 0 8 9 0 9 15 13 3 4 6 7 8 1 12 11 17 13 13 15 14 8
1 1 25 17
5 3 29 83 59 13 18 35 38 84
#c 0 1 3 3 4 16 16 7 8 5 10 6 4 11 14 2 16 17 11 1 4 10 4 5 7 11 14 9 3 11 12 12 13 2 14 17 0 1 17 4 13 5 7 7 8 1 3 14 12 6 16 15 6 15 15 9 2 10 5 11 12 6 1 0 12 2 2 12 16 0 8 9 0 9 15 13 3 4 6 7 8 1 12 11 17 13 13 15 14 8
3 3 31 60 64 75 86 85
4 2 30 48 82 67 32 40
#c 0 1 3 3 4 16 16 7 8 5 10 6 4 11 14 2 16 17 11 1 4 10 4 5 7 11 14 9 3 11 12 12 13 2 14 17 0 1 17 4 13 5 7 7 8 1 3 14 12 6 16 15 6 15 15 9 2 10 5 11 12 6 1 0 12 2 2 12 16 0 8 9 0 9 15 13 3 4 6 7 8 1 12 11 17 13 13 15 14 8
1 1 85 65
4 4 86 32 75 40 56 33 15 66
#c 0 1 3 3 4 16 16 7 8 5 10 6 4 11 14 2 16 17 11 1 4 10 4 5 7 11 14 9 3 11 12 12 13 2 14 17 0 1 17 4 13 5 7 7 8 1 3 14 12 6 16 15 6 15 15 9 2 10 5 11 12 6 1 0 12 2 2 12 16 0 8 9 0 9 15 13 3 4 6 7 8 1 12 11 17 13 13 15 14 8
1 1 26 31
4 6 14 47 34 88 30 48 60 82 64 67
#c 0 1 3 3 4 16 16 7 8 5 10 6 4 11 14 2 16 17 11 1 4 10 4 5 7 11 14 9 3 11 12 12 13 2 14 17 0 1 17 4 13 5 7 7 8 1 3 14 12 6 16 15 6 15 15 9 2 10 5 11 12 6 1 0 12 2 2 12 16 0 8 9 0 9 15 13 3 4 6 7 8 1 12 11 17 13 13 15 14 8
2 2 51 53 83 18
3 4 87 54 74 29 59 25 13
#c 0 1 3 3 4 16 16 7 8 5 10 6 4 11 14 2 16 17 15 1 4 10 4 5 7 11 14 9 3 11 12 12 13 2 14 17 0 1 17 4 13 5 7 7 8 1 3 14 12 6 16 11 6 11 15 9 2 10 5 11 12 6 1 0 12 2 2 12 16 0 8 9 0 9 15 13 3 4 6 7 8 1 12 15 17 13 13 15 14 8
2 2 16 68 85 40
3 3 50 6 5 86 32 75
#c 0 1 3 3 4 16 16 7 8 5 10 6 4 11 14 2 16 17 15 1 4 10 4 5 7 11 14 9 3 11 12 12 13 2 14 17 0 1 17 4 13 5 7 7 8 1 3 14 12 6 16 11 6 11 15 9 2 10 5 11 12 6 1 0 12 2 2 12 16 0 8 9 0 9 15 13 3 4 6 7 8 1 12 15 17 13 13 15 14 8
2 1 17 84 66
2 4 35 38 56 33 15 65
#c 0 1 3 3 4 16 16 7 8 5 10 6 4 11 14 2 16 17 15 1 4 10 4 5 7 11 14 9 3 11 12 12 13 2 14 17 0 1 17 4 13 5 7 7 8 1 3 14 12 6 16 11 6 11 15 9 2 10 5 11 12 6 1 0 12 2 2 12 16 0 8 9 0 9 15 13 3 4 6 7 8 1 12 15 17 13 13 15 14 8
1 1 36 32
4 4 0 72 69 63 85 86 75 40
#c 0 1 3 3 4 16 16 7 8 5 10 6 4 11 14 2 16 17 15 1 4 10 4 5 7 11 14 9 3 11 12 12 13 2 14 17 0 1 17 4 13 5 7 7 8 1 3 14 12 6 16 11 6 11 15 9 2 10 5 11 12 6 1 0 12 2 2 12 16 0 8 9 0 9 15 13 3 4 6 7 8 1 12 15 17 13 13 15 14 8
1 1 81 20
5 5 1 19 37 62 45 4 22 39 12 77
#c 0 1 3 3 4 16 16 7 8 5 10 6 4 11 14 2 16 17 15 1 1 10 4 5 7 11 14 9 3 11 12 12 13 2 14 17 0 1 17 4 13 5 7 7 8 1 3 14 12 6 16 11 6 11 15 9 2 10 5 11 12 6 1 0 12 2 2 12 16 0 8 9 0 9 15 13 3 4 6 7 8 4 12 15 17 13 13 15 14 8
1 2 33 29 59
4 4 56 15 65 66 25 13 51 53
#c 0 1 3 3 4 16 16 7 8 5 10 6 4 11 14 2 16 17 15 1 1 10 4 5 7 11 14 9 3 2 12 12 13 11 14 17 0 1 17 4 13 5 7 7 8 1 3 14 12 6 16 11 6 11 15 9 2 10 5 2 12 6 1 0 12 2 2 12 16 0 8 9 0 9 15 13 3 4 6 7 8 4 12 15 17 13 13 15 14 8
#c 0 1 3 3 4 16 16 7 8 5 10 6 4 11 14 2 16 17 15 1 1 10 4 5 7 11 14 9 3 2 12 12 13 11 14 17 0 1 17 4 13 5 7 7 8 1 3 14 12 6 16 11 6 11 15 9 2 10 5 2 12 6 1 0 12 2 2 12 16 0 8 9 0 9 15 13 3 4 6 7 8 4 12 15 17 13 13 15 14 8
3 3 39 77 81 28 3 46
3 2 4 22 12 2 76
#c 0 1 3 3 4 16 16 7 8 5 10 6 4 11 14 2 16 17 15 1 1 10 4 5 7 11 14 9 3 2 12 12 13 11 14 17 0 1 17 4 13 5 7 7 8 1 3 14 12 6 16 11 6 11 15 9 2 10 5 2 12 6 1 0 12 2 2 12 16 0 8 9 0 9 15 13 3 4 6 7 8 4 12 15 17 13 13 15 14 8
2 2 58 9 50 16
2 3 23 41 68 6 5
#c 0 1 3 3 4 16 16 7 8 5 10 6 4 11 14 2 16 17 15 1 1 10 4 5 7 11 14 9 3 2 12 12 13 11 14 17 0 1 17 4 13 5 7 7 8 1 3 14 12 6 16 11 6 11 15 9 2 10 5 2 12 6 1 0 12 2 2 12 16 0 8 9 0 9 15 13 3 4 6 7 8 4 12 15 17 13 13 15 14 8
2 2 61 78 32 75
3 3 11 52 49 85 86 40
#c 0 1 3 3 4 16 16 7 8 5 10 6 4 11 14 2 16 17 15 1 1 10 4 5 7 11 14 9 3 2 12 12 13 11 14 17 0 1 17 4 13 5 7 7 8 1 3 14 12 6 16 11 6 11 15 9 2 10 5 2 12 6 1 0 12 2 2 12 16 0 8 9 0 9 15 13 3 4 6 7 8 4 12 15 17 13 13 15 14 8
2 2 79 43 64 30
3 5 7 24 42 48 60 82 67 31
#c 0 1 3 3 4 16 16 7 8 5 10 6 4 11 14 2 16 17 15 1 1 10 4 5 7 11 14 9 3 2 12 12 13 11 14 17 0 1 17 4 13 5 7 7 8 1 3 14 12 6 16 11 6 11 15 9 2 10 5 2 12 6 1 0 12 2 2 12 16 0 8 9 0 9 15 13 3 4 6 7 8 4 12 15 17 13 13 15 14 8
2 2 80 8 11 52
3 3 44 89 70 78 61 49
#c 0 1 3 3 4 16 16 7 8 5 10 6 4 11 14 2 16 17 15 1 1 10 4 5 7 11 14 9 3 2 12 12 13 11 14 17 0 1 17 4 13 5 7 7 8 1 3 14 12 6 16 11 6 11 15 9 2 10 5 2 12 6 1 0 12 2 2 12 16 0 8 9 0 9 15 13 3 4 6 7 8 4 12 15 17 13 13 15 14 8
2 1 73 27 78
2 4 71 55 61 11 52 49
#c 0 1 3 3 4 16 16 7 8 5 10 6 4 11 14 2 16 17 15 1 1 10 4 5 7 11 14 9 3 2 12 12 13 11 14 17 0 1 17 4 13 5 7 7 8 1 3 14 12 6 16 11 6 11 15 9 2 10 5 2 12 6 1 0 12 2 2 12 16 0 8 9 0 9 15 13 3 4 6 7 8 4 12 15 17 13 13 15 14 8
1 1 10 79
2 4 21 57 7 43 24 42
#c 0 1 3 3 4 16 16 7 8 5 10 6 4 11 14 2 16 17 15 1 1 10 4 5 7 11 14 9 3 2 12 12 13 11 14 17 0 1 17 4 13 5 7 7 8 1 3 14 12 6 16 11 6 11 15 9 2 10 5 2 12 6 1 0 12 2 2 12 16 0 8 9 0 9 15 13 3 4 6 7 8 4 12 15 17 13 13 15 14 8
1 1 25 80
4 4 13 51 53 33 8 44 89 70
#c 0 1 3 3 4 16 16 7 8 5 10 6 4 11 14 2 16 17 15 1 1 10 4 5 7 11 14 9 3 2 12 12 13 11 14 17 0 1 17 4 13 5 7 7 8 1 3 14 12 6 16 11 6 11 15 9 2 10 5 2 12 6 1 0 12 2 2 12 16 0 8 9 0 9 15 13 3 4 6 7 8 4 12 15 17 13 13 15 14 8
1 3 82 27 55 71
6 1 30 48 60 64 67 31 73
#c 0 1 3 3 4 16 16 7 8 5 10 6 4 11 14 2 16 17 15 1 1 10 4 5 7 11 14 9 3 2 12 12 13 11 14 17 0 1 17 4 13 5 7 7 8 1 3 14 12 6 16 11 6 11 15 9 2 10 5 2 12 6 1 0 12 2 2 12 16 0 8 9 0 9 15 13 3 4 6 7 8 4 12 15 17 13 13 15 14 8
2 2 85 75 65 59
3 4 86 32 40 56 15 66 29
#c 0 1 3 3 4 16 16 7 8 5 10 6 4 11 14 2 16 17 15 1 1 10 4 5 7 11 14 9 3 2 12 12 13 11 14 17 0 1 17 4 13 5 7 7 8 1 3 14 12 6 16 11 6 11 15 9 2 10 5 2 12 6 1 0 12 2 2 12 16 0 8 9 0 9 15 13 3 4 6 7 8 4 12 15 17 13 13 15 14 8
2 1 34 88 30
3 6 14 47 26 48 60 82 64 67 31
#c 0 1 3 3 4 16 16 7 8 5 10 6 4 11 14 2 16 17 15 1 1 10 4 5 7 11 14 9 3 2 12 12 13 11 14 17 0 1 17 4 13 5 7 7 8 1 3 14 12 6 16 11 6 11 15 9 2 10 5 2 12 6 1 0 12 2 2 12 16 0 8 9 0 9 15 13 3 4 6 7 8 4 12 15 17 13 13 15 14 8
2 2 83 54 47 34
3 3 87 74 18 14 88 26
#c 0 1 3 3 4 16 16 7 8 5 10 6 4 11 14 2 16 17 15 1 1 10 4 5 7 11 14 9 3 2 12 12 13 11 14 17 0 1 17 4 13 5 7 7 8 1 3 14 12 6 16 11 6 11 15 9 2 10 5 2 12 6 1 0 12 2 2 12 16 0 8 9 0 9 15 13 3 4 6 7 8 4 12 15 17 13 13 15 14 8
1 1 6 19
4 5 16 50 68 5 1 37 62 45 20
#c 0 1 3 3 4 16 1 7 8 5 10 6 4 11 14 2 16 17 15 16 1 10 4 5 7 11 14 9 3 2 12 12 13 11 14 17 0 1 17 4 13 5 7 7 8 1 3 14 12 6 16 11 6 11 15 9 2 10 5 2 12 6 1 0 12 2 2 12 16 0 8 9 0 9 15 13 3 4 6 7 8 4 12 15 17 13 13 15 14 8
1 1 38 71
3 3 17 35 84 27 73 55
#c 0 1 3 3 4 16 1 7 8 5 10 6 4 11 14 2 16 17 15 16 1 10 4 5 7 11 14 9 3 2 12 12 13 11 14 17 0 1 9 4 13 5 7 7 8 1 3 14 12 6 16 11 6 11 15 9 2 10 5 2 12 6 1 0 12 2 2 12 16 0 8 17 0 9 15 13 3 4 6 7 8 4 12 15 17 13 13 15 14 8
1 1 69 59
4 5 0 36 72 63 56 15 65 66 29
#c 0 1 3 3 4 16 1 7 8 5 10 6 4 11 14 2 16 17 15 16 1 10 4 5 7 11 14 9 3 2 12 12 13 11 14 17 0 1 9 4 13 5 7 7 8 1 3 14 12 6 16 11 6 11 15 9 2 10 5 2 12 6 1 0 12 2 2 12 16 0 8 17 0 9 15 13 3 4 6 7 8 4 12 15 17 13 13 15 14 8
2 1 6 1 11
4 4 37 62 45 20 78 61 52 49
#c 0 1 3 3 4 16 1 7 8 5 10 6 4 11 14 2 16 17 15 16 1 10 4 5 7 11 14 9 3 2 12 12 13 11 14 17 0 1 9 4 13 5 7 7 8 1 3 14 12 6 16 11 6 11 15 9 2 10 5 2 12 6 1 0 12 2 2 12 16 0 8 17 0 9 15 13 3 4 6 7 8 4 12 15 17 13 13 15 14 8
1 1 29 21
5 2 56 15 65 66 59 10 57
#c 0 1 3 3 4 16 1 7 8 5 10 6 4 11 14 2 16 17 15 16 1 10 4 5 7 11 14 9 3 2 12 12 13 11 14 17 0 1 9 4 13 5 7 7 8 1 3 14 12 6 16 11 6 11 15 9 2 10 5 2 12 6 1 0 12 2 2 12 16 0 8 17 0 9 15 13 3 4 6 7 8 4 12 15 17 13 13 15 14 8
2 2 2 76 49 11
3 3 3 28 46 78 61 52
#c 0 1 3 3 4 16 1 7 8 5 10 6 4 11 14 2 16 17 15 16 1 10 4 5 7 11 14 9 3 2 12 12 13 11 14 17 0 1 9 4 13 5 7 7 8 1 3 14 12 6 16 11 6 11 15 9 2 10 5 2 12 6 1 0 12 2 2 12 16 0 8 17 0 9 15 13 3 4 6 7 8 4 12 15 17 13 13 15 14 8
#c 0 1 3 3 4 16 1 7 8 5 10 6 4 11 14 2 16 17 15 16 1 10 4 5 7 11 14 9 3 2 12 12 13 11 14 17 0 1 9 4 13 5 7 7 8 1 3 14 12 6 16 11 6 11 15 9 2 10 5 2 12 6 1 0 12 2 2 12 16 0 8 17 0 9 15 13 3 4 6 7 8 4 12 15 17 13 13 15 14 8
1 1 58 69
3 4 23 41 9 0 36 72 63
#c 0 1 3 3 4 16 1 7 8 5 10 6 4 11 14 2 16 17 15 16 1 10 4 5 7 11 14 9 3 2 12 12 13 11 14 17 0 1 9 4 13 5 7 7 8 1 3 14 12 6 16 11 6 11 15 9 2 10 5 2 12 6 1 0 12 2 2 12 16 0 8 17 0 9 15 13 3 4 6 7 8 4 12 15 17 13 13 15 14 8
2 2 49 11 14 26
3 3 78 61 52 47 34 88
#c 0 1 3 3 4 16 1 7 8 5 10 6 4 11 14 2 16 17 15 16 1 10 4 5 7 11 14 9 3 2 12 12 13 11 14 17 0 1 9 4 13 5 7 7 8 1 3 14 12 6 16 11 6 11 15 9 2 10 5 2 12 6 1 0 12 2 2 12 16 0 8 17 0 9 15 13 3 4 6 7 8 4 12 15 17 13 13 15 14 8
1 1 42 64
4 6 7 43 79 24 30 48 60 82 67 31
#c 0 1 3 3 4 16 1 7 8 5 10 6 4 11 14 2 16 17 15 16 1 10 4 5 7 11 14 9 3 2 12 12 13 11 14 17 0 1 9 4 13 5 7 7 8 1 3 14 12 6 16 11 6 11 15 9 2 10 5 2 12 6 1 0 12 2 2 12 16 0 8 17 0 9 15 13 3 4 6 7 8 4 12 15 17 13 13 15 14 8
1 1 44 78
0 1 3 3 4 16 1 7 8 5 10 6 4 11 14 2 16 17 15 16 1 10 4 5 7 11 14 9 3 2 12 12 13 11 14 17 0 1 9 4 13 5 7 7 8 1 3 14 12 6 16 11 6 11 15 9 2 10 5 2 12 6 1 0 12 2 2 12 16 0 8 17 0 9 15 13 3 4 6 7 8 4 12 15 17 13 13 15 14 8
