#c 0 1 2 3 4 5 6 7 0 1 2 3 4 5 6 7 0 1 2 3 4 5 6 7 0 1 2 3 4 5 6 7
2 3 17 1 28 20 4
2 1 9 25 12
#c 0 1 2 3 4 5 6 7 0 1 2 3 4 5 6 7 0 1 2 3 4 5 6 7 0 1 2 3 4 5 6 7
2 2 2 18 1 25
2 2 10 26 9 17
#c 0 2 1 3 4 5 6 7 0 1 2 3 4 5 6 7 0 1 1 3 4 5 6 7 0 2 2 3 4 5 6 7
2 2 27 11 10 1
2 2 3 19 26 25
#c 0 3 1 3 4 5 6 7 0 1 3 2 4 5 6 7 0 1 1 3 4 5 6 7 0 2 2 2 4 5 6 7
1 1 28 3
3 3 4 12 20 19 10 1
#c 0 3 1 3 4 5 6 7 0 1 3 2 4 5 6 7 0 1 1 3 4 5 6 7 0 2 2 2 4 5 6 7
1 1 13 0
3 3 5 21 29 8 16 24
#c 5 3 1 3 4 5 6 7 0 1 3 2 4 0 6 7 0 1 1 3 4 5 6 7 0 2 2 2 4 5 6 7
1 1 6 21
3 3 14 22 30 5 29 0
#c 5 3 1 3 4 5 6 7 0 1 3 2 4 0 6 7 0 1 1 3 4 5 6 7 0 2 2 2 4 5 6 7
1 2 31 18 2
3 2 7 15 23 9 17
#c 5 3 1 3 4 5 6 7 0 1 3 2 4 0 6 7 0 1 1 3 4 5 6 7 0 2 2 2 4 5 6 7
1 1 13 14
3 3 8 16 24 6 22 30
#c 5 3 1 3 4 5 6 7 0 1 3 2 4 0 6 7 0 1 1 3 4 5 6 7 0 2 2 2 4 5 6 7
1 1 9 21
3 3 17 2 18 5 29 0
#c 5 3 1 3 4 5 6 7 0 5 3 2 4 0 6 7 0 1 1 3 4 1 6 7 0 2 2 2 4 5 6 7
1 1 27 30
3 3 26 25 11 6 14 22
#c 5 3 1 3 4 5 6 7 0 5 3 2 4 0 6 7 0 1 1 3 4 1 6 7 0 2 2 2 4 5 6 7
1 1 3 6
3 3 19 10 1 14 22 30
#c 5 3 1 3 4 5 6 7 0 5 3 2 4 0 6 7 0 1 1 3 4 1 6 7 0 2 2 2 4 5 6 7
1 1 4 0
3 3 12 20 28 5 29 9
#c 4 3 1 3 5 5 6 7 0 5 3 2 4 0 6 7 0 1 1 3 4 1 6 7 0 2 2 2 4 5 6 7
2 1 5 9 3
2 3 29 4 19 10 1
#c 4 3 1 3 5 5 6 7 0 5 3 2 4 0 6 7 0 1 1 3 4 1 6 7 0 2 2 2 4 5 6 7
1 1 14 27
3 3 6 22 30 26 25 11
#c 4 3 1 3 5 5 6 7 0 5 3 2 4 0 6 7 0 1 1 3 4 1 6 7 0 2 2 2 4 5 6 7
1 1 23 11
3 3 7 15 31 26 25 27
#c 4 3 1 3 5 5 6 7 0 5 3 2 4 0 6 7 0 1 1 3 4 1 6 7 0 2 2 2 4 5 6 7
#c 4 3 1 3 5 5 6 7 0 5 3 2 4 0 6 7 0 1 1 3 4 1 6 7 0 2 2 2 4 5 6 7
2 2 17 2 3 19
2 2 18 21 10 1
#c 4 3 1 3 5 5 6 7 0 5 3 2 4 0 6 7 0 1 1 3 4 1 6 7 0 2 2 2 4 5 6 7
2 2 26 25 9 5
2 2 27 11 29 4
#c 4 3 1 3 5 5 6 7 0 5 3 2 4 0 6 7 0 1 1 3 4 1 6 7 0 2 2 2 4 5 6 7
#c 4 3 1 3 5 5 6 7 0 5 3 2 4 0 6 7 0 1 1 3 4 1 6 7 0 2 2 2 4 5 6 7
2 2 20 28 13 8
2 2 12 0 16 24
#c 4 3 1 3 5 5 6 7 4 5 3 2 4 4 6 7 0 1 1 3 0 1 6 7 0 2 2 2 0 5 6 7
1 1 5 27
3 3 29 9 4 26 25 11
#c 4 3 1 3 5 5 6 7 4 5 3 2 4 4 6 7 0 1 1 3 0 1 6 7 0 2 2 2 0 5 6 7
2 3 30 22 15 23 7
2 1 6 14 31
#c 4 3 1 3 5 5 6 7 4 5 3 2 4 4 6 7 0 1 1 3 0 1 6 7 0 2 2 2 0 5 6 7
2 2 7 23 0 13
2 2 15 31 12 8
#c 4 3 1 3 5 5 6 7 4 5 3 2 4 4 6 7 0 1 1 3 0 1 6 7 0 2 2 2 0 5 6 7
#c 4 3 1 3 5 5 6 7 4 5 3 2 4 4 6 7 0 1 1 3 0 1 6 7 0 2 2 2 0 5 6 7
2 2 18 2 1 10
2 2 17 21 3 19
#c 4 1 3 3 5 5 6 7 4 5 1 2 4 4 6 7 0 1 3 3 0 1 6 7 0 2 2 2 0 5 6 7
1 1 11 24
3 3 26 25 27 16 20 28
#c 4 1 3 3 5 5 6 7 4 5 1 2 4 4 6 7 0 1 3 3 0 1 6 7 0 2 2 2 0 5 6 7
2 1 19 3 31
2 3 18 2 7 15 23
#c 4 1 3 3 5 5 6 7 4 5 1 2 4 4 6 7 0 1 3 3 0 1 6 7 0 2 2 2 0 5 6 7
2 1 0 13 26
2 3 12 8 25 27 11
#c 2 1 3 3 5 5 6 7 4 5 1 2 4 2 6 7 0 1 3 3 0 1 6 7 0 2 4 2 0 5 6 7
1 1 5 8
3 2 29 9 4 12 26
#c 2 1 3 3 5 4 6 7 5 5 1 2 4 2 6 7 0 1 3 3 0 1 6 7 0 2 4 2 0 5 6 7
1 1 30 11
3 4 6 14 22 25 27 0 13
#c 2 1 3 3 5 4 6 7 5 5 1 2 4 2 6 7 0 1 3 3 0 1 6 7 0 2 4 2 0 5 6 7
2 2 31 23 9 8
2 2 7 15 29 4
#c 2 1 3 3 5 4 6 7 5 5 1 2 4 2 6 7 0 1 3 3 0 1 6 7 0 2 4 2 0 5 6 7
2 2 28 16 3 19
2 2 24 20 18 2
#c 2 1 3 0 5 4 6 7 5 5 1 2 4 2 6 7 3 1 3 0 0 1 6 7 0 2 4 2 3 5 6 7
1 3 17 16 18 2
3 1 21 1 10 28
#c 2 1 3 0 5 4 6 7 5 5 1 2 4 2 6 7 3 1 3 0 0 1 6 7 0 2 4 2 3 5 6 7
1 1 11 9
4 3 25 27 0 13 29 4 8
#c 2 1 3 0 5 4 6 7 5 5 1 2 4 2 6 7 3 1 3 0 0 1 6 7 0 2 4 2 3 5 6 7
1 1 28 25
3 4 18 2 16 27 11 0 13
#c 2 1 3 0 5 4 6 7 5 5 1 2 4 2 6 7 3 1 3 0 0 1 6 7 0 2 4 2 3 5 6 7
1 1 12 15
2 3 26 5 7 23 31
#c 2 1 3 0 5 4 6 7 5 5 1 2 7 2 6 4 3 1 3 0 0 1 6 7 0 2 4 2 3 5 6 7
2 1 29 8 11
2 4 9 4 25 27 0 13
#c 2 1 3 0 5 4 6 7 5 5 1 2 7 2 6 4 3 1 3 0 0 1 6 7 0 2 4 2 3 5 6 7
1 1 6 25
3 4 14 22 30 27 11 0 13
#c 2 1 3 0 5 4 2 7 5 5 1 2 7 2 6 4 3 1 3 0 0 1 6 7 0 6 4 2 3 5 6 7
1 1 7 21
3 3 23 31 12 17 1 10
#c 2 1 3 0 5 4 2 7 5 5 1 2 7 2 6 4 3 1 3 0 0 1 6 7 0 6 4 2 3 5 6 7
1 3 24 25 14 22
3 1 20 3 19 30
#c 2 1 3 0 5 4 2 7 5 5 1 2 7 2 6 4 3 1 3 0 0 1 6 7 0 6 4 2 3 5 6 7
1 1 17 11
3 4 21 1 10 27 0 13 6
#c 2 1 3 0 5 4 2 7 5 5 1 2 7 2 6 4 3 1 3 0 0 1 6 7 0 6 4 2 3 5 6 7
1 1 6 29
4 3 27 11 0 13 9 4 8
#c 2 1 3 0 5 4 5 7 5 5 1 2 7 2 6 4 3 1 3 0 0 1 6 7 0 6 4 2 3 2 6 7
2 2 28 2 24 20
2 2 18 16 3 19
#c 2 1 0 0 5 4 5 7 5 5 1 2 7 2 6 4 3 1 3 0 3 1 6 7 3 6 4 2 0 2 6 7
1 1 26 24
2 3 5 15 18 16 20
#c 2 1 0 0 5 4 5 7 5 5 1 2 7 2 6 4 3 1 3 0 3 1 6 7 4 6 3 2 0 2 6 7
2 2 9 6 14 25
2 2 4 8 22 30
#c 2 1 0 0 5 4 5 7 5 5 1 2 7 2 6 4 3 1 3 0 3 1 6 7 4 6 3 2 0 2 6 7
2 1 25 22 11
2 4 14 30 27 0 13 29
#c 2 1 0 0 5 4 5 7 5 5 1 2 7 2 6 4 3 1 3 0 3 1 6 7 4 6 3 2 0 2 6 7
2 2 23 7 3 19
2 2 31 12 28 2
#c 2 1 0 7 5 4 5 0 5 5 1 2 7 2 6 4 3 1 3 7 3 1 6 0 4 6 3 2 0 2 6 7
2 2 23 28 20 26
2 2 2 7 18 16
#c 2 1 0 7 5 4 5 0 5 5 1 2 7 2 6 4 3 1 3 7 3 1 6 0 4 6 3 2 0 2 6 7
1 1 21 26
3 3 17 1 10 18 16 20
#c 2 1 0 7 5 4 5 0 5 5 1 2 7 2 6 4 3 1 3 7 3 3 6 0 4 6 1 2 0 2 6 7
1 1 11 20
4 3 27 0 13 29 18 16 21
#c 2 1 0 7 5 4 5 0 5 5 1 2 7 2 6 4 3 1 3 7 3 3 6 0 4 6 1 2 0 2 6 7
2 2 21 16 11 29
2 3 18 20 27 0 13
#c 2 1 0 7 5 4 5 0 5 5 1 2 7 2 6 4 3 1 3 7 3 3 6 0 4 6 1 2 0 2 6 7
1 1 5 18
2 3 15 24 16 20 21
#c 2 1 0 7 5 4 5 0 5 5 1 2 7 2 6 4 3 1 3 7 3 3 6 0 4 6 1 2 0 2 6 7
2 1 4 9 18
2 3 8 6 16 20 21
#c 2 1 0 7 5 4 5 0 5 5 1 2 7 2 6 4 3 1 3 7 3 3 6 0 4 6 1 2 0 2 6 7
1 1 25 15
3 2 14 22 30 5 24
#c 2 1 0 7 5 4 5 0 5 5 1 2 7 2 6 4 3 1 3 7 3 3 6 0 4 6 1 2 0 2 6 7
1 1 12 30
3 3 31 3 19 14 22 25
#c 2 1 0 7 5 4 5 0 5 5 1 2 6 2 6 4 3 1 3 7 3 3 6 0 4 6 1 2 0 2 7 7
#c 2 1 0 7 5 4 5 0 5 5 1 2 6 2 6 4 3 1 3 7 3 3 6 0 4 6 1 2 0 2 7 7
2 2 1 26 5 15
2 1 17 10 24
#c 2 1 0 7 5 4 5 0 5 5 1 2 6 2 6 4 3 1 3 7 3 3 6 0 4 6 1 2 0 2 7 7
#c 2 1 0 7 5 4 5 0 5 5 1 2 6 2 6 4 3 1 3 7 3 3 6 0 4 6 1 2 0 2 7 7
2 2 18 16 22 25
2 2 20 21 14 12
#c 2 1 0 7 5 4 5 0 5 5 1 2 6 2 6 4 3 1 3 7 3 3 6 0 4 6 1 2 0 2 7 7
1 1 5 13
2 4 15 24 27 11 0 29
#c 2 1 0 7 5 4 5 0 5 5 1 2 6 2 6 4 3 1 3 7 3 3 6 0 4 6 1 2 0 2 7 7
1 1 6 23
3 3 9 4 8 28 2 7
#c 2 1 0 7 5 4 0 0 5 5 1 2 6 2 6 4 3 1 3 7 3 3 6 5 4 6 1 2 0 2 7 7
2 2 14 12 5 24
2 1 22 25 15
#c 2 1 0 7 5 4 0 0 5 5 1 2 6 2 6 4 3 1 3 7 3 3 6 5 4 6 1 2 0 2 7 7
#c 2 1 0 7 5 4 0 0 5 5 1 2 6 2 6 4 3 1 3 7 3 3 6 5 4 6 1 2 0 2 7 7
#c 2 1 0 7 5 4 0 0 5 5 1 2 6 2 6 4 3 1 3 7 3 3 6 5 4 6 1 2 0 2 7 7
1 1 26 6
3 3 17 1 10 28 2 7
#c 2 1 0 7 5 4 0 0 5 5 1 2 6 2 6 4 3 1 3 7 3 3 6 5 4 6 1 2 0 2 7 7
#c 2 1 0 7 5 4 0 0 5 5 1 2 6 2 6 4 3 1 3 7 3 3 6 5 4 6 1 2 0 2 7 7
1 1 18 7
3 3 16 20 21 28 2 6
#c 2 1 0 7 5 4 0 0 5 5 1 2 6 2 6 4 3 1 3 7 3 3 6 5 4 6 1 2 0 2 7 7
1 1 24 0
2 4 5 15 27 11 13 29
#c 4 1 0 7 5 4 0 0 5 5 1 2 6 2 6 4 3 1 3 7 3 3 6 5 2 6 1 2 0 2 7 7
1 1 23 19
3 3 9 4 8 31 3 30
#c 4 1 0 7 5 4 0 0 5 5 1 2 6 2 6 4 3 1 3 7 3 3 6 5 2 6 1 2 0 2 7 7
2 3 12 25 16 21 18
2 1 14 22 20
#c 4 1 0 7 5 4 0 0 5 5 1 2 6 2 6 4 3 1 3 7 3 3 6 5 2 6 1 2 0 2 7 7
2 2 31 19 17 26
2 2 3 30 1 10
#c 4 1 0 7 5 4 0 0 5 5 1 2 6 2 6 4 3 1 3 7 3 3 6 5 2 6 1 2 0 2 7 7
1 1 7 25
3 3 28 2 6 14 22 12
#c 4 1 0 7 5 4 0 0 5 5 1 2 6 2 6 4 3 1 3 7 3 3 6 5 2 6 1 2 0 2 7 7
2 2 10 26 8 4
2 2 17 1 9 23
#c 4 1 0 7 5 4 0 0 5 5 1 2 6 2 6 4 3 1 3 7 3 3 6 5 2 6 1 2 0 2 7 7
#c 4 1 0 7 5 4 0 0 5 5 1 2 6 2 6 4 3 1 3 7 3 3 6 5 2 6 1 2 0 2 7 7
1 1 16 13
3 4 18 20 21 27 11 29 24
#c 4 1 0 7 5 4 0 0 5 5 1 2 6 2 6 4 3 1 3 7 3 3 6 5 2 6 1 2 0 2 7 7
1 1 5 31
2 3 15 0 3 19 30
#c 4 1 0 7 5 4 0 0 5 5 1 2 6 2 6 4 3 1 3 7 3 3 6 5 2 6 1 2 0 2 7 7
2 1 9 23 19
2 3 4 8 31 3 30
#c 4 1 0 7 5 4 0 0 5 7 1 2 6 2 6 4 3 1 3 5 3 3 6 7 2 6 1 2 0 2 7 7
#c 4 1 0 7 5 4 0 0 5 7 1 2 6 2 6 4 3 1 3 5 3 3 6 7 2 6 1 2 0 2 7 7
#c 4 1 0 7 5 4 0 0 5 7 1 2 6 2 6 4 3 1 3 5 3 3 6 7 2 6 1 2 0 2 7 7
2 2 6 7 0 15
2 1 28 2 5
#c 4 1 0 7 5 4 0 0 5 7 1 2 6 2 6 4 3 1 3 5 3 3 6 7 2 6 1 2 0 2 7 7
1 1 26 29
3 4 17 1 10 27 11 13 24
#c 4 1 0 7 5 4 0 0 5 7 1 2 6 2 6 4 3 1 3 5 3 3 6 7 2 6 1 2 0 2 7 7
1 2 24 14 22
4 2 27 11 13 29 25 12
#c 4 1 0 7 5 4 0 0 5 7 1 2 6 2 6 4 3 1 3 5 3 3 6 7 2 6 1 2 0 2 7 7
#c 4 1 0 7 5 4 0 0 5 7 1 2 6 2 6 4 3 1 3 5 3 3 6 7 2 6 1 2 0 2 7 7
1 1 5 19
2 2 15 0 4 8
#c 4 1 0 7 5 4 0 0 5 7 1 2 6 2 6 4 3 1 3 5 3 3 6 7 2 6 1 2 0 2 7 7
1 1 4 1
2 3 8 19 17 10 26
#c 4 1 0 7 5 4 0 0 5 7 1 2 6 2 6 4 3 1 3 5 3 3 6 7 2 6 1 2 0 2 7 7
#c 4 1 0 7 5 4 0 0 5 7 1 2 6 2 6 4 3 1 3 5 3 3 6 7 2 6 1 2 0 2 7 7
2 2 30 3 0 5
3 1 31 9 23 15
#c 4 1 0 7 5 4 0 0 5 7 1 2 6 2 6 4 3 1 3 5 3 3 6 7 2 6 1 2 0 2 7 7
2 2 7 2 21 18
2 2 28 6 16 20
#c 4 1 0 7 5 4 0 0 5 7 1 2 6 2 6 4 3 1 3 5 3 3 6 7 2 6 1 2 0 2 7 7
#c 4 1 0 7 5 4 0 0 5 7 1 2 6 2 6 4 3 1 3 5 3 3 6 7 2 6 1 2 0 2 7 7
1 1 13 10
4 3 27 11 29 24 17 1 26
#c 4 1 0 7 5 4 0 0 5 7 1 2 6 2 6 4 3 1 3 5 3 3 6 7 2 6 1 2 0 2 7 7
1 1 20 12
3 3 18 16 21 14 22 25
#c 4 1 0 7 5 4 0 0 5 7 1 2 6 2 6 4 3 1 3 5 3 3 6 7 2 6 1 2 0 2 7 7
1 1 15 27
2 4 5 0 11 13 29 24
#c 4 1 0 7 5 4 0 0 5 7 1 2 6 2 6 4 3 1 3 5 3 3 6 7 2 6 1 2 0 2 7 7
1 1 8 6
2 3 4 19 28 2 7
#c 4 1 0 7 5 4 0 0 5 7 1 2 6 2 6 4 3 1 3 5 3 3 6 7 2 6 1 2 0 2 7 7
2 3 14 12 17 10 1
2 1 22 25 26
#c 4 1 0 7 5 4 0 0 5 7 1 2 6 2 6 4 3 1 3 5 3 3 6 7 2 6 1 2 0 2 7 7
2 2 31 3 14 12
3 2 30 9 23 22 25
#c 4 1 0 7 5 4 0 0 5 7 1 2 6 2 6 4 3 1 3 5 3 3 6 7 2 6 1 2 0 2 7 7
2 2 7 28 16 20
2 2 2 6 18 21
#c 4 1 0 7 5 4 0 0 5 7 1 2 6 2 6 4 3 1 3 5 3 3 6 7 2 6 1 2 0 2 7 7
2 2 1 17 15 5
2 1 10 26 0
#c 4 1 0 7 5 4 0 0 5 7 1 2 6 2 6 4 3 1 3 5 3 3 6 7 2 6 1 2 0 2 7 7
#c 4 1 0 7 5 4 0 0 5 7 1 2 6 2 6 4 3 1 3 5 3 3 6 7 2 6 1 2 0 2 7 7
1 1 20 25
3 3 18 16 21 14 22 12
#c 4 1 0 7 5 4 0 0 5 7 1 2 6 2 6 4 3 1 3 5 3 3 6 7 2 6 1 2 0 2 7 7
1 1 0 19
2 2 5 15 4 8
#c 4 1 0 7 5 4 0 0 5 7 1 2 6 2 6 4 3 1 3 5 3 3 6 7 2 6 1 2 0 2 7 7
1 1 4 12
2 3 8 19 14 22 25
#c 4 1 0 7 5 4 0 0 5 7 1 2 6 2 6 4 3 1 3 5 3 3 6 7 2 6 1 2 0 2 7 7
1 3 22 18 21 16
3 1 14 25 12 20
#c 4 1 0 7 5 4 0 0 5 7 1 2 6 2 6 4 3 1 3 5 3 3 6 7 2 6 1 2 0 2 7 7
1 1 30 2
4 3 31 3 9 23 28 7 6
#c 4 1 0 7 5 4 0 0 5 7 1 2 6 2 6 4 3 1 3 5 3 3 6 7 2 6 1 2 0 2 7 7
1 1 28 1
3 3 2 7 6 17 10 26
#c 4 1 0 7 5 4 0 0 5 7 1 2 6 2 6 4 3 1 3 5 3 3 6 7 2 6 1 2 0 2 7 7
1 1 17 5
3 2 1 10 26 15 0
#c 4 1 0 7 5 4 0 0 5 7 1 2 6 2 6 4 3 1 3 5 3 3 6 7 2 6 1 2 0 2 7 7
#c 4 1 0 7 5 4 0 0 5 7 1 2 6 2 6 4 3 1 3 5 3 3 6 7 2 6 1 2 0 2 7 7
1 1 16 1
3 3 18 20 21 17 10 26
#c 4 1 0 7 5 4 0 0 5 7 1 2 6 2 6 4 3 1 3 5 3 3 6 7 2 6 1 2 0 2 7 7
1 1 15 4
2 2 5 0 8 19
#c 4 1 0 7 5 4 0 0 5 7 1 2 6 2 6 4 3 1 3 5 3 3 6 7 2 6 1 2 0 2 7 7
2 4 4 8 31 3 30 9
#c 4 1 0 7 5 4 0 0 5 7 1 2 6 2 6 4 3 1 3 5 3 3 6 7 2 6 1 2 0 2 7 7
1 1 22 15
3 2 14 25 12 5 0
#c 4 1 0 7 5 4 0 0 5 7 1 2 6 2 6 4 3 1 3 5 3 3 6 7 2 6 1 2 0 2 7 7
1 1 30 22
4 3 31 3 9 23 14 25 12
#c 4 1 0 7 5 4 0 0 5 7 1 2 6 2 6 4 3 1 3 5 3 3 7 7 2 6 1 2 0 2 6 7
#c 4 1 0 7 5 4 0 0 5 7 1 2 6 2 6 4 3 1 3 5 3 3 7 7 2 6 1 2 0 2 6 7
1 1 10 5
3 2 17 1 26 15 0
#c 4 1 0 7 5 4 0 0 5 7 1 2 6 2 6 4 3 1 3 5 3 3 7 7 2 6 1 2 0 2 6 7
1 1 11 8
4 2 27 13 29 24 4 19
#c 4 1 0 7 5 4 0 0 2 7 1 5 6 2 6 4 3 1 3 5 3 3 7 7 2 6 1 2 0 2 6 7
2 1 20 18 10
2 3 16 21 17 1 26
#c 4 1 0 7 5 4 0 0 2 7 1 5 6 2 6 4 3 1 3 5 3 3 7 7 2 6 1 2 0 2 6 7
1 2 0 3 9
2 3 5 15 31 23 22
#c 4 1 0 7 5 4 0 0 2 7 1 5 6 2 6 4 3 1 3 5 3 3 7 7 2 6 1 2 0 2 6 7
1 3 19 1 10 17
2 1 4 11 26
#c 4 1 0 7 5 4 0 0 2 7 1 5 6 2 6 4 3 1 3 5 3 3 7 7 2 6 1 2 0 2 6 7
1 1 30 10
3 3 14 25 12 17 1 26
#c 4 1 0 7 5 4 0 0 2 7 1 5 6 2 6 4 3 1 3 5 3 3 7 7 2 6 1 2 0 2 6 7
1 1 3 25
4 3 31 9 23 22 14 12 30
#c 4 1 0 7 5 4 0 0 2 7 1 5 6 2 6 4 3 1 3 5 3 3 7 7 2 6 1 2 0 2 6 7
2 2 2 7 9 3
2 3 28 6 31 23 22
#c 4 1 7 0 5 4 0 7 2 0 1 5 6 2 6 4 3 1 3 5 3 3 7 7 2 6 1 2 0 2 6 7
#c 4 1 7 0 5 4 0 7 2 0 1 5 6 2 6 4 3 1 3 5 3 3 7 7 2 6 1 2 0 2 6 7
2 2 24 27 9 6
3 2 13 29 8 28 3
#c 4 1 7 0 5 4 0 7 2 0 1 5 6 2 6 4 3 1 3 5 3 3 7 7 2 6 1 2 0 2 6 7
2 2 18 21 19 11
2 1 16 20 4
#c 4 1 7 0 5 4 0 7 2 0 1 5 6 2 6 4 3 1 3 5 3 3 7 7 2 6 1 2 0 2 6 7
1 1 0 29
2 4 5 15 27 13 24 8
#c 4 1 7 0 5 4 0 7 2 0 1 5 6 2 6 4 3 1 3 5 3 3 7 7 2 6 1 2 0 2 6 7
1 1 19 7
2 4 4 11 31 23 22 2
#c 4 1 7 0 5 4 0 7 2 0 1 5 6 2 6 4 3 1 3 5 3 3 7 7 2 6 1 2 0 2 6 7
1 1 14 4
3 2 25 12 30 19 11
#c 4 1 7 0 5 4 0 7 2 0 1 5 6 2 6 4 3 1 3 5 3 3 7 7 2 6 1 2 0 2 6 7
1 1 7 0
4 2 31 23 22 2 5 15
#c 4 1 7 0 5 4 0 7 2 0 1 5 6 2 6 4 3 1 3 5 3 3 7 7 2 6 1 2 0 2 6 7
1 1 3 16
3 3 28 6 9 18 20 21
#c 4 1 7 3 5 4 0 7 2 0 1 5 6 2 6 4 0 1 3 5 3 3 7 7 2 6 1 2 0 2 6 7
2 2 10 1 9 16
2 2 17 26 28 6
#c 4 1 7 3 5 4 0 7 2 0 1 5 6 2 6 4 0 1 3 5 3 3 7 7 2 6 1 2 0 2 6 7
1 1 13 15
4 2 27 29 24 8 5 0
#c 4 1 7 3 5 4 0 7 2 0 1 5 6 2 6 4 0 1 3 5 3 3 7 7 2 6 1 2 0 2 6 7
1 2 20 19 4
3 1 18 21 3 11
#c 4 1 7 3 3 4 0 7 2 0 1 5 6 2 6 4 0 1 3 3 5 3 7 7 2 6 1 2 0 2 6 7
1 1 5 11
2 1 15 0 20
#c 4 1 7 3 3 4 0 7 2 0 1 5 6 2 6 4 0 1 3 3 5 3 7 7 2 6 1 2 0 2 6 7
1 3 20 28 6 16
#c 4 1 7 3 3 4 0 7 2 0 1 5 6 2 6 4 0 1 3 3 5 3 7 7 2 6 1 2 0 2 6 7
#c 4 1 7 3 3 4 0 7 2 0 1 5 6 2 6 4 0 1 3 3 5 3 7 7 2 6 1 2 0 2 6 7
2 3 2 23 16 6 28
3 1 31 22 7 9
#c 4 1 7 3 3 4 0 7 2 0 1 5 6 2 6 4 0 1 3 3 5 3 7 7 2 6 1 2 0 2 6 7
1 1 16 24
3 4 28 6 9 27 13 29 8
#c 4 1 7 3 3 4 0 7 2 0 1 5 6 2 6 4 0 1 3 3 5 3 7 7 2 6 1 2 0 2 6 7
#c 4 1 7 3 3 4 0 7 2 0 1 5 6 2 6 4 0 1 3 3 5 3 7 7 2 6 1 2 0 2 6 7
2 2 27 8 17 1
3 2 13 29 24 10 26
#c 4 1 7 3 3 4 0 7 2 0 1 5 6 2 6 4 0 1 3 3 5 3 7 7 2 6 1 2 0 2 6 7
2 1 18 21 11
3 1 3 19 4 20
#c 4 1 7 3 3 4 0 7 2 0 1 5 6 2 6 4 0 1 3 3 5 3 7 7 2 6 1 2 0 2 6 7
1 1 5 20
2 1 15 0 11
#c 4 1 7 3 3 4 0 7 2 0 1 5 6 2 6 4 0 1 3 3 5 3 7 7 2 6 1 2 0 2 6 7
1 1 11 16
1 3 20 28 6 9
#c 4 1 7 3 3 4 0 7 2 0 1 5 6 2 6 4 0 1 3 3 5 3 7 7 2 6 1 2 0 2 6 7
2 2 12 30 21 19
2 3 14 25 18 3 4
#c 4 1 7 3 3 4 0 7 2 0 1 5 6 2 6 4 0 1 3 3 5 3 7 7 2 6 1 2 0 2 6 7
2 2 7 2 18 4
3 3 31 23 22 21 3 19
#c 4 1 7 3 3 4 0 7 2 0 1 5 6 2 6 4 0 1 3 3 5 3 7 7 2 6 1 2 0 2 6 7
#c 4 1 7 3 3 4 0 7 2 0 1 5 6 2 6 4 0 1 3 3 5 3 7 7 2 6 1 2 0 2 6 7
2 1 26 17 11
2 1 1 10 20
#c 4 1 7 3 3 4 0 7 2 0 1 5 6 2 6 4 0 1 3 3 5 3 7 7 2 6 1 2 0 2 6 7
2 1 8 27 3
3 4 13 29 24 18 21 19 4
#c 4 1 7 3 3 4 0 7 2 0 1 5 6 2 6 4 0 1 3 3 5 3 7 7 2 6 1 2 0 2 6 7
2 2 4 21 5 15
3 1 18 3 19 0
#c 4 1 7 3 3 4 0 7 2 0 1 5 6 2 6 4 0 1 3 3 5 3 7 7 2 6 1 2 0 2 6 7
#c 4 1 7 3 3 4 0 7 2 0 1 5 6 2 6 4 0 1 3 3 5 3 7 7 2 6 1 2 0 2 6 7
#c 4 1 7 3 3 4 0 7 2 0 1 5 6 2 6 4 0 1 3 3 5 3 7 7 2 6 1 2 0 2 6 7
1 1 30 26
3 3 14 25 12 17 1 10
#c 4 1 7 3 3 4 0 7 2 0 1 5 6 2 6 4 0 1 3 3 5 3 7 7 2 6 1 2 0 2 6 7
1 1 2 10
4 3 31 23 22 7 17 1 26
#c 4 1 7 3 3 4 0 7 2 0 1 5 6 2 6 4 0 1 3 3 5 3 7 7 2 6 1 2 0 2 6 7
1 1 6 5
3 2 28 9 16 15 0
#c 4 1 7 3 3 4 0 7 2 0 1 5 6 2 6 4 0 1 3 3 5 3 7 7 2 6 1 2 0 2 6 7
1 1 26 0
3 2 17 1 10 5 15
#c 4 1 7 3 3 4 0 7 2 0 1 5 6 2 6 4 0 1 3 3 5 3 7 7 2 6 1 2 0 2 6 7
1 1 24 22
4 4 27 13 29 8 31 23 2 7
#c 4 1 7 3 3 4 0 7 2 0 1 5 6 2 6 4 0 1 3 3 5 3 7 7 2 6 1 2 0 2 6 7
2 1 3 4 11
3 1 18 21 19 20
#c 4 1 7 3 3 4 0 7 2 0 1 5 6 2 6 4 0 1 3 3 5 3 7 7 2 6 1 2 0 2 6 7
1 1 5 28
2 3 15 0 6 9 16
#c 4 1 7 3 3 4 0 7 2 0 1 5 6 2 6 4 0 1 3 3 5 3 7 7 2 6 1 2 0 2 6 7
#c 4 1 7 3 3 4 0 7 2 0 1 5 6 2 6 4 0 1 3 3 5 3 7 7 2 6 1 2 0 2 6 7
#c 4 1 7 3 3 4 0 7 2 0 1 5 6 2 6 4 0 1 3 3 5 3 7 7 2 6 1 2 0 2 6 7
1 1 7 13
4 4 31 23 22 2 27 29 24 8
#c 4 1 7 3 3 4 0 7 2 0 1 5 6 2 6 4 0 1 3 3 5 3 7 7 2 6 1 2 0 2 6 7
2 1 16 28 20
2 1 6 9 11
#c 4 1 7 3 3 4 0 7 2 0 1 5 6 2 6 4 0 1 3 3 5 3 7 7 2 6 1 2 0 2 6 7
1 2 10 19 3
3 3 17 1 26 18 21 4
#c 4 1 7 3 3 4 0 7 2 0 1 5 6 2 6 4 0 1 3 3 5 3 7 7 2 6 1 2 0 2 6 7
1 1 27 11
4 1 13 29 24 8 20
#c 4 1 7 3 3 4 0 7 2 0 1 5 6 2 6 4 0 1 3 3 5 3 7 7 2 6 1 2 0 2 6 7
2 2 19 4 2 31
3 3 18 21 3 23 22 7
#c 4 1 3 3 7 4 0 7 2 0 1 5 6 2 6 4 0 1 3 7 5 3 7 7 2 6 1 2 0 2 6 3
2 4 5 0 23 7 19 4
#c 4 1 3 3 7 4 0 7 2 0 1 5 6 2 6 4 0 1 3 7 5 3 7 7 2 6 1 2 0 2 6 3
#c 4 1 3 3 7 4 0 7 2 0 1 5 6 2 6 4 0 1 3 7 5 3 7 7 2 6 1 2 0 2 6 3
2 1 12 30 20
2 1 14 25 11
#c 4 1 3 3 7 4 0 7 2 0 1 5 6 2 6 4 0 1 3 7 5 3 7 7 2 6 1 2 0 2 6 3
#c 4 1 3 3 7 4 0 7 2 0 1 5 6 2 6 4 0 1 3 7 5 3 7 7 2 6 1 2 0 2 6 3
2 2 28 9 24 8
2 3 6 16 27 13 29
#c 4 1 3 3 7 4 0 7 2 0 1 5 6 2 6 4 0 1 3 7 5 3 7 7 2 6 1 2 0 2 6 3
1 1 17 12
3 3 1 10 26 14 25 30
#c 4 1 3 3 7 4 0 7 2 0 1 5 6 2 6 4 0 1 3 7 5 3 7 7 2 6 1 2 0 2 6 3
2 2 8 29 19 22
3 3 27 13 24 23 7 4
#c 4 1 3 3 7 4 0 7 2 0 1 5 6 2 6 4 0 1 3 7 5 3 7 7 2 6 1 2 0 2 6 3
#c 4 1 3 3 7 4 0 7 2 0 1 5 6 2 6 4 0 1 3 7 5 3 7 7 2 6 1 2 0 2 6 3
1 1 0 11
2 1 5 15 20
#c 4 1 3 3 7 4 0 7 2 0 1 5 6 2 6 4 0 1 3 7 5 3 7 7 2 6 1 2 0 2 6 3
1 1 11 19
1 4 20 23 22 7 4
#c 4 1 3 3 7 4 0 7 2 0 1 5 6 2 6 4 0 1 3 7 5 3 7 7 2 6 1 2 0 2 6 3
3 3 14 12 30 6 9 16
#c 4 1 3 3 7 4 0 7 2 0 1 5 6 2 6 4 0 1 3 7 5 3 7 7 2 6 1 2 0 2 6 3
2 3 4 22 10 1 17
3 1 23 7 19 26
#c 4 1 3 3 7 4 0 7 2 0 1 5 6 2 6 4 0 1 3 7 5 3 7 7 2 6 1 2 0 2 6 3
1 1 6 19
3 4 28 9 16 23 22 7 4
#c 4 1 3 3 7 4 7 7 2 0 1 5 6 2 6 4 0 1 3 0 5 3 7 7 2 6 1 2 0 2 6 3
2 2 17 26 5 0
2 1 1 10 15
#c 4 1 3 3 7 4 7 7 2 0 1 5 6 2 6 4 0 1 3 0 5 3 7 7 2 6 1 2 0 2 6 3
2 2 24 13 22 7
3 3 27 29 8 23 4 6
#c 4 1 3 3 7 4 7 7 2 0 1 5 6 2 6 4 0 1 3 0 5 3 7 7 2 6 1 2 0 2 6 3
1 1 2 12
4 3 18 21 3 31 14 25 30
#c 4 1 3 3 7 4 7 7 2 0 1 5 6 2 6 4 0 1 3 0 5 3 7 7 2 6 1 2 0 2 6 3
1 2 15 24 13
2 3 5 0 27 29 8
#c 4 1 3 3 7 4 7 7 2 0 1 5 6 2 6 4 0 1 3 0 5 3 7 7 2 6 1 2 0 2 6 3
1 1 20 28
1 3 11 9 16 19
#c 4 1 3 3 7 4 7 7 2 0 1 5 6 2 6 4 0 1 3 0 0 3 7 7 2 6 1 2 5 2 6 3
2 1 14 12 11
2 1 25 30 28
#c 4 1 3 3 7 4 7 7 2 0 1 5 6 2 6 4 0 1 3 0 0 3 7 7 2 6 1 2 5 2 6 3
2 2 23 7 21 3
3 3 22 4 6 18 2 31
#c 4 1 3 3 7 4 7 7 2 0 1 5 6 2 6 4 0 1 3 0 0 3 7 7 2 6 1 2 5 2 6 3
1 2 20 21 18
3 3 9 16 19 3 2 31
#c 4 1 3 3 7 4 7 7 2 0 1 5 6 2 6 4 0 1 0 0 3 0 7 7 2 6 1 2 5 2 6 3
1 1 10 29
3 4 17 1 26 27 13 24 8
#c 4 1 3 3 7 4 7 7 2 0 1 5 6 2 6 4 0 1 0 0 3 0 7 7 2 6 1 2 5 2 6 3
2 4 27 24 6 23 4 7
3 1 13 29 8 22
#c 4 1 3 3 7 4 7 7 2 0 1 5 6 2 6 4 0 1 0 0 3 0 7 7 2 6 1 2 5 2 6 3
1 1 2 28
3 1 3 31 20 11
#c 4 1 3 3 7 4 7 7 2 0 1 5 6 2 6 4 0 1 0 0 3 0 7 7 2 6 1 2 5 2 6 3
1 1 0 22
2 4 5 15 23 7 4 6
#c 4 1 3 3 7 4 7 7 2 0 1 5 6 2 6 4 0 1 0 0 3 0 7 7 2 6 1 2 5 2 6 3
1 1 11 21
1 4 28 9 16 19 18
#c 4 1 3 3 7 4 7 7 2 0 1 5 6 2 6 4 0 1 0 0 3 0 7 7 2 6 1 2 5 2 6 3
#c 4 1 3 3 7 4 7 7 2 0 1 5 6 2 6 4 0 1 0 0 3 0 7 7 2 6 1 2 5 2 6 3
1 1 23 16
4 4 22 7 4 6 9 19 21 18
#c 4 1 3 3 7 4 7 7 2 0 1 5 6 2 6 4 0 1 0 0 3 0 7 7 2 6 1 2 5 2 6 3
1 1 18 8
4 4 9 16 19 21 27 13 29 24
#c 4 1 3 3 7 4 7 7 2 0 1 5 6 2 6 4 0 1 0 0 3 0 7 7 2 6 1 2 5 2 6 3
1 1 17 2
3 3 1 10 26 3 31 20
#c 4 1 3 3 7 4 7 7 2 0 1 5 6 2 6 4 0 1 0 0 3 0 7 7 2 6 1 2 5 2 6 3
1 1 29 9
4 4 27 13 24 8 16 19 21 18
#c 4 1 3 3 7 4 7 7 2 0 1 5 6 2 6 4 0 1 0 0 3 0 7 7 2 6 1 2 5 2 6 3
2 2 3 2 7 4
2 3 31 20 23 22 6
#c 4 1 3 3 7 4 7 7 2 0 1 5 6 2 6 4 0 1 0 0 3 0 7 7 2 6 1 2 5 2 6 3
#c 4 1 3 3 7 4 7 7 2 0 1 5 6 2 6 4 0 1 0 0 3 0 7 7 2 6 1 2 5 2 6 3
1 4 28 13 29 24 8
#c 4 1 3 3 7 4 7 7 2 0 1 5 6 2 6 4 0 1 0 0 3 0 7 7 2 6 1 2 5 2 6 3
2 2 12 25 8 29
2 3 14 30 27 13 24
#c 4 1 3 3 7 4 7 7 2 0 1 5 6 2 6 4 0 1 0 0 3 0 7 7 2 6 1 2 5 2 6 3
2 2 7 6 15 0
3 1 23 22 4 5
#c 7 1 3 3 7 4 4 4 2 0 1 5 6 2 6 7 0 1 0 0 3 0 7 7 2 6 1 2 5 2 6 3
1 1 19 31
4 3 9 16 21 18 3 2 20
#c 7 1 3 3 7 4 4 4 2 0 1 5 6 2 6 7 0 1 0 0 3 0 7 7 2 6 1 2 5 2 6 3
1 1 1 13
3 4 17 10 26 27 29 24 8
#c 7 1 3 3 7 4 4 4 2 0 1 5 6 2 6 7 0 1 0 0 3 0 7 7 2 6 1 2 5 2 6 3
1 1 13 6
4 2 27 29 24 8 5 7
#c 7 1 3 3 7 4 2 4 2 0 1 5 6 4 6 7 0 1 0 0 3 0 7 7 2 6 1 2 5 2 6 3
2 3 31 3 26 1 10
2 1 2 20 17
#c 7 1 3 3 7 4 2 4 2 0 1 5 6 4 6 7 0 1 0 0 3 0 7 7 2 6 1 2 5 2 6 3
2 3 5 7 25 12 30
#c 7 1 3 3 7 4 2 4 2 0 1 5 6 4 6 7 0 1 0 0 3 0 7 7 2 6 1 2 5 2 6 3
1 4 28 22 4 15 0
#c 7 1 3 3 7 4 2 4 2 0 1 5 6 4 6 7 0 1 0 0 3 0 7 7 2 6 1 2 5 2 6 3
2 2 25 30 20 2
2 2 14 12 3 31
#c 7 1 3 3 7 4 2 4 2 0 1 5 6 4 6 7 0 1 0 0 3 0 7 7 2 6 1 2 5 2 6 3
1 3 22 1 17 26
4 1 23 4 15 0 10
#c 7 1 3 3 7 4 2 4 2 0 1 5 6 4 6 7 0 1 0 0 3 0 7 7 2 6 1 2 5 2 6 3
2 2 18 21 26 10
3 2 9 16 19 17 1
#c 7 1 3 3 7 4 2 4 2 0 1 5 6 4 6 7 0 1 0 0 3 0 7 7 2 6 1 2 5 2 6 3
2 2 17 26 5 13
2 1 1 10 7
#c 7 1 3 3 7 4 2 4 2 0 1 5 6 4 6 7 0 1 0 0 3 0 7 7 2 6 1 2 5 2 6 3
2 1 24 8 28
3 1 27 29 6 11
#c 7 1 3 3 7 4 2 4 2 0 1 5 6 4 6 7 0 1 0 0 3 0 7 7 2 6 1 2 5 2 6 3
1 1 20 26
3 3 3 2 31 17 1 10
#c 7 1 3 3 7 4 2 4 2 0 1 5 6 4 6 7 0 1 0 0 3 0 7 7 2 6 1 2 5 2 6 3
1 1 7 17
2 3 5 13 1 10 26
#c 7 1 3 3 7 4 2 4 2 0 1 5 6 4 6 7 0 1 0 0 3 0 7 7 2 6 1 2 5 2 6 3
#c 7 1 3 3 7 4 2 4 2 0 1 5 6 4 6 7 0 1 0 0 3 0 7 7 2 6 1 2 5 2 6 3
1 1 12 5
3 2 14 25 30 7 13
#c 7 1 3 3 7 4 2 4 2 0 1 5 6 4 6 7 0 1 0 0 3 0 7 7 2 6 1 2 5 2 6 3
1 1 4 26
4 3 23 22 15 0 17 1 10
#c 7 1 3 3 7 4 2 4 2 0 1 5 6 4 6 7 0 1 0 0 3 0 7 7 2 6 1 2 5 2 6 3
2 2 19 18 23 0
3 3 9 16 21 22 4 15
#c 0 1 3 3 7 4 2 4 2 0 1 5 6 4 6 7 0 1 7 7 3 0 7 0 2 6 1 2 5 2 6 3
1 1 10 28
3 1 17 1 26 11
#c 0 1 3 3 7 4 2 4 2 0 5 5 6 4 6 7 0 1 7 7 3 0 7 0 2 6 1 2 1 2 6 3
2 3 29 27 25 12 14
3 1 24 8 6 30
#c 0 1 3 3 7 4 2 4 2 0 5 5 6 4 6 7 0 1 7 7 3 0 7 0 2 6 1 2 1 2 6 3
#c 0 1 3 3 7 4 2 4 2 0 5 5 6 4 6 7 0 1 7 7 3 0 7 0 2 6 1 2 1 2 6 3
2 4 5 13 9 16 23 0
#c 0 1 3 3 7 4 2 4 2 0 5 5 6 4 6 7 0 1 7 7 3 0 7 0 2 6 1 2 1 2 6 3
1 1 11 22
1 4 10 4 15 19 18
#c 0 1 3 3 7 4 2 4 2 0 5 5 6 4 6 7 0 1 7 7 3 0 7 0 2 6 1 2 1 2 6 3
3 3 14 12 30 3 2 31
#c 0 1 3 3 7 4 2 4 2 0 5 5 6 4 6 7 0 1 7 7 3 0 7 0 2 6 1 2 1 2 6 3
1 1 4 23
4 4 22 15 19 18 9 16 21 0
#c 0 1 3 3 7 4 2 4 2 0 5 5 6 4 6 7 0 1 7 7 3 0 7 0 2 6 1 2 1 2 6 3
1 1 21 27
4 4 9 16 23 0 29 24 8 6
#c 0 1 3 3 7 4 2 4 2 0 5 5 6 4 6 7 0 1 7 7 3 0 7 0 2 6 1 2 1 2 6 3
1 1 1 27
3 4 17 26 28 29 24 8 6
#c 0 1 3 3 7 4 2 4 2 0 5 5 6 4 6 7 0 1 7 7 3 0 7 0 2 6 1 2 1 2 6 3
2 2 27 8 28 17
3 2 29 24 6 1 26
#c 0 1 3 3 7 4 2 4 2 0 5 5 6 4 6 7 0 1 7 7 3 0 7 0 2 6 1 2 1 2 6 3
#c 0 1 3 3 7 4 2 4 2 0 5 5 6 4 6 7 0 1 7 7 3 0 7 0 2 6 1 2 1 2 6 3
1 1 5 3
2 3 7 13 2 31 20
#c 0 1 3 3 7 4 2 4 2 0 5 5 6 4 6 7 0 1 7 7 3 0 7 0 2 6 1 2 1 2 6 3
1 1 10 12
1 3 11 14 25 30
#c 0 1 3 3 7 4 2 4 2 0 5 5 6 4 6 7 0 1 7 7 3 0 7 0 2 6 1 2 1 2 6 3
#c 0 1 3 3 7 4 2 4 2 0 5 5 6 4 6 7 0 1 7 7 3 0 7 0 2 6 1 2 1 2 6 3
2 3 22 19 28 1 26
3 1 4 15 18 17
#c 0 1 3 3 7 4 2 4 2 0 5 5 6 4 6 7 0 1 7 7 3 0 7 0 2 6 1 2 1 2 6 3
#c 0 1 3 3 7 4 2 4 2 0 5 5 6 4 6 7 0 1 7 7 3 0 7 0 2 6 1 2 1 2 6 3
1 1 26 10
3 1 17 1 28 11
#c 0 1 3 3 7 4 2 4 2 0 5 5 6 4 6 7 0 1 7 7 3 0 7 0 2 6 1 2 1 2 6 3
4 1 29 24 8 6 10
#c 0 1 3 3 7 4 2 4 2 0 5 5 6 4 6 7 0 1 7 7 3 0 7 0 2 6 1 2 1 2 6 3
2 2 31 20 16 9
2 3 3 2 21 23 0
#c 0 1 3 3 7 4 2 4 2 0 5 5 6 4 6 7 0 1 7 7 3 0 7 0 2 6 1 2 1 2 6 3
1 1 13 3
2 3 5 7 2 31 20
#c 0 1 3 3 7 4 2 4 2 0 5 5 6 4 6 7 0 1 7 7 3 0 7 0 2 6 1 2 1 2 6 3
1 1 11 13
1 2 10 5 7
#c 0 1 3 3 7 4 2 4 2 0 5 5 6 4 6 7 0 1 7 7 3 0 7 0 2 6 1 2 1 2 6 3
2 2 12 30 31 20
2 2 14 25 3 2
#c 0 1 3 3 7 4 2 4 2 0 5 5 6 4 6 7 0 1 7 7 3 0 7 0 2 6 1 2 1 2 6 3
1 1 4 20
4 3 22 15 19 18 3 2 31
#c 0 1 3 3 3 4 2 4 2 0 5 5 6 4 6 7 0 1 7 7 7 0 7 0 2 6 1 2 1 2 6 3
2 2 23 9 29 6
3 3 16 21 0 27 24 8
#c 0 1 3 3 3 4 2 4 2 0 5 5 6 4 6 7 0 1 7 7 7 0 7 0 2 6 1 2 1 2 6 3
1 1 17 3
3 3 1 26 28 2 31 4
#c 0 1 3 3 3 4 2 4 2 0 5 5 6 4 6 7 0 1 7 7 7 0 7 0 2 6 1 2 1 2 6 3
2 2 29 8 17 1
3 2 27 24 6 26 28
#c 0 1 3 3 3 4 2 4 2 0 5 5 6 4 6 7 0 1 7 7 7 0 7 0 2 6 1 2 1 2 6 3
1 1 2 19
3 4 3 31 4 22 15 18 20
#c 0 1 3 3 3 4 2 4 2 0 5 5 6 4 6 7 0 1 7 7 7 0 7 0 2 6 1 2 1 2 6 3
2 3 7 13 17 1 26
#c 0 1 3 3 3 4 2 4 2 0 5 5 6 4 6 7 0 1 7 7 7 0 7 0 2 6 1 2 1 2 6 3
1 4 10 9 16 21 0
#c 0 1 3 3 3 4 2 4 2 0 5 5 6 4 6 7 0 1 7 7 7 0 7 0 2 6 1 2 1 2 6 3
2 1 12 30 11
2 1 14 25 10
#c 0 1 3 3 3 4 2 4 2 0 5 5 6 4 6 7 0 1 7 7 7 0 7 0 2 6 1 2 1 2 6 3
2 2 20 19 26 28
3 2 22 15 18 17 1
#c 0 1 3 3 3 4 2 4 2 0 5 5 6 4 6 7 0 1 7 7 7 0 7 0 2 6 1 2 1 2 6 3
2 3 0 16 4 3 2
3 1 9 21 23 31
#c 0 1 3 3 3 4 2 4 2 0 5 5 6 4 6 7 0 1 7 7 7 0 7 0 2 6 1 2 1 2 6 3
1 1 26 25
3 3 17 1 28 14 12 30
#c 0 1 3 3 3 4 2 4 2 0 5 5 6 4 6 7 0 1 7 7 7 0 7 0 2 6 1 2 1 2 6 3
2 1 6 24 21
3 4 27 29 8 9 16 23 0
#c 0 1 3 3 3 4 2 4 2 0 5 5 6 4 6 7 0 1 7 7 7 0 7 0 2 6 1 2 1 2 6 3
0 1 3 3 3 4 2 4 2 0 5 5 6 4 6 7 0 1 7 7 7 0 7 0 2 6 1 2 1 2 6 3
