#c 0 1 2 3 4 5 0 1 2 3 4 5 0 1 2 3 4 5 0 1 2 3 4 5 0 1 2 3 4 5 0 1 2 3 4 5 0 1 2 3 4 5 0 1 2 3 4 5 0 1 2 3 4 5 0 1 2 3 4 5 0 1 2 3 4 5 0 1 2 3 4 5
2 1 31 1 57
10 11 7 13 19 25 37 43 49 55 61 67 3 9 15 21 27 33 39 45 51 63 69
#c 0 1 2 3 4 5 0 1 2 3 4 5 0 1 2 3 4 5 0 1 2 3 4 5 0 1 2 3 4 5 0 1 2 3 4 5 0 1 2 3 4 5 0 1 2 3 4 5 0 1 2 3 4 5 0 1 2 3 4 5 0 1 2 3 4 5 0 1 2 3 4 5
3 3 56 20 26 29 35 23
9 9 2 8 14 32 38 44 50 62 68 5 11 17 41 47 53 59 65 71
#c 0 1 2 3 4 5 0 1 2 3 4 5 0 1 2 3 4 5 0 1 2 3 4 5 0 1 2 3 4 5 0 1 2 3 4 5 0 1 2 3 4 5 0 1 2 3 4 5 0 1 2 3 4 5 0 1 2 3 4 5 0 1 2 3 4 5 0 1 2 3 4 5
#c 0 1 2 3 4 5 0 1 2 3 4 5 0 1 2 3 4 5 0 1 2 3 4 5 0 1 2 3 4 5 0 1 2 3 4 5 0 1 2 3 4 5 0 1 2 3 4 5 0 1 2 3 4 5 0 1 2 3 4 5 0 1 2 3 4 5 0 1 2 3 4 5
#c 0 1 2 3 4 5 0 1 2 3 4 5 0 1 2 3 4 5 0 1 2 3 4 5 0 1 2 3 4 5 0 1 2 3 4 5 0 1 2 3 4 5 0 1 2 3 4 5 0 1 2 3 4 5 0 1 2 3 4 5 0 1 2 3 4 5 0 1 2 3 4 5
2 2 29 47 68 56
10 10 5 11 17 23 35 41 53 59 65 71 2 8 14 20 26 32 38 44 50 62
#c 0 1 2 3 4 5 0 1 2 3 4 5 0 1 2 3 4 5 0 1 2 3 4 5 0 1 2 3 4 2 0 1 2 3 4 5 0 1 2 3 4 5 0 1 2 3 4 2 0 1 2 3 4 5 0 1 5 3 4 5 0 1 2 3 4 5 0 1 5 3 4 5
1 1 18 38
11 11 0 6 12 24 30 36 42 48 54 60 66 2 8 14 20 26 32 44 50 62 29 47
#c 0 1 2 3 4 5 0 1 2 3 4 5 0 1 2 3 4 5 2 1 2 3 4 5 0 1 2 3 4 2 0 1 2 3 4 5 0 1 0 3 4 5 0 1 2 3 4 2 0 1 2 3 4 5 0 1 5 3 4 5 0 1 2 3 4 5 0 1 5 3 4 5
4 4 55 61 31 13 15 33 27 45
8 8 1 7 19 25 37 43 49 67 3 9 21 39 51 57 63 69
#c 0 1 2 3 4 5 0 1 2 3 4 5 0 1 2 3 4 5 2 1 2 3 4 5 0 1 2 3 4 2 0 1 2 3 4 5 0 1 0 3 4 5 0 1 2 3 4 2 0 1 2 3 4 5 0 1 5 3 4 5 0 1 2 3 4 5 0 1 5 3 4 5
#c 0 1 2 3 4 5 0 1 2 3 4 5 0 1 2 3 4 5 2 1 2 3 4 5 0 1 2 3 4 2 0 1 2 3 4 5 0 1 0 3 4 5 0 1 2 3 4 2 0 1 2 3 4 5 0 1 5 3 4 5 0 1 2 3 4 5 0 1 5 3 4 5
5 6 27 21 39 69 63 40 22 34 64 70 16
7 6 3 9 15 33 45 51 57 4 10 28 46 52 58
#c 0 1 2 3 4 5 0 1 2 3 4 5 0 1 2 3 3 5 2 1 2 4 3 5 0 1 2 4 4 2 0 1 2 3 3 5 0 1 0 4 3 5 0 1 2 3 4 2 0 1 2 3 4 5 0 1 5 3 4 5 0 1 2 4 3 5 0 1 5 4 3 5
3 3 21 46 4 40 64 16
8 10 10 28 52 58 27 39 69 63 3 9 15 33 45 51 57 22 34 70
#c 0 1 2 3 3 5 0 1 2 3 4 5 0 1 2 3 4 5 2 1 2 3 3 5 0 1 2 4 4 2 0 1 2 3 3 5 0 1 0 4 4 5 0 1 2 3 3 2 0 1 2 3 4 5 0 1 5 3 4 5 0 1 2 4 4 5 0 1 5 4 3 5
#c 0 1 2 3 3 5 0 1 2 3 4 5 0 1 2 3 4 5 2 1 2 3 3 5 0 1 2 4 4 2 0 1 2 3 3 5 0 1 0 4 4 5 0 1 2 3 3 2 0 1 2 3 4 5 0 1 5 3 4 5 0 1 2 4 4 5 0 1 5 4 3 5
1 1 12 59
11 11 0 6 24 30 36 42 48 54 60 66 38 5 11 17 23 35 41 53 65 71 68 56
#c 0 1 2 3 3 5 0 1 2 3 4 5 0 1 2 3 4 5 2 1 2 3 3 5 0 1 2 4 4 2 0 1 2 3 3 5 0 1 0 4 4 5 0 1 2 3 3 2 0 1 2 3 4 5 0 1 5 3 4 5 0 1 2 4 4 5 0 1 5 4 3 5
3 4 43 1 67 46 3 57 51
9 9 7 13 19 25 31 37 49 55 61 9 15 33 45 22 34 70 21 4
#c 0 1 2 3 3 5 0 1 2 3 4 5 0 1 2 3 4 5 2 1 2 3 3 5 0 1 2 4 4 2 0 1 2 3 3 5 0 1 0 4 4 5 0 1 2 3 3 2 0 1 2 3 4 5 0 1 5 3 4 5 0 1 2 4 4 5 0 1 5 4 3 5
4 4 50 29 62 26 45 51 34 9
8 9 2 8 14 20 32 44 47 18 3 15 33 57 22 70 21 46 4
#c 0 1 2 3 3 5 0 1 2 3 4 5 0 1 2 3 4 5 2 1 2 3 3 5 0 1 2 4 4 2 0 1 2 3 3 5 0 1 0 4 4 5 0 1 2 3 3 2 0 1 2 3 4 5 0 1 5 3 4 5 0 1 2 4 4 5 0 1 5 4 3 5
5 5 4 45 33 22 46 19 37 7 13 67
8 7 3 9 15 51 57 34 70 21 1 25 31 43 49 55 61
#c 0 1 2 3 3 5 0 1 2 3 4 5 0 1 2 3 4 5 2 1 2 3 3 5 0 1 2 4 4 2 0 1 2 3 3 5 0 1 0 4 4 5 0 1 2 3 3 2 0 1 2 3 4 5 0 1 5 3 4 5 0 1 2 4 4 5 0 1 5 4 3 5
4 4 69 27 64 39 34 57 21 51
7 9 10 28 52 58 63 40 16 3 9 15 33 45 22 70 46 4
#c 0 1 2 3 3 5 0 1 2 3 4 5 0 1 2 3 4 5 2 1 2 3 3 5 0 1 2 4 4 2 0 1 2 3 3 5 0 1 0 4 4 5 0 1 2 3 3 2 0 1 2 3 4 5 0 1 5 3 4 5 0 1 2 4 4 5 0 1 5 4 3 5
6 6 53 71 68 41 35 11 44 26 32 2 20 18
6 6 5 17 23 59 65 56 8 14 50 62 29 47
#c 0 1 5 3 3 5 0 1 2 3 4 2 0 1 2 3 4 5 5 1 5 3 3 5 0 1 5 4 4 2 0 1 5 3 3 2 0 1 0 4 4 2 0 1 5 3 3 2 0 1 2 3 4 2 0 1 5 3 4 5 0 1 2 4 4 5 0 1 2 4 3 2
2 1 66 6 7
10 11 0 12 24 30 36 42 48 54 60 38 1 13 19 25 31 37 43 49 55 61 67
#c 0 1 5 3 3 5 0 1 2 3 4 2 0 1 2 3 4 5 5 1 5 3 3 5 0 1 5 4 4 2 0 1 5 3 3 2 0 1 0 4 4 2 0 1 5 3 3 2 0 1 2 3 4 2 0 1 5 3 4 5 0 1 2 4 4 5 0 1 2 4 3 2
5 5 25 7 31 49 61 48 6 66 38 24
7 7 1 13 19 37 43 55 67 0 12 30 36 42 54 60
#c 0 1 5 3 3 5 0 1 2 3 4 2 0 1 2 3 4 5 5 1 5 3 3 5 0 1 5 4 4 2 0 1 5 3 3 2 0 1 0 4 4 2 0 1 5 3 3 2 0 1 2 3 4 2 0 1 5 3 4 5 0 1 2 4 4 5 0 1 2 4 3 2
4 4 41 53 68 71 7 1 67 19
8 8 8 14 50 62 29 47 35 11 13 25 31 37 43 49 55 61
#c 0 1 5 3 3 5 0 1 2 3 4 2 0 1 2 3 4 5 5 1 5 3 3 5 0 1 5 4 4 2 0 1 5 3 3 2 0 1 0 4 4 2 0 1 5 3 3 2 0 1 2 3 4 2 0 1 5 3 4 5 0 1 2 4 4 5 0 1 2 4 3 2
1 1 15 61
12 11 3 9 33 45 51 57 22 34 70 21 46 4 1 7 13 19 25 31 37 43 49 55 67
#c 0 1 5 3 3 5 0 1 2 3 4 2 0 1 2 3 4 5 5 1 5 3 3 5 0 1 5 4 4 2 0 1 5 3 3 2 0 1 0 4 4 2 0 1 5 3 3 2 0 1 2 3 4 2 0 1 5 3 4 5 0 1 2 4 4 5 0 1 2 4 3 2
3 3 63 16 40 62 71 53
8 9 10 28 52 58 27 39 69 64 8 14 50 29 47 68 41 35 11
#c 0 1 5 3 3 5 0 1 2 3 4 2 0 1 2 3 4 5 5 1 5 3 3 5 0 1 5 4 4 2 0 1 5 3 3 2 0 1 0 4 4 2 0 1 5 3 3 2 0 1 2 3 4 2 0 1 5 3 4 5 0 1 2 4 4 5 0 1 2 4 3 2
2 4 20 23 24 66 36 60
10 8 5 17 59 65 56 44 26 32 2 18 0 6 12 30 42 48 54 38
#c 0 1 5 3 3 5 0 1 2 3 4 2 0 1 2 3 4 5 5 1 5 3 3 5 0 1 5 4 4 2 0 1 5 3 3 2 0 1 0 4 4 2 0 1 5 3 3 2 0 1 2 3 4 2 0 1 5 3 4 5 0 1 2 4 4 5 0 1 2 4 3 2
3 3 48 24 60 23 59 56
9 9 0 6 12 30 36 42 54 66 38 5 17 65 44 26 32 2 20 18
#c 0 1 5 3 3 5 0 1 2 3 4 2 0 1 2 3 4 5 5 1 5 3 3 0 5 1 5 4 4 2 0 1 5 3 3 2 0 1 0 4 4 2 0 1 5 3 3 2 5 1 2 3 4 2 0 1 0 3 4 0 5 1 2 4 4 5 0 1 2 4 3 2
6 4 13 19 43 67 37 55 27 52 16 64
6 7 1 7 25 31 49 61 10 28 58 39 69 63 40
#c 0 1 5 3 3 5 0 1 2 3 4 2 0 1 2 3 4 5 5 1 5 3 3 0 5 1 5 4 4 2 0 1 5 3 3 2 0 1 0 4 4 2 0 1 5 3 3 2 5 1 2 3 4 2 0 1 0 3 4 0 5 1 2 4 4 5 0 1 2 4 3 2
5 5 35 8 11 47 50 63 69 52 27 40
7 6 14 62 29 53 71 68 41 10 28 58 39 64 16
#c 0 1 5 3 3 5 0 1 2 3 4 2 0 1 2 3 4 5 5 1 5 3 3 0 5 1 5 4 4 2 0 1 5 3 3 2 0 1 0 4 4 2 0 1 5 3 3 2 5 1 2 3 4 2 0 1 0 3 4 0 5 1 2 4 4 5 0 1 2 4 3 2
#c 0 1 5 3 3 5 0 1 2 3 4 2 0 1 2 3 4 5 5 1 5 3 3 0 5 1 5 4 4 2 0 1 5 3 3 2 0 1 0 4 4 2 0 1 5 3 3 2 5 1 2 3 4 2 0 1 0 3 4 0 5 1 2 4 4 5 0 1 2 4 3 2
5 5 10 27 52 28 63 11 41 8 29 14
6 7 58 39 69 40 64 16 50 62 47 53 71 68 35
#c 0 1 5 3 3 5 0 1 2 3 4 2 0 1 2 3 4 5 5 1 5 3 3 0 5 1 5 4 4 2 0 1 5 3 3 2 0 1 0 4 4 2 0 1 5 3 3 2 5 1 2 3 4 2 0 1 0 3 4 0 5 1 2 4 4 5 0 1 2 4 3 2
1 1 65 0
11 11 5 17 44 26 32 2 20 18 48 24 60 6 12 30 36 42 54 66 38 23 59 56
#c 5 1 5 3 3 5 0 1 2 3 4 2 0 1 2 3 4 5 5 1 5 3 3 0 5 1 5 4 4 2 0 1 5 3 3 2 0 1 0 4 4 2 0 1 5 3 3 2 5 1 2 3 4 2 0 1 0 3 4 0 5 1 2 4 4 0 0 1 2 4 3 2
2 1 38 66 29
10 11 6 12 30 36 42 54 23 59 56 65 8 14 50 62 47 53 71 68 41 35 11
#c 5 1 5 3 3 5 0 1 2 3 4 2 0 1 2 3 4 5 5 1 5 3 3 0 5 1 5 4 4 2 0 1 5 3 3 2 0 1 0 4 4 2 0 1 5 3 3 2 5 1 2 3 4 2 0 1 0 3 4 0 5 1 2 4 4 0 0 1 2 4 3 2
5 5 25 55 1 13 7 65 42 23 66 59
7 7 19 31 37 43 49 61 67 6 12 30 36 54 38 56
#c 5 1 5 3 3 5 0 1 2 3 4 2 0 1 2 3 4 5 5 1 5 3 3 0 5 1 5 4 4 2 0 1 5 3 3 2 0 1 0 4 4 2 0 1 5 3 3 2 5 1 2 3 4 2 0 1 0 3 4 0 5 1 2 4 4 0 0 1 2 4 3 2
6 6 35 41 8 68 14 50 24 2 44 0 60 26
6 6 62 29 47 53 71 11 5 17 32 20 18 48
#c 5 1 5 3 3 5 0 1 2 3 4 2 0 1 2 3 4 5 5 1 5 3 3 0 5 1 5 4 4 2 0 1 5 3 3 2 0 1 0 4 4 2 0 1 5 3 3 2 5 1 2 3 4 2 0 1 0 3 4 0 5 1 2 4 4 0 0 1 2 4 3 2
5 7 21 3 33 15 46 42 59 65 54 23 6 12
8 5 9 45 51 57 22 34 70 4 30 36 66 38 56
#c 5 1 5 3 3 5 0 1 2 3 4 2 0 1 2 3 4 5 5 1 5 3 3 0 5 1 5 4 4 2 0 1 5 3 3 2 0 1 0 4 4 2 0 1 5 3 3 2 5 1 2 3 4 2 0 1 0 3 4 0 5 1 2 4 4 0 0 1 2 4 3 2
3 3 10 69 40 29 8 50
8 9 28 52 58 27 39 63 64 16 14 62 47 53 71 68 41 35 11
#c 5 1 5 3 3 5 0 1 2 3 4 2 0 1 2 3 4 5 5 1 5 3 3 0 5 1 5 4 4 2 0 1 5 3 3 2 0 1 0 4 4 2 0 1 5 3 3 2 5 1 2 3 4 2 0 1 0 3 4 0 5 1 2 4 4 0 0 1 2 4 3 2
4 3 60 17 32 48 3 45 9
8 10 5 44 26 2 20 18 24 0 15 33 51 57 22 34 70 21 46 4
#c 5 1 5 5 3 5 0 1 2 5 4 2 0 1 2 3 4 3 5 1 5 3 3 0 5 1 5 4 4 2 0 1 3 3 3 2 0 1 0 4 4 2 0 1 5 5 3 2 3 1 2 3 4 2 0 1 0 3 4 0 3 1 2 4 4 0 0 1 2 4 3 2
#c 5 1 5 5 3 5 0 1 2 5 4 2 0 1 2 3 4 3 5 1 5 3 3 0 5 1 5 4 4 2 0 1 3 3 3 2 0 1 0 4 4 2 0 1 5 5 3 2 3 1 2 3 4 2 0 1 0 3 4 0 3 1 2 4 4 0 0 1 2 4 3 2
6 6 25 43 55 31 67 1 33 15 34 57 51 21
6 8 7 13 19 37 49 61 22 70 46 4 60 17 32 48
#c 5 1 5 5 3 5 0 1 2 5 4 2 0 1 2 3 4 3 5 1 5 3 3 0 5 1 5 4 4 2 0 1 3 3 3 2 0 1 0 4 4 2 0 1 5 5 3 2 3 1 2 3 4 2 0 1 0 3 4 0 3 1 2 4 4 0 0 1 2 4 3 2
6 6 62 41 29 50 11 14 32 48 57 60 46 70
6 8 8 47 53 71 68 35 15 33 51 22 34 21 4 17
#c 5 1 5 5 3 5 0 1 2 5 4 2 0 1 2 3 4 3 5 1 5 3 3 0 5 1 5 4 4 2 0 1 3 3 3 2 0 1 0 4 4 2 0 1 5 5 3 2 3 1 2 3 4 2 0 1 0 3 4 0 3 1 2 4 4 0 0 1 2 4 3 2
1 1 15 44
13 10 33 51 57 22 34 70 21 46 4 60 17 32 48 5 26 2 20 18 24 0 3 45 9
#c 5 1 5 5 3 5 0 1 2 5 4 2 0 1 2 5 4 3 5 1 5 3 3 0 5 1 5 4 4 2 0 1 3 3 3 2 0 1 0 4 4 2 0 1 3 5 3 2 3 1 2 3 4 2 0 1 0 3 4 0 3 1 2 4 4 0 0 1 2 4 3 2
4 4 16 27 39 28 7 25 43 13
7 8 10 52 58 69 63 40 64 1 19 31 37 49 55 61 67
#c 5 1 5 5 3 5 0 1 2 5 4 2 0 1 2 5 4 3 5 1 5 3 3 0 5 1 5 4 4 2 0 1 3 3 3 2 0 1 0 4 4 2 0 1 3 5 3 2 3 1 2 3 4 2 0 1 0 3 4 0 3 1 2 4 4 0 0 1 2 4 3 2
1 1 26 56
10 11 5 2 20 18 24 0 3 45 9 15 6 12 30 36 42 54 66 38 23 59 65
#c 5 1 5 5 3 5 0 1 2 5 4 2 0 1 2 5 4 3 5 1 5 3 3 0 5 1 5 4 4 2 0 1 3 3 3 2 0 1 0 4 4 2 0 1 3 5 3 2 3 1 2 3 4 2 0 1 0 3 4 0 3 1 2 4 4 0 0 1 2 4 3 2
1 1 54 53
11 11 6 12 30 36 42 66 38 23 59 56 65 8 14 50 62 29 47 71 68 41 35 11
#c 5 1 5 5 3 5 0 1 2 5 4 2 0 1 2 5 4 3 5 1 5 3 3 0 5 1 5 4 4 2 0 1 3 3 3 2 0 1 0 4 4 2 0 1 3 5 3 2 3 1 2 3 4 0 2 1 0 3 4 0 3 1 2 4 4 0 0 1 2 4 3 2
3 3 13 67 43 41 47 14
9 9 1 7 19 25 31 37 49 55 61 8 50 62 29 71 68 35 11 54
#c 5 1 5 5 3 5 0 1 2 5 4 2 0 1 2 5 4 3 5 1 5 3 3 0 5 1 5 4 4 2 0 1 3 3 3 2 0 1 0 4 4 2 0 1 3 5 3 2 3 1 2 3 4 0 2 1 0 3 4 0 3 1 2 4 4 0 0 1 2 4 3 2
#c 5 1 5 5 3 5 0 1 2 5 4 2 0 1 2 5 4 3 5 1 5 3 3 0 5 1 5 4 4 2 0 1 3 3 3 2 0 1 0 4 4 2 0 1 3 5 3 2 3 1 2 3 4 0 2 1 0 3 4 0 3 1 2 4 4 0 0 1 2 4 3 2
7 6 46 32 44 4 21 17 60 15 18 3 45 2 24
7 5 33 51 57 22 34 70 48 5 26 20 0 9
#c 5 1 5 5 3 5 0 1 2 5 4 2 0 1 2 5 4 3 5 1 5 3 3 0 5 1 5 4 4 2 0 1 3 3 3 2 0 1 0 4 4 2 0 1 3 5 3 2 3 1 2 3 4 0 2 1 0 3 4 0 3 1 2 4 4 0 0 1 2 4 3 2
2 2 27 28 66 36
9 10 10 52 58 39 69 63 40 64 16 6 12 30 42 38 23 59 56 65 53
#c 5 1 5 5 3 5 0 1 2 5 4 2 0 1 2 5 4 3 5 1 5 3 3 0 5 1 5 4 4 2 0 1 3 3 3 2 0 1 0 4 4 2 0 1 3 5 3 2 3 1 2 3 4 0 2 1 0 3 4 0 3 1 2 4 4 0 0 1 2 4 3 2
4 4 0 20 3 2 56 36 23 66
7 8 5 26 18 24 45 9 15 6 12 30 42 38 59 65 53
#c 5 1 5 5 3 5 0 1 2 5 4 2 0 1 2 5 4 3 5 1 5 3 3 0 5 1 5 4 4 2 0 1 3 3 3 2 0 1 0 4 4 2 0 1 3 5 3 2 3 1 2 3 4 0 2 1 0 3 4 0 3 1 2 4 4 0 0 1 2 4 3 2
5 5 36 6 23 66 42 19 31 37 61 1
7 7 12 30 38 59 56 65 53 7 13 25 43 49 55 67
#c 5 1 5 5 3 5 0 1 2 5 4 2 0 1 2 5 4 3 5 1 5 3 3 0 5 1 5 4 4 2 0 1 3 3 3 2 0 1 0 4 4 2 0 1 3 5 3 2 3 1 2 3 4 0 2 1 0 3 4 0 3 1 2 4 4 0 0 1 2 4 3 2
4 5 37 67 25 49 59 42 66 23 30
8 7 1 7 13 19 31 43 55 61 6 12 36 38 56 65 53
#c 5 1 5 5 3 5 0 1 2 5 4 2 0 1 2 5 4 3 5 1 5 3 3 0 5 1 5 4 4 2 0 1 3 3 3 2 0 1 0 4 4 2 0 1 3 5 3 2 3 1 2 3 4 0 2 1 0 3 4 0 3 1 2 4 4 0 0 1 2 4 3 2
4 4 8 35 29 50 57 46 44 51
8 10 14 62 47 71 68 41 11 54 33 22 34 70 21 4 60 17 32 48
#c 5 1 5 5 3 5 0 1 2 5 4 2 0 1 2 5 4 3 5 1 5 3 3 0 5 1 5 4 4 2 0 1 3 3 3 2 0 1 0 4 4 2 0 1 3 5 3 2 3 1 2 3 4 0 2 1 0 3 4 0 3 1 2 4 4 0 0 1 2 4 3 2
7 7 70 48 60 17 32 51 22 43 37 19 49 55 7 13
7 5 33 57 34 21 46 4 44 1 25 31 61 67
#c 5 1 5 5 3 5 0 1 2 5 4 2 0 1 2 5 4 3 5 1 5 3 3 0 5 1 5 4 4 2 0 1 3 3 3 2 0 1 0 4 4 2 0 1 3 5 3 2 3 1 2 3 4 0 2 1 0 3 4 0 3 1 2 4 4 0 0 1 2 4 3 2
#c 5 1 5 5 3 5 0 1 2 5 4 2 0 1 2 5 4 3 5 1 5 3 3 0 5 1 5 4 4 2 0 1 3 3 3 2 0 1 0 4 4 2 0 1 3 5 3 2 3 1 2 3 4 0 2 1 0 3 4 0 3 1 2 4 4 0 0 1 2 4 3 2
3 3 15 26 0 30 56 6
8 9 5 2 20 18 24 3 45 9 12 36 42 66 38 23 59 65 53
#c 5 1 5 5 3 5 0 1 2 5 4 2 0 1 2 5 4 3 5 1 5 3 3 0 5 1 5 4 4 2 0 1 3 3 3 2 0 1 0 4 4 2 0 1 3 5 3 2 3 1 2 3 4 0 2 1 0 3 4 0 3 1 2 4 4 0 0 1 2 4 3 2
3 3 38 56 65 50 62 11
9 9 6 12 30 36 42 66 23 59 53 8 14 29 47 71 68 41 35 54
#c 5 1 5 5 3 5 0 1 2 5 4 2 0 1 2 5 4 3 5 1 5 3 3 0 5 1 5 4 4 2 0 1 3 3 3 2 0 1 0 4 4 2 0 1 3 5 3 2 3 1 2 3 4 0 2 1 0 3 4 0 3 1 2 4 4 0 0 1 2 4 3 2
#c 5 1 5 5 3 5 0 1 2 5 4 2 0 1 2 5 4 3 5 1 5 3 3 0 5 1 5 4 4 2 0 1 3 3 3 2 0 1 0 4 4 2 0 1 3 5 3 2 3 1 2 3 4 0 2 1 0 3 4 0 3 1 2 4 4 0 0 1 2 4 3 2
5 5 29 47 14 50 68 42 59 56 38 36
7 7 8 62 71 41 35 11 54 6 12 30 66 23 65 53
#c 5 1 5 5 3 5 0 1 2 5 4 2 0 1 2 5 4 3 5 1 5 3 3 0 5 1 5 4 4 2 0 1 3 3 3 2 0 1 0 4 4 2 0 1 3 5 3 2 3 1 2 3 4 0 2 1 0 3 4 0 3 1 2 4 4 0 0 1 2 4 3 2
#c 5 1 5 5 3 5 0 1 2 5 4 2 0 1 2 5 4 3 5 1 5 3 3 0 5 1 5 4 4 2 0 1 3 3 3 2 0 1 0 4 4 2 0 1 3 5 3 2 3 1 2 3 4 0 2 1 0 3 4 0 3 1 2 4 4 0 0 1 2 4 3 2
5 5 58 27 10 64 16 18 3 45 26 0
6 6 28 52 39 69 63 40 5 2 20 24 9 15
#c 5 1 5 5 3 5 0 1 2 5 4 2 0 1 2 5 4 3 5 1 5 3 3 0 5 1 5 4 4 2 0 1 3 3 3 2 0 1 0 4 4 2 0 1 3 5 3 2 3 1 2 3 4 0 2 1 0 3 4 0 3 1 2 4 4 0 0 1 2 4 3 2
1 1 24 36
10 11 5 26 2 20 18 0 3 45 9 15 6 12 30 42 66 38 23 59 56 65 53
#c 5 1 5 5 3 5 0 1 2 5 4 2 0 1 2 5 4 3 5 1 5 3 3 0 5 1 5 4 4 2 0 1 3 3 3 2 0 1 0 4 4 2 0 1 3 5 3 2 3 1 2 3 4 0 2 1 0 3 4 0 3 1 2 4 4 0 0 1 2 4 3 2
6 6 38 23 30 53 42 66 70 33 17 21 60 48
6 8 6 12 36 59 56 65 51 57 22 34 46 4 32 44
#c 5 1 5 5 3 5 0 1 2 5 4 2 0 1 2 5 4 0 5 1 5 0 3 3 5 1 5 4 4 2 3 1 3 0 3 2 0 1 3 4 4 2 3 1 3 5 3 2 0 1 2 3 4 3 2 1 0 3 4 0 0 1 2 4 4 0 3 1 2 4 0 2
#c 5 1 5 5 3 5 0 1 2 5 4 2 0 1 2 5 4 0 5 1 5 0 3 3 5 1 5 4 4 2 3 1 3 0 3 2 0 1 3 4 4 2 3 1 3 5 3 2 0 1 2 3 4 3 2 1 0 3 4 0 0 1 2 4 4 0 3 1 2 4 0 2
1 1 62 5
11 10 8 14 50 29 47 71 68 41 35 11 54 26 2 20 18 24 0 3 45 9 15
#c 5 1 5 5 3 2 0 1 2 5 4 2 0 1 2 5 4 0 5 1 5 0 3 3 5 1 5 4 4 2 3 1 3 0 3 2 0 1 3 4 4 2 3 1 3 5 3 2 0 1 2 3 4 3 2 1 0 3 4 0 0 1 5 4 4 0 3 1 2 4 0 2
1 1 42 26
13 10 51 57 22 34 46 4 32 44 38 23 30 53 66 2 20 18 24 0 3 45 9 15 62
#c 5 1 5 5 3 2 0 1 2 5 4 2 0 1 2 5 4 0 5 1 5 0 3 3 5 1 5 4 4 2 3 1 3 0 3 2 0 1 3 4 4 2 3 1 3 5 3 2 0 1 2 3 4 3 2 1 0 3 4 0 0 1 5 4 4 0 3 1 2 4 0 2
#c 5 1 5 5 3 2 0 1 2 5 4 2 0 1 2 5 4 0 5 1 5 0 3 3 5 1 5 4 4 2 3 1 3 0 3 2 0 1 3 4 4 2 3 1 3 5 3 2 0 1 2 3 4 3 2 1 0 3 4 0 0 1 5 4 4 0 3 1 2 4 0 2
2 2 45 62 39 52
9 9 26 2 20 18 24 0 3 9 15 10 28 58 27 69 63 40 64 16
#c 5 1 5 5 3 2 0 1 2 5 4 2 0 1 2 5 4 0 5 1 5 0 3 3 5 1 5 4 4 2 3 1 3 0 3 2 0 1 3 4 4 2 3 1 3 5 3 2 0 1 2 3 4 3 2 1 0 3 4 0 0 1 5 4 4 0 3 1 2 4 0 2
4 4 21 65 17 56 62 3 18 15
8 7 6 12 36 59 70 33 60 48 26 2 20 24 0 45 9
#c 5 1 5 5 3 2 0 1 2 5 4 2 0 1 2 5 4 0 5 1 5 0 3 3 5 1 5 4 4 2 3 1 3 0 3 2 0 1 3 4 4 2 3 1 3 5 3 2 0 1 2 3 4 3 2 1 0 3 4 0 0 1 5 4 4 0 3 1 2 4 0 2
1 1 61 22
11 13 1 7 13 19 25 31 37 43 49 55 67 51 57 34 46 4 32 44 38 23 30 53 42 66
#c 5 1 5 5 3 2 0 1 2 5 4 2 0 1 2 5 4 0 5 1 5 0 1 3 5 1 5 4 4 2 3 1 3 0 3 2 0 1 3 4 4 2 3 1 3 5 3 2 0 1 2 3 4 3 2 1 0 3 4 0 0 3 5 4 4 0 3 1 2 4 0 2
6 5 68 50 11 8 29 41 32 44 46 23 42
6 9 14 47 71 35 54 5 51 57 34 4 38 30 53 66 61
#c 5 1 5 5 3 2 0 1 2 5 4 2 0 1 2 5 4 0 5 1 5 0 1 3 5 1 5 4 4 2 3 1 3 0 3 2 0 1 3 4 4 2 3 1 3 5 3 2 0 1 2 3 4 3 2 1 0 3 4 0 0 3 5 4 4 0 3 1 2 4 0 2
5 3 42 34 38 61 53 60 17 65
9 9 51 57 46 4 32 44 23 30 66 6 12 36 59 56 70 33 21 48
#c 5 1 5 5 3 2 0 1 2 5 4 2 0 1 2 5 4 3 5 1 5 0 1 3 5 1 5 4 4 2 3 1 3 0 0 2 0 1 0 4 4 2 0 1 3 5 3 2 0 1 2 3 4 0 2 1 0 3 4 0 3 0 5 4 4 3 3 1 2 4 0 2
5 5 39 52 63 40 28 68 11 47 71 29
6 7 10 58 27 69 64 16 8 14 50 41 35 54 5
#c 5 1 5 5 3 2 0 1 2 5 4 2 0 1 2 5 4 3 5 1 5 0 1 3 5 1 5 4 4 2 3 1 3 0 0 2 0 1 0 4 4 2 0 1 3 5 3 2 0 1 2 3 4 0 2 1 0 3 4 0 3 0 5 4 4 3 3 1 2 4 0 2
5 6 15 62 2 45 20 4 65 66 32 17 57
6 6 26 18 24 0 3 9 51 46 44 23 30 60
#c 5 1 5 5 3 2 0 1 2 5 4 2 0 1 2 5 4 3 5 1 5 0 1 3 5 1 5 4 4 2 3 1 3 0 0 2 0 1 0 4 4 2 0 1 3 5 3 2 0 1 2 3 4 0 2 1 0 3 4 0 3 0 5 4 4 3 3 1 2 4 0 2
#c 5 1 5 5 3 2 0 1 2 5 4 2 0 1 2 5 4 3 5 1 5 0 1 3 5 1 5 4 4 2 3 1 3 0 0 2 0 1 0 4 4 2 0 1 3 5 3 2 0 1 2 3 4 0 2 1 0 3 4 0 3 0 5 4 4 3 3 1 2 4 0 2
#c 5 1 5 5 3 2 0 1 2 5 4 2 0 1 2 5 4 3 5 1 5 0 1 3 5 1 5 4 4 2 3 1 3 0 0 2 0 1 0 4 4 2 0 1 3 5 3 2 0 1 2 3 4 0 2 1 0 3 4 0 3 0 5 4 4 3 3 1 2 4 0 2
1 1 11 34
11 13 8 14 50 29 47 71 68 41 35 54 5 6 12 36 59 56 70 33 21 48 42 38 61 53
#c 5 1 5 5 3 2 0 1 2 5 4 2 0 1 2 5 4 3 5 1 5 0 1 3 5 1 5 4 4 2 3 1 3 0 0 2 0 1 0 4 4 2 0 1 3 5 3 2 0 1 2 3 4 0 2 1 0 3 4 0 3 0 5 4 4 3 3 1 2 4 0 2
1 1 46 49
11 11 51 57 4 32 44 23 30 66 60 17 65 1 7 13 19 25 31 37 43 55 67 22
#c 5 1 5 5 3 2 0 1 2 5 4 2 0 1 2 5 4 3 5 1 5 0 1 3 5 1 5 4 4 2 3 1 3 0 0 2 0 1 0 4 4 2 0 1 3 5 3 2 0 1 2 3 4 0 2 1 0 3 4 0 3 0 5 4 4 3 3 1 2 4 0 2
5 5 69 52 28 39 10 9 26 3 20 18
6 6 58 27 63 40 64 16 2 24 0 45 15 62
#c 5 1 5 4 3 2 0 1 2 4 5 2 0 1 2 5 4 3 4 1 4 0 1 3 5 1 4 4 5 2 3 1 3 0 0 2 0 1 0 5 4 2 0 1 3 5 3 2 0 1 2 3 5 0 2 1 0 3 4 0 3 0 5 4 4 3 3 1 2 5 0 2
5 5 28 62 24 15 39 70 21 38 56 59
6 9 2 0 45 69 52 10 6 12 36 33 48 42 34 61 53
#c 5 1 5 4 3 2 0 1 2 4 5 2 0 1 2 5 4 3 4 1 4 0 1 3 5 1 4 4 5 2 3 1 3 0 0 2 0 1 0 5 4 2 0 1 3 5 3 2 0 1 2 3 5 0 2 1 0 3 4 0 3 0 5 4 4 3 3 1 2 5 0 2
6 5 70 33 53 34 42 12 46 23 44 65 66
8 7 6 36 59 56 21 48 38 61 51 57 4 32 30 60 17
#c 5 1 5 4 3 2 0 1 2 4 5 2 0 1 2 5 4 3 4 1 4 0 1 3 5 1 4 4 5 2 3 1 3 0 0 2 0 1 0 5 4 2 0 1 3 5 3 2 0 1 2 3 5 0 2 1 0 3 4 0 3 0 5 4 4 3 3 1 2 5 0 2
6 8 31 25 22 19 49 13 51 46 66 23 44 32 17 60
6 4 1 7 37 43 55 67 57 4 30 65
#c 5 1 5 4 3 2 0 1 2 4 5 2 0 1 2 5 4 3 4 1 4 0 1 3 5 1 4 4 5 2 3 1 3 0 0 2 0 1 0 5 4 2 0 1 3 5 3 2 0 1 2 3 5 0 2 1 0 3 4 0 3 0 5 4 4 3 3 1 2 5 0 2
#c 5 1 5 4 3 2 0 1 2 4 5 2 0 1 2 5 4 3 4 1 4 0 1 3 5 1 4 4 5 2 3 1 3 0 0 2 0 1 0 5 4 2 0 1 3 5 3 2 0 1 2 3 5 0 2 1 0 3 4 0 3 0 5 4 4 3 3 1 2 5 0 2
5 5 57 46 44 66 23 27 63 3 18 20
7 6 51 4 32 30 60 17 65 58 40 64 16 9 26
#c 5 1 5 4 3 2 0 1 2 4 5 2 0 1 2 5 4 3 4 1 4 0 1 3 5 1 4 4 5 2 3 1 3 0 0 2 0 1 0 5 4 2 0 1 3 5 3 2 0 1 2 3 5 0 2 1 0 3 4 0 3 0 5 4 4 3 3 1 2 5 0 2
5 5 9 3 63 16 64 37 55 19 22 49
6 7 58 27 40 26 20 18 1 7 13 25 31 43 67
#c 5 1 5 4 3 2 0 1 2 4 5 2 0 1 2 5 4 3 4 1 4 0 1 3 5 1 4 4 5 2 3 1 3 0 0 2 0 1 0 5 4 2 0 1 3 5 3 2 0 1 2 3 5 0 2 1 0 3 4 0 3 0 5 4 4 3 3 1 2 5 0 2
1 1 62 65
10 11 2 24 0 45 15 69 52 28 39 10 51 57 46 4 32 44 23 30 66 60 17
#c 5 1 5 4 3 2 0 1 2 4 5 2 0 1 2 5 4 3 4 1 4 0 1 3 5 1 4 4 5 2 3 1 3 0 0 2 0 1 0 5 4 2 0 1 3 5 3 2 0 1 2 3 5 0 2 1 0 3 4 0 3 0 3 4 4 5 3 1 2 5 0 2
1 1 33 55
13 11 6 12 36 59 56 70 21 48 42 34 38 61 53 1 7 13 19 25 31 37 43 49 67 22
#c 5 1 5 4 3 2 0 1 2 4 5 2 0 1 2 5 4 3 4 1 4 0 1 3 5 1 4 4 5 2 3 1 3 0 0 2 0 1 0 5 4 2 0 1 3 5 3 2 0 1 2 3 5 0 2 1 0 3 4 0 3 0 3 4 4 5 3 1 2 5 0 2
4 4 49 43 67 22 68 54 47 41
8 8 1 7 13 19 25 31 37 55 8 14 50 29 71 35 11 5
#c 5 1 5 4 3 2 0 1 2 4 5 2 0 1 2 5 4 3 4 1 4 0 1 3 5 1 4 4 5 2 3 1 3 0 0 2 0 1 0 5 4 2 0 1 3 5 3 2 0 1 2 3 5 0 2 1 0 3 4 0 3 0 3 4 4 5 3 1 2 5 0 2
4 3 29 41 68 14 45 39 65
8 8 8 50 47 71 35 11 54 5 2 24 0 15 69 52 28 10
#c 5 1 5 4 3 2 0 1 2 4 5 2 0 1 5 5 4 3 4 1 4 0 1 3 5 1 4 4 5 5 3 1 3 0 0 2 0 1 0 2 4 5 0 1 3 2 3 2 0 1 2 3 5 0 2 1 0 3 4 0 3 0 3 4 4 2 3 1 5 5 0 2
4 4 57 46 32 66 39 47 54 35
8 7 51 4 44 23 30 60 17 62 8 50 71 11 5 45 65
#c 5 1 5 4 3 2 0 1 2 4 5 2 0 1 5 5 4 3 4 1 4 0 1 3 5 1 4 4 5 5 3 1 3 0 0 2 0 1 0 2 4 5 0 1 3 2 3 2 0 1 2 3 5 0 2 1 0 3 4 0 3 0 3 4 4 2 3 1 5 5 0 2
5 5 26 63 40 16 9 25 37 13 67 31
6 7 58 27 64 3 20 18 1 7 19 43 49 55 22
#c 5 1 5 4 3 2 0 1 2 4 5 2 0 1 5 5 4 3 4 1 4 0 1 3 5 1 4 4 5 5 3 1 3 0 0 2 0 1 0 2 4 5 0 1 3 2 3 2 0 1 2 3 5 0 2 1 0 3 4 0 3 0 3 4 4 2 3 1 5 5 0 2
3 3 69 0 10 67 43 55
9 9 2 24 15 52 28 29 41 68 14 1 7 13 19 25 31 37 49 22
#c 5 1 5 4 3 2 0 1 2 4 5 2 0 1 5 5 4 3 4 1 4 0 1 3 5 1 4 4 5 5 3 1 3 0 0 2 0 1 0 2 4 5 0 1 3 2 3 2 0 1 2 3 5 0 2 1 0 3 4 0 3 0 3 4 4 2 3 1 5 5 0 2
2 4 61 48 29 24 52 15
12 8 6 12 36 59 56 70 33 21 42 34 38 53 2 0 69 28 10 41 68 14
#c 5 1 5 4 3 2 0 1 2 4 5 2 0 1 5 5 4 3 4 1 4 0 1 3 5 1 4 4 5 5 3 1 3 0 0 2 0 1 0 2 4 5 0 1 3 2 3 2 0 1 2 3 5 0 2 1 0 3 4 0 3 0 3 4 4 2 3 1 5 5 0 2
5 4 7 43 55 1 22 51 17 44 60
7 8 13 19 25 31 37 49 67 57 46 4 32 23 30 66 62
#c 5 1 5 4 3 2 0 1 2 4 5 2 0 1 5 5 4 3 4 1 4 0 1 3 5 1 4 4 5 5 3 1 3 0 0 2 0 1 0 2 4 5 0 1 3 2 3 2 0 1 2 3 5 0 2 1 0 3 4 0 3 0 3 4 4 2 3 1 5 5 0 2
4 4 45 8 54 5 22 1 31 67
7 8 50 47 71 35 11 39 65 7 13 19 25 37 43 49 55
#c 5 1 5 4 3 2 0 1 2 4 5 2 0 1 5 5 4 3 4 1 4 0 1 3 5 1 4 4 5 5 3 1 3 0 0 2 0 1 0 2 4 5 0 1 3 2 3 2 0 1 2 3 5 0 2 1 0 3 4 0 3 0 3 4 4 2 3 1 5 5 0 2
3 3 44 30 60 5 71 47
9 8 51 57 46 4 32 23 66 17 62 8 50 35 11 54 45 39 65
#c 5 1 5 4 3 2 0 1 2 4 5 2 0 1 5 5 4 3 4 1 4 0 1 3 5 1 4 4 5 5 3 1 3 0 0 2 0 1 0 2 4 5 0 1 3 2 3 2 0 1 2 3 5 0 2 1 0 3 4 0 3 0 3 4 4 2 3 1 5 5 0 2
4 4 9 20 27 3 65 45 11 39
7 7 58 63 40 64 16 26 18 8 50 47 71 35 54 5
#c 5 1 5 4 3 2 0 1 2 4 5 2 0 1 5 5 4 3 4 1 4 0 1 3 5 1 4 4 5 5 3 1 3 0 0 2 0 1 0 2 4 5 0 1 3 2 3 2 0 1 2 3 5 0 2 1 0 3 4 0 3 0 3 4 4 2 3 1 5 5 0 2
5 5 0 52 41 24 29 13 55 31 37 7
7 7 2 15 69 28 10 68 14 1 19 25 43 49 67 22
#c 5 1 5 4 3 2 0 1 2 4 5 2 0 1 5 5 4 3 4 1 4 0 1 3 5 1 4 4 5 5 3 1 3 0 0 2 0 1 0 2 4 5 0 1 3 2 3 2 0 1 2 3 5 0 2 1 0 3 4 0 3 0 3 4 4 2 3 1 5 5 0 2
2 3 53 34 17 57 30
12 9 6 12 36 59 56 70 33 21 48 42 38 61 51 46 4 32 44 23 66 60 62
#c 5 1 5 4 3 2 0 1 2 4 5 2 0 1 5 5 4 0 4 1 4 0 1 3 5 1 4 4 5 5 0 1 3 0 3 2 0 1 0 2 4 5 0 1 3 2 3 2 0 1 2 3 5 3 2 1 0 0 4 0 3 0 3 4 4 2 3 1 5 5 0 2
1 1 1 2
11 11 7 13 19 25 31 37 43 49 55 67 22 24 0 15 69 52 28 10 29 41 68 14
#c 5 5 1 4 3 2 0 1 2 4 5 2 0 1 5 5 4 0 4 1 4 0 1 3 5 1 4 4 5 5 0 1 3 0 3 2 0 1 0 2 4 5 0 1 3 2 3 2 0 1 2 3 5 3 2 1 0 0 4 0 3 0 3 4 4 2 3 1 5 5 0 2
#c 5 5 1 4 3 2 0 1 2 4 5 2 0 1 5 5 4 0 4 1 4 0 1 3 5 1 4 4 5 5 0 1 3 0 3 2 0 1 0 2 4 5 0 1 3 2 3 2 0 1 2 3 5 3 2 1 0 0 4 0 3 0 3 4 4 2 3 1 5 5 0 2
1 1 60 16
10 10 51 46 4 32 44 23 66 62 53 34 58 27 63 40 64 9 26 3 20 18
#c 5 5 1 4 3 2 0 1 2 4 5 2 0 1 5 5 4 0 4 1 4 0 1 3 5 1 4 4 5 5 0 1 3 0 3 2 0 1 0 2 4 5 0 1 3 2 3 2 0 1 2 3 5 3 2 1 0 0 4 0 3 0 3 4 4 2 3 1 5 5 0 2
2 1 20 64 52
9 11 58 27 63 40 16 9 26 3 18 24 0 15 69 28 10 29 41 68 14 1
#c 5 5 1 4 3 2 0 1 2 4 5 2 0 1 5 5 4 0 4 1 4 0 1 3 5 1 4 4 5 5 0 1 3 0 3 2 0 1 0 2 4 5 0 1 3 2 3 2 0 1 2 3 5 3 2 1 0 0 4 0 3 0 3 4 4 2 3 1 5 5 0 2
5 5 15 28 29 41 10 22 67 37 19 31
7 7 24 0 69 52 68 14 1 7 13 25 43 49 55 2
#c 5 5 1 4 3 2 0 1 2 4 5 2 0 1 5 5 4 0 4 1 4 0 1 3 5 1 4 4 5 5 0 1 3 0 3 2 0 1 0 2 4 5 0 1 3 2 3 2 0 1 2 3 5 3 2 1 0 0 4 0 3 0 3 4 4 2 3 1 5 5 0 2
7 9 59 56 21 48 42 33 30 22 2 55 43 37 49 67 31 19
8 3 6 12 36 70 38 61 17 57 7 13 25
#c 5 5 1 4 3 2 0 1 2 4 5 2 0 1 5 5 4 0 4 1 4 0 1 3 5 1 4 4 5 5 0 1 3 0 3 2 0 1 0 2 4 5 0 1 3 2 3 2 0 1 2 3 5 3 2 1 0 0 4 0 3 0 3 4 4 2 3 1 5 5 0 2
4 4 49 2 37 43 36 12 17 56
8 11 7 13 19 25 31 55 67 22 6 59 70 33 21 48 42 38 61 57 30
#c 5 5 1 4 3 2 0 1 2 4 5 2 0 1 5 5 4 0 4 1 4 0 1 3 5 1 4 4 5 5 0 1 3 0 3 2 0 1 0 2 4 5 0 1 3 2 3 2 0 1 2 3 5 3 2 1 0 0 4 0 3 0 3 4 4 2 3 1 5 5 0 2
1 1 11 33
10 14 8 50 47 71 35 54 5 45 39 65 6 12 36 59 56 70 21 48 42 38 61 17 57 30
#c 5 5 1 4 3 2 0 1 2 4 5 2 0 1 5 5 4 0 4 1 4 0 1 3 5 1 4 4 5 5 0 1 3 0 3 2 0 1 0 2 4 5 0 1 3 2 3 2 0 1 2 3 5 3 2 1 0 0 4 0 3 0 3 4 4 2 3 1 5 5 0 2
1 3 23 26 64 58
10 8 51 46 4 32 44 66 60 62 53 34 27 63 40 16 9 3 20 18
#c 5 5 1 4 3 2 0 1 2 4 5 2 0 1 5 5 4 0 4 1 4 0 1 3 5 1 4 4 5 5 0 1 3 0 3 2 0 1 0 2 4 5 0 1 3 2 3 2 0 1 2 3 5 3 2 1 0 0 4 0 3 0 3 4 4 2 3 1 5 5 0 2
2 2 3 63 24 69
9 10 58 27 40 64 16 9 26 20 18 0 15 52 28 10 29 41 68 14 1
#c 5 5 1 4 3 2 0 1 2 4 5 2 0 1 5 5 4 0 4 1 4 0 1 3 5 1 4 4 5 5 0 1 3 0 3 2 0 1 0 2 4 5 0 1 3 2 3 2 0 1 2 3 5 3 2 1 0 0 4 0 3 0 3 4 4 2 3 1 5 5 0 2
2 3 69 1 42 36 30
10 12 24 0 15 52 28 10 29 41 68 14 6 12 59 56 70 33 21 48 38 61 17 57
#c 5 5 1 4 3 2 0 1 2 4 5 2 0 1 5 5 4 0 4 1 4 0 1 3 5 1 4 4 5 5 0 1 3 0 3 2 0 1 0 2 4 5 0 1 3 2 3 2 0 1 2 3 5 3 2 1 0 0 4 0 3 0 3 4 4 2 3 1 5 5 0 2
#c 5 5 1 4 3 2 0 1 2 4 5 2 0 1 5 5 4 0 4 1 4 0 1 3 5 1 4 4 5 5 0 1 3 0 3 2 0 1 0 2 4 5 0 1 3 2 3 2 0 1 2 3 5 3 2 1 0 0 4 0 3 0 3 4 4 2 3 1 5 5 0 2
5 5 13 37 25 7 49 60 34 62 51 53
7 6 19 31 43 55 67 22 2 46 4 32 44 23 66
#c 5 5 1 4 3 2 0 1 2 4 5 2 0 1 5 5 4 0 4 1 4 0 1 3 5 1 4 4 5 5 0 1 3 0 3 2 0 1 0 2 4 5 0 1 3 2 3 2 0 1 2 3 5 3 2 1 0 0 4 0 3 0 3 4 4 2 3 1 5 5 0 2
1 1 50 28
10 11 8 47 71 35 11 54 5 45 39 65 24 0 15 69 52 10 29 41 68 14 1
#c 5 5 1 4 3 2 0 1 2 4 5 2 0 1 5 5 4 0 4 1 4 0 1 3 5 1 4 4 5 5 0 1 3 0 3 2 0 1 0 2 4 5 0 1 3 2 3 2 0 1 2 3 5 3 2 1 0 0 4 0 3 0 3 4 4 2 3 1 5 5 0 2
1 1 62 64
10 10 51 46 4 32 44 23 66 60 53 34 58 27 63 40 16 9 26 3 20 18
#c 5 5 1 4 3 2 0 1 2 4 5 2 0 1 5 5 4 0 4 1 4 0 1 3 5 1 4 4 5 5 0 1 3 0 3 2 0 1 0 2 4 5 0 1 3 2 3 2 0 1 2 3 5 3 2 1 0 0 4 0 3 0 3 4 4 2 3 1 5 5 0 2
1 1 63 56
10 14 58 27 40 64 16 9 26 3 20 18 6 12 36 59 70 33 21 48 42 38 61 17 57 30
#c 5 5 1 4 3 2 0 1 2 4 5 2 0 1 5 5 4 0 4 1 4 0 1 3 5 1 4 4 5 5 0 1 3 0 3 2 0 1 0 2 4 5 0 1 3 2 3 2 0 1 2 3 5 3 2 1 0 0 4 0 3 0 3 4 4 2 3 1 5 5 0 2
6 6 1 28 29 52 41 68 71 39 5 45 50 35
6 5 24 0 15 69 10 14 8 47 11 54 65
#c 5 5 1 4 3 2 0 1 2 4 5 2 0 1 5 5 4 0 4 1 4 0 1 3 5 1 4 4 5 5 0 1 3 0 3 2 0 1 0 2 4 5 0 1 3 2 3 2 0 1 2 3 5 3 2 1 0 0 4 0 3 0 3 4 4 2 3 1 5 5 0 2
7 7 30 12 42 61 21 59 56 69 10 0 1 24 52 15
8 5 6 36 70 33 48 38 17 57 28 29 41 68 14
#c 5 5 1 4 3 2 0 1 2 4 5 2 0 1 5 5 4 0 4 1 4 0 1 3 5 1 4 4 5 5 0 1 3 0 3 2 0 1 0 2 4 5 0 1 3 2 3 2 0 1 2 3 5 3 2 1 0 0 4 0 3 0 3 4 4 2 3 1 5 5 0 2
2 2 55 37 8 47
10 9 7 13 19 25 31 43 49 67 22 2 50 71 35 11 54 5 45 39 65
#c 5 5 1 4 3 2 0 1 2 4 5 2 0 1 5 5 4 0 4 1 4 0 1 3 5 1 4 4 5 5 0 1 3 0 3 2 0 1 0 2 4 5 0 1 3 2 3 2 0 1 2 3 5 3 2 1 0 0 4 0 3 0 3 4 4 2 3 1 5 5 0 2
#c 5 5 1 4 3 2 0 1 2 4 5 2 0 1 5 5 4 0 4 1 4 0 1 3 5 1 4 4 5 5 0 1 3 0 3 2 0 1 0 2 4 5 0 1 3 2 3 2 0 1 2 3 5 3 2 1 0 0 4 0 3 0 3 4 4 2 3 1 5 5 0 2
4 4 34 44 60 66 40 64 18 58
7 7 51 46 4 32 23 62 53 27 63 16 9 26 3 20
#c 5 5 1 4 3 2 0 1 2 4 5 2 0 1 5 5 4 0 4 1 4 0 1 3 5 1 4 4 5 5 0 1 3 0 3 2 0 1 0 2 4 5 0 1 3 2 3 2 0 1 2 3 5 3 2 1 0 0 4 0 3 0 3 4 4 2 3 1 5 5 0 2
1 1 40 55
10 11 58 27 63 64 16 9 26 3 20 18 7 13 19 25 31 37 43 49 67 22 2
#c 5 5 1 4 3 2 0 1 2 4 5 2 0 1 5 5 4 0 4 1 4 0 1 3 5 1 4 4 5 5 0 1 3 0 3 2 0 1 0 2 4 5 0 1 3 2 3 2 0 1 2 3 5 3 2 1 0 0 4 0 3 0 3 4 4 2 3 1 5 5 0 2
#c 5 5 1 4 3 2 0 1 2 4 5 2 0 1 5 5 4 0 4 1 4 0 1 3 5 1 4 4 5 5 0 1 3 0 3 2 0 1 0 2 4 5 0 1 3 2 3 2 0 1 2 3 5 3 2 1 0 0 4 0 3 0 3 4 4 2 3 1 5 5 0 2
6 6 61 59 48 6 42 56 3 9 58 20 40 16
9 5 12 36 70 33 21 38 17 57 30 27 63 64 26 18
#c 5 5 1 4 3 2 0 1 2 4 5 2 0 1 5 5 4 0 4 1 4 0 1 3 5 1 4 4 5 5 0 1 3 0 3 2 0 1 0 2 4 5 0 1 3 2 3 2 0 1 2 3 5 3 2 1 0 0 4 0 3 0 3 4 4 2 3 1 5 5 0 2
6 8 67 22 19 2 49 7 6 30 56 38 48 36 57 70
6 7 13 25 31 37 43 55 12 59 33 21 42 61 17
#c 5 5 1 4 3 2 0 1 2 4 5 2 0 1 5 5 4 0 4 1 4 0 1 3 5 1 4 4 5 5 0 1 3 0 3 2 0 1 0 2 4 5 0 1 3 2 3 2 0 1 2 3 5 3 2 1 0 0 4 0 3 0 3 4 4 2 3 1 5 5 0 2
2 2 47 35 15 0
9 10 8 50 71 11 54 5 45 39 65 24 69 52 28 10 29 41 68 14 1
#c 5 5 1 4 3 2 0 1 2 4 5 2 0 1 5 5 4 0 4 1 4 0 1 3 5 1 4 4 5 5 0 1 3 0 3 2 0 1 0 2 4 5 0 1 3 2 3 2 0 1 2 3 5 3 2 1 0 0 4 0 3 0 3 4 4 2 3 1 5 5 0 2
4 4 32 46 34 62 20 18 63 27
7 7 51 4 44 23 66 60 53 58 40 64 16 9 26 3
#c 5 5 1 4 3 2 0 1 2 4 5 2 0 1 5 5 4 0 4 1 4 0 1 3 5 1 4 4 5 5 0 1 3 0 3 2 0 1 0 2 4 5 0 1 3 2 3 2 0 1 2 3 5 3 2 1 0 0 4 0 3 0 3 4 4 2 3 1 5 5 0 2
1 1 16 53
10 10 58 27 63 40 64 9 26 3 20 18 51 46 4 32 44 23 66 60 62 34
#c 5 5 1 4 3 2 0 1 2 4 5 2 0 1 5 5 4 0 4 1 4 0 1 3 5 1 4 4 5 5 0 1 3 0 3 2 0 1 0 2 4 5 0 1 3 2 3 2 0 1 2 3 5 3 2 1 0 0 4 0 3 0 3 4 4 2 3 1 5 5 0 2
4 4 0 24 28 52 44 46 34 53
8 7 15 69 10 29 41 68 14 1 51 4 32 23 66 60 62
#c 5 5 1 4 3 2 0 1 2 4 5 2 0 1 5 5 4 0 4 1 4 0 1 3 5 1 4 4 5 5 0 1 3 0 3 2 0 1 0 2 4 5 0 1 3 2 3 2 0 1 2 3 5 3 2 1 0 0 4 0 3 0 3 4 4 2 3 1 5 5 0 2
7 7 21 38 48 42 70 56 17 11 50 5 45 71 35 39
8 4 6 12 36 59 33 61 57 30 8 47 54 65
#c 5 5 1 4 3 2 0 1 2 4 5 2 0 1 5 5 4 0 4 1 4 0 1 3 5 1 4 4 5 5 0 1 3 0 3 2 0 1 0 2 4 5 0 1 3 2 3 2 0 1 2 3 5 3 2 1 0 0 4 0 3 0 3 4 4 2 3 1 5 5 0 2
#c 5 5 1 4 3 2 0 1 2 4 5 2 0 1 5 5 4 0 4 1 4 0 1 3 5 1 4 4 5 5 0 1 3 0 3 2 0 1 0 2 4 5 0 1 3 2 3 2 0 1 2 3 5 3 2 1 0 0 4 0 3 0 3 4 4 2 3 1 5 5 0 2
4 5 39 50 54 35 70 59 30 48 42
7 10 8 47 71 11 5 45 65 6 12 36 56 33 21 38 61 17 57
#c 5 5 1 4 3 2 0 1 2 4 5 2 0 1 5 5 4 0 4 1 4 0 1 3 5 1 4 4 5 5 0 1 3 0 3 2 0 1 0 2 4 5 0 1 3 2 3 2 0 1 2 3 5 3 2 1 0 0 4 0 3 0 3 4 4 2 3 1 5 5 0 2
#c 5 5 1 4 3 2 0 1 2 4 5 2 0 1 5 5 4 0 4 1 4 0 1 3 5 1 4 4 5 5 0 1 3 0 3 2 0 1 0 2 4 5 0 1 3 2 3 2 0 1 2 3 5 3 2 1 0 0 4 0 3 0 3 4 4 2 3 1 5 5 0 2
5 4 16 64 3 40 18 21 36 57 38
6 11 58 27 63 9 26 20 6 12 59 56 70 33 48 42 61 17 30
#c 5 5 1 4 3 2 0 1 2 4 5 2 0 1 5 5 4 0 4 1 4 0 1 3 5 1 4 4 5 5 0 1 3 0 3 2 0 1 0 2 4 5 0 1 3 2 3 2 0 1 2 3 5 3 2 1 0 0 4 0 3 0 3 4 4 2 3 1 5 5 0 2
3 2 68 1 15 16 63
9 9 24 0 69 52 28 10 29 41 14 58 27 40 64 9 26 3 20 18
#c 5 5 1 4 3 2 0 1 2 4 5 2 0 1 5 5 4 0 4 1 4 0 1 3 5 1 4 4 5 5 0 1 3 0 3 2 0 1 0 2 4 5 0 1 3 2 3 2 0 1 2 3 5 3 2 1 0 0 4 0 3 0 3 4 4 2 3 1 5 5 0 2
#c 5 5 1 4 3 2 0 1 2 4 5 2 0 1 5 5 4 0 4 1 4 0 1 3 5 1 4 4 5 5 0 1 3 0 3 2 0 1 0 2 4 5 0 1 3 2 3 2 0 1 2 3 5 3 2 1 0 0 4 0 3 0 3 4 4 2 3 1 5 5 0 2
1 1 22 54
11 10 7 13 19 25 31 37 43 49 55 67 2 8 50 47 71 35 11 5 45 39 65
#c 5 5 1 4 3 2 0 1 2 4 5 2 0 1 5 5 4 0 4 1 4 0 1 3 5 1 4 4 5 5 0 1 3 0 3 2 0 1 0 2 4 5 0 1 3 2 3 2 0 1 2 3 5 3 2 1 0 0 4 0 3 0 3 4 4 2 3 1 5 5 0 2
3 3 71 50 39 31 43 7
8 9 8 47 35 11 54 5 45 65 13 19 25 37 49 55 67 22 2
#c 5 5 1 4 3 2 0 1 2 4 5 2 0 1 5 5 4 0 4 1 4 0 1 3 5 1 4 4 5 5 0 1 3 0 3 2 0 1 0 2 4 5 0 1 3 2 3 2 0 1 2 3 5 3 2 1 0 0 4 0 3 0 3 4 4 2 3 1 5 5 0 2
2 2 44 4 68 52
9 10 51 46 32 23 66 60 62 53 34 24 0 15 69 28 10 29 41 14 1
#c 5 5 1 4 3 2 0 1 2 4 5 2 0 1 5 5 4 0 4 1 4 0 1 3 5 1 4 4 5 5 0 1 3 0 3 2 0 1 0 2 4 5 0 1 3 2 3 2 0 1 2 3 5 3 2 1 0 0 4 0 3 0 3 4 4 2 3 1 5 5 0 2
5 5 26 18 16 9 3 34 46 66 51 23
6 6 58 27 63 40 64 20 4 32 44 60 62 53
#c 5 5 1 4 3 2 0 1 2 4 5 2 0 1 5 5 4 0 4 1 4 0 1 3 5 1 4 4 5 5 0 1 3 0 3 2 0 1 0 2 4 5 0 1 3 2 3 2 0 1 2 3 5 3 2 1 0 0 4 0 3 0 3 4 4 2 3 1 5 5 0 2
1 1 24 12
11 14 0 15 69 52 28 10 29 41 68 14 1 6 36 59 56 70 33 21 48 42 38 61 17 57 30
#c 5 5 1 4 3 2 0 1 2 4 5 2 0 1 5 5 4 0 4 1 4 0 1 3 5 1 4 4 5 5 0 1 3 0 3 2 0 1 0 2 4 5 0 1 3 2 3 2 0 1 2 3 5 3 2 1 0 0 4 0 3 0 3 4 4 2 3 1 5 5 0 2
1 1 36 65
14 10 6 12 59 56 70 33 21 48 42 38 61 17 57 30 8 50 47 71 35 11 54 5 45 39
#c 5 5 1 4 3 2 0 1 2 4 5 2 0 1 5 5 4 0 4 1 4 0 1 3 5 1 4 4 5 5 0 1 3 0 3 2 0 1 0 2 4 5 0 1 3 2 3 2 0 1 2 3 5 3 2 1 0 0 4 0 3 0 3 4 4 2 3 1 5 5 0 2
4 5 67 19 13 55 9 3 18 16 27
8 6 7 25 31 37 43 49 22 2 58 63 40 64 26 20
#c 5 5 1 4 3 2 0 1 2 4 5 2 0 1 5 5 4 0 4 1 4 0 1 3 5 1 4 4 5 5 0 1 3 0 3 2 0 1 0 2 4 5 0 1 3 2 3 2 0 1 2 3 5 3 2 1 0 0 4 0 3 0 3 4 4 2 3 1 5 5 0 2
#c 5 5 1 4 3 2 0 1 2 4 5 2 0 1 5 5 4 0 4 1 4 0 1 3 5 1 4 4 5 5 0 1 3 0 3 2 0 1 0 2 4 5 0 1 3 2 3 2 0 1 2 3 5 3 2 1 0 0 4 0 3 0 3 4 4 2 3 1 5 5 0 2
2 2 4 51 45 50
9 9 46 32 44 23 66 60 62 53 34 8 47 71 35 11 54 5 39 65
#c 5 5 1 4 3 2 0 1 2 4 5 2 0 1 5 5 4 0 4 1 4 0 1 3 5 1 4 4 5 5 0 1 3 0 3 2 0 1 0 2 4 5 0 1 3 2 3 2 0 1 2 3 5 3 2 1 0 0 4 0 3 0 3 4 4 2 3 1 5 5 0 2
3 3 40 27 18 51 32 4
8 8 58 63 64 16 9 26 3 20 46 44 23 66 60 62 53 34
#c 5 5 1 4 3 2 0 1 2 4 5 2 0 1 5 5 4 0 4 1 4 0 1 3 5 1 4 4 5 5 0 1 3 0 3 2 0 1 0 2 4 5 0 1 3 2 3 2 0 1 2 3 5 3 2 1 0 0 4 0 3 0 3 4 4 2 3 1 5 5 0 2
2 2 10 15 64 20
10 9 24 0 69 52 28 29 41 68 14 1 58 27 63 40 16 9 26 3 18
#c 5 5 1 4 3 2 0 1 2 4 5 2 0 1 5 5 4 0 4 1 4 0 1 3 5 1 4 4 5 5 0 1 3 0 3 2 0 1 0 2 4 5 0 1 3 2 3 2 0 1 2 3 5 3 2 1 0 0 4 0 3 0 3 4 4 2 3 1 5 5 0 2
1 1 6 40
14 10 12 36 59 56 70 33 21 48 42 38 61 17 57 30 58 27 63 64 16 9 26 3 20 18
#c 5 5 1 4 3 2 0 1 2 4 5 2 0 1 5 5 4 0 4 1 4 0 1 3 5 1 4 4 5 5 0 1 3 0 3 2 0 1 0 2 4 5 0 1 3 2 3 2 0 1 2 3 5 3 2 1 0 0 4 0 3 0 3 4 4 2 3 1 5 5 0 2
5 6 49 67 22 13 25 63 20 18 16 3 9
7 5 7 19 31 37 43 55 2 58 27 40 64 26
#c 5 5 1 4 3 2 0 1 2 4 5 2 0 1 5 5 4 0 4 1 4 0 1 3 5 1 4 4 5 5 0 1 3 0 3 2 0 1 0 2 4 5 0 1 3 2 3 2 0 1 2 3 5 3 2 1 0 0 4 0 3 0 3 4 4 2 3 1 5 5 0 2
2 2 5 50 9 58
9 9 8 47 71 35 11 54 45 39 65 27 63 40 64 16 26 3 20 18
#c 5 5 1 4 3 2 0 1 2 4 5 2 0 1 5 5 4 0 4 1 4 0 1 3 5 1 4 4 5 5 0 1 3 0 3 2 0 1 0 2 4 5 0 1 3 2 3 2 0 1 2 3 5 3 2 1 0 0 4 0 3 0 3 4 4 2 3 1 5 5 0 2
3 3 60 23 66 56 61 36
8 12 51 46 4 32 44 62 53 34 6 12 59 70 33 21 48 42 38 17 57 30
#c 5 5 1 4 3 2 0 1 2 4 5 2 0 1 5 5 4 0 4 1 4 0 1 3 5 1 4 4 5 5 0 1 3 0 3 2 0 1 0 2 4 5 0 1 3 2 3 2 0 1 2 3 5 3 2 1 0 0 4 0 3 0 3 4 4 2 3 1 5 5 0 2
4 4 64 9 3 40 55 67 25 13
7 8 58 27 63 16 26 20 18 7 19 31 37 43 49 22 2
#c 5 5 1 4 3 2 0 1 2 4 5 2 0 1 5 5 4 0 4 1 4 0 1 3 5 1 4 4 5 5 0 1 3 0 3 2 0 1 0 2 4 5 0 1 3 2 3 2 0 1 2 3 5 3 2 1 0 0 4 0 3 0 3 4 4 2 3 1 5 5 0 2
2 3 10 24 16 26 63
10 8 0 15 69 52 28 29 41 68 14 1 58 27 40 64 9 3 20 18
#c 5 5 1 4 3 2 0 1 2 4 5 2 0 1 5 5 4 0 4 1 4 0 1 3 5 1 4 4 5 5 0 1 3 0 3 2 0 1 0 2 4 5 0 1 3 2 3 2 0 1 2 3 5 3 2 1 0 0 4 0 3 0 3 4 4 2 3 1 5 5 0 2
3 3 21 61 38 39 47 50
12 8 6 12 36 59 56 70 33 48 42 17 57 30 8 71 35 11 54 5 45 65
#c 5 5 1 4 3 2 0 1 2 4 5 2 0 1 5 5 4 0 4 1 4 0 1 3 5 1 4 4 5 5 0 1 3 0 3 2 0 1 0 2 4 5 0 1 3 2 3 2 0 1 2 3 5 3 2 1 0 0 4 0 3 0 3 4 4 2 3 1 5 5 0 2
#c 5 5 1 4 3 2 0 1 2 4 5 2 0 1 5 5 4 0 4 1 4 0 1 3 5 1 4 4 5 5 0 1 3 0 3 2 0 1 0 2 4 5 0 1 3 2 3 2 0 1 2 3 5 3 2 1 0 0 4 0 3 0 3 4 4 2 3 1 5 5 0 2
5 5 54 47 71 5 50 21 70 17 59 30
6 10 8 35 11 45 39 65 6 12 36 56 33 48 42 38 61 57
#c 5 5 1 4 3 2 0 1 2 4 5 2 0 1 5 5 4 0 4 1 4 0 1 3 5 1 4 4 5 5 0 1 3 0 3 2 0 1 0 2 4 5 0 1 3 2 3 2 0 1 2 3 5 3 2 1 0 0 4 0 3 0 3 4 4 2 3 1 5 5 0 2
4 4 51 44 53 32 48 36 56 30
7 11 46 4 23 66 60 62 34 6 12 59 70 33 21 42 38 61 17 57
#c 5 5 1 4 3 2 0 1 2 4 5 2 0 1 5 5 4 0 4 1 4 0 1 3 5 1 4 4 5 5 0 1 3 0 3 2 0 1 0 2 4 5 0 1 3 2 3 2 0 1 2 3 5 3 2 1 0 0 4 0 3 0 3 4 4 2 3 1 5 5 0 2
5 5 9 63 58 27 16 15 1 14 10 69
6 7 40 64 26 3 20 18 24 0 52 28 29 41 68
#c 5 5 1 4 3 2 0 1 2 4 5 2 0 1 5 5 4 0 4 1 4 0 1 3 5 1 4 4 5 5 0 1 3 0 3 2 0 1 0 2 4 5 0 1 3 2 3 2 0 1 2 3 5 3 2 1 0 0 4 0 3 0 3 4 4 2 3 1 5 5 0 2
#c 5 5 1 4 3 2 0 1 2 4 5 2 0 1 5 5 4 0 4 1 4 0 1 3 5 1 4 4 5 5 0 1 3 0 3 2 0 1 0 2 4 5 0 1 3 2 3 2 0 1 2 3 5 3 2 1 0 0 4 0 3 0 3 4 4 2 3 1 5 5 0 2
#c 5 5 1 4 3 2 0 1 2 4 5 2 0 1 5 5 4 0 4 1 4 0 1 3 5 1 4 4 5 5 0 1 3 0 3 2 0 1 0 2 4 5 0 1 3 2 3 2 0 1 2 3 5 3 2 1 0 0 4 0 3 0 3 4 4 2 3 1 5 5 0 2
4 4 67 43 19 13 3 16 20 58
8 7 7 25 31 37 49 55 22 2 27 63 40 64 9 26 18
#c 5 5 1 4 3 2 0 1 2 4 5 2 0 1 5 5 4 0 4 1 4 0 1 3 5 1 4 4 5 5 0 1 3 0 3 2 0 1 0 2 4 5 0 1 3 2 3 2 0 1 2 3 5 3 2 1 0 0 4 0 3 0 3 4 4 2 3 1 5 5 0 2
2 2 47 8 52 1
9 10 50 71 35 11 54 5 45 39 65 24 0 15 69 28 10 29 41 68 14
#c 5 5 1 4 3 2 0 1 2 4 5 2 0 1 5 5 4 0 4 1 4 0 1 3 5 1 4 4 5 5 0 1 3 0 3 2 0 1 0 2 4 5 0 1 3 2 3 2 0 1 2 3 5 3 2 1 0 0 4 0 3 0 3 4 4 2 3 1 5 5 0 2
2 2 32 51 56 6
9 13 46 4 44 23 66 60 62 53 34 12 36 59 70 33 21 48 42 38 61 17 57 30
#c 5 5 1 4 3 2 0 1 2 4 5 2 0 1 5 5 4 0 4 1 4 0 1 3 5 1 4 4 5 5 0 1 3 0 3 2 0 1 0 2 4 5 0 1 3 2 3 2 0 1 2 3 5 3 2 1 0 0 4 0 3 0 3 4 4 2 3 1 5 5 0 2
2 2 16 64 29 14
9 10 58 27 63 40 9 26 3 20 18 24 0 15 69 52 28 10 41 68 1
#c 5 5 1 4 3 2 0 1 2 4 5 2 0 1 5 5 4 0 4 1 4 0 1 3 5 1 4 4 5 5 0 1 3 0 3 2 0 1 0 2 4 5 0 1 3 2 3 2 0 1 2 3 5 3 2 1 0 0 4 0 3 0 3 4 4 2 3 1 5 5 0 2
3 3 69 24 1 42 12 30
9 12 0 15 52 28 10 29 41 68 14 6 36 59 56 70 33 21 48 38 61 17 57
#c 5 5 1 4 3 2 0 1 2 4 5 2 0 1 5 5 4 0 4 1 4 0 1 3 5 1 4 4 5 5 0 1 3 0 3 2 0 1 0 2 4 5 0 1 3 2 3 2 0 1 2 3 5 3 2 1 0 0 4 0 3 0 3 4 4 2 3 1 5 5 0 2
6 6 59 42 61 70 48 6 4 51 32 62 66 34
9 5 12 36 56 33 21 38 17 57 30 46 44 23 60 53
#c 5 5 1 4 3 2 0 1 2 4 5 2 0 1 5 5 4 0 4 1 4 0 1 3 5 1 4 4 5 5 0 1 3 0 3 2 0 1 0 2 4 5 0 1 3 2 3 2 0 1 2 3 5 3 2 1 0 0 4 0 3 0 3 4 4 2 3 1 5 5 0 2
2 3 37 55 29 14 24
10 9 7 13 19 25 31 43 49 67 22 2 0 15 69 52 28 10 41 68 1
#c 5 5 1 4 3 2 0 1 2 4 5 2 0 1 5 5 4 0 4 1 4 0 1 3 5 1 4 4 5 5 0 1 3 0 3 2 0 1 0 2 4 5 0 1 3 2 3 2 0 1 2 3 5 3 2 1 0 0 4 0 3 0 3 4 4 2 3 1 5 5 0 2
3 3 39 65 8 4 23 44
8 8 50 47 71 35 11 54 5 45 51 46 32 66 60 62 53 34
#c 5 5 1 4 3 2 0 1 2 4 5 2 0 1 5 5 4 0 4 1 4 0 1 3 5 1 4 4 5 5 0 1 3 0 3 2 0 1 0 2 4 5 0 1 3 2 3 2 0 1 2 3 5 3 2 1 0 0 4 0 3 0 3 4 4 2 3 1 5 5 0 2
3 3 66 51 62 55 25 19
8 9 46 4 32 44 23 60 53 34 7 13 31 37 43 49 67 22 2
#c 5 5 1 4 3 2 0 1 2 4 5 2 0 1 5 5 4 0 4 1 4 0 1 3 5 1 4 4 5 5 0 1 3 0 3 2 0 1 0 2 4 5 0 1 3 2 3 2 0 1 2 3 5 3 2 1 0 0 4 0 3 0 3 4 4 2 3 1 5 5 0 2
5 4 58 27 9 40 16 31 19 2 25
6 8 63 64 26 3 20 18 7 13 37 43 49 55 67 22
#c 5 5 1 4 3 2 0 1 2 4 5 2 0 1 5 5 4 0 4 1 4 0 1 3 5 1 4 4 5 5 0 1 3 0 3 2 0 1 0 2 4 5 0 1 3 2 3 2 0 1 2 3 5 3 2 1 0 0 4 0 3 0 3 4 4 2 3 1 5 5 0 2
4 4 52 0 10 24 44 34 66 4
8 7 15 69 28 29 41 68 14 1 51 46 32 23 60 62 53
#c 5 5 1 4 3 2 0 1 2 4 5 2 0 1 5 5 4 0 4 1 4 0 1 3 5 1 4 4 5 5 0 1 3 0 3 2 0 1 0 2 4 5 0 1 3 2 3 2 0 1 2 3 5 3 2 1 0 0 4 0 3 0 3 4 4 2 3 1 5 5 0 2
#c 5 5 1 4 3 2 0 1 2 4 5 2 0 1 5 5 4 0 4 1 4 0 1 3 5 1 4 4 5 5 0 1 3 0 3 2 0 1 0 2 4 5 0 1 3 2 3 2 0 1 2 3 5 3 2 1 0 0 4 0 3 0 3 4 4 2 3 1 5 5 0 2
5 5 67 25 43 37 19 38 6 36 48 12
7 10 7 13 31 49 55 22 2 59 56 70 33 21 42 61 17 57 30
#c 5 5 1 4 3 2 0 1 2 4 5 2 0 1 5 5 4 0 4 1 4 0 1 3 5 1 4 4 5 5 0 1 3 0 3 2 0 1 0 2 4 5 0 1 3 2 3 2 0 1 2 3 5 3 2 1 0 0 4 0 3 0 3 4 4 2 3 1 5 5 0 2
4 4 35 50 45 11 14 29 10 41
7 8 8 47 71 54 5 39 65 24 0 15 69 52 28 68 1
#c 5 5 1 4 3 2 0 1 2 4 5 2 0 1 5 5 4 0 4 1 4 0 1 3 5 1 4 4 5 5 0 1 3 0 3 2 0 1 0 2 4 5 0 1 3 2 3 2 0 1 2 3 5 3 2 1 0 0 4 0 3 0 3 4 4 2 3 1 5 5 0 2
4 4 44 53 34 60 28 29 68 69
7 8 51 46 4 32 23 66 62 24 0 15 52 10 41 14 1
#c 5 5 1 4 3 2 0 1 2 4 5 2 0 1 5 5 4 0 4 1 4 0 1 3 5 1 4 4 5 5 0 1 3 0 3 2 0 1 0 2 4 5 0 1 3 2 3 2 0 1 2 3 5 3 2 1 0 0 4 0 3 0 3 4 4 2 3 1 5 5 0 2
3 3 20 18 26 59 21 61
8 12 58 27 63 40 64 16 9 3 6 12 36 56 70 33 48 42 38 17 57 30
#c 5 5 1 4 3 2 0 1 2 4 5 2 0 1 5 5 4 0 4 1 4 0 1 3 5 1 4 4 5 5 0 1 3 0 3 2 0 1 0 2 4 5 0 1 3 2 3 2 0 1 2 3 5 3 2 1 0 0 4 0 3 0 3 4 4 2 3 1 5 5 0 2
3 4 68 41 28 30 70 38 17
9 11 24 0 15 69 52 10 29 14 1 6 12 36 59 56 33 21 48 42 61 57
#c 5 5 1 4 3 2 0 1 2 4 5 2 0 1 5 5 4 0 4 1 4 0 1 3 5 1 4 4 5 5 0 1 3 0 3 2 0 1 0 2 4 5 0 1 3 2 3 2 0 1 2 3 5 3 2 1 0 0 4 0 3 0 3 4 4 2 3 1 5 5 0 2
6 6 48 36 33 70 12 57 25 13 49 37 19 22
9 6 6 59 56 21 42 38 61 17 30 7 31 43 55 67 2
#c 5 5 1 4 3 2 0 1 2 4 5 2 0 1 5 5 4 0 4 1 4 0 1 3 5 1 4 4 5 5 0 1 3 0 3 2 0 1 0 2 4 5 0 1 3 2 3 2 0 1 2 3 5 3 2 1 0 0 4 0 3 0 3 4 4 2 3 1 5 5 0 2
5 5 37 19 22 31 7 3 26 40 18 16
7 6 13 25 43 49 55 67 2 58 27 63 64 9 20
#c 5 5 1 4 3 2 0 1 2 4 5 2 0 1 5 5 4 0 4 1 4 0 1 3 5 1 4 4 5 5 0 1 3 0 3 2 0 1 0 2 4 5 0 1 3 2 3 2 0 1 2 3 5 3 2 1 0 0 4 0 3 0 3 4 4 2 3 1 5 5 0 2
#c 5 5 1 4 3 2 0 1 2 4 5 2 0 1 5 5 4 0 4 1 4 0 1 3 5 1 4 4 5 5 0 1 3 0 3 2 0 1 0 2 4 5 0 1 3 2 3 2 0 1 2 3 5 3 2 1 0 0 4 0 3 0 3 4 4 2 3 1 5 5 0 2
3 3 44 66 62 71 35 50
8 8 51 46 4 32 23 60 53 34 8 47 11 54 5 45 39 65
#c 5 5 1 4 3 2 0 1 2 4 5 2 0 1 5 5 4 0 4 1 4 0 1 3 5 1 4 4 5 5 0 1 3 0 3 2 0 1 0 2 4 5 0 1 3 2 3 2 0 1 2 3 5 3 2 1 0 0 4 0 3 0 3 4 4 2 3 1 5 5 0 2
3 3 58 64 26 53 60 32
8 8 27 63 40 16 9 3 20 18 51 46 4 44 23 66 62 34
#c 5 5 1 4 3 2 0 1 2 4 5 2 0 1 5 5 4 0 4 1 4 0 1 3 5 1 4 4 5 5 0 1 3 0 3 2 0 1 0 2 4 5 0 1 3 2 3 2 0 1 2 3 5 3 2 1 0 0 4 0 3 0 3 4 4 2 3 1 5 5 0 2
5 5 69 52 10 1 41 63 26 64 58 9
7 6 24 0 15 28 29 68 14 27 40 16 3 20 18
#c 5 5 1 4 3 2 0 1 2 4 5 2 0 1 5 5 4 0 4 1 4 0 1 3 5 1 4 4 5 5 0 1 3 0 3 2 0 1 0 2 4 5 0 1 3 2 3 2 0 1 2 3 5 3 2 1 0 0 4 0 3 0 3 4 4 2 3 1 5 5 0 2
5 7 6 48 33 42 12 46 62 60 66 32 51 23
10 4 36 59 56 70 21 38 61 17 57 30 4 44 53 34
#c 5 5 1 4 3 2 0 1 2 4 5 2 0 1 5 5 4 0 4 1 4 0 1 3 5 1 4 4 5 5 0 1 3 0 3 2 0 1 0 2 4 5 0 1 3 2 3 2 0 1 2 3 5 3 2 1 0 0 4 0 3 0 3 4 4 2 3 1 5 5 0 2
5 5 13 55 67 43 7 60 53 34 4 66
7 6 19 25 31 37 49 22 2 51 46 32 44 23 62
#c 5 5 1 4 3 2 0 1 2 4 5 2 0 1 5 5 4 0 4 1 4 0 1 3 5 1 4 4 5 5 0 1 3 0 3 2 0 1 0 2 4 5 0 1 3 2 3 2 0 1 2 3 5 3 2 1 0 0 4 0 3 0 3 4 4 2 3 1 5 5 0 2
5 5 47 50 65 71 54 44 46 66 62 53
6 6 8 35 11 5 45 39 51 4 32 23 60 34
#c 5 5 1 4 3 2 0 1 2 4 5 2 0 1 5 5 4 0 4 1 4 0 1 3 5 1 4 4 5 5 0 1 3 0 3 2 0 1 0 2 4 5 0 1 3 2 3 2 0 1 2 3 5 3 2 1 0 0 4 0 3 0 3 4 4 2 3 1 5 5 0 2
3 3 60 53 34 18 3 16
8 8 51 46 4 32 44 23 66 62 58 27 63 40 64 9 26 20
#c 5 5 1 4 3 2 0 1 2 4 5 2 0 1 5 5 4 0 4 1 4 0 1 3 5 1 4 4 5 5 0 1 3 0 3 2 0 1 0 2 4 5 0 1 3 2 3 2 0 1 2 3 5 3 2 1 0 0 4 0 3 0 3 4 4 2 3 1 5 5 0 2
#c 5 5 1 4 3 2 0 1 2 4 5 2 0 1 5 5 4 0 4 1 4 0 1 3 5 1 4 4 5 5 0 1 3 0 3 2 0 1 0 2 4 5 0 1 3 2 3 2 0 1 2 3 5 3 2 1 0 0 4 0 3 0 3 4 4 2 3 1 5 5 0 2
5 5 10 41 68 24 0 51 62 4 34 23
7 6 15 69 52 28 29 14 1 46 32 44 66 60 53
#c 5 5 1 4 3 2 0 1 2 4 5 2 0 1 5 5 4 0 4 1 4 0 1 3 5 1 4 4 5 5 0 1 3 0 3 2 0 1 0 2 4 5 0 1 3 2 3 2 0 1 2 3 5 3 2 1 0 0 4 0 3 0 3 4 4 2 3 1 5 5 0 2
4 4 42 56 12 33 28 68 14 69
11 8 6 36 59 70 21 48 38 61 17 57 30 24 0 15 52 10 29 41 1
#c 5 5 1 4 3 2 0 1 2 4 5 2 0 1 5 5 4 0 4 1 4 0 1 3 5 1 4 4 5 5 0 1 3 0 3 2 0 1 0 2 4 5 0 1 3 2 3 2 0 1 2 3 5 3 2 1 0 0 4 0 3 0 3 4 4 2 3 1 5 5 0 2
6 5 49 55 2 37 25 19 1 15 0 68 41
6 7 7 13 31 43 67 22 24 69 52 28 10 29 14
#c 5 5 1 4 3 2 0 1 2 4 5 2 0 1 5 5 4 0 4 1 4 0 1 3 5 1 4 4 5 5 0 1 3 0 3 2 0 1 0 2 4 5 0 1 3 2 3 2 0 1 2 3 5 3 2 1 0 0 4 0 3 0 3 4 4 2 3 1 5 5 0 2
3 3 71 35 5 26 18 3
8 8 8 50 47 11 54 45 39 65 58 27 63 40 64 16 9 20
#c 5 5 1 4 3 2 0 1 2 4 5 2 0 1 5 5 4 0 4 1 4 0 1 3 5 1 4 4 5 5 0 1 3 0 3 2 0 1 0 2 4 5 0 1 3 2 3 2 0 1 2 3 5 3 2 1 0 0 4 0 3 0 3 4 4 2 3 1 5 5 0 2
3 3 44 34 4 18 9 40
8 8 51 46 32 23 66 60 62 53 58 27 63 64 16 26 3 20
#c 5 5 1 4 3 2 0 1 2 4 5 2 0 1 5 5 4 0 4 1 4 0 1 3 5 1 4 4 5 5 0 1 3 0 3 2 0 1 0 2 4 5 0 1 3 2 3 2 0 1 2 3 5 3 2 1 0 0 4 0 3 0 3 4 4 2 3 1 5 5 0 2
4 4 26 40 20 18 61 30 48 42
7 11 58 27 63 64 16 9 3 6 12 36 59 56 70 33 21 38 17 57
#c 5 5 1 4 3 2 0 1 2 4 5 2 0 1 5 5 4 0 0 1 0 0 1 3 5 1 0 4 5 5 4 1 3 0 3 2 0 1 0 2 0 5 4 1 3 2 3 2 4 1 2 3 5 3 2 1 0 0 4 0 3 4 3 4 4 2 3 1 5 5 0 2
6 5 14 68 28 24 15 29 34 53 62 32 23
6 6 0 69 52 10 41 1 51 46 4 44 66 60
#c 5 5 1 4 3 2 0 1 2 4 5 2 0 1 5 5 4 0 0 1 0 0 1 3 5 1 0 4 5 5 4 1 3 0 3 2 0 1 0 2 0 5 4 1 3 2 3 2 4 1 2 3 5 3 2 1 0 0 4 0 3 4 3 4 4 2 3 1 5 5 0 2
2 2 40 36 16 61
13 9 6 12 59 56 70 33 21 38 17 57 26 20 18 58 27 63 64 9 3 30 48 42
#c 5 5 1 4 3 2 0 1 2 4 5 2 0 1 5 5 4 0 0 1 0 0 1 3 5 1 0 4 5 5 4 1 3 0 3 2 0 1 0 2 0 5 4 1 3 2 3 2 4 1 2 3 5 3 2 1 0 0 4 0 3 4 3 4 4 2 3 1 5 5 0 2
4 5 67 13 7 31 4 32 34 66 62
8 6 19 25 37 43 49 55 22 2 51 46 44 23 60 53
#c 5 5 1 4 3 2 0 1 2 4 5 2 0 1 5 5 4 0 0 1 0 0 1 3 5 1 0 4 5 5 4 1 3 0 3 2 0 1 0 2 0 5 4 1 3 2 3 2 4 1 2 3 5 3 2 1 0 0 4 0 3 4 3 4 4 2 3 1 5 5 0 2
3 3 11 39 54 43 19 55
8 9 8 50 47 71 35 5 45 65 7 13 25 31 37 49 67 22 2
#c 5 5 1 4 3 2 0 1 2 4 5 2 0 1 5 5 4 0 0 1 0 0 1 3 5 1 0 4 5 5 4 1 3 0 3 2 0 1 0 2 0 5 4 1 3 2 3 2 4 1 2 3 5 3 2 1 0 0 4 0 3 4 3 4 4 2 3 1 5 5 0 2
1 1 32 57
10 14 51 46 4 44 23 66 60 62 53 34 6 12 36 59 56 70 33 21 38 17 26 40 20 18
#c 5 5 1 4 3 2 0 1 2 4 5 2 0 1 5 5 4 0 0 1 0 0 1 3 5 1 0 4 5 5 4 1 3 0 3 2 0 1 0 2 0 5 4 1 3 2 3 2 4 1 2 3 5 3 2 1 0 0 4 0 3 4 3 4 4 2 3 1 5 5 0 2
#c 5 5 1 4 3 2 0 1 2 4 5 2 0 1 5 5 4 0 0 1 0 0 1 3 5 1 0 4 5 5 4 1 3 0 3 2 0 1 0 2 0 5 4 1 3 2 3 2 4 1 2 3 5 3 2 1 0 0 4 0 3 4 3 4 4 2 3 1 5 5 0 2
#c 5 5 1 4 3 2 0 1 2 4 5 2 0 1 5 5 4 0 0 1 0 0 1 3 5 1 0 4 5 5 4 1 3 0 3 2 0 1 0 2 0 5 4 1 3 2 3 2 4 1 2 3 5 3 2 1 0 0 4 0 3 4 3 4 4 2 3 1 5 5 0 2
4 4 26 56 12 33 34 51 46 53
11 7 6 36 59 70 21 38 17 57 40 20 18 4 32 44 23 66 60 62
#c 5 5 1 4 3 2 0 1 2 4 5 2 0 1 5 5 4 0 0 1 0 0 1 3 5 1 0 4 5 5 4 1 3 0 3 2 0 1 0 2 0 5 4 1 3 2 3 2 4 1 2 3 5 3 2 1 0 0 4 0 3 4 3 4 4 2 3 1 5 5 0 2
#c 5 5 1 4 3 2 0 1 2 4 5 2 0 1 5 5 4 0 0 1 0 0 1 3 5 1 0 4 5 5 4 1 3 0 3 2 0 1 0 2 0 5 4 1 3 2 3 2 4 1 2 3 5 3 2 1 0 0 4 0 3 4 3 4 4 2 3 1 5 5 0 2
2 2 8 47 2 43
9 10 50 71 35 11 54 5 45 39 65 7 13 19 25 31 37 49 55 67 22
#c 5 5 2 4 3 2 0 1 1 4 5 2 0 1 5 5 4 0 0 1 0 0 1 3 5 1 0 4 5 5 4 1 3 0 3 2 0 1 0 2 0 5 4 2 3 2 3 1 4 1 2 3 5 3 2 1 0 0 4 0 3 4 3 4 4 2 3 1 5 5 0 2
4 4 34 23 44 46 65 54 39 71
7 7 51 4 32 66 60 62 53 50 35 11 5 45 2 43
#c 5 5 2 4 3 2 0 1 1 4 5 2 0 1 5 5 4 0 0 1 0 0 1 3 5 1 0 4 5 5 4 1 3 0 3 2 0 1 0 2 0 5 4 2 3 2 3 1 4 1 2 3 5 3 2 1 0 0 4 0 3 4 3 4 4 2 3 1 5 5 0 2
1 1 64 24
10 11 58 27 63 16 9 3 61 30 48 42 0 15 69 52 28 10 29 41 68 14 1
#c 5 5 2 4 3 2 0 1 1 4 5 2 0 1 5 5 4 0 0 1 0 0 1 3 5 1 0 4 5 5 4 1 3 0 3 2 0 1 0 2 0 5 4 2 3 2 3 1 4 1 2 3 5 3 2 1 0 0 4 0 3 4 3 4 4 2 3 1 5 5 0 2
6 6 15 24 1 68 14 69 34 51 23 46 53 44
6 5 0 52 28 10 29 41 4 32 66 60 62
#c 5 5 2 4 3 2 0 1 1 4 5 2 0 1 5 5 4 0 0 1 0 0 1 3 5 1 0 4 5 5 4 1 3 0 3 2 0 1 0 2 0 5 4 2 3 2 3 1 4 1 2 3 5 3 2 1 0 0 4 0 3 4 3 4 4 2 3 1 5 5 0 2
#c 5 5 2 4 3 2 0 1 1 4 5 2 0 1 5 5 4 0 0 1 0 0 1 3 5 1 0 4 5 5 4 1 3 0 3 2 0 1 0 2 0 5 4 2 3 2 3 1 4 1 2 3 5 3 2 1 0 0 4 0 3 4 3 4 4 2 3 1 5 5 0 2
3 3 67 55 8 68 41 24
9 9 7 13 19 25 31 37 49 22 47 0 15 69 52 28 10 29 14 1
#c 5 5 2 4 3 2 0 1 1 4 5 2 0 1 5 5 4 0 0 1 0 0 1 3 5 1 0 4 5 5 4 1 3 0 3 2 0 1 0 2 0 5 4 2 3 2 3 1 4 1 2 3 5 3 2 1 0 0 4 0 3 4 3 4 4 2 3 1 5 5 0 2
1 2 35 37 13
10 10 50 71 11 54 5 45 39 65 2 43 7 19 25 31 49 55 67 22 8 47
#c 5 5 2 4 3 2 0 1 1 4 5 2 0 1 5 5 4 0 0 1 0 0 1 3 5 1 0 4 5 5 4 1 3 0 3 2 0 1 0 2 0 5 4 2 3 2 3 1 4 1 2 3 5 3 2 1 0 0 4 0 3 4 3 4 4 2 3 1 5 5 0 2
2 2 34 32 21 6
9 13 51 46 4 44 23 66 60 62 53 12 36 59 56 70 33 38 17 57 26 40 20 18
#c 5 5 2 4 3 2 0 1 1 4 5 2 0 1 5 5 4 0 0 1 0 0 1 3 5 1 0 4 5 5 4 1 3 0 3 2 0 1 0 2 0 5 4 2 3 2 3 1 4 1 2 3 5 3 2 1 0 0 4 0 3 4 3 4 4 2 3 1 5 5 0 2
2 2 30 58 35 5
9 9 27 63 64 16 9 3 61 48 42 50 71 11 54 45 39 65 2 43
#c 5 5 2 4 3 2 0 1 1 4 5 2 0 1 5 5 4 0 0 1 0 0 1 3 5 1 0 4 5 5 4 1 3 0 3 2 0 1 0 2 0 5 4 2 3 2 3 1 4 1 2 3 5 3 2 1 0 0 4 0 3 4 3 4 4 2 3 1 5 5 0 2
3 4 14 28 10 58 63 64 30
9 7 24 0 15 69 52 29 41 68 1 27 16 9 3 61 48 42
#c 5 5 2 4 3 2 0 1 1 4 5 2 0 1 5 5 4 0 0 1 0 0 1 3 5 1 0 4 5 5 4 1 3 0 3 2 0 1 0 2 0 5 4 2 3 2 3 1 4 1 2 3 5 3 2 1 0 0 4 0 3 4 3 4 4 2 3 1 5 5 0 2
3 3 21 12 26 3 64 63
12 8 6 36 59 56 70 33 38 17 57 40 20 18 58 27 16 9 61 30 48 42
#c 5 5 2 4 3 2 0 1 1 4 5 2 0 1 5 5 4 0 0 1 0 0 1 3 5 1 0 4 5 5 4 1 3 0 3 2 0 1 0 2 0 5 4 2 3 2 3 1 4 1 2 3 5 3 2 1 0 0 4 0 3 4 3 4 4 2 3 1 5 5 0 2
#c 5 5 2 4 3 2 0 1 1 4 5 2 0 1 5 5 4 0 0 1 0 0 1 3 5 1 0 4 5 5 4 1 3 0 3 2 0 1 0 2 0 5 4 2 3 2 3 1 4 1 2 3 5 3 2 1 0 0 4 0 3 4 3 4 4 2 3 1 5 5 0 2
5 5 2 4 3 2 0 1 1 4 5 2 0 1 5 5 4 0 0 1 0 0 1 3 5 1 0 4 5 5 4 1 3 0 3 2 0 1 0 2 0 5 4 2 3 2 3 1 4 1 2 3 5 3 2 1 0 0 4 0 3 4 3 4 4 2 3 1 5 5 0 2
