#c 0 1 2 3 4 5 0 1 2 3 4 5 0 1 2 3 4 5 0 1 2 3 4 5 0 1 2 3 4 5 0 1 2 3 4 5 0 1 2 3 4 5 0 1 2 3 4 5 0 1 2 3 4 5 0 1 2 3 4 5 0 1 2 3 4 5 0 1 2 3 4 5 0 1 2 3 4 5 0 1 2
5 5 7 79 55 25 43 58 4 46 10 22
9 8 1 13 19 31 37 49 61 67 73 16 28 34 40 52 64 70 76
#c 0 1 2 3 4 5 0 1 2 3 4 5 0 1 2 3 4 5 0 1 2 3 4 5 0 1 2 3 4 5 0 1 2 3 4 5 0 1 2 3 4 5 0 1 2 3 4 5 0 1 2 3 4 5 0 1 2 3 4 5 0 1 2 3 4 5 0 1 2 3 4 5 0 1 2 3 4 5 0 1 2
2 2 44 32 71 77
12 11 2 8 14 20 26 38 50 56 62 68 74 80 5 11 17 23 29 35 41 47 53 59 65
#c 0 1 2 3 4 5 0 1 2 3 4 5 0 1 2 3 4 5 0 1 2 3 4 5 0 1 2 3 4 5 0 1 5 3 4 5 0 1 2 3 4 5 0 1 5 3 4 5 0 1 2 3 4 5 0 1 2 3 4 5 0 1 2 3 4 5 0 1 2 3 4 2 0 1 2 3 4 2 0 1 2
4 4 69 15 9 21 59 23 11 44
9 9 3 27 33 39 45 51 57 63 75 5 17 29 35 41 47 53 65 32
#c 0 1 2 3 4 5 0 1 2 3 4 5 0 1 2 3 4 5 0 1 2 3 4 5 0 1 2 3 4 5 0 1 5 3 4 5 0 1 2 3 4 5 0 1 5 3 4 5 0 1 2 3 4 5 0 1 2 3 4 5 0 1 2 3 4 5 0 1 2 3 4 2 0 1 2 3 4 2 0 1 2
3 3 40 64 16 31 73 49
10 11 4 10 22 28 34 46 52 58 70 76 1 7 13 19 25 37 43 55 61 67 79
#c 0 1 2 3 4 5 0 1 2 3 4 5 0 1 2 3 4 5 0 1 2 3 4 5 0 1 2 3 4 5 0 1 5 3 4 5 0 1 2 3 4 5 0 1 5 3 4 5 0 1 2 3 4 5 0 1 2 3 4 5 0 1 2 3 4 5 0 1 2 3 4 2 0 1 2 3 4 2 0 1 2
4 4 5 17 23 44 1 25 61 79
9 10 11 29 35 41 47 53 59 65 32 7 13 19 31 37 43 49 55 67 73
#c 0 5 2 3 4 1 0 1 2 3 4 5 0 1 2 3 4 1 0 1 2 3 4 1 0 5 2 3 4 5 0 1 5 3 4 5 0 1 2 3 4 5 0 1 1 3 4 5 0 1 2 3 4 5 0 1 2 3 4 5 0 5 2 3 4 5 0 1 2 3 4 2 0 1 2 3 4 2 0 5 2
7 7 72 48 66 36 78 6 60 71 80 38 62 68 14 56
7 7 0 12 18 24 30 42 54 2 8 20 26 50 74 77
#c 0 5 2 3 4 1 0 1 2 3 4 5 0 1 2 3 4 1 0 1 2 3 4 1 0 5 2 3 4 5 0 1 5 3 4 5 0 1 2 3 4 5 0 1 1 3 4 5 0 1 2 3 4 5 0 1 2 3 4 5 0 5 2 3 4 5 0 1 2 3 4 2 0 1 2 3 4 2 0 5 2
5 5 31 67 19 43 49 25 61 32 29 59
9 8 7 13 37 55 73 5 17 23 44 11 35 41 47 53 65 1 79
#c 0 5 2 3 4 1 0 1 2 3 4 5 0 1 2 3 4 1 0 1 2 3 4 1 0 5 2 3 4 5 0 1 5 3 4 5 0 1 2 3 4 5 0 1 1 3 4 5 0 1 2 3 4 5 0 1 2 3 4 5 0 5 2 3 4 5 0 1 2 3 4 2 0 1 2 3 4 2 0 5 2
1 1 38 45
13 12 2 8 14 20 26 50 56 62 68 74 80 71 77 3 9 15 21 27 33 39 51 57 63 69 75
#c 0 5 2 3 4 1 0 1 2 3 4 5 0 1 2 3 4 1 0 1 2 3 4 1 0 5 2 3 4 5 0 1 5 3 4 5 0 1 3 3 4 5 0 1 1 2 4 5 0 1 2 3 4 5 0 1 2 3 4 5 0 5 2 3 4 5 0 1 2 3 4 2 0 1 2 3 4 2 0 5 2
3 3 51 39 69 73 19 49
10 11 3 9 15 21 27 33 57 63 75 38 7 13 31 37 43 55 67 5 17 23 44
#c 0 5 2 3 4 1 0 1 2 3 4 5 0 1 2 3 4 1 0 3 2 3 4 1 0 5 2 3 4 5 0 1 5 3 4 5 0 1 3 1 4 5 0 1 1 2 4 5 0 3 2 1 4 5 0 1 2 3 4 5 0 5 2 3 4 5 0 1 2 1 4 2 0 3 2 3 4 2 0 5 2
5 5 22 28 34 4 52 57 19 33 3 9
8 8 10 16 40 46 58 64 70 76 15 21 27 63 75 38 73 49
#c 0 5 2 3 4 1 0 1 2 3 4 5 0 1 2 3 4 1 0 3 2 3 4 1 0 5 2 3 4 5 0 1 5 3 4 5 0 1 3 1 4 5 0 1 1 2 4 5 0 3 2 1 4 5 0 1 2 3 4 5 0 5 2 3 4 5 0 1 2 1 4 2 0 3 2 3 4 2 0 5 2
2 2 25 41 60 24
11 12 11 29 35 47 53 59 65 32 1 61 79 0 6 12 18 30 36 42 48 54 66 72 78
#c 0 5 2 3 4 1 0 1 2 3 4 5 0 1 2 3 4 1 0 3 2 3 4 1 0 5 2 3 4 5 0 1 5 3 4 5 0 1 3 1 4 5 0 1 1 2 4 5 0 3 2 1 4 5 0 1 2 3 4 5 0 5 2 3 4 5 0 1 2 1 4 2 0 3 2 3 4 2 0 5 2
#c 0 5 2 3 4 1 0 1 2 3 4 5 0 1 2 3 4 1 0 3 2 3 4 1 0 5 2 3 4 5 0 1 5 3 4 5 0 1 3 1 4 5 0 1 1 2 4 5 0 3 2 1 4 5 0 1 2 3 4 5 0 5 2 3 4 5 0 1 2 1 4 2 0 3 2 3 4 2 0 5 2
5 4 5 43 55 31 7 80 71 2 56
9 10 13 37 67 17 23 44 51 39 69 8 14 20 26 50 62 68 74 77 45
#c 0 5 2 3 4 1 0 1 2 3 4 5 0 1 2 3 4 1 0 3 2 3 4 1 0 5 2 3 4 5 0 1 5 3 4 5 0 1 3 1 4 5 0 1 1 2 4 5 0 3 2 1 4 5 0 1 2 3 4 5 0 5 2 3 4 5 0 1 2 1 4 2 0 3 2 3 4 2 0 5 2
5 5 8 74 14 56 62 51 43 69 37 23
9 9 2 20 26 50 68 80 71 77 45 7 13 31 55 67 5 17 44 39
#c 0 5 2 3 4 1 0 1 1 3 4 5 0 1 1 3 4 1 0 3 2 3 4 2 0 5 2 3 4 5 0 1 5 3 4 5 0 2 3 1 4 5 0 2 1 2 4 5 0 3 2 2 4 5 0 1 1 3 4 5 0 5 1 3 4 5 0 1 2 2 4 2 0 3 1 3 4 2 0 5 2
1 1 27 32
12 12 3 9 15 21 33 57 63 75 38 73 19 49 11 29 35 41 47 53 59 65 1 25 61 79
#c 0 5 2 3 4 1 0 1 1 3 4 5 0 1 1 3 4 1 0 3 2 3 4 2 0 5 2 3 4 5 0 1 5 3 4 5 0 2 3 1 4 5 0 2 1 2 4 5 0 3 2 2 4 5 0 1 1 3 4 5 0 5 1 3 4 5 0 1 2 2 4 2 0 3 1 3 4 2 0 5 2
5 6 34 10 64 4 28 19 38 33 57 27 3
8 7 16 22 40 46 52 58 70 76 9 15 21 63 75 73 49
#c 0 5 2 3 4 1 0 1 1 3 4 5 0 1 1 3 4 1 0 3 2 3 4 2 0 5 2 3 4 5 0 1 5 3 4 5 0 2 3 1 4 5 0 2 1 2 4 5 0 3 2 2 4 5 0 1 1 3 4 5 0 5 1 3 4 5 0 1 2 2 4 2 0 3 1 3 4 2 0 5 2
5 6 61 32 65 29 1 37 69 20 80 51 45
8 8 11 35 41 47 53 59 25 79 2 26 50 68 71 77 43 23
#c 0 5 2 3 4 1 0 1 1 3 4 5 0 1 1 3 4 1 0 3 2 3 4 2 0 5 2 3 4 5 0 1 5 3 4 5 0 2 3 1 4 5 0 2 1 2 4 5 0 3 2 2 4 5 0 1 1 3 4 5 0 5 1 3 4 5 0 1 2 2 4 2 0 3 1 3 4 2 0 5 2
2 1 36 18 13
12 13 0 6 12 24 30 42 48 54 60 66 72 78 7 31 55 67 5 17 44 39 8 74 14 56 62
#c 0 5 2 3 4 1 0 1 1 3 4 5 0 0 1 3 4 1 1 3 2 3 4 2 0 5 2 3 4 5 0 1 5 3 4 5 1 2 3 1 4 5 0 2 1 2 4 5 0 3 2 2 4 5 0 1 1 3 4 5 0 5 1 3 4 5 0 1 2 2 4 2 0 3 1 3 4 2 0 5 2
4 4 18 17 67 56 9 49 21 38
11 9 7 31 55 5 44 39 8 74 14 62 36 3 15 27 33 57 63 75 73 19
#c 0 5 2 3 4 1 0 1 1 1 4 5 0 0 1 3 4 3 3 3 2 1 4 2 0 5 2 3 4 5 0 1 5 3 4 5 1 2 1 1 4 5 0 2 1 2 4 5 0 1 2 2 4 5 0 1 3 3 4 5 0 5 1 3 4 5 0 3 2 2 4 2 0 3 1 3 4 2 0 5 2
1 1 23 65
13 12 2 20 26 50 68 80 71 77 45 51 43 69 37 11 29 35 41 47 53 59 32 1 25 61 79
#c 0 5 2 3 4 1 0 1 1 1 4 5 0 0 1 3 4 3 3 3 2 1 4 2 0 5 2 3 4 5 0 1 5 3 4 5 1 2 1 1 4 5 0 2 1 2 4 5 0 1 2 2 4 5 0 1 3 3 4 5 0 5 1 3 4 5 0 3 2 2 4 2 0 3 1 3 4 2 0 5 2
#c 0 5 2 3 4 1 0 1 1 1 4 5 0 0 1 3 4 3 3 3 2 1 4 2 0 5 2 3 4 5 0 1 5 3 4 5 1 2 1 1 4 5 0 2 1 2 4 5 0 1 2 2 4 5 0 1 3 3 4 5 0 5 1 3 4 5 0 3 2 2 4 2 0 3 1 3 4 2 0 5 2
4 4 22 4 40 64 35 29 41 65
9 9 10 16 28 34 46 52 58 70 76 11 47 53 59 32 1 25 61 79
#c 0 5 2 3 5 1 0 1 1 1 4 5 0 0 1 3 4 3 3 3 2 1 5 2 0 5 2 3 4 4 0 1 5 3 4 4 1 2 1 1 5 4 0 2 1 2 4 5 0 1 2 2 4 5 0 1 3 3 4 5 0 5 1 3 5 4 0 3 2 2 4 2 0 3 1 3 4 2 0 5 2
4 4 53 40 32 79 9 38 49 21
9 11 11 47 59 1 25 61 22 4 64 7 31 55 5 44 39 8 74 14 62 36
#c 0 5 2 3 5 1 0 1 1 1 4 5 0 0 1 3 4 3 3 3 2 1 5 2 0 5 2 3 4 4 0 1 5 3 4 4 1 2 1 1 5 4 0 2 1 2 4 5 0 1 2 2 4 5 0 1 3 3 4 5 0 5 1 3 5 4 0 3 2 2 4 2 0 3 1 3 4 2 0 5 2
6 6 30 78 42 66 48 54 74 9 62 49 39 44
7 9 0 6 12 24 60 72 13 7 31 55 5 8 14 36 21 38
#c 0 5 2 3 5 1 0 1 1 1 4 5 0 0 1 3 4 3 3 3 2 1 5 2 0 5 2 3 4 4 0 1 5 3 4 4 1 2 1 1 5 4 0 2 1 2 4 5 0 1 2 2 4 5 0 1 3 3 4 5 0 5 1 3 5 4 0 3 2 2 4 2 0 3 1 3 4 2 0 5 2
5 5 21 44 55 74 31 47 64 40 61 22
10 8 7 5 39 8 14 62 36 9 49 38 11 53 59 32 1 25 79 4
#c 0 5 2 3 5 1 0 1 1 1 4 5 0 0 1 3 4 3 3 3 2 5 1 2 0 5 2 3 4 4 0 5 5 3 4 4 1 2 1 1 1 4 0 2 5 2 4 1 0 1 2 2 4 5 0 5 3 3 4 5 0 1 1 3 1 4 0 3 2 2 4 2 0 3 5 3 4 2 0 5 2
6 5 26 80 69 77 2 43 42 6 54 24 12
8 8 20 50 68 71 45 51 37 23 0 30 48 60 66 72 78 13
#c 0 5 2 3 5 1 0 1 1 1 4 5 0 0 1 3 4 3 3 3 2 5 1 2 0 5 2 3 4 4 0 5 5 3 4 4 1 2 1 1 1 4 0 2 5 2 4 1 0 1 2 2 4 5 0 5 3 3 4 5 0 1 1 3 1 4 0 3 2 2 4 2 0 3 5 3 4 2 0 5 2
1 1 18 1
12 12 3 15 27 33 57 63 75 73 19 17 67 56 11 53 59 32 25 79 4 21 44 55 74 31
#c 0 5 2 3 5 1 0 1 1 1 4 5 0 0 1 3 4 3 3 3 2 5 1 2 0 5 2 3 4 4 0 5 5 3 4 4 1 2 1 1 1 4 0 2 5 2 4 1 0 1 2 2 4 5 0 5 3 3 4 5 0 1 1 3 1 4 0 3 2 2 4 2 0 3 5 3 4 2 0 5 2
#c 0 5 2 3 5 1 0 1 1 1 4 5 0 0 1 3 4 3 3 3 2 5 1 2 0 5 2 3 4 4 0 5 5 3 4 4 1 2 1 1 1 4 0 2 5 2 4 1 0 1 2 2 4 5 0 5 3 3 4 5 0 1 1 3 1 4 0 3 2 2 4 2 0 3 5 3 4 2 0 5 2
6 6 59 74 53 21 25 11 7 40 49 64 14 5
7 9 32 1 79 4 44 55 31 39 8 62 36 9 38 47 61 22
#c 0 5 2 3 5 1 0 1 1 1 4 5 0 0 1 3 4 3 3 3 2 5 1 2 0 5 2 3 4 4 0 5 5 3 4 4 1 2 1 1 1 4 0 2 5 2 4 1 0 1 2 2 4 5 0 5 3 3 4 5 0 1 1 3 1 4 0 3 2 2 4 2 0 3 5 3 4 2 0 5 2
#c 0 5 2 3 5 1 0 1 1 1 4 5 0 0 1 3 4 3 3 3 2 5 1 2 0 5 2 3 4 4 0 5 5 3 4 4 1 2 1 1 1 4 0 2 5 2 4 1 0 1 2 2 4 5 0 5 3 3 4 5 0 1 1 3 1 4 0 3 2 2 4 2 0 3 5 3 4 2 0 5 2
5 5 61 5 14 40 7 13 60 0 42 54
10 8 39 8 62 36 9 49 38 47 64 22 6 12 24 30 48 66 72 78
#c 0 5 2 3 5 1 0 1 1 1 4 5 0 0 1 3 4 3 3 3 2 5 1 2 0 5 2 3 4 4 0 5 5 3 4 4 1 2 1 1 1 4 0 2 5 2 4 1 0 1 2 2 4 5 0 5 3 3 4 5 0 1 1 3 1 4 0 3 2 2 4 2 0 3 5 3 4 2 0 5 2
6 6 23 80 71 37 2 69 41 65 28 29 16 76
8 7 20 26 50 68 77 45 51 43 10 34 46 52 58 70 35
#c 0 5 2 3 5 1 0 1 1 1 4 5 0 0 1 3 4 3 3 3 2 5 1 2 0 5 2 3 4 4 0 5 5 3 4 4 1 2 1 1 1 4 0 2 5 2 4 1 0 1 2 2 4 5 0 5 3 3 4 5 0 1 1 3 1 4 0 3 2 2 4 2 0 3 5 3 4 2 0 5 2
4 4 57 67 73 17 59 55 74 32
9 9 3 15 27 33 63 75 19 18 56 11 53 1 25 79 4 21 44 31
#c 0 5 2 3 5 1 0 1 1 1 4 5 0 0 1 3 4 3 3 3 2 5 1 2 0 5 2 3 4 4 0 5 5 3 4 4 1 2 1 1 1 4 0 2 5 2 4 1 0 1 2 2 4 5 0 5 3 3 4 5 0 1 1 3 1 4 0 3 2 2 4 2 0 3 5 3 4 2 0 5 2
3 4 46 65 29 14 7 61 49
10 11 10 16 28 34 52 58 70 76 35 41 5 39 8 62 36 9 38 47 64 40 22
#c 0 5 2 3 5 1 0 1 1 1 4 5 0 0 1 3 4 3 3 3 2 5 1 2 0 5 2 3 4 4 0 5 5 3 4 4 1 2 1 1 1 4 0 2 5 2 4 1 0 1 2 2 4 5 0 5 3 3 4 5 0 1 1 3 1 4 0 3 2 2 4 2 0 3 5 3 4 2 0 5 2
3 3 44 53 55 14 9 36
10 12 11 59 32 1 25 79 4 21 74 31 7 5 39 8 62 49 38 47 64 40 61 22
#c 0 5 2 3 5 1 0 1 1 5 4 5 0 0 5 3 4 3 3 3 2 5 1 2 0 5 2 3 4 4 0 5 5 3 4 4 5 2 1 1 1 4 0 2 1 2 4 1 0 1 2 2 4 1 0 1 3 3 4 5 0 1 1 3 1 4 0 3 2 2 4 2 0 3 5 3 4 2 0 5 2
4 4 6 24 48 30 3 73 63 67
9 9 0 12 42 54 60 66 72 78 13 15 27 33 57 75 19 18 17 56
#c 0 5 2 3 5 1 0 1 1 5 4 5 0 0 5 3 4 3 3 3 2 5 1 2 0 5 2 3 4 4 0 5 5 3 4 4 5 2 1 1 1 4 0 2 1 2 4 1 0 1 2 2 4 1 0 1 3 3 4 5 0 1 1 3 1 4 0 3 2 2 4 2 0 3 5 3 4 2 0 5 2
5 5 44 62 7 38 47 33 75 27 56 73
10 8 5 39 8 49 64 40 61 22 53 55 3 15 57 63 19 18 17 67
#c 0 5 2 3 5 1 0 1 1 5 4 5 0 0 5 3 4 3 3 3 2 5 1 2 0 5 2 3 4 4 0 5 5 3 4 4 5 2 1 1 1 4 0 2 1 2 4 1 0 1 2 2 4 1 0 1 3 3 4 5 0 1 1 3 1 4 0 3 2 2 4 2 0 3 5 3 4 2 0 5 2
3 3 51 77 80 11 79 59
11 10 2 20 26 50 68 71 45 43 69 37 23 32 1 25 4 21 74 31 14 9 36
#c 0 5 2 3 5 1 0 1 1 5 4 2 0 0 5 3 4 3 3 3 2 5 1 2 0 5 2 3 4 4 0 5 5 3 4 4 5 2 1 1 1 4 0 2 1 2 4 1 0 1 2 5 4 1 0 1 3 3 4 2 0 1 1 3 1 4 0 3 2 2 4 2 0 3 5 3 4 5 0 2 5
3 3 18 27 3 79 20 71
10 11 15 33 57 63 75 73 19 17 67 56 2 26 50 68 45 43 69 37 23 11 59
#c 0 5 2 3 5 1 0 1 1 5 4 2 0 0 5 3 4 3 3 3 2 5 1 2 0 5 2 3 4 4 0 5 5 3 4 4 5 2 1 1 1 4 0 2 1 2 4 1 0 1 2 5 4 1 0 1 3 3 4 2 0 1 1 3 1 4 0 3 2 2 4 2 0 3 5 3 4 5 0 2 5
2 2 70 35 73 56
11 11 10 16 28 34 46 52 58 76 29 41 65 3 15 27 33 57 63 75 19 18 17 67
#c 0 5 2 3 5 1 0 1 1 5 4 2 0 0 5 3 4 3 3 3 2 5 1 2 0 5 2 3 4 4 0 5 5 3 4 4 5 2 1 1 1 4 0 2 1 2 4 1 0 1 2 5 4 1 0 1 3 3 4 2 0 1 1 3 1 4 0 3 2 2 4 2 0 3 5 3 4 5 0 2 5
4 4 1 80 9 4 54 12 42 6
9 9 32 25 21 74 31 14 36 51 77 0 24 30 48 60 66 72 78 13
#c 0 0 2 3 0 1 5 1 1 0 4 2 5 0 5 3 4 3 3 3 2 5 1 2 0 5 2 3 4 4 0 5 5 3 4 4 5 2 1 1 1 4 5 2 1 2 4 1 0 1 2 5 4 1 5 1 3 3 4 2 0 1 1 3 1 4 0 3 2 2 4 2 0 3 5 3 4 5 0 2 0
5 5 13 78 80 48 9 29 35 16 70 52
8 8 0 24 30 60 66 72 1 4 10 28 34 46 58 76 41 65
#c 0 0 2 3 0 1 5 1 1 0 4 2 5 0 5 3 4 3 3 3 2 5 1 2 0 5 2 3 4 4 0 5 5 3 4 4 5 2 1 1 1 4 5 2 1 2 4 1 0 1 2 5 4 1 5 1 3 3 4 2 0 1 1 3 1 4 0 3 2 2 4 2 0 3 5 3 4 5 0 2 0
1 1 5 79
14 13 7 39 8 62 49 38 47 64 40 61 22 44 53 55 2 20 26 50 68 71 45 43 69 37 23 11 59
#c 0 0 2 3 0 1 5 1 1 0 4 2 5 0 5 3 4 3 3 3 2 5 1 2 0 5 2 3 4 4 0 5 5 3 4 4 5 2 1 1 1 4 5 2 1 2 4 1 0 1 2 5 4 1 5 1 3 3 4 2 0 1 1 3 1 4 0 3 2 2 4 2 0 3 5 3 4 5 0 2 0
2 2 68 26 30 24
12 11 2 20 50 71 45 43 69 37 23 11 79 59 0 48 60 66 72 78 13 1 80 9 4
#c 0 0 2 3 0 1 5 1 1 0 4 2 5 0 5 3 4 3 3 3 2 5 1 2 0 5 2 3 4 4 0 5 5 3 4 4 5 2 1 1 1 4 5 2 1 2 4 1 0 1 2 5 4 1 5 1 3 3 4 2 0 1 1 3 1 4 0 3 2 2 4 2 0 3 5 3 4 5 0 2 0
5 5 19 73 33 18 67 52 70 65 29 34
8 8 3 15 27 57 63 75 17 56 10 16 28 46 58 76 35 41
#c 0 0 2 3 0 1 5 1 1 0 4 2 5 0 5 3 4 3 3 3 2 5 1 2 0 5 2 3 4 4 0 5 5 3 4 4 5 2 1 1 1 4 5 2 1 2 4 1 0 1 2 5 4 1 5 1 3 3 4 2 0 1 1 3 1 4 0 3 2 2 4 2 0 3 5 3 4 5 0 2 0
3 3 16 70 46 4 1 80
10 10 10 28 34 52 58 76 35 29 41 65 0 24 30 48 60 66 72 78 13 9
#c 0 0 2 3 0 1 5 1 1 0 4 2 5 0 5 3 4 3 3 3 2 5 1 2 0 5 2 3 4 4 0 5 5 3 4 4 5 2 1 1 1 4 5 2 1 2 4 1 0 1 2 5 4 1 5 1 3 3 4 2 0 1 1 3 1 4 0 3 2 2 4 2 0 3 5 3 4 5 0 2 0
4 5 14 42 21 6 2 20 11 59 43
9 9 32 25 74 31 36 51 77 54 12 26 50 68 71 45 69 37 23 79
#c 0 0 2 3 0 1 5 1 1 0 4 2 5 0 5 3 4 3 3 3 2 5 1 2 0 5 2 3 4 4 0 5 5 3 4 4 5 2 1 1 1 4 5 2 1 2 4 1 0 1 2 5 4 1 5 1 3 3 4 2 0 1 1 3 1 4 0 3 2 2 4 2 0 3 5 3 4 5 0 2 0
2 2 1 30 29 58
11 11 0 24 48 60 66 72 78 13 80 9 4 10 16 28 34 46 52 70 76 35 41 65
#c 0 4 2 3 0 1 5 1 1 0 4 2 5 0 5 3 4 3 3 3 2 5 1 2 0 5 2 3 4 0 4 5 5 3 4 4 5 2 1 1 1 4 5 2 1 2 4 1 0 1 2 5 4 1 5 1 3 3 0 2 0 1 1 3 1 4 0 3 2 2 4 2 0 3 5 3 4 5 0 2 0
2 2 7 5 16 28
13 11 39 8 62 49 38 47 64 40 61 22 44 53 55 10 34 46 52 70 76 35 41 65 1 30
#c 0 4 2 3 0 4 5 4 1 0 4 2 5 0 5 3 1 3 3 3 2 5 1 2 0 5 2 3 1 0 4 5 5 3 4 4 5 2 1 1 1 4 5 2 1 2 4 1 0 1 2 5 4 1 5 1 3 3 0 2 0 1 1 3 1 4 0 3 2 2 4 2 0 3 5 3 4 5 0 2 0
5 5 11 43 26 23 79 3 73 18 57 19
9 8 2 20 50 68 71 45 69 37 59 15 27 33 63 75 17 67 56
#c 0 4 2 3 0 4 5 4 1 0 4 2 5 0 5 3 1 3 3 3 2 5 1 2 0 5 2 3 1 0 4 5 5 3 4 4 5 2 1 1 1 4 5 2 1 2 4 1 0 1 2 5 4 1 5 1 3 3 0 2 0 1 1 3 1 4 0 3 2 2 4 2 0 3 5 3 4 5 0 2 0
5 5 3 33 56 27 75 36 42 54 14 25
8 8 15 57 63 73 19 18 17 67 32 21 74 31 51 77 12 6
#c 0 4 2 3 0 4 5 4 1 0 4 2 5 0 5 3 1 3 3 3 2 5 1 2 0 5 2 3 1 0 4 5 5 3 4 4 5 2 1 1 1 4 5 2 1 2 4 1 0 1 2 5 4 1 5 1 3 3 0 2 0 1 1 3 1 4 0 3 2 2 4 2 0 3 5 3 4 5 0 2 0
1 1 1 21
12 12 10 34 46 52 70 76 35 41 65 30 7 5 32 25 74 31 14 36 51 77 54 12 42 6
#c 0 4 2 3 0 4 5 4 1 0 4 2 5 0 5 3 1 3 3 3 2 5 1 2 0 5 2 3 1 0 4 5 5 3 4 4 5 2 1 1 1 4 5 2 1 2 4 1 0 1 2 5 4 1 5 1 3 3 0 2 0 1 1 3 1 4 0 3 2 2 4 2 0 3 5 3 4 5 0 2 0
1 1 12 76
12 12 32 25 21 74 31 14 36 51 77 54 42 6 10 34 46 52 70 35 41 65 1 30 7 5
#c 0 4 2 3 0 4 5 4 1 0 4 2 5 0 5 3 1 3 3 3 2 5 1 2 0 5 2 3 1 0 4 5 5 3 4 4 5 2 1 1 1 4 5 2 1 2 4 1 0 1 2 5 4 1 5 1 3 3 0 2 0 1 1 3 1 4 0 3 2 2 4 2 0 3 5 3 4 5 0 2 0
4 2 0 24 66 29 30 41
9 11 48 60 72 78 13 80 9 4 58 10 34 46 52 70 76 35 65 1 7 5
#c 0 4 2 3 0 4 5 4 1 0 4 2 5 0 5 3 1 3 3 3 2 5 1 2 0 5 2 3 1 0 4 5 5 3 4 4 5 2 1 1 1 4 5 2 1 2 4 1 0 1 2 5 4 1 5 1 3 3 0 2 0 1 1 3 1 4 0 3 2 2 4 2 0 3 5 3 4 5 0 2 0
7 7 47 28 55 38 39 61 64 9 4 78 48 66 0 58
8 6 8 62 49 40 22 44 53 16 24 60 72 13 80 29
#c 0 4 2 3 0 4 5 4 1 0 4 2 5 0 5 3 1 3 3 3 2 5 1 2 0 5 2 3 1 0 4 5 5 3 4 4 5 2 1 1 1 4 5 2 1 2 4 1 0 1 2 5 4 1 5 1 3 3 0 2 0 1 1 3 1 4 0 3 2 2 4 2 0 3 5 3 4 5 0 2 0
7 7 43 11 20 69 50 23 45 17 27 63 75 67 15 57
7 6 2 26 68 71 37 79 59 3 33 73 19 18 56
#c 0 4 2 3 0 4 5 4 1 0 4 2 5 0 5 3 1 3 3 3 2 5 1 2 0 5 2 3 1 0 4 5 5 3 4 4 5 2 1 1 1 4 5 2 1 2 4 1 0 1 2 5 4 1 5 1 3 3 0 2 0 1 1 3 1 4 0 3 2 2 4 2 0 3 5 3 4 5 0 2 0
6 6 56 73 17 15 27 33 79 68 2 69 23 20
7 8 3 57 63 75 19 18 67 26 50 71 45 43 37 11 59
#c 0 4 2 3 0 4 5 4 1 0 4 2 5 0 5 3 1 3 3 3 2 5 1 2 0 5 2 3 1 0 4 5 5 3 4 4 5 2 1 1 1 4 5 2 1 2 4 1 0 1 2 5 4 1 5 1 3 3 0 2 0 1 1 3 1 4 0 3 2 2 4 2 0 3 5 3 4 5 0 2 0
1 1 30 78
12 12 10 34 46 52 70 76 35 41 65 1 7 5 0 24 48 60 66 72 13 80 9 4 29 58
#c 0 4 2 3 0 4 5 4 1 0 4 2 5 0 5 3 1 3 3 3 2 5 1 2 0 5 2 3 1 0 4 5 5 3 4 4 5 2 1 1 1 4 5 2 1 2 4 1 0 1 2 5 4 1 5 1 3 3 0 2 0 1 1 3 1 4 0 3 2 2 4 2 0 3 5 3 4 5 0 2 0
5 5 14 42 77 12 51 26 20 43 45 68
8 9 32 25 21 74 31 36 54 6 2 50 71 69 37 23 11 79 59
#c 0 4 2 3 0 4 5 4 1 0 4 2 5 0 5 3 1 3 3 3 2 5 1 2 0 5 2 3 1 0 4 5 5 3 4 4 5 2 1 1 1 4 5 2 1 2 4 1 0 1 2 5 4 1 5 1 3 3 0 2 0 1 1 3 1 4 0 3 2 2 4 2 0 3 5 3 4 5 0 2 0
1 1 72 31
12 12 0 24 48 60 66 78 13 80 9 4 29 58 32 25 21 74 14 36 51 77 54 12 42 6
#c 0 4 2 3 0 4 5 4 1 0 4 2 5 0 5 3 1 3 3 3 2 5 1 2 0 5 2 3 1 0 4 5 5 3 4 4 5 2 1 1 1 4 5 2 1 2 4 1 0 1 2 5 4 1 5 1 3 3 0 2 0 1 1 3 1 4 0 3 2 2 4 2 0 3 5 3 4 5 0 2 0
5 5 61 39 64 22 47 60 13 78 9 72
10 8 8 62 49 38 40 44 53 55 16 28 0 24 48 66 80 4 29 58
#c 0 4 2 3 0 4 5 4 1 0 4 2 5 0 5 3 1 3 3 3 2 5 1 2 0 5 2 3 1 0 4 5 5 3 4 4 5 2 1 1 1 4 5 2 1 2 4 1 0 1 2 5 4 1 5 1 3 3 0 2 0 1 1 3 1 4 0 3 2 2 4 2 0 3 5 3 4 5 0 2 0
6 6 37 2 59 43 11 79 60 13 80 24 4 0
8 7 20 26 50 68 71 45 69 23 48 66 72 78 9 29 58
#c 0 4 2 3 0 4 5 4 1 0 4 2 5 0 5 3 1 3 3 3 2 5 1 2 0 5 2 3 1 0 4 5 5 3 4 4 5 2 1 1 1 4 5 2 1 2 4 1 0 1 2 5 4 1 5 1 3 3 0 2 0 1 1 3 1 4 0 3 2 2 4 2 0 3 5 3 4 5 0 2 0
3 3 73 57 18 5 41 76
10 10 3 15 27 33 63 75 19 17 67 56 10 34 46 52 70 35 65 1 30 7
#c 0 4 2 3 0 4 5 4 1 0 4 2 5 0 5 3 1 3 3 3 2 5 1 2 0 5 2 3 1 0 4 5 5 3 4 4 5 2 1 1 1 4 5 2 1 2 4 1 0 1 2 5 4 1 5 1 3 3 0 2 0 1 1 3 1 4 0 3 2 2 4 2 0 3 5 3 4 5 0 2 0
2 2 30 1 23 71
11 12 10 34 46 52 70 76 35 41 65 7 5 2 20 26 50 68 45 43 69 37 11 79 59
#c 0 4 2 3 0 4 5 4 1 0 4 2 5 0 5 3 1 3 3 3 2 5 1 2 0 5 2 3 1 0 4 5 5 3 4 4 5 2 1 1 1 4 5 2 1 2 4 1 0 1 2 5 4 1 5 1 3 3 0 2 0 1 1 3 1 4 0 3 2 2 4 2 0 3 5 3 4 5 0 2 0
2 2 77 74 18 33
11 11 32 25 21 31 14 36 51 54 12 42 6 3 15 27 57 63 75 73 19 17 67 56
#c 0 4 2 3 0 4 5 4 1 0 4 2 5 0 5 3 1 3 3 3 2 5 1 2 0 5 2 3 1 0 4 5 5 3 4 4 5 2 1 1 1 4 5 2 1 2 4 1 0 1 2 5 4 1 5 1 3 3 0 2 0 1 1 3 1 4 0 3 2 2 4 2 0 3 5 3 4 5 0 2 0
1 1 0 36
12 12 24 48 60 66 72 78 13 80 9 4 29 58 32 25 21 74 31 14 51 77 54 12 42 6
#c 0 4 2 3 0 4 5 4 1 0 4 2 5 0 5 3 1 3 3 3 2 5 1 2 0 5 2 3 1 0 4 5 5 3 4 4 5 2 1 1 1 4 5 2 1 2 4 1 0 1 2 5 4 1 5 1 3 3 0 2 0 1 1 3 1 4 0 3 2 2 4 2 0 3 5 3 4 5 0 2 0
2 3 8 64 7 34 70
13 10 39 62 49 38 47 40 61 22 44 53 55 16 28 10 46 52 76 35 41 65 1 30 5
#c 0 4 2 3 0 4 5 4 1 0 4 2 5 0 5 3 1 3 3 3 2 5 1 2 0 5 2 3 1 0 4 5 5 3 4 4 5 2 1 1 1 4 5 2 1 2 4 1 0 1 2 5 4 1 5 1 3 3 0 2 0 1 1 3 1 4 0 3 2 2 4 2 0 3 5 3 4 5 0 2 0
2 2 79 11 75 3
12 11 2 20 26 50 68 71 45 43 69 37 23 59 15 27 33 57 63 73 19 18 17 67 56
#c 0 4 2 2 0 4 5 4 1 0 4 3 5 0 5 3 1 3 3 3 2 5 1 2 0 5 2 3 1 0 4 5 5 3 4 4 5 2 1 1 1 4 5 2 1 2 4 1 0 1 2 5 4 1 5 1 3 3 0 2 0 1 1 3 1 4 0 3 2 2 4 2 0 3 5 2 4 5 0 3 0
6 8 19 18 57 79 15 67 23 20 37 43 45 69 26 59
7 6 27 33 63 73 17 56 11 2 50 68 71 75 3
#c 0 4 2 2 0 4 5 4 1 0 4 3 5 0 5 3 1 3 3 3 2 5 1 2 0 5 2 3 1 0 4 5 5 3 4 4 5 2 1 1 1 4 5 2 1 2 4 1 0 1 2 5 4 1 5 1 3 3 0 2 0 1 1 3 1 4 0 3 2 2 4 2 0 3 5 2 4 5 0 3 0
4 4 65 41 34 46 37 68 20 26
9 10 10 52 70 76 35 1 30 7 5 2 50 71 45 43 69 23 59 75 3
#c 0 4 2 2 0 4 5 4 1 0 4 3 5 0 5 3 1 3 3 3 2 5 1 2 0 5 2 3 1 0 4 5 5 3 4 4 5 2 1 1 1 4 5 2 1 2 4 1 0 1 2 5 4 1 5 1 3 3 0 2 0 1 1 3 1 4 0 3 2 2 4 2 0 3 5 2 4 5 0 3 0
#c 0 4 2 2 0 4 5 4 1 0 4 3 5 0 5 3 1 3 3 3 2 5 1 2 0 5 2 3 1 0 4 5 5 3 4 4 5 2 1 1 1 4 5 2 1 2 4 1 0 1 2 5 4 1 5 1 3 3 0 2 0 1 1 3 1 4 0 3 2 2 4 2 0 3 5 2 4 5 0 3 0
1 1 24 61
12 14 0 48 60 66 72 78 13 80 9 4 29 58 39 8 62 49 38 47 64 40 22 44 53 55 16 28
#c 0 4 2 2 0 4 5 4 1 0 4 3 5 0 5 3 1 3 3 3 2 5 1 2 0 5 2 3 1 0 4 5 5 3 4 4 5 2 1 1 1 4 5 2 1 2 4 1 0 1 2 5 4 1 5 1 3 3 0 2 0 1 1 3 1 4 0 3 2 2 4 2 0 3 5 2 4 5 0 3 0
#c 0 4 2 2 0 4 5 4 1 0 4 3 5 0 5 3 1 3 3 3 2 5 1 2 0 5 2 3 1 0 4 5 5 3 4 4 5 2 1 1 1 4 5 2 1 2 4 1 0 1 2 5 4 1 5 1 3 3 0 2 0 1 1 3 1 4 0 3 2 2 4 2 0 3 5 2 4 5 0 3 0
5 5 69 45 20 3 37 73 79 63 67 19
9 8 2 26 50 68 71 43 23 59 75 15 27 33 57 18 17 56 11
#c 0 4 2 2 0 4 5 4 1 0 4 3 5 0 5 3 1 3 3 3 2 5 1 2 0 5 2 3 1 0 4 5 5 3 4 4 5 2 1 1 1 4 5 2 1 2 4 1 0 1 2 5 4 1 5 1 3 3 0 2 0 1 1 3 1 4 0 3 2 2 4 2 0 3 5 2 4 5 0 3 0
#c 0 4 2 2 0 4 5 4 1 0 4 3 5 0 5 3 1 3 3 3 2 5 1 2 0 5 2 3 1 0 4 5 5 3 4 4 5 2 1 1 1 4 5 2 1 2 4 1 0 1 2 5 4 1 5 1 3 3 0 2 0 1 1 3 1 4 0 3 2 2 4 2 0 3 5 2 4 5 0 3 0
1 1 5 66
12 12 10 34 46 52 70 76 35 41 65 1 30 7 0 24 48 60 72 78 13 80 9 4 29 58
#c 0 4 2 2 0 4 5 4 1 0 4 3 5 0 5 3 1 3 3 3 2 5 1 2 0 5 2 3 1 0 4 5 5 3 4 4 5 2 1 1 1 4 5 2 1 2 4 1 0 1 2 5 4 1 5 1 3 3 0 2 0 1 1 3 1 4 0 3 2 2 4 2 0 3 5 2 4 5 0 3 0
2 2 54 6 34 5
11 11 32 25 21 74 31 14 36 51 77 12 42 10 46 52 70 76 35 41 65 1 30 7
#c 0 4 2 2 0 4 5 4 1 0 4 3 5 0 5 3 1 3 3 3 2 5 1 2 0 5 2 3 1 0 4 5 5 3 4 4 5 2 1 1 1 4 5 2 1 2 4 1 0 1 2 5 4 1 5 1 3 3 0 2 0 1 1 3 1 4 0 3 2 2 4 2 0 3 5 2 4 5 0 3 0
2 2 0 60 67 73
11 11 24 48 66 72 78 13 80 9 4 29 58 15 27 33 57 63 19 18 17 56 79 11
#c 0 4 2 2 0 4 5 4 1 0 4 3 5 0 5 3 1 3 3 3 2 5 1 2 0 5 2 3 1 0 4 5 5 3 4 4 5 2 1 1 1 4 5 2 1 2 4 1 0 1 2 5 4 1 5 1 3 3 0 2 0 1 1 3 1 4 0 3 2 2 4 2 0 3 5 2 4 5 0 3 0
#c 0 4 2 2 0 4 5 4 1 0 4 3 5 0 5 3 1 3 3 3 2 5 1 2 0 5 2 3 1 0 4 5 5 3 4 4 5 2 1 1 1 4 5 2 1 2 4 1 0 1 2 5 4 1 5 1 3 3 0 2 0 1 1 3 1 4 0 3 2 2 4 2 0 3 5 2 4 5 0 3 0
2 2 43 23 9 13
12 11 2 20 26 50 68 71 45 69 37 59 75 3 0 24 48 60 66 72 78 80 4 29 58
#c 0 4 2 2 0 4 5 4 1 2 4 3 5 2 5 3 1 3 3 3 2 5 1 0 0 5 2 3 1 0 4 5 5 3 4 4 5 2 1 1 1 4 5 0 1 2 4 1 0 1 2 5 4 1 5 1 3 3 0 2 0 1 1 3 1 4 0 3 2 2 4 2 0 3 5 2 4 5 0 3 0
1 1 56 9
12 13 15 27 33 57 63 73 19 18 17 67 79 11 2 20 26 50 68 71 45 69 37 59 75 3 13
#c 0 4 2 2 0 4 5 4 1 2 4 3 5 2 5 3 1 3 3 3 2 5 1 0 0 5 2 3 1 0 4 5 5 3 4 4 5 2 1 1 1 4 5 0 1 2 4 1 0 1 2 5 4 1 5 1 3 3 0 2 0 1 1 3 1 4 0 3 2 2 4 2 0 3 5 2 4 5 0 3 0
2 2 1 10 33 57
11 11 34 46 52 70 76 35 41 65 30 7 5 15 27 63 73 19 18 17 67 56 79 11
#c 0 4 2 2 0 4 5 4 1 2 4 3 5 2 5 3 1 3 3 3 2 5 1 0 0 5 2 3 1 0 4 5 5 3 4 4 5 2 1 1 1 4 5 0 1 2 4 1 0 1 2 5 4 1 5 1 3 3 0 2 0 1 1 3 1 4 0 3 2 2 4 2 0 3 5 2 4 5 0 3 0
2 2 14 51 30 70
11 11 32 25 21 74 31 36 77 54 12 42 6 10 34 46 52 76 35 41 65 1 7 5
#c 0 4 2 2 0 4 5 4 1 2 4 3 5 2 5 3 1 3 3 3 2 5 1 0 0 5 2 3 1 0 4 5 5 3 4 4 5 2 1 1 1 4 5 0 1 2 4 1 0 1 2 5 4 1 5 1 3 3 0 2 0 1 1 3 1 4 0 3 2 2 4 2 0 3 5 2 4 5 0 3 0
5 5 60 58 66 24 48 16 44 61 47 39
8 10 0 72 78 80 4 29 43 23 8 62 49 38 64 40 22 53 55 28
#c 0 4 2 2 0 4 5 4 1 2 4 3 5 2 5 3 0 3 3 3 2 5 1 0 1 5 2 3 1 0 4 5 5 3 4 4 5 2 1 0 1 4 5 0 0 2 4 0 1 1 2 5 4 1 5 1 3 3 1 2 1 0 1 3 1 4 1 3 2 2 4 2 0 3 5 2 4 5 0 3 0
6 6 64 48 49 22 55 66 19 17 27 79 67 56
9 7 8 62 38 40 53 28 60 58 24 15 33 57 63 73 18 11
#c 0 4 2 2 0 4 5 4 1 2 4 3 5 2 5 3 0 3 3 3 2 5 1 0 1 5 2 3 1 0 4 5 5 3 4 4 5 2 1 0 1 4 5 0 0 2 4 0 1 1 2 5 4 1 5 1 3 3 1 2 1 0 1 3 1 4 1 3 2 2 4 2 0 3 5 2 4 5 0 3 0
3 2 13 50 59 27 18
11 11 2 20 26 68 71 45 69 37 75 3 9 15 33 57 63 73 19 17 67 56 79 11
#c 0 4 2 2 0 4 5 4 1 2 4 3 5 2 5 3 0 3 3 3 2 5 1 0 1 5 2 3 1 0 4 5 5 3 4 4 5 2 1 0 1 4 5 0 0 2 4 0 1 1 2 5 4 1 5 1 3 3 1 2 1 0 1 3 1 4 1 3 2 2 4 2 0 3 5 2 4 5 0 3 0
6 6 19 56 67 27 63 79 66 55 40 38 62 58
7 9 15 33 57 73 18 17 11 8 49 64 22 53 28 60 24 48
#c 0 4 2 2 0 4 5 4 1 2 4 3 5 2 5 3 0 3 3 3 2 5 1 0 1 5 2 3 1 0 4 5 5 3 4 4 5 2 1 0 1 4 5 0 0 2 4 0 1 1 2 5 4 1 5 1 3 3 1 2 1 0 1 3 1 4 1 3 2 2 4 2 0 3 5 2 4 5 0 3 0
1 1 30 49
12 14 10 34 46 52 70 76 35 41 65 1 7 5 8 62 38 64 40 22 53 55 28 60 58 66 24 48
#c 0 4 2 2 0 4 5 4 1 2 4 3 5 2 5 3 0 3 3 3 2 5 1 0 1 5 2 3 1 0 4 5 5 3 4 4 5 2 1 0 1 4 5 0 0 2 4 0 1 1 2 5 4 1 5 1 3 3 1 2 1 0 1 3 1 4 1 3 2 2 4 2 0 3 5 2 4 5 0 3 0
4 4 32 36 51 14 2 59 68 20
9 10 25 21 74 31 77 54 12 42 6 26 50 71 45 69 37 75 3 9 13
#c 0 4 2 2 0 4 5 4 1 2 4 3 5 2 5 3 0 3 3 3 2 5 1 0 1 5 2 3 1 0 4 5 5 3 4 4 5 2 1 0 1 4 5 0 0 2 4 0 1 1 2 5 4 1 5 1 3 3 1 2 1 0 1 3 1 4 1 3 2 2 4 2 0 3 5 2 4 5 0 3 0
5 5 72 43 80 61 78 77 21 51 42 6
8 8 0 4 29 23 16 44 47 39 32 25 74 31 14 36 54 12
#c 0 4 2 2 0 4 5 4 1 2 4 3 5 2 5 3 0 3 3 3 2 5 1 0 1 5 2 3 1 0 4 5 5 3 4 4 5 2 1 0 1 4 5 0 0 2 4 0 1 1 2 5 4 1 5 1 3 3 1 2 1 0 1 3 1 4 1 3 2 2 4 2 0 3 5 2 4 5 0 3 0
#c 0 4 2 2 0 4 5 4 1 2 4 3 5 2 5 3 0 3 3 3 2 5 1 0 1 5 2 3 1 0 4 5 5 3 4 4 5 2 1 0 1 4 5 0 0 2 4 0 1 1 2 5 4 1 5 1 3 3 1 2 1 0 1 3 1 4 1 3 2 2 4 2 0 3 5 2 4 5 0 3 0
6 6 2 68 69 26 45 50 51 36 14 21 77 42
8 7 20 71 37 59 75 3 9 13 32 25 74 31 54 12 6
#c 0 4 2 2 0 4 5 4 1 2 4 3 5 2 5 3 0 3 3 3 2 5 1 0 1 5 2 3 1 0 4 5 5 3 4 4 5 2 1 0 1 4 5 0 0 2 4 0 1 1 2 5 4 1 5 1 3 3 1 2 1 0 1 3 1 4 1 3 2 2 4 2 0 3 5 2 4 5 0 3 0
#c 0 4 2 2 0 4 5 4 1 2 4 3 5 2 5 3 0 3 3 3 2 5 1 0 1 5 2 3 1 0 4 5 5 3 4 4 5 2 1 0 1 4 5 0 0 2 4 0 1 1 2 5 4 1 5 1 3 3 1 2 1 0 1 3 1 4 1 3 2 2 4 2 0 3 5 2 4 5 0 3 0
#c 0 4 2 2 0 4 5 4 1 2 4 3 5 2 5 3 0 3 3 3 2 5 1 0 1 5 2 3 1 0 4 5 5 3 4 4 5 2 1 0 1 4 5 0 0 2 4 0 1 1 2 5 4 1 5 1 3 3 1 2 1 0 1 3 1 4 1 3 2 2 4 2 0 3 5 2 4 5 0 3 0
1 1 31 64
12 14 32 25 21 74 14 36 51 77 54 12 42 6 8 62 49 38 40 22 53 55 28 60 58 66 24 48
#c 0 4 2 2 0 4 5 4 1 2 4 3 5 2 5 3 0 3 3 3 2 5 1 0 1 5 2 3 1 0 4 5 5 3 4 4 5 2 1 0 1 4 5 0 0 2 4 0 1 1 2 5 4 1 5 1 3 3 1 2 1 0 1 3 1 4 1 3 2 2 4 2 0 3 5 2 4 5 0 3 0
6 6 29 44 61 72 4 80 21 12 32 36 74 54
7 7 0 78 43 23 16 47 39 25 31 14 51 77 42 6
#c 0 4 2 2 0 4 5 4 1 2 4 3 5 2 5 3 0 3 3 3 2 5 1 0 1 5 2 3 1 0 4 5 5 3 4 4 5 2 1 0 1 4 5 0 0 2 4 0 1 1 2 5 4 1 5 1 3 3 1 2 1 0 1 3 1 4 1 3 2 2 4 2 0 3 5 2 4 5 0 3 0
1 1 49 12
14 12 8 62 38 64 40 22 53 55 28 60 58 66 24 48 32 25 21 74 31 14 36 51 77 54 42 6
#c 0 4 2 2 0 4 5 4 1 2 4 3 5 2 5 3 0 3 3 3 2 5 1 0 1 5 2 3 1 0 4 5 5 3 4 4 5 2 1 0 1 4 5 0 0 2 4 0 1 1 2 5 4 1 5 1 3 3 1 2 1 0 1 3 1 4 1 3 2 2 4 2 0 3 5 2 4 5 0 3 0
7 7 69 9 45 75 3 71 26 42 31 12 21 25 51 74
7 6 2 20 50 68 37 59 13 32 14 36 77 54 6
#c 0 4 2 2 0 4 5 4 1 2 4 3 5 2 5 3 0 3 3 3 2 5 1 0 1 5 2 3 1 0 4 5 5 3 4 4 5 2 1 0 1 4 5 0 0 2 4 0 1 1 2 5 4 1 5 1 3 3 1 2 1 0 1 3 1 4 1 3 2 2 4 2 0 3 5 2 4 5 0 3 0
5 5 11 57 27 63 73 8 38 40 22 48
8 10 15 33 19 18 17 67 56 79 62 49 64 53 55 28 60 58 66 24
#c 0 4 2 2 0 4 5 4 1 2 4 3 5 2 5 3 0 3 3 3 2 5 1 0 1 5 2 3 1 0 4 5 5 3 4 4 5 2 1 0 1 4 5 0 0 2 4 0 1 1 2 5 4 1 5 1 3 3 1 2 1 0 1 3 1 4 1 3 2 2 4 2 0 3 5 2 4 5 0 3 0
3 3 70 34 76 36 54 51
10 10 10 46 52 35 41 65 1 30 7 5 32 25 21 74 31 14 77 12 42 6
#c 0 4 2 2 0 4 5 4 1 2 4 3 5 2 5 3 0 3 3 3 2 5 1 0 1 5 2 3 1 0 4 5 5 3 4 4 5 2 1 0 1 4 5 0 0 2 4 0 1 1 2 5 4 1 5 1 3 3 1 2 1 0 1 3 1 4 1 3 2 2 4 2 0 3 5 2 4 5 0 3 0
6 8 6 14 25 51 12 74 3 71 45 9 37 13 2 75
7 6 32 21 31 36 77 54 42 20 26 50 68 69 59
#c 0 4 2 2 0 4 5 4 1 2 4 3 5 2 5 3 0 3 3 3 2 5 1 0 1 5 2 3 1 0 4 5 5 3 4 4 5 2 1 0 1 4 5 0 0 2 4 0 1 1 2 5 4 1 5 1 3 3 1 2 1 0 1 3 1 4 1 3 2 2 4 2 0 3 5 2 4 5 0 3 0
4 6 43 23 16 4 1 34 10 7 52 65
9 7 0 72 78 80 29 44 61 47 39 46 70 76 35 41 30 5
#c 0 4 2 2 0 4 5 4 1 2 4 3 5 2 5 3 0 3 3 3 2 5 1 0 1 5 2 3 1 0 4 5 5 3 4 4 5 2 1 0 1 4 5 0 0 2 4 0 1 1 2 5 4 1 5 1 3 3 1 2 1 0 1 3 1 4 1 3 2 2 4 2 0 3 5 2 4 5 0 3 0
#c 0 4 2 2 0 4 5 4 1 2 4 3 5 2 5 3 0 3 3 3 2 5 1 0 1 5 2 3 1 0 4 5 5 3 4 4 5 2 1 0 1 4 5 0 0 2 4 0 1 1 2 5 4 1 5 1 3 3 1 2 1 0 1 3 1 4 1 3 2 2 4 2 0 3 5 2 4 5 0 3 0
5 7 45 59 3 26 68 58 28 22 53 60 40 49
9 8 2 20 50 71 69 37 75 9 13 8 62 38 64 55 66 24 48
#c 0 4 2 2 0 4 5 4 1 2 4 3 5 2 5 3 0 3 3 3 2 5 1 0 1 5 2 3 1 0 4 5 5 3 4 4 5 2 1 0 1 4 5 0 0 2 4 0 1 1 2 5 4 1 5 1 3 3 1 2 1 0 1 3 1 4 1 3 2 2 4 2 0 3 5 2 4 5 0 3 0
#c 0 4 2 2 0 4 5 4 1 2 4 3 5 2 5 3 0 3 3 3 2 5 1 0 1 5 2 3 1 0 4 5 5 3 4 4 5 2 1 0 1 4 5 0 0 2 4 0 1 1 2 5 4 1 5 1 3 3 1 2 1 0 1 3 1 4 1 3 2 2 4 2 0 3 5 2 4 5 0 3 0
2 1 1 30 61
11 12 10 34 46 52 70 76 35 41 65 7 5 0 72 78 80 4 29 43 23 16 44 47 39
#c 0 4 2 2 0 4 5 4 1 2 4 3 5 2 5 3 0 3 3 3 2 5 1 0 1 5 2 3 1 0 4 5 5 3 4 4 5 2 1 0 1 4 5 0 0 2 4 0 1 1 2 5 4 1 5 1 3 3 1 2 1 0 1 3 1 4 1 3 2 2 4 2 0 3 5 2 4 5 0 3 0
4 4 12 51 32 42 10 70 41 76
9 9 25 21 74 31 14 36 77 54 6 34 46 52 35 65 1 30 7 5
#c 0 4 2 2 0 4 5 4 1 2 4 3 5 2 5 3 0 3 3 3 2 5 1 0 1 5 2 3 1 0 4 5 5 3 4 4 5 2 1 0 1 4 5 0 0 2 4 0 1 1 2 5 4 1 5 1 3 3 1 2 1 0 1 3 1 4 1 3 2 2 4 2 0 3 5 2 4 5 0 3 0
1 2 29 65 34
12 11 0 72 78 80 4 43 23 16 44 61 47 39 10 46 52 70 76 35 41 1 30 7 5
#c 0 4 2 2 0 4 5 4 1 2 4 3 5 2 5 3 0 3 3 3 2 5 1 0 1 5 2 3 1 0 4 5 5 3 4 4 5 2 1 0 1 4 5 0 0 2 4 0 1 1 2 5 4 1 5 1 3 3 1 2 1 0 1 3 1 4 1 3 2 2 4 2 0 3 5 2 4 5 0 3 0
#c 0 4 2 2 0 4 5 4 1 2 4 3 5 2 5 3 0 3 3 3 2 5 1 0 1 5 2 3 1 0 4 5 5 3 4 4 5 2 1 0 1 4 5 0 0 2 4 0 1 1 2 5 4 1 5 1 3 3 1 2 1 0 1 3 1 4 1 3 2 2 4 2 0 3 5 2 4 5 0 3 0
3 3 69 9 20 36 14 54
11 10 2 26 50 68 71 45 37 59 75 3 13 32 25 21 74 31 51 77 12 42 6
#c 0 4 2 2 0 4 5 4 1 2 4 3 5 2 5 3 0 3 3 3 2 5 1 0 1 5 2 3 1 0 4 5 5 3 4 4 5 2 1 0 1 4 5 0 0 2 4 0 1 1 2 5 4 1 5 1 3 3 1 2 1 0 1 3 1 4 1 3 2 2 4 2 0 3 5 2 4 5 0 3 0
#c 0 4 2 2 0 4 5 4 1 2 4 3 5 2 5 3 0 3 3 3 2 5 1 0 1 5 2 3 1 0 4 5 5 3 4 4 5 2 1 0 1 4 5 0 0 2 4 0 1 1 2 5 4 1 5 1 3 3 1 2 1 0 1 3 1 4 1 3 2 2 4 2 0 3 5 2 4 5 0 3 0
6 6 76 41 34 5 46 65 24 22 64 8 58 40
7 9 10 52 70 35 1 30 7 62 49 38 53 55 28 60 66 48
#c 0 4 2 2 0 4 5 4 1 2 4 3 5 2 5 3 0 3 3 3 2 5 1 0 1 5 2 3 1 0 4 5 5 3 4 4 5 2 1 0 1 4 5 0 0 2 4 0 1 1 2 5 4 1 5 1 3 3 1 2 1 0 1 3 1 4 1 3 2 2 4 2 0 3 5 2 4 5 0 3 0
6 8 74 77 51 12 42 6 23 72 78 61 4 44 29 43
7 5 32 25 21 31 14 36 54 0 80 16 47 39
#c 0 4 2 2 0 4 5 4 1 2 4 3 5 2 5 3 0 3 3 3 2 5 1 0 1 5 2 3 1 0 4 5 5 3 4 4 5 2 1 0 1 4 5 0 0 2 4 0 1 1 2 5 4 1 5 1 3 3 1 2 1 0 1 3 1 4 1 3 2 2 4 2 0 3 5 2 4 5 0 3 0
3 3 43 44 0 30 76 10
10 10 72 78 80 4 29 23 16 61 47 39 34 46 52 70 35 41 65 1 7 5
#c 0 4 2 2 0 4 5 4 1 2 4 3 5 2 5 3 0 3 3 3 2 5 1 0 1 5 2 3 1 0 4 5 5 3 4 4 5 2 1 0 1 4 5 0 0 2 4 0 1 1 2 5 4 1 5 1 3 3 1 2 1 0 1 3 1 4 1 3 2 2 4 2 0 3 5 2 4 5 0 3 0
5 5 24 53 8 28 62 16 0 44 43 72
10 8 49 38 64 40 22 55 60 58 66 48 78 80 4 29 23 61 47 39
#c 0 4 2 2 0 4 5 4 1 2 4 3 5 2 5 3 0 3 3 3 2 5 1 0 1 5 2 3 1 0 4 5 5 3 4 4 5 2 1 0 1 4 5 0 0 2 4 0 1 1 2 5 4 1 5 1 3 3 1 2 1 0 1 3 1 4 1 3 2 2 4 2 0 3 5 2 4 5 0 3 0
1 1 20 19
13 12 2 26 50 68 71 45 69 37 59 75 3 9 13 15 27 33 57 63 73 18 17 67 56 79 11
#c 0 4 2 2 0 4 5 4 1 2 4 3 5 2 5 3 0 3 3 3 2 5 1 0 1 5 2 3 1 0 4 5 5 3 4 4 5 2 1 0 1 4 5 0 0 2 4 0 1 1 2 5 4 1 5 1 3 3 1 2 1 0 1 3 1 4 1 3 2 2 4 2 0 3 5 2 4 5 0 3 0
5 5 33 19 73 17 57 68 26 13 3 20
8 9 15 27 63 18 67 56 79 11 2 50 71 45 69 37 59 75 9
#c 0 4 2 2 0 4 5 4 1 2 4 3 5 2 5 3 0 3 3 3 2 5 1 0 1 5 2 3 1 0 4 5 5 3 4 4 5 2 1 0 1 4 5 0 0 2 4 0 1 1 2 5 4 1 5 1 3 3 1 2 1 0 1 3 1 4 1 3 2 2 4 2 0 3 5 2 4 5 0 3 0
6 6 10 30 76 46 70 34 15 73 18 67 27 11
7 7 52 35 41 65 1 7 5 33 57 63 19 17 56 79
#c 0 4 2 2 0 4 5 4 1 2 4 3 5 2 5 3 0 3 3 3 2 5 1 0 1 5 2 3 1 0 4 5 5 3 4 4 5 2 1 0 1 4 5 0 0 2 4 0 1 1 2 5 4 1 5 1 3 3 1 2 1 0 1 3 1 4 1 3 2 2 4 2 0 3 5 2 4 5 0 3 0
2 2 36 25 13 71
11 12 32 21 74 31 14 51 77 54 12 42 6 2 20 26 50 68 45 69 37 59 75 3 9
#c 0 4 2 2 0 4 5 4 1 2 4 3 5 2 5 3 0 3 3 3 2 5 1 0 1 5 2 3 1 0 4 5 5 3 4 4 5 2 1 0 1 4 5 0 0 2 4 0 1 1 2 5 4 1 5 1 3 3 1 2 1 0 1 3 1 4 1 3 2 2 4 2 0 3 5 2 4 5 0 3 0
2 2 61 80 74 32
11 11 0 72 78 4 29 43 23 16 44 47 39 25 21 31 14 36 51 77 54 12 42 6
#c 0 4 2 2 0 4 5 4 1 2 4 3 5 2 5 3 0 3 3 3 2 5 1 0 1 5 2 3 1 0 4 5 5 3 4 4 5 2 1 0 1 4 5 0 0 2 4 0 1 1 2 5 4 1 5 1 3 3 1 2 1 0 1 3 1 4 1 3 2 2 4 2 0 3 5 2 4 5 0 3 0
5 5 48 22 53 24 28 36 32 25 14 42
10 8 8 62 49 38 64 40 55 60 58 66 21 74 31 51 77 54 12 6
#c 0 4 2 2 0 4 5 4 1 2 4 3 5 2 5 3 0 3 3 3 2 5 1 0 1 5 2 3 1 0 4 5 5 3 4 4 5 2 1 0 1 4 5 0 0 2 4 0 1 1 2 5 4 1 5 1 3 3 1 2 1 0 1 3 1 4 1 3 2 2 4 2 0 3 5 2 4 5 0 3 0
4 4 2 59 68 50 78 80 39 29
10 9 20 26 71 45 69 37 75 3 9 13 0 72 4 43 23 16 44 61 47
#c 0 4 2 2 0 4 5 4 1 2 4 3 5 2 5 3 0 3 3 3 2 5 1 0 1 5 2 3 1 0 4 5 5 3 4 4 5 2 1 0 1 4 5 0 0 2 4 0 1 1 2 5 4 1 5 1 3 3 1 2 1 0 1 3 1 4 1 3 2 2 4 2 0 3 5 2 4 5 0 3 0
4 4 17 27 63 19 37 2 68 71
9 10 15 33 57 73 18 67 56 79 11 20 26 50 45 69 59 75 3 9 13
#c 0 4 2 2 0 4 5 4 1 2 4 3 5 2 5 3 0 3 3 3 2 5 1 0 1 5 2 3 1 0 4 5 5 3 4 4 5 2 1 0 1 4 5 0 0 2 4 0 1 1 2 5 4 1 5 1 3 3 1 2 1 0 1 3 1 4 1 3 2 2 4 2 0 3 5 2 4 5 0 3 0
2 2 35 10 57 79
11 11 34 46 52 70 76 41 65 1 30 7 5 15 27 33 63 73 19 18 17 67 56 11
#c 0 4 2 2 0 4 5 4 1 2 4 3 5 2 5 3 0 3 3 3 2 5 1 0 1 5 2 3 1 0 4 5 5 3 4 4 5 2 1 0 1 4 5 0 0 2 4 0 1 1 2 5 4 1 5 1 3 3 1 2 1 0 1 3 1 4 1 3 2 2 4 2 0 3 5 2 4 5 0 3 0
2 1 21 77 26
11 13 32 25 74 31 14 36 51 54 12 42 6 2 20 50 68 71 45 69 37 59 75 3 9 13
#c 0 4 2 2 0 4 5 4 1 2 4 3 5 2 5 3 0 3 3 3 2 5 1 0 1 5 2 3 1 0 4 5 5 3 4 4 5 2 1 0 1 4 5 0 0 2 4 0 1 1 2 5 4 1 5 1 3 3 1 2 1 0 1 3 1 4 1 3 2 2 4 2 0 3 5 2 4 5 0 3 0
1 1 47 14
12 12 0 72 78 80 4 29 43 23 16 44 61 39 32 25 21 74 31 36 51 77 54 12 42 6
#c 0 4 2 2 0 4 5 4 1 2 4 3 5 2 5 3 0 3 3 3 2 5 1 0 1 5 2 3 1 0 4 5 5 3 4 4 5 2 1 0 1 4 5 0 0 2 4 0 1 1 2 5 4 1 5 1 3 3 1 2 1 0 1 3 1 4 1 3 2 2 4 2 0 3 5 2 4 5 0 3 0
6 7 62 48 64 66 38 55 6 54 42 74 77 12 32
9 6 8 49 40 22 53 28 60 58 24 25 21 31 14 36 51
#c 0 4 2 2 0 4 5 4 1 2 4 3 5 2 5 3 0 3 3 3 2 5 1 0 1 5 2 3 1 0 4 5 5 3 4 4 5 2 1 0 1 4 5 0 0 2 4 0 1 1 2 5 4 1 5 1 3 3 1 2 1 0 1 3 1 4 1 3 2 2 4 2 0 3 5 2 4 5 0 3 0
2 2 59 68 56 18
12 11 2 20 26 50 71 45 69 37 75 3 9 13 15 27 33 57 63 73 19 17 67 79 11
#c 0 4 2 2 0 4 5 4 1 2 4 3 5 2 5 3 0 3 3 3 2 5 1 0 1 5 2 3 1 0 4 5 5 3 4 4 5 2 1 0 1 4 5 0 0 2 4 0 1 1 2 5 4 1 5 1 3 3 1 2 1 0 1 3 1 4 1 3 2 2 4 2 0 3 5 2 4 5 0 3 0
#c 0 4 2 2 0 4 5 4 1 2 4 3 5 2 5 3 0 3 3 3 2 5 1 0 1 5 2 3 1 0 4 5 5 3 4 4 5 2 1 0 1 4 5 0 0 2 4 0 1 1 2 5 4 1 5 1 3 3 1 2 1 0 1 3 1 4 1 3 2 2 4 2 0 3 5 2 4 5 0 3 0
2 2 7 46 61 78
11 11 10 34 52 70 76 35 41 65 1 30 5 0 72 80 4 29 43 23 16 44 47 39
#c 0 4 2 2 0 4 5 4 1 2 4 3 5 2 5 3 0 3 3 3 2 5 1 0 1 5 2 3 1 0 4 5 5 3 4 4 5 2 1 0 1 4 5 0 0 2 4 0 1 1 2 5 4 1 5 1 3 3 1 2 1 0 1 3 1 4 1 3 2 2 4 2 0 3 5 2 4 5 0 3 0
#c 0 4 2 2 0 4 5 4 1 2 4 3 5 2 5 3 0 3 3 3 2 5 1 0 1 5 2 3 1 0 4 5 5 3 4 4 5 2 1 0 1 4 5 0 0 2 4 0 1 1 2 5 4 1 5 1 3 3 1 2 1 0 1 3 1 4 1 3 2 2 4 2 0 3 5 2 4 5 0 3 0
4 4 16 43 44 47 70 5 1 46
9 9 0 72 78 80 4 29 23 61 39 10 34 52 76 35 41 65 30 7
#c 0 4 2 2 0 4 5 4 1 2 4 3 5 2 5 3 0 3 3 3 2 5 1 0 1 5 2 3 1 0 4 5 5 3 4 4 5 2 1 0 1 4 5 0 0 2 4 0 1 1 2 5 4 1 5 1 3 3 1 2 1 0 1 3 1 4 1 3 2 2 4 2 0 3 5 2 4 5 0 3 0
4 4 66 24 60 38 15 11 33 79
11 9 8 62 49 64 40 22 53 55 28 58 48 27 57 63 73 19 18 17 67 56
#c 0 4 2 2 0 4 5 4 1 2 4 3 5 2 5 3 0 3 3 3 2 5 1 0 1 5 2 3 1 0 4 5 5 3 4 4 5 2 1 0 1 4 5 0 0 2 4 0 1 1 2 5 4 1 5 1 3 3 1 2 1 0 1 3 1 4 1 3 2 2 4 2 0 3 5 2 4 5 0 3 0
6 6 71 37 13 75 68 9 35 41 30 65 10 70
8 7 2 20 26 50 45 69 59 3 34 46 52 76 1 7 5
#c 0 4 2 2 0 4 5 4 1 2 4 3 5 2 5 3 0 3 3 3 2 5 1 0 1 5 2 3 1 0 4 5 5 3 4 4 5 2 1 0 1 4 5 0 0 2 4 0 1 1 2 5 4 1 5 1 3 3 1 2 1 0 1 3 1 4 1 3 2 2 4 2 0 3 5 2 4 5 0 3 0
4 4 18 33 56 67 51 31 54 6
9 9 15 27 57 63 73 19 17 79 11 32 25 21 74 14 36 77 12 42
#c 0 4 2 2 0 4 5 4 1 2 4 3 5 2 5 3 0 3 3 3 2 5 1 0 1 5 2 3 1 0 4 5 5 3 4 4 5 2 1 0 1 4 5 0 0 2 4 0 1 1 2 5 4 1 5 1 3 3 1 2 1 0 1 3 1 4 1 3 2 2 4 2 0 3 5 2 4 5 0 3 0
#c 0 4 2 2 0 4 5 4 1 2 4 3 5 2 5 3 0 3 3 3 2 5 1 0 1 5 2 3 1 0 4 5 5 3 4 4 5 2 1 0 1 4 5 0 0 2 4 0 1 1 2 5 4 1 5 1 3 3 1 2 1 0 1 3 1 4 1 3 2 2 4 2 0 3 5 2 4 5 0 3 0
1 1 25 18
12 12 32 21 74 31 14 36 51 77 54 12 42 6 15 27 33 57 63 73 19 17 67 56 79 11
#c 0 4 2 2 0 4 5 4 1 2 4 3 5 2 5 3 0 3 5 3 2 5 1 0 1 3 2 3 1 0 4 5 5 3 4 4 5 2 1 0 1 4 5 0 0 2 4 0 1 1 2 5 4 1 5 1 3 3 1 2 1 0 1 3 1 4 1 3 2 2 4 2 0 3 5 2 4 5 0 3 0
#c 0 4 2 2 0 4 5 4 1 2 4 3 5 2 5 3 0 3 5 3 2 5 1 0 1 3 2 3 1 0 4 5 5 3 4 4 5 2 1 0 1 4 5 0 0 2 4 0 1 1 2 5 4 1 5 1 3 3 1 2 1 0 1 3 1 4 1 3 2 2 4 2 0 3 5 2 4 5 0 3 0
2 2 53 55 11 17
13 11 8 62 49 38 64 40 22 28 60 58 66 24 48 15 27 33 57 63 73 19 67 56 79 25
#c 0 4 2 2 0 4 5 4 1 2 4 3 5 2 5 3 0 3 5 3 2 5 1 0 1 3 2 3 1 0 4 5 5 3 4 4 5 2 1 0 1 4 5 0 0 2 4 0 1 1 2 5 4 1 5 1 3 3 1 2 1 0 1 3 1 4 1 3 2 2 4 2 0 3 5 2 4 5 0 3 0
1 1 59 14
13 12 2 20 26 50 68 71 45 69 37 75 3 9 13 32 21 74 31 36 51 77 54 12 42 6 18
#c 0 4 2 2 0 4 5 4 1 2 4 3 5 2 5 3 0 3 5 3 2 5 1 0 1 3 2 3 1 0 4 5 5 3 4 4 5 2 1 0 1 4 5 0 0 2 4 0 1 1 2 5 4 1 5 1 3 3 1 2 1 0 1 3 1 4 1 3 2 2 4 2 0 3 5 2 4 5 0 3 0
#c 0 4 2 2 0 4 5 4 1 2 4 3 5 2 5 3 0 3 5 3 2 5 1 0 1 3 2 3 1 0 4 5 5 3 4 4 5 2 1 0 1 4 5 0 0 2 4 0 1 1 2 5 4 1 5 1 3 3 1 2 1 0 1 3 1 4 1 3 2 2 4 2 0 3 5 2 4 5 0 3 0
4 4 34 7 76 46 32 42 36 21
9 9 10 52 70 35 41 65 1 30 5 74 31 14 51 77 54 12 6 18
#c 0 4 2 2 0 4 5 4 1 2 4 3 5 2 5 3 0 3 5 3 2 5 1 0 1 3 2 3 1 0 4 5 5 3 4 4 5 2 1 0 1 4 5 0 0 2 4 0 1 1 2 5 4 1 5 1 3 3 1 2 1 0 1 3 1 4 1 3 2 2 4 2 0 3 5 2 4 5 0 3 0
1 1 32 60
12 14 21 74 31 14 36 51 77 54 12 42 6 18 8 62 49 38 64 40 22 53 55 28 58 66 24 48
#c 0 4 2 2 0 4 5 4 1 2 4 3 5 2 5 3 0 3 5 3 2 5 1 0 1 3 2 3 1 0 4 5 1 3 4 4 5 2 1 0 1 4 5 0 0 2 4 0 1 1 2 5 4 1 5 1 3 3 1 2 5 0 1 3 1 4 1 3 2 2 4 2 0 3 5 2 4 5 0 3 0
2 1 39 43 17
11 12 0 72 78 80 4 29 23 16 44 61 47 15 27 33 57 63 73 19 67 56 79 11 25
#c 0 4 2 2 0 4 5 4 1 2 4 3 5 2 5 3 0 3 5 3 2 5 1 0 1 3 2 3 1 0 4 5 1 3 4 4 5 2 1 0 1 4 5 0 0 2 4 0 1 1 2 5 4 1 5 1 3 3 1 2 5 0 1 3 1 4 1 3 2 2 4 2 0 3 5 2 4 5 0 3 0
7 7 28 64 53 49 58 40 55 44 72 0 47 80 61 23
8 6 8 62 38 22 66 24 48 32 78 4 29 43 16 39
#c 1 4 2 2 0 4 5 4 1 2 4 3 5 2 5 3 0 3 5 3 2 5 1 1 1 3 2 3 0 0 4 5 1 3 4 4 5 2 1 0 0 4 5 0 1 2 4 1 1 0 2 5 4 0 5 0 3 3 0 2 5 1 1 3 0 4 1 3 2 2 4 2 1 3 5 2 4 5 0 3 1
4 4 71 9 50 68 74 36 21 42
10 9 2 20 26 45 69 37 59 75 3 13 31 14 51 77 54 12 6 18 60
#c 1 4 2 2 0 4 5 4 1 2 4 3 5 2 5 3 0 3 5 3 2 5 1 1 1 3 2 3 0 0 4 5 1 3 4 4 5 2 1 0 0 4 5 0 1 2 4 1 1 0 2 5 4 0 5 0 3 3 0 2 5 1 1 3 0 4 1 3 2 2 4 2 1 3 5 2 4 5 0 3 1
#c 1 4 2 2 0 4 5 4 1 2 4 3 5 2 5 3 0 3 5 3 2 5 1 1 1 3 2 3 0 0 4 5 1 3 4 4 5 2 1 0 0 4 5 0 1 2 4 1 1 0 2 5 4 0 5 0 3 3 0 2 5 1 1 3 0 4 1 3 2 2 4 2 1 3 5 2 4 5 0 3 1
6 6 41 46 7 76 70 10 60 18 54 42 31 14
7 7 34 52 35 65 1 30 5 21 74 36 51 77 12 6
#c 1 4 2 2 0 4 5 4 1 2 4 3 5 2 5 3 0 3 5 3 2 5 1 1 1 3 2 3 0 0 4 5 1 3 4 4 5 2 1 0 0 4 5 0 1 2 4 1 1 0 2 5 4 0 5 0 3 3 0 2 5 1 1 3 0 4 1 3 2 2 4 2 1 3 5 2 4 5 0 3 1
#c 1 4 2 2 0 4 5 4 1 2 4 3 5 2 5 3 0 3 5 3 2 5 1 1 1 3 2 3 0 0 4 5 1 3 4 4 5 2 1 0 0 4 5 0 1 2 4 1 1 0 2 5 4 0 5 0 3 3 0 2 5 1 1 3 0 4 1 3 2 2 4 2 1 3 5 2 4 5 0 3 1
5 5 58 4 40 16 78 20 26 68 50 2
8 9 29 43 39 28 64 53 49 55 71 45 69 37 59 75 3 9 13
#c 1 4 2 2 0 4 5 4 1 2 4 3 5 2 5 3 0 3 5 3 2 5 1 1 1 3 2 3 0 0 4 5 1 3 4 4 5 2 1 0 0 4 5 0 1 2 4 1 1 0 2 5 4 0 5 0 3 3 0 2 5 1 1 3 0 4 1 3 2 2 4 2 1 3 5 2 4 5 0 3 1
2 2 47 38 20 45
13 12 8 62 22 66 24 48 32 44 72 0 80 61 23 2 26 50 68 71 69 37 59 75 3 9 13
#c 1 4 2 2 0 4 5 4 1 2 4 3 5 2 5 3 0 3 5 3 2 5 1 1 1 3 2 3 0 0 4 5 1 3 4 4 5 2 1 0 0 4 5 0 1 2 4 1 1 0 2 5 4 0 5 0 3 3 0 2 5 1 1 3 0 4 1 3 2 2 4 2 1 3 5 2 4 5 0 3 1
6 6 50 71 75 9 68 3 0 80 72 44 22 24
8 9 2 20 26 45 69 37 59 13 8 62 38 66 48 32 47 61 23
#c 1 4 2 2 0 4 5 4 1 2 4 3 5 2 5 3 0 3 5 3 2 5 1 1 1 3 2 3 0 0 4 5 1 3 4 4 5 2 1 0 0 4 5 0 1 2 4 1 1 0 2 5 4 0 5 0 3 3 0 2 5 1 1 3 0 4 1 3 2 2 4 2 1 3 5 2 4 5 0 3 1
4 4 67 11 17 25 46 70 35 5
9 9 15 27 33 57 63 73 19 56 79 10 34 52 76 41 65 1 30 7
#c 1 4 2 2 0 4 5 4 1 2 4 3 5 2 5 3 0 3 5 3 2 5 1 1 1 3 2 3 0 0 4 5 1 3 4 4 5 2 1 0 0 4 5 0 1 2 4 1 1 0 2 5 4 0 5 0 3 3 0 2 5 1 1 3 0 4 1 3 2 2 4 2 1 3 5 2 4 5 0 3 1
4 4 34 65 7 35 22 47 32 61
9 11 10 46 52 70 76 41 1 30 5 8 62 38 66 24 48 44 72 0 80 23
#c 1 4 2 2 0 4 5 4 1 2 4 3 5 2 5 3 0 3 5 3 2 5 1 1 1 3 2 3 0 0 4 5 1 3 4 4 5 2 1 0 0 4 5 0 1 2 4 1 1 0 2 5 4 0 5 0 3 3 0 2 5 1 1 3 0 4 1 3 2 2 4 2 1 3 5 2 4 5 0 3 1
4 6 31 60 74 21 23 66 61 24 47 62
9 9 14 36 51 77 54 12 42 6 18 8 38 22 48 32 44 72 0 80
#c 1 4 2 2 0 4 5 4 1 2 4 3 5 2 5 3 0 3 5 3 2 5 1 1 1 3 2 3 0 0 4 5 1 3 4 4 5 2 1 0 0 4 5 0 1 2 4 1 1 0 2 5 4 0 5 0 3 3 0 2 5 1 1 3 0 4 1 3 2 2 4 2 1 3 5 2 4 5 0 3 1
2 2 53 55 42 60
11 11 78 4 29 43 16 39 28 64 49 58 40 21 74 31 14 36 51 77 54 12 6 18
#c 1 4 2 2 0 4 5 4 1 2 4 3 5 2 5 3 0 3 5 3 2 5 1 1 1 3 2 3 0 0 4 5 1 3 4 4 5 2 1 0 0 4 5 0 1 2 4 1 1 0 2 5 4 0 5 0 3 3 0 2 5 1 1 3 0 4 1 3 2 2 4 2 1 3 5 2 4 5 0 3 1
5 5 8 44 0 22 66 59 50 2 75 13
10 9 62 38 24 48 32 72 47 80 61 23 20 26 68 71 45 69 37 3 9
#c 1 4 2 2 0 4 5 4 1 2 4 3 5 2 5 3 0 3 5 3 2 5 1 1 1 3 2 3 0 0 4 5 1 3 4 4 5 2 1 0 0 4 5 0 1 2 4 1 1 0 2 5 4 0 5 0 3 3 0 2 5 1 1 3 0 4 1 3 2 2 4 2 1 3 5 2 4 5 0 3 1
2 2 71 3 53 40
12 11 2 20 26 50 68 45 69 37 59 75 9 13 78 4 29 43 16 39 28 64 49 58 55
#c 1 4 2 2 0 4 5 4 1 2 4 3 5 2 5 3 0 3 5 3 2 5 1 1 1 3 2 3 0 0 4 5 1 3 4 4 5 2 1 0 0 4 5 0 1 2 4 1 1 0 2 5 4 0 5 0 3 3 0 2 5 1 1 3 0 4 1 3 2 2 4 2 1 3 5 2 4 5 0 3 1
4 4 17 67 11 25 36 18 6 12
9 9 15 27 33 57 63 73 19 56 79 21 74 31 14 51 77 54 42 60
#c 1 4 2 2 0 4 5 4 1 2 4 3 5 2 5 3 0 3 5 3 2 5 1 1 1 3 2 3 0 0 4 5 1 3 4 4 5 2 1 0 0 4 5 0 1 2 4 1 1 0 2 5 4 0 5 0 3 3 0 2 5 1 1 3 0 4 1 3 2 2 4 2 1 3 5 2 4 5 0 3 1
3 3 65 10 1 22 24 48
10 12 34 46 52 70 76 35 41 30 7 5 8 62 38 66 32 44 72 0 47 80 61 23
#c 1 4 2 2 0 4 5 4 1 2 4 3 5 2 5 3 0 3 5 3 2 5 1 1 1 3 2 3 0 0 4 5 1 3 4 4 5 2 1 0 0 4 5 0 1 2 4 1 1 0 2 5 4 0 5 0 3 3 0 2 5 1 1 3 0 4 1 3 2 2 4 2 1 3 5 2 4 5 0 3 1
6 6 36 54 51 6 31 42 32 62 47 24 66 48
7 9 21 74 14 77 12 18 60 8 38 22 44 72 0 80 61 23
#c 1 4 2 2 0 4 5 4 1 2 4 3 5 2 5 3 0 3 5 3 2 5 1 1 1 3 2 3 0 0 4 5 1 3 4 4 5 2 1 0 0 4 5 0 1 2 4 1 1 0 2 5 4 0 5 0 3 3 0 2 5 1 1 3 0 4 1 3 2 2 4 2 1 3 5 2 4 5 0 3 1
4 5 40 16 4 58 31 36 77 51 54
9 8 78 29 43 39 28 64 53 49 55 21 74 14 12 42 6 18 60
#c 1 4 2 2 0 4 5 4 1 2 4 3 5 2 5 3 0 3 5 3 2 5 1 1 1 3 2 3 0 0 4 5 1 3 4 4 5 2 1 0 0 4 5 0 1 2 4 1 1 0 2 5 4 0 5 0 3 3 0 2 5 1 1 3 0 4 1 3 2 2 4 2 1 3 5 2 4 5 0 3 1
2 2 80 44 46 30
13 11 8 62 38 22 66 24 48 32 72 0 47 61 23 10 34 52 70 76 35 41 65 1 7 5
#c 1 4 2 2 0 4 5 4 1 2 4 3 5 2 5 3 0 3 5 3 2 5 1 1 1 3 2 3 0 0 4 5 1 3 4 4 5 2 1 0 0 4 5 0 1 2 4 1 1 0 2 5 4 0 5 0 3 3 0 2 5 1 1 3 0 4 1 3 2 2 4 2 1 3 5 2 4 5 0 3 1
#c 1 4 2 2 0 4 5 4 1 2 4 3 5 2 5 3 0 3 5 3 2 5 1 1 1 3 2 3 0 0 4 5 1 3 4 4 5 2 1 0 0 4 5 0 1 2 4 1 1 0 2 5 4 0 5 0 3 3 0 2 5 1 1 3 0 4 1 3 2 2 4 2 1 3 5 2 4 5 0 3 1
2 2 25 79 7 1
11 11 15 27 33 57 63 73 19 17 67 56 11 10 34 46 52 70 76 35 41 65 30 5
#c 1 4 2 2 0 4 5 4 1 2 4 3 5 2 5 3 0 3 5 3 2 5 1 1 1 3 2 3 0 0 4 5 1 3 4 4 5 2 1 0 0 4 5 0 1 2 4 1 1 0 2 5 4 0 5 0 3 3 0 2 5 1 1 3 0 4 1 3 2 2 4 2 1 3 5 2 4 5 0 3 1
6 7 46 52 70 30 7 1 8 61 24 48 22 44 62
7 8 10 34 76 35 41 65 5 38 66 32 72 0 47 80 23
#c 1 1 2 2 0 4 5 1 4 2 4 3 5 2 5 3 0 3 5 3 2 5 4 1 4 3 2 3 0 0 1 5 1 3 4 4 5 2 1 0 0 4 5 0 4 2 1 1 4 0 2 5 1 0 5 0 3 3 0 2 5 4 4 3 0 4 1 3 2 2 1 2 1 3 5 2 4 5 0 3 1
5 5 60 6 36 31 74 72 52 38 32 23
8 9 21 14 51 77 54 12 42 18 66 0 47 80 46 70 30 7 1
#c 1 1 2 2 0 4 5 1 4 2 4 3 5 2 5 3 0 3 5 3 2 5 4 1 4 3 2 3 0 0 1 5 1 3 4 4 5 2 1 0 0 4 5 0 4 2 1 1 4 0 2 5 1 0 5 0 3 3 0 2 5 4 4 3 0 4 1 3 2 2 1 2 1 3 5 2 4 5 0 3 1
2 2 29 16 68 50
11 12 78 4 43 39 28 64 53 49 58 40 55 2 20 26 71 45 69 37 59 75 3 9 13
#c 1 1 2 2 0 4 5 1 4 2 4 3 5 2 5 3 0 3 5 3 2 5 4 1 4 3 2 3 0 0 1 5 1 3 4 4 5 2 1 0 0 4 5 0 4 2 1 1 4 0 2 5 1 0 5 0 3 3 0 2 5 4 4 3 0 4 1 3 2 2 1 2 1 3 5 2 4 5 0 3 1
1 1 23 37
13 13 38 66 32 72 0 47 80 46 52 70 30 7 1 2 20 26 50 68 71 45 69 59 75 3 9 13
#c 1 1 2 2 0 4 5 1 4 2 4 3 5 2 5 3 0 3 5 3 2 5 4 1 4 3 2 3 0 0 1 5 1 3 4 4 5 2 1 0 0 4 5 0 4 2 1 1 4 0 2 5 1 0 5 0 3 3 0 2 5 4 4 3 0 4 1 3 2 2 1 2 1 3 5 2 4 5 0 3 1
#c 1 1 2 2 0 4 5 1 4 2 4 3 5 2 5 3 0 3 5 3 2 5 4 1 4 3 2 3 0 0 1 5 1 3 4 4 5 2 1 0 0 4 5 0 4 2 1 1 4 0 2 5 1 0 5 0 3 3 0 2 5 4 4 3 0 4 1 3 2 2 1 2 1 3 5 2 4 5 0 3 1
6 6 56 25 57 15 73 11 6 60 12 54 51 14
7 7 27 33 63 19 17 67 79 21 74 31 36 77 42 18
#c 1 1 2 2 0 4 5 1 4 2 4 3 5 2 5 3 0 3 5 3 2 5 4 1 4 3 2 3 0 0 1 5 1 3 4 4 5 2 1 0 0 4 5 0 4 2 1 1 4 0 2 5 1 0 5 0 3 3 0 2 5 4 4 3 0 4 1 3 2 2 1 2 1 3 5 2 4 5 0 3 1
6 6 48 5 76 22 8 62 4 58 53 39 29 49
8 7 10 34 35 41 65 61 24 44 78 43 16 28 64 40 55
#c 1 1 2 2 0 4 5 1 4 2 4 3 5 2 5 3 0 3 5 3 2 5 4 1 4 3 2 3 0 0 1 5 1 3 4 4 5 2 1 0 0 4 5 0 4 2 1 1 4 0 2 5 1 0 5 0 3 3 0 2 5 4 4 3 0 4 1 3 2 2 1 2 1 3 5 2 4 5 0 3 1
5 5 12 18 31 14 54 57 25 67 63 73
8 8 21 74 36 51 77 42 6 60 15 27 33 19 17 56 79 11
#c 1 1 2 2 0 4 5 1 4 2 4 3 5 2 5 3 0 3 5 3 2 5 4 1 4 3 2 3 0 0 1 5 1 3 4 4 5 2 1 0 0 4 5 0 4 2 1 1 4 0 2 5 1 0 5 0 3 3 0 2 5 4 4 3 0 4 1 3 2 2 1 2 1 3 5 2 4 5 0 3 1
3 3 53 58 78 25 33 17
10 10 4 29 43 16 39 28 64 49 40 55 15 27 57 63 73 19 67 56 79 11
#c 1 1 2 2 0 4 5 1 4 2 4 3 5 2 5 3 0 3 5 3 2 5 4 1 4 3 2 3 0 0 1 5 1 3 4 4 5 2 1 0 0 4 5 0 4 2 1 1 4 0 2 5 1 0 5 0 3 3 0 2 5 4 4 3 0 4 1 3 2 2 1 2 1 3 5 2 4 5 0 3 1
#c 1 1 2 2 0 4 5 1 4 2 4 3 5 2 5 3 0 3 5 3 2 5 4 1 4 3 2 3 0 0 1 5 1 3 4 4 5 2 1 0 0 4 5 0 4 2 1 1 4 0 2 5 1 0 5 0 3 3 0 2 5 4 4 3 0 4 1 3 2 2 1 2 1 3 5 2 4 5 0 3 1
1 1 75 73
13 12 2 20 26 50 68 71 45 69 37 59 3 9 13 15 27 33 57 63 19 17 67 56 79 11 25
#c 1 1 2 2 0 4 5 1 4 2 4 3 5 2 5 3 0 3 5 3 2 5 4 1 4 3 2 3 0 0 1 5 1 3 4 4 5 2 1 0 0 4 5 0 4 2 1 1 4 0 2 5 1 0 5 0 3 3 0 2 5 4 4 3 0 4 1 3 2 2 1 2 1 3 5 2 4 5 0 3 1
4 6 25 19 73 79 77 54 21 60 42 12
9 7 15 27 33 57 63 17 67 56 11 74 31 14 36 51 6 18
#c 1 1 2 2 0 4 5 1 4 2 4 3 5 2 5 3 0 3 5 3 2 5 4 1 4 3 2 3 0 0 1 5 1 3 4 4 5 2 1 0 0 4 5 0 4 2 1 1 4 0 2 5 1 0 5 0 3 3 0 2 5 4 4 3 0 4 1 3 2 2 1 2 1 3 5 2 4 5 0 3 1
5 5 41 65 10 34 76 15 25 19 73 33
9 8 35 5 8 61 24 48 22 44 62 27 57 63 17 67 56 79 11
#c 1 1 2 2 0 4 5 1 4 2 4 3 5 2 5 3 0 3 5 3 2 5 4 1 4 3 2 3 0 0 1 5 1 3 4 4 5 2 1 0 0 4 5 0 4 2 1 1 4 0 2 5 1 0 5 0 3 3 0 2 5 4 4 3 0 4 1 3 2 2 1 2 1 3 5 2 4 5 0 3 1
#c 1 1 2 2 0 4 5 1 4 2 4 3 5 2 5 3 0 3 5 3 2 5 4 1 4 3 2 3 0 0 1 5 1 3 4 4 5 2 1 0 0 4 5 0 4 2 1 1 4 0 2 5 1 0 5 0 3 3 0 2 5 4 4 3 0 4 1 3 2 2 1 2 1 3 5 2 4 5 0 3 1
1 1 55 0
12 13 78 4 29 43 16 39 28 64 53 49 58 40 38 66 32 72 47 80 23 46 52 70 30 7 1
#c 1 1 2 2 0 4 5 1 4 2 4 3 5 2 5 3 0 3 5 3 2 5 4 1 4 3 2 3 0 0 1 5 1 3 4 4 5 2 1 0 0 4 5 0 4 2 1 1 4 0 2 5 1 0 5 0 3 3 0 2 5 4 4 3 0 4 1 3 2 2 1 2 1 3 5 2 4 5 0 3 1
#c 1 1 2 2 0 4 5 1 4 2 4 3 5 2 5 3 0 3 5 3 2 5 4 1 4 3 2 3 0 0 1 5 1 3 4 4 5 2 1 0 0 4 5 0 4 2 1 1 4 0 2 5 1 0 5 0 3 3 0 2 5 4 4 3 0 4 1 3 2 2 1 2 1 3 5 2 4 5 0 3 1
4 4 71 37 50 45 36 42 12 14
10 9 2 20 26 68 69 59 75 3 9 13 21 74 31 51 77 54 6 18 60
#c 1 1 2 2 0 4 5 1 4 2 4 3 5 2 5 3 0 3 5 3 2 5 4 1 4 3 2 3 0 0 1 5 1 3 4 4 5 2 1 0 0 4 5 0 4 2 1 1 4 0 2 5 1 0 5 0 3 3 0 2 5 4 4 3 0 4 1 3 2 2 1 2 1 3 5 2 4 5 0 3 1
1 1 57 2
12 13 15 27 33 63 73 19 17 67 56 79 11 25 20 26 50 68 71 45 69 37 59 75 3 9 13
#c 1 1 2 2 0 4 5 1 4 2 4 3 5 2 5 3 0 3 5 3 2 5 4 1 4 3 2 3 0 0 1 5 1 3 4 4 5 2 1 0 0 4 5 0 4 2 1 1 4 0 2 5 1 0 5 0 3 3 0 2 5 4 4 3 0 4 1 3 2 2 1 2 1 3 5 2 4 5 0 3 1
4 4 48 41 5 76 54 74 60 6
10 9 10 34 35 65 8 61 24 22 44 62 21 31 14 36 51 77 12 42 18
#c 1 1 2 2 0 4 5 1 4 2 4 3 5 2 5 3 0 3 5 3 2 5 4 1 4 3 2 3 0 0 1 5 1 3 4 4 5 2 1 0 0 4 5 0 4 2 1 1 4 0 2 5 1 0 5 0 3 3 0 2 5 4 4 3 0 4 1 3 2 2 1 2 1 3 5 2 4 5 0 3 1
6 6 31 36 21 74 12 14 59 75 68 50 26 13
7 8 51 77 54 42 6 18 60 2 20 71 45 69 37 3 9
#c 1 1 2 2 0 4 5 1 4 2 4 3 5 2 5 3 0 3 5 3 2 5 4 1 4 3 2 3 0 0 1 5 1 3 4 4 5 2 1 0 0 4 5 0 4 2 1 1 4 0 2 5 1 0 5 0 3 3 0 2 5 4 4 3 0 4 1 3 2 2 1 2 1 3 5 2 4 5 0 3 1
6 6 39 43 40 53 58 4 56 15 79 57 73 11
7 7 78 29 16 28 64 49 55 27 33 63 19 17 67 25
#c 1 1 2 2 0 4 5 1 4 2 4 3 5 2 5 3 0 3 5 3 2 5 4 1 4 3 2 3 0 0 1 5 1 3 4 4 5 2 1 0 0 4 5 0 4 2 1 1 4 0 2 5 1 0 5 0 3 3 0 2 5 4 4 3 0 4 1 3 2 2 1 2 1 3 5 2 4 5 0 3 1
3 3 23 72 66 36 42 21
11 10 38 32 0 47 80 46 52 70 30 7 1 74 31 14 51 77 54 12 6 18 60
#c 1 1 2 2 0 4 5 1 4 2 4 3 5 2 5 3 0 3 5 3 2 5 4 1 4 3 2 3 0 0 1 5 1 3 4 4 5 2 1 0 0 4 5 0 4 2 1 1 4 0 2 5 1 0 5 0 3 3 0 2 5 4 4 3 0 4 1 3 2 2 1 2 1 3 5 2 4 5 0 3 1
1 3 45 55 78 40
13 10 2 20 26 50 68 71 69 37 59 75 3 9 13 4 29 43 16 39 28 64 53 49 58
#c 1 1 2 2 0 4 5 1 4 2 4 3 5 2 5 3 0 3 5 3 2 5 4 1 4 3 2 3 0 0 1 5 1 3 4 4 5 2 1 0 0 4 5 0 4 2 1 1 4 0 2 5 1 0 5 0 3 3 0 2 5 4 4 3 0 4 1 3 2 2 1 2 1 3 5 2 4 5 0 3 1
#c 1 1 2 2 0 4 5 1 4 2 4 3 5 2 5 3 0 3 5 3 2 5 4 1 4 3 2 3 0 0 1 5 1 3 4 4 5 2 1 0 0 4 5 0 4 2 1 1 4 0 2 5 1 0 5 0 3 3 0 2 5 4 4 3 0 4 1 3 2 2 1 2 1 3 5 2 4 5 0 3 1
6 6 76 10 35 48 41 65 19 67 79 33 27 56
8 7 34 5 8 61 24 22 44 62 15 57 63 73 17 11 25
#c 1 1 2 2 0 4 5 1 4 2 4 3 5 2 5 3 0 3 5 3 2 5 4 1 4 3 2 3 0 0 1 5 1 3 4 4 5 2 1 0 0 4 5 0 4 2 1 1 4 0 2 5 1 0 5 0 3 3 0 2 5 4 4 3 0 4 1 3 2 2 1 2 1 3 5 2 4 5 0 3 1
1 1 74 55
12 12 21 31 14 36 51 77 54 12 42 6 18 60 78 4 29 43 16 39 28 64 53 49 58 40
#c 1 1 2 2 0 4 5 1 4 2 4 3 5 2 5 3 0 3 5 3 2 5 4 1 4 3 2 3 0 0 1 5 1 3 4 4 5 2 1 0 0 4 5 0 4 2 1 1 4 0 2 5 1 0 5 0 3 3 0 2 5 4 4 3 0 4 1 3 2 2 1 2 1 3 5 2 4 5 0 3 1
5 5 53 29 40 28 58 45 20 2 13 71
8 9 78 4 43 16 39 64 49 55 26 50 68 69 37 59 75 3 9
#c 1 1 2 2 0 4 5 1 4 2 4 3 5 2 5 3 0 3 5 3 2 5 4 1 4 3 2 3 0 0 1 5 1 3 4 4 5 2 1 0 0 4 5 0 4 2 1 1 4 0 2 5 1 0 5 0 3 3 0 2 5 4 4 3 0 4 1 3 2 2 1 2 1 3 5 2 4 5 0 3 1
2 2 1 46 51 60
12 11 38 66 32 72 0 47 80 23 52 70 30 7 21 74 31 14 36 77 54 12 42 6 18
#c 1 1 2 2 0 4 5 1 4 2 4 3 5 2 5 3 0 3 5 3 2 5 4 1 4 3 2 3 0 0 1 5 1 3 4 4 5 2 1 0 0 4 5 0 4 2 1 1 4 0 2 5 1 0 5 0 3 3 0 2 5 4 4 3 0 4 1 3 2 2 1 2 1 3 5 2 4 5 0 3 1
2 2 2 69 44 10
12 12 20 26 50 68 71 45 37 59 75 3 9 13 34 76 35 41 65 5 8 61 24 48 22 62
#c 1 1 2 2 0 4 5 1 4 2 4 3 5 2 5 3 0 3 5 3 2 5 4 1 4 3 2 3 0 0 1 5 1 3 4 4 5 2 1 0 0 4 5 0 4 2 1 1 4 0 2 5 1 0 5 0 3 3 0 2 5 4 4 3 0 4 1 3 2 2 1 2 1 3 5 2 4 5 0 3 1
6 6 25 63 33 17 19 73 1 30 70 47 32 23
7 8 15 27 57 67 56 79 11 38 66 72 0 80 46 52 7
#c 1 1 2 2 0 4 5 1 4 2 4 3 5 2 5 3 0 3 5 3 2 5 4 1 4 3 2 3 0 0 1 5 1 3 4 4 5 2 1 0 0 4 5 0 4 2 1 1 4 0 2 5 1 0 5 0 3 3 0 2 5 4 4 3 0 4 1 3 2 2 1 2 1 3 5 2 4 5 0 3 1
2 2 41 35 60 36
12 11 10 34 76 65 5 8 61 24 48 22 44 62 21 74 31 14 51 77 54 12 42 6 18
#c 1 1 2 2 0 4 5 1 4 2 4 3 5 2 5 3 0 3 5 3 2 5 4 1 4 3 2 3 0 0 1 5 1 3 4 4 5 2 1 0 0 4 5 0 4 2 1 1 4 0 2 5 1 0 5 0 3 3 0 2 5 4 4 3 0 4 1 3 2 2 1 2 1 3 5 2 4 5 0 3 1
4 4 14 36 42 31 67 73 33 17
9 9 21 74 51 77 54 12 6 18 60 15 27 57 63 19 56 79 11 25
#c 1 1 2 2 0 4 5 1 4 2 4 3 5 2 5 3 0 3 5 3 2 5 4 1 4 3 2 3 0 0 1 5 1 3 4 4 5 2 1 0 0 4 5 0 4 2 1 1 4 0 2 5 1 0 5 0 3 3 0 2 5 4 4 3 0 4 1 3 2 2 1 2 1 3 5 2 4 5 0 3 1
2 2 58 16 77 60
11 11 78 4 29 43 39 28 64 53 49 40 55 21 74 31 14 36 51 54 12 42 6 18
#c 1 1 2 2 0 4 5 1 4 2 4 3 5 2 5 3 0 3 5 3 2 5 4 1 4 3 2 3 0 0 1 5 1 3 4 4 5 2 1 0 0 4 5 0 4 2 1 1 4 0 2 5 1 0 5 0 3 3 0 2 5 4 4 3 0 4 1 3 2 2 1 2 1 3 5 2 4 5 0 3 1
7 7 38 1 52 30 32 80 72 22 35 24 48 62 76 8
7 7 66 0 47 23 46 70 7 10 34 41 65 5 61 44
#c 1 1 2 2 0 4 5 1 4 2 4 3 5 2 5 3 0 3 5 3 2 5 4 1 4 3 2 3 0 0 1 5 1 3 4 4 5 2 1 0 0 4 5 0 4 2 1 1 4 0 2 5 1 0 5 0 3 3 0 2 5 4 4 3 0 4 1 3 2 2 1 2 1 3 5 2 4 5 0 3 1
#c 1 1 2 2 0 4 5 1 4 2 4 3 5 2 5 3 0 3 5 3 2 5 4 1 4 3 2 3 0 0 1 5 1 3 4 4 5 2 1 0 0 4 5 0 4 2 1 1 4 0 2 5 1 0 5 0 3 3 0 2 5 4 4 3 0 4 1 3 2 2 1 2 1 3 5 2 4 5 0 3 1
6 6 79 27 15 63 11 17 12 18 6 77 54 21
7 7 33 57 73 19 67 56 25 74 31 14 36 51 42 60
#c 1 1 2 2 0 4 5 1 4 2 4 3 5 2 5 3 0 3 5 3 2 5 4 1 4 3 2 3 0 0 1 5 1 3 4 4 5 2 1 0 0 4 5 0 4 2 1 1 4 0 2 5 1 0 5 0 3 3 0 2 5 4 4 3 0 4 1 3 2 2 1 2 1 3 5 2 4 5 0 3 1
#c 1 1 2 2 0 4 5 1 4 2 4 3 5 2 5 3 0 3 5 3 2 5 4 1 4 3 2 3 0 0 1 5 1 3 4 4 5 2 1 0 0 4 5 0 4 2 1 1 4 0 2 5 1 0 5 0 3 3 0 2 5 4 4 3 0 4 1 3 2 2 1 2 1 3 5 2 4 5 0 3 1
#c 1 1 2 2 0 4 5 1 4 2 4 3 5 2 5 3 0 3 5 3 2 5 4 1 4 3 2 3 0 0 1 5 1 3 4 4 5 2 1 0 0 4 5 0 4 2 1 1 4 0 2 5 1 0 5 0 3 3 0 2 5 4 4 3 0 4 1 3 2 2 1 2 1 3 5 2 4 5 0 3 1
5 5 4 55 16 58 53 48 8 24 34 61
8 9 78 29 43 39 28 64 49 40 10 76 35 41 65 5 22 44 62
#c 1 1 2 2 0 4 5 1 4 2 4 3 5 2 5 3 0 3 5 3 2 5 4 1 4 3 2 3 0 0 1 5 1 3 4 4 5 2 1 0 0 4 5 0 4 2 1 1 4 0 2 5 1 0 5 0 3 3 0 2 5 4 4 3 0 4 1 3 2 2 1 2 1 3 5 2 4 5 0 3 1
6 6 47 30 80 66 52 0 22 65 48 35 34 62
8 8 38 32 72 23 46 70 7 1 10 76 41 5 8 61 24 44
#c 1 1 2 2 0 4 5 1 4 2 4 3 5 2 5 3 0 3 5 3 2 5 4 1 4 3 2 3 0 0 1 5 1 3 4 4 5 2 1 0 0 4 5 0 4 2 1 1 4 0 2 5 1 0 5 0 3 3 0 2 5 4 4 3 0 4 1 3 2 2 1 2 1 3 5 2 4 5 0 3 1
1 3 69 4 28 40
13 10 2 20 26 50 68 71 45 37 59 75 3 9 13 78 29 43 16 39 64 53 49 58 55
#c 1 1 2 2 0 4 5 1 4 2 4 3 5 2 5 3 0 3 5 3 2 5 4 1 4 3 2 3 0 0 1 5 1 3 4 4 5 2 1 0 0 4 5 0 4 2 1 1 4 0 2 5 1 0 5 0 3 3 0 2 5 4 4 3 0 4 1 3 2 2 1 2 1 3 5 2 4 5 0 3 1
#c 1 1 2 2 0 4 5 1 4 2 4 3 5 2 5 3 0 3 5 3 2 5 4 1 4 3 2 3 0 0 1 5 1 3 4 4 5 2 1 0 0 4 5 0 4 2 1 1 4 0 2 5 1 0 5 0 3 3 0 2 5 4 4 3 0 4 1 3 2 2 1 2 1 3 5 2 4 5 0 3 1
#c 1 1 2 2 0 4 5 1 4 2 4 3 5 2 5 3 0 3 5 3 2 5 4 1 4 3 2 3 0 0 1 5 1 3 4 4 5 2 1 0 0 4 5 0 4 2 1 1 4 0 2 5 1 0 5 0 3 3 0 2 5 4 4 3 0 4 1 3 2 2 1 2 1 3 5 2 4 5 0 3 1
3 3 54 74 18 34 35 8
10 11 21 31 14 36 51 77 12 42 6 60 10 76 41 65 5 61 24 48 22 44 62
#c 1 1 2 2 0 4 5 1 4 2 4 3 5 2 5 3 0 3 5 3 2 5 4 1 4 3 2 3 0 0 1 5 1 3 4 4 5 2 1 0 0 4 5 0 4 2 1 1 4 0 2 5 1 0 5 0 3 3 0 2 5 4 4 3 0 4 1 3 2 2 1 2 1 3 5 2 4 5 0 3 1
#c 1 1 2 2 0 4 5 1 4 2 4 3 5 2 5 3 0 3 5 3 2 5 4 1 4 3 2 3 0 0 1 5 1 3 4 4 5 2 1 0 0 4 5 0 4 2 1 1 4 0 2 5 1 0 5 0 3 3 0 2 5 4 4 3 0 4 1 3 2 2 1 2 1 3 5 2 4 5 0 3 1
1 1 72 12
13 12 38 66 32 0 47 80 23 46 52 70 30 7 1 21 74 31 14 36 51 77 54 42 6 18 60
#c 1 1 2 2 0 4 5 1 4 2 4 3 5 2 5 3 0 3 5 3 2 5 4 1 4 3 2 3 0 0 1 5 1 3 4 4 5 2 1 0 0 4 5 0 4 2 1 1 4 0 2 5 1 0 5 0 3 3 0 2 5 4 4 3 0 4 1 3 2 2 1 2 1 3 5 2 4 5 0 3 1
4 4 75 68 69 3 70 23 66 30
10 10 2 20 26 50 71 45 37 59 9 13 38 32 72 0 47 80 46 52 7 1
#c 1 1 2 2 0 4 5 1 4 2 4 3 5 2 5 3 0 3 5 3 2 5 4 1 4 3 2 3 0 0 1 5 1 3 4 4 5 2 1 0 0 4 5 0 4 2 1 1 4 0 2 5 1 0 5 0 3 3 0 2 5 4 4 3 0 4 1 3 2 2 1 2 1 3 5 2 4 5 0 3 1
#c 1 1 2 2 0 4 5 1 4 2 4 3 5 2 5 3 0 3 5 3 2 5 4 1 4 3 2 3 0 0 1 5 1 3 4 4 5 2 1 0 0 4 5 0 4 2 1 1 4 0 2 5 1 0 5 0 3 3 0 2 5 4 4 3 0 4 1 3 2 2 1 2 1 3 5 2 4 5 0 3 1
#c 1 1 2 2 0 4 5 1 4 2 4 3 5 2 5 3 0 3 5 3 2 5 4 1 4 3 2 3 0 0 1 5 1 3 4 4 5 2 1 0 0 4 5 0 4 2 1 1 4 0 2 5 1 0 5 0 3 3 0 2 5 4 4 3 0 4 1 3 2 2 1 2 1 3 5 2 4 5 0 3 1
3 3 18 12 74 58 16 55
10 10 21 31 14 36 51 77 54 42 6 60 78 4 29 43 39 28 64 53 49 40
#c 1 1 2 2 0 4 5 1 4 2 4 3 5 2 5 3 0 3 5 3 2 5 4 1 4 3 2 3 0 0 1 5 1 3 4 4 5 2 1 0 0 4 5 0 4 2 1 1 4 0 2 5 1 0 5 0 3 3 0 2 5 4 4 3 0 4 1 3 2 2 1 2 1 3 5 2 4 5 0 3 1
2 2 39 43 46 30
11 12 78 4 29 16 28 64 53 49 58 40 55 38 66 32 72 0 47 80 23 52 70 7 1
#c 1 1 2 2 0 4 5 1 4 2 4 3 5 2 5 3 0 3 5 3 2 5 4 1 4 3 2 3 0 0 1 5 1 3 4 4 5 2 1 0 0 4 5 0 4 2 1 1 4 0 2 5 1 0 5 0 3 3 0 2 5 4 4 3 0 4 1 3 2 2 1 2 1 3 5 2 4 5 0 3 1
#c 1 1 2 2 0 4 5 1 4 2 4 3 5 2 5 3 0 3 5 3 2 5 4 1 4 3 2 3 0 0 1 5 1 3 4 4 5 2 1 0 0 4 5 0 4 2 1 1 4 0 2 5 1 0 5 0 3 3 0 2 5 4 4 3 0 4 1 3 2 2 1 2 1 3 5 2 4 5 0 3 1
1 1 13 74
13 12 2 20 26 50 68 71 45 69 37 59 75 3 9 21 31 14 36 51 77 54 12 42 6 18 60
#c 1 1 2 2 0 4 5 1 4 2 4 3 5 2 5 3 0 3 5 3 2 5 4 1 4 3 2 3 0 0 1 5 1 3 4 4 5 2 1 0 0 4 5 0 4 2 1 1 4 0 2 5 1 0 5 0 3 3 0 2 5 4 4 3 0 4 1 3 2 2 1 2 1 3 5 2 4 5 0 3 1
1 1 79 68
12 13 15 27 33 57 63 73 19 17 67 56 11 25 2 20 26 50 71 45 69 37 59 75 3 9 13
#c 1 1 2 2 0 4 5 1 4 2 4 3 5 2 5 3 0 3 5 3 2 5 4 1 4 3 2 3 0 0 1 5 1 3 4 4 5 2 1 0 0 4 5 0 4 2 1 1 4 0 2 5 1 0 5 0 3 3 0 2 5 4 4 3 0 4 1 3 2 2 1 2 1 3 5 2 4 5 0 3 1
2 3 22 62 40 16 55
12 10 10 34 76 35 41 65 5 8 61 24 48 44 78 4 29 43 39 28 64 53 49 58
#c 1 1 2 2 0 4 5 1 4 2 4 3 5 2 5 3 0 3 5 3 2 5 4 1 4 3 2 3 0 0 1 5 1 3 4 4 5 2 1 0 0 4 5 0 4 2 1 1 4 0 2 5 1 0 5 0 3 3 0 2 5 4 4 3 0 4 1 3 2 2 1 2 1 3 5 2 4 5 0 3 1
#c 1 1 2 2 0 4 5 1 4 2 4 3 5 2 5 3 0 3 5 3 2 5 4 1 4 3 2 3 0 0 1 5 1 3 4 4 5 2 1 0 0 4 5 0 4 2 1 1 4 0 2 5 1 0 5 0 3 3 0 2 5 4 4 3 0 4 1 3 2 2 1 2 1 3 5 2 4 5 0 3 1
3 3 64 28 55 32 7 0
10 11 78 4 29 43 16 39 53 49 58 40 38 66 72 47 80 23 46 52 70 30 1
#c 1 1 2 2 0 4 5 1 4 2 4 3 5 2 5 3 0 3 5 3 2 5 4 1 4 3 2 3 0 0 1 5 1 3 4 4 5 2 1 0 0 4 5 0 4 2 1 1 4 0 2 5 1 0 5 0 3 3 0 2 5 4 4 3 0 4 1 3 2 2 1 2 1 3 5 2 4 5 0 3 1
7 6 1 38 66 72 47 52 23 57 63 67 79 73 56
7 7 32 0 80 46 70 30 7 15 27 33 19 17 11 25
#c 1 1 2 2 0 4 5 1 4 2 4 3 5 2 5 3 0 3 5 3 2 5 4 1 4 3 2 3 0 0 1 5 1 3 4 4 5 2 1 0 0 4 5 0 4 2 1 1 4 0 2 5 1 0 5 0 3 3 0 2 5 4 4 3 0 4 1 3 2 2 1 2 1 3 5 2 4 5 0 3 1
3 3 26 20 2 54 31 21
11 10 50 68 71 45 69 37 59 75 3 9 13 74 14 36 51 77 12 42 6 18 60
#c 1 1 2 2 0 4 5 1 4 2 4 3 5 2 5 3 0 3 5 3 2 5 4 1 4 3 2 3 0 0 1 5 1 3 4 4 5 2 1 0 0 4 5 0 4 2 1 1 4 0 2 5 1 0 5 0 3 3 0 2 5 4 4 3 0 4 1 3 2 2 1 2 1 3 5 2 4 5 0 3 1
2 2 25 17 58 53
11 11 15 27 33 57 63 73 19 67 56 79 11 78 4 29 43 16 39 28 64 49 40 55
#c 1 1 2 2 0 4 5 1 4 2 4 3 5 2 5 3 0 3 5 3 2 5 4 1 4 3 2 3 0 0 1 5 1 3 4 4 5 2 1 0 0 4 5 0 4 2 1 1 4 0 2 5 1 0 5 0 3 3 0 2 5 4 4 3 0 4 1 3 2 2 1 2 1 3 5 2 4 5 0 3 1
#c 1 1 2 2 0 4 5 1 4 2 4 3 5 2 5 3 0 3 5 3 2 5 4 1 4 3 2 3 0 0 1 5 1 3 4 4 5 2 1 0 0 4 5 0 4 2 1 1 4 0 2 5 1 0 5 0 3 3 0 2 5 4 4 3 0 4 1 3 2 2 1 2 1 3 5 2 4 5 0 3 1
6 6 31 77 21 12 14 42 62 24 41 10 76 22
7 8 74 36 51 54 6 18 60 34 35 65 5 8 61 48 44
#c 1 1 2 2 0 4 5 1 4 2 4 3 5 2 5 3 0 3 5 3 2 5 4 1 4 3 2 3 0 0 1 5 1 3 4 4 5 2 1 0 0 4 5 0 4 2 1 1 4 0 2 5 1 0 5 0 3 3 0 2 5 4 4 3 0 4 1 3 2 2 1 2 1 3 5 2 4 5 0 3 1
6 6 78 49 53 39 4 64 44 22 35 41 76 62
7 8 29 43 16 28 58 40 55 10 34 65 5 8 61 24 48
#c 1 1 2 2 0 4 5 1 4 2 4 3 5 2 5 3 0 3 5 3 2 5 4 1 4 3 2 3 0 0 1 5 1 3 4 4 5 2 1 0 0 4 5 0 4 2 1 1 4 0 2 5 1 0 5 0 3 3 0 2 5 4 4 3 0 4 1 3 2 2 1 2 1 3 5 2 4 5 0 3 1
4 4 30 46 47 7 17 27 15 33
10 9 38 66 32 72 0 80 23 52 70 1 57 63 73 19 67 56 79 11 25
#c 1 1 2 2 0 4 5 1 4 2 4 3 5 2 5 3 0 3 5 3 2 5 4 1 4 3 2 3 0 0 1 5 1 3 4 4 5 2 1 0 0 4 5 0 4 2 1 1 4 0 2 5 1 0 5 0 3 3 0 2 5 4 4 3 0 4 1 3 2 2 1 2 1 3 5 2 4 5 0 3 1
6 5 71 69 2 13 9 59 66 30 46 23 38
8 9 20 26 50 68 45 37 75 3 32 72 0 47 80 52 70 7 1
#c 1 1 2 2 0 4 5 1 4 2 4 3 5 2 5 3 0 3 5 3 2 5 4 1 4 3 2 3 0 0 1 5 1 3 4 4 5 2 1 0 0 4 5 0 4 2 1 1 4 0 2 5 1 0 5 0 3 3 0 2 5 4 4 3 0 4 1 3 2 2 1 2 1 3 5 2 4 5 0 3 1
3 3 15 25 67 55 58 29
10 10 27 33 57 63 73 19 17 56 79 11 78 4 43 16 39 28 64 53 49 40
#c 1 1 2 2 0 4 5 1 4 2 4 3 5 2 5 3 0 3 5 3 2 5 4 1 4 3 2 3 0 0 1 5 1 3 4 4 5 2 1 0 0 4 5 0 4 2 1 1 4 0 2 5 1 0 5 0 3 3 0 2 5 4 4 3 0 4 1 3 2 2 1 2 1 3 5 2 4 5 0 3 1
3 3 5 62 41 39 28 4
11 10 10 34 76 35 65 8 61 24 48 22 44 78 29 43 16 64 53 49 58 40 55
#c 1 1 2 2 0 4 5 1 4 2 4 3 5 2 5 3 0 3 5 3 2 5 4 1 4 3 2 3 0 0 1 5 1 3 4 4 5 2 1 0 0 4 5 0 4 2 1 1 4 0 2 5 1 0 5 0 3 3 0 2 5 4 4 3 0 4 1 3 2 2 1 2 1 3 5 2 4 5 0 3 1
4 4 6 42 31 18 22 35 34 5
9 10 21 74 14 36 51 77 54 12 60 10 76 41 65 8 61 24 48 44 62
#c 1 1 2 2 0 4 5 1 4 2 4 3 5 2 5 3 0 3 5 3 2 5 4 1 4 3 2 3 0 0 1 5 1 3 4 4 5 2 1 0 0 4 5 0 4 2 1 1 4 0 2 5 1 0 5 0 3 3 0 2 5 4 4 3 0 4 1 3 2 2 1 2 1 3 5 2 4 5 0 3 1
6 6 58 39 64 53 43 4 19 17 25 79 73 56
7 7 78 29 16 28 49 40 55 15 27 33 57 63 67 11
#c 1 1 2 2 0 4 5 1 4 2 4 3 5 2 5 3 0 3 5 3 2 5 4 1 4 3 2 3 0 0 1 5 1 3 4 4 5 2 1 0 0 4 5 0 4 2 1 1 4 0 2 5 1 0 5 0 3 3 0 2 5 4 4 3 0 4 1 3 2 2 1 2 1 3 5 2 4 5 0 3 1
5 5 52 47 32 30 38 56 33 25 73 27
9 8 66 72 0 80 23 46 70 7 1 15 57 63 19 17 67 79 11
#c 1 1 2 2 0 4 5 1 4 2 4 3 5 2 5 3 0 3 5 3 2 5 4 1 4 3 2 3 0 0 1 5 1 3 4 4 5 2 1 0 0 4 5 0 4 2 1 1 4 0 2 5 1 0 5 0 3 3 0 2 5 4 4 3 0 4 1 3 2 2 1 2 1 3 5 2 4 5 0 3 1
5 5 59 37 75 45 50 4 29 78 39 28
9 8 2 20 26 68 71 69 3 9 13 43 16 64 53 49 58 40 55
#c 1 1 2 2 0 4 5 1 4 2 4 3 5 2 5 3 0 3 5 3 2 5 4 1 4 3 2 3 0 0 1 5 1 3 4 4 5 2 1 0 0 4 5 0 4 2 1 1 4 0 2 5 1 0 5 0 3 3 0 2 5 4 4 3 0 4 1 3 2 2 1 2 1 3 5 2 4 5 0 3 1
5 5 79 73 19 25 15 40 39 16 49 43
8 8 27 33 57 63 17 67 56 11 78 4 29 28 64 53 58 55
#c 1 1 2 2 0 4 5 1 4 2 4 3 5 2 5 3 0 3 5 3 2 5 4 1 4 3 2 3 0 0 1 5 1 3 4 4 5 2 1 0 0 4 5 0 4 2 1 1 4 0 2 5 1 0 5 0 3 3 0 2 5 4 4 3 0 4 1 3 2 2 1 2 1 3 5 2 4 5 0 3 1
6 6 24 22 44 61 10 8 63 27 17 15 67 73
8 7 34 76 35 41 65 5 48 62 33 57 19 56 79 11 25
#c 1 1 2 2 0 4 5 1 4 2 4 3 5 2 5 3 0 3 5 3 2 5 4 1 4 3 2 3 0 0 1 5 1 3 4 4 5 2 1 0 0 4 5 0 4 2 1 1 4 0 2 5 1 0 5 0 3 3 0 2 5 4 4 3 0 4 1 3 2 2 1 2 1 3 5 2 4 5 0 3 1
5 5 74 12 21 77 18 58 4 53 16 43
8 8 31 14 36 51 54 42 6 60 78 29 39 28 64 49 40 55
#c 1 1 2 2 0 4 5 1 4 2 4 3 5 2 5 3 0 3 5 3 2 5 4 1 4 3 2 3 0 0 1 5 1 3 4 4 5 2 1 0 0 4 5 0 4 2 1 1 4 0 2 5 1 0 5 0 3 3 0 2 5 4 4 3 0 4 1 3 2 2 1 2 1 3 5 2 4 5 0 3 1
2 2 58 29 59 13
11 12 78 4 43 16 39 28 64 53 49 40 55 2 20 26 50 68 71 45 69 37 75 3 9
#c 1 1 2 2 0 4 5 1 4 2 4 3 5 2 5 3 0 3 5 3 2 5 4 1 4 3 2 3 0 0 1 5 1 3 4 4 5 2 1 0 0 4 5 0 4 2 1 1 4 0 2 5 1 0 5 0 3 3 0 2 5 4 4 3 0 4 1 3 2 2 1 2 1 3 5 2 4 5 0 3 1
#c 1 1 2 2 0 4 5 1 4 2 4 3 5 2 5 3 0 3 5 3 2 5 4 1 4 3 2 3 0 0 1 5 1 3 4 4 5 2 1 0 0 4 5 0 4 2 1 1 4 0 2 5 1 0 5 0 3 3 0 2 5 4 4 3 0 4 1 3 2 2 1 2 1 3 5 2 4 5 0 3 1
7 7 20 2 59 3 50 37 75 80 32 47 0 38 72 52
7 7 26 68 71 45 69 9 13 66 23 46 70 30 7 1
#c 1 1 2 2 0 4 5 1 4 2 4 3 5 2 5 3 0 3 5 3 2 5 4 1 4 3 2 3 0 0 1 5 1 3 4 4 5 2 1 0 0 4 5 0 4 2 1 1 4 0 2 5 1 0 5 0 3 3 0 2 5 4 4 3 0 4 1 3 2 2 1 2 1 3 5 2 4 5 0 3 1
#c 1 1 2 2 0 4 5 1 4 2 4 3 5 2 5 3 0 3 5 3 2 5 4 1 4 3 2 3 0 0 1 5 1 3 4 4 5 2 1 0 0 4 5 0 4 2 1 1 4 0 2 5 1 0 5 0 3 3 0 2 5 4 4 3 0 4 1 3 2 2 1 2 1 3 5 2 4 5 0 3 1
7 9 34 48 62 41 22 10 44 1 80 66 46 72 0 7 52 47
7 5 76 35 65 5 8 61 24 38 32 23 70 30
#c 1 1 2 2 0 4 5 1 4 2 4 3 5 2 5 3 0 3 5 3 2 5 4 1 4 3 2 3 0 0 1 5 1 3 4 4 5 2 1 0 0 4 5 0 4 2 1 1 4 0 2 5 1 0 5 0 3 3 0 2 5 4 4 3 0 4 1 3 2 2 1 2 1 3 5 2 4 5 0 3 1
4 4 12 31 60 51 11 15 73 19
9 9 21 74 14 36 77 54 42 6 18 27 33 57 63 17 67 56 79 25
#c 1 1 2 2 0 4 5 1 4 2 4 3 5 2 5 3 0 3 5 3 2 5 4 1 4 3 2 3 0 0 1 5 1 3 4 4 5 2 1 0 0 4 5 0 4 2 1 1 4 0 2 5 1 0 5 0 3 3 0 2 5 4 4 3 0 4 1 3 2 2 1 2 1 3 5 2 4 5 0 3 1
6 8 43 29 16 28 49 64 19 15 56 63 25 27 67 57
7 5 78 4 39 53 58 40 55 33 73 17 79 11
#c 1 1 2 2 0 4 5 1 4 2 4 3 5 2 5 3 0 3 5 3 2 5 4 1 4 3 2 3 0 0 1 5 1 3 4 4 5 2 1 0 0 4 5 0 4 2 1 1 4 0 2 5 1 0 5 0 3 3 0 2 5 4 4 3 0 4 1 3 2 2 1 2 1 3 5 2 4 5 0 3 1
7 7 32 52 0 38 1 23 80 17 19 57 79 27 33 67
7 6 66 72 47 46 70 30 7 15 63 73 56 11 25
#c 1 1 2 2 0 4 5 1 4 2 4 3 5 2 5 3 0 3 5 3 2 5 4 1 4 3 2 3 0 0 1 5 1 3 4 4 5 2 1 0 0 4 5 0 4 2 1 1 4 0 2 5 1 0 5 0 3 3 0 2 5 4 4 3 0 4 1 3 2 2 1 2 1 3 5 2 4 5 0 3 1
4 4 37 2 50 3 29 43 55 64
10 9 20 26 68 71 45 69 59 75 9 13 78 4 16 39 28 53 49 58 40
#c 1 1 0 0 0 4 5 1 4 2 4 3 5 2 5 3 0 3 5 3 2 5 4 1 4 3 2 3 0 2 1 5 1 3 4 4 5 0 1 0 0 4 5 2 4 2 1 1 4 0 0 5 1 0 5 2 3 3 0 2 5 4 4 3 2 4 1 3 2 2 1 2 1 3 5 2 4 5 0 3 1
5 6 17 11 79 56 25 39 2 50 3 49 37
8 7 15 27 33 57 63 73 19 67 78 4 16 28 53 58 40
#c 1 1 0 0 0 4 5 1 4 2 4 3 5 2 5 3 0 3 5 3 2 5 4 1 4 3 2 3 0 2 1 5 1 3 4 4 5 0 1 0 0 4 5 2 4 2 1 1 4 0 0 5 1 0 5 2 3 3 0 2 5 4 4 3 2 4 1 3 2 2 1 2 1 3 5 2 4 5 0 3 1
6 6 34 8 5 35 24 76 70 47 52 80 30 23
8 8 10 41 65 61 48 22 44 62 38 66 32 72 0 46 7 1
#c 1 1 0 0 0 4 5 1 4 2 4 3 5 2 5 3 0 3 5 3 2 5 4 1 4 3 2 3 0 2 1 5 1 3 4 4 5 0 1 0 0 4 5 2 4 2 1 1 4 0 0 5 1 0 5 2 3 3 0 2 5 4 4 3 2 4 1 3 2 2 1 2 1 3 5 2 4 5 0 3 1
#c 1 1 0 0 0 4 5 1 4 2 4 3 5 2 5 3 0 3 5 3 2 5 4 1 4 3 2 3 0 2 1 5 1 3 4 4 5 0 1 0 0 4 5 2 4 2 1 1 4 0 0 5 1 0 5 2 3 3 0 2 5 4 4 3 2 4 1 3 2 2 1 2 1 3 5 2 4 5 0 3 1
2 1 28 53 71
11 13 78 4 16 39 49 58 40 37 2 50 3 20 26 68 45 69 59 75 9 13 29 43 55 64
#c 1 1 0 0 0 4 5 1 4 2 4 3 5 2 5 3 0 3 5 3 2 5 4 1 4 3 2 3 0 2 1 5 1 3 4 4 5 0 1 0 0 4 5 2 4 2 1 1 4 0 0 5 1 0 5 2 3 3 0 2 5 4 4 3 2 4 1 3 2 2 1 2 1 3 5 2 4 5 0 3 1
6 6 46 30 72 52 80 1 39 40 28 2 50 49
8 7 38 66 32 0 47 23 70 7 78 4 16 53 58 37 3
#c 1 1 0 0 0 4 5 1 4 2 4 3 5 2 5 3 0 3 5 3 2 5 4 1 4 3 2 3 0 2 1 5 1 3 4 4 5 0 1 0 0 4 5 2 4 2 1 1 4 0 0 5 1 0 5 2 3 3 0 2 5 4 4 3 2 4 1 3 2 2 1 2 1 3 5 2 4 5 0 3 1
4 4 68 43 75 13 56 63 25 57
10 9 20 26 71 45 69 59 9 29 55 64 15 27 33 73 19 17 67 79 11
#c 1 1 0 0 0 4 5 1 4 2 4 3 5 2 5 3 0 3 5 3 2 5 4 1 4 3 2 3 0 2 1 5 1 3 4 4 5 0 1 0 0 4 5 2 4 2 1 1 4 0 0 5 1 0 5 2 3 3 0 2 5 4 4 3 2 4 1 3 2 2 1 2 1 3 5 2 4 5 0 3 1
1 1 57 0
12 13 15 27 33 63 73 19 17 67 56 79 11 25 38 66 32 72 47 80 23 46 52 70 30 7 1
#c 1 1 0 0 0 4 5 1 4 2 4 3 5 2 5 3 0 3 5 3 2 5 4 1 4 3 2 3 0 2 1 5 1 3 4 4 5 0 1 0 0 4 5 2 4 2 1 1 4 0 0 5 1 0 5 2 3 3 0 2 5 4 4 3 2 4 1 3 2 2 1 2 1 3 5 2 4 5 0 3 1
#c 1 1 0 0 0 4 5 1 4 2 4 3 5 2 5 3 0 3 5 3 2 5 4 1 4 3 2 3 0 2 1 5 1 3 4 4 5 0 1 0 0 4 5 2 4 2 1 1 4 0 0 5 1 0 5 2 3 3 0 2 5 4 4 3 2 4 1 3 2 2 1 2 1 3 5 2 4 5 0 3 1
4 5 18 60 77 12 38 47 30 80 72
9 9 21 74 31 14 36 51 54 42 6 66 32 0 23 46 52 70 7 1
#c 1 1 0 0 0 4 5 1 4 2 4 3 5 2 5 3 0 3 5 3 2 5 4 1 4 3 2 3 0 2 1 5 1 3 4 4 5 0 1 0 0 4 5 2 4 2 1 1 4 0 0 5 1 0 5 2 3 3 0 2 5 4 4 3 2 4 1 3 2 2 1 2 1 3 5 2 4 5 0 3 1
#c 1 1 0 0 0 4 5 1 4 2 4 3 5 2 5 3 0 3 5 3 2 5 4 1 4 3 2 3 0 2 1 5 1 3 4 4 5 0 1 0 0 4 5 2 4 2 1 1 4 0 0 5 1 0 5 2 3 3 0 2 5 4 4 3 2 4 1 3 2 2 1 2 1 3 5 2 4 5 0 3 1
#c 1 1 0 0 0 4 5 1 4 2 4 3 5 2 5 3 0 3 5 3 2 5 4 1 4 3 2 3 0 2 1 5 1 3 4 4 5 0 1 0 0 4 5 2 4 2 1 1 4 0 0 5 1 0 5 2 3 3 0 2 5 4 4 3 2 4 1 3 2 2 1 2 1 3 5 2 4 5 0 3 1
2 2 69 59 63 27
12 11 20 26 68 71 45 75 9 13 29 43 55 64 15 33 57 73 19 17 67 56 79 11 25
#c 1 1 0 0 0 4 5 1 4 2 4 3 5 2 5 3 0 3 5 3 2 5 4 1 4 3 2 3 0 2 1 5 1 3 4 4 5 0 1 0 0 4 5 2 4 2 1 1 4 0 0 5 1 0 5 2 3 3 0 2 5 4 4 3 2 4 1 3 2 2 1 2 1 3 5 2 4 5 0 3 1
1 1 19 9
12 13 15 27 33 57 63 73 17 67 56 79 11 25 20 26 68 71 45 69 59 75 13 29 43 55 64
#c 1 1 0 0 0 4 5 1 4 2 4 3 5 2 5 3 0 3 5 3 2 5 4 1 4 3 2 3 0 2 1 5 1 3 4 4 5 0 1 0 0 4 5 2 4 2 1 1 4 0 0 5 1 0 5 2 3 3 0 2 5 4 4 3 2 4 1 3 2 2 1 2 1 3 5 2 4 5 0 3 1
7 7 76 44 62 8 24 65 41 73 57 15 19 56 63 79
7 6 10 34 35 5 61 48 22 27 33 17 67 11 25
#c 1 1 0 0 0 4 5 1 4 2 4 3 5 2 5 3 0 3 5 3 2 5 4 1 4 3 2 3 0 2 1 5 1 3 4 4 5 0 1 0 0 4 5 2 4 2 1 1 4 0 0 5 1 0 5 2 3 3 0 2 5 4 4 3 2 4 1 3 2 2 1 2 1 3 5 2 4 5 0 3 1
#c 1 1 0 0 0 4 5 1 4 2 4 3 5 2 5 3 0 3 5 3 2 5 4 1 4 3 2 3 0 2 1 5 1 3 4 4 5 0 1 0 0 4 5 2 4 2 1 1 4 0 0 5 1 0 5 2 3 3 0 2 5 4 4 3 2 4 1 3 2 2 1 2 1 3 5 2 4 5 0 3 1
2 1 40 49 17
11 12 78 4 16 39 28 53 58 37 2 50 3 15 27 33 57 63 73 19 67 56 79 11 25
#c 1 1 0 0 0 4 5 1 4 2 4 3 5 2 5 3 0 3 5 3 2 5 4 1 4 3 2 3 0 2 1 5 1 3 4 4 5 0 1 0 0 4 5 2 4 2 1 1 4 0 0 5 1 0 5 2 3 3 0 2 5 4 4 3 2 4 1 3 2 2 1 2 1 3 5 2 4 5 0 3 1
6 6 0 23 47 46 30 66 68 69 20 29 13 45
8 8 38 32 72 80 52 70 7 1 26 71 59 75 9 43 55 64
#c 1 1 0 0 0 4 5 1 4 2 4 3 5 2 5 3 0 3 5 3 2 5 4 1 4 3 2 3 0 2 1 5 1 3 4 4 5 0 1 0 0 4 5 2 4 2 1 1 4 0 0 5 1 0 5 2 3 3 0 2 5 4 4 3 2 4 1 3 2 2 1 2 1 3 5 2 4 5 0 3 1
#c 1 1 0 0 0 4 5 1 4 2 4 3 5 2 5 3 0 3 5 3 2 5 4 1 4 3 2 3 0 2 1 5 1 3 4 4 5 0 1 0 0 4 5 2 4 2 1 1 4 0 0 5 1 0 5 2 3 3 0 2 5 4 4 3 2 4 1 3 2 2 1 2 1 3 5 2 4 5 0 3 1
5 5 79 15 27 57 17 29 45 9 75 26
8 9 33 63 73 19 67 56 11 25 20 68 71 69 59 13 43 55 64
#c 1 1 0 0 0 4 5 1 4 2 4 3 5 2 5 3 0 3 5 3 2 5 4 1 4 3 2 3 0 2 1 5 1 3 4 4 5 0 1 0 0 4 5 2 4 2 1 1 4 0 0 5 1 0 5 2 3 3 0 2 5 4 4 3 2 4 1 3 2 2 1 2 1 3 5 2 4 5 0 3 1
1 1 10 25
13 12 34 76 35 41 65 5 8 61 24 48 22 44 62 15 27 33 57 63 73 19 17 67 56 79 11
#c 1 1 0 0 0 4 5 1 4 2 4 3 5 2 5 3 0 3 5 3 2 5 4 1 4 3 2 3 0 2 1 5 1 3 4 4 5 0 1 0 0 4 5 2 4 2 1 1 4 0 0 5 1 0 5 2 3 3 0 2 5 4 4 3 2 4 1 3 2 2 1 2 1 3 5 2 4 5 0 3 1
4 2 51 21 6 74 64 29
9 12 31 14 36 77 54 12 42 18 60 20 26 68 71 45 69 59 75 9 13 43 55
#c 1 1 0 0 0 4 5 1 4 2 4 3 5 2 5 3 0 3 5 3 2 5 4 1 4 3 2 3 0 2 1 5 1 3 4 4 5 0 1 0 0 4 5 2 4 2 1 1 4 0 0 5 1 0 5 2 3 3 0 2 5 4 4 3 2 4 1 3 2 2 1 2 1 3 5 2 4 5 0 3 1
#c 1 1 0 0 0 4 5 1 4 2 4 3 5 2 5 3 0 3 5 3 2 5 4 1 4 3 2 3 0 2 1 5 1 3 4 4 5 0 1 0 0 4 5 2 4 2 1 1 4 0 0 5 1 0 5 2 3 3 0 2 5 4 4 3 2 4 1 3 2 2 1 2 1 3 5 2 4 5 0 3 1
2 1 7 46 64
12 13 38 66 32 72 0 47 80 23 52 70 30 1 20 26 68 71 45 69 59 75 9 13 29 43 55
#c 1 1 0 0 0 4 5 1 4 2 4 3 5 2 5 3 0 3 5 3 2 5 4 1 4 3 2 3 0 2 1 5 1 3 4 4 5 0 1 0 0 4 5 2 4 2 1 1 4 0 0 5 1 0 5 2 3 3 0 2 5 4 4 3 2 4 1 3 2 2 1 2 1 3 5 2 4 5 0 3 1
1 1 75 22
13 13 20 26 68 71 45 69 59 9 13 29 43 55 64 10 34 76 35 41 65 5 8 61 24 48 44 62
#c 1 1 0 0 0 4 5 1 4 2 4 3 5 2 5 3 0 3 5 3 2 5 4 1 4 3 2 3 0 2 1 5 1 3 4 4 5 0 1 0 0 4 5 2 4 2 1 1 4 0 0 5 1 0 5 2 3 3 0 2 5 4 4 3 2 4 1 3 2 2 1 2 1 3 5 2 4 5 0 3 1
#c 1 1 0 0 0 4 5 1 4 2 4 3 5 2 5 3 0 3 5 3 2 5 4 1 4 3 2 3 0 2 1 5 1 3 4 4 5 0 1 0 0 4 5 2 4 2 1 1 4 0 0 5 1 0 5 2 3 3 0 2 5 4 4 3 2 4 1 3 2 2 1 2 1 3 5 2 4 5 0 3 1
2 2 5 48 71 55
12 12 10 34 76 35 41 65 8 61 24 22 44 62 20 26 68 45 69 59 75 9 13 29 43 64
#c 1 1 0 0 0 4 5 1 4 2 4 3 5 2 5 3 0 3 5 3 2 5 4 1 4 3 2 3 0 2 1 5 1 3 4 4 5 0 1 0 0 4 5 2 4 2 1 1 4 0 0 5 1 0 5 2 3 3 0 2 5 4 4 3 2 4 1 3 2 2 1 2 1 3 5 2 4 5 0 3 1
#c 1 1 0 0 0 4 5 1 4 2 4 3 5 2 5 3 0 3 5 3 2 5 4 1 4 3 2 3 0 2 1 5 1 3 4 4 5 0 1 0 0 4 5 2 4 2 1 1 4 0 0 5 1 0 5 2 3 3 0 2 5 4 4 3 2 4 1 3 2 2 1 2 1 3 5 2 4 5 0 3 1
6 6 2 53 58 4 39 37 8 24 10 76 35 65
7 8 78 16 28 49 40 50 3 34 41 5 61 48 22 44 62
#c 1 1 0 0 0 4 5 1 4 2 4 3 5 2 5 3 0 3 5 3 2 5 4 1 4 3 2 3 0 2 1 5 1 3 4 4 5 0 1 0 0 4 5 2 4 2 1 1 4 0 0 5 1 0 5 2 3 3 0 2 5 4 4 3 2 4 1 3 2 2 1 2 1 3 5 2 4 5 0 3 1
6 5 47 30 70 66 1 46 37 39 2 49 58
8 8 38 32 72 0 80 23 52 7 78 4 16 28 53 40 50 3
#c 1 1 0 0 0 4 5 1 4 2 4 3 5 2 5 3 0 3 5 3 2 5 4 1 4 3 2 3 0 2 1 5 1 3 4 4 5 0 1 0 0 4 5 2 4 2 1 1 4 0 0 5 1 0 5 2 3 3 0 2 5 4 4 3 2 4 1 3 2 2 1 2 1 3 5 2 4 5 0 3 1
7 7 26 43 71 68 45 55 75 27 73 67 25 19 33 11
7 6 20 69 59 9 13 29 64 15 57 63 17 56 79
#c 1 1 0 0 0 4 5 1 4 2 4 3 5 2 5 3 0 3 5 3 2 5 4 1 4 3 2 3 0 2 1 5 1 3 4 4 5 0 1 0 0 4 5 2 4 2 1 1 4 0 0 5 1 0 5 2 3 3 0 2 5 4 4 3 2 4 1 3 2 2 1 2 1 3 5 2 4 5 0 3 1
6 7 19 15 27 33 56 17 49 28 37 58 4 39 16
7 6 57 63 73 67 79 11 25 78 53 40 2 50 3
#c 1 1 0 0 0 4 5 1 4 2 4 3 5 2 5 3 0 3 5 3 2 5 4 1 4 3 2 3 0 2 1 5 1 3 4 4 5 0 1 0 0 4 5 2 4 2 1 1 4 0 0 5 1 0 5 2 3 3 0 2 5 4 4 3 2 4 1 3 2 2 1 2 1 3 5 2 4 5 0 3 1
#c 1 1 0 0 0 4 5 1 4 2 4 3 5 2 5 3 0 3 5 3 2 5 4 1 4 3 2 3 0 2 1 5 1 3 4 4 5 0 1 0 0 4 5 2 4 2 1 1 4 0 0 5 1 0 5 2 3 3 0 2 5 4 4 3 2 4 1 3 2 2 1 2 1 3 5 2 4 5 0 3 1
3 3 60 42 54 62 48 76
10 11 21 74 31 14 36 51 77 12 6 18 10 34 35 41 65 5 8 61 24 22 44
#c 1 1 0 0 0 4 5 1 4 2 4 3 5 2 5 3 0 3 5 3 2 5 4 1 4 3 2 3 0 2 1 5 1 3 4 4 5 0 1 0 0 4 5 2 4 2 1 1 4 0 0 5 1 0 5 2 3 3 0 2 5 4 4 3 2 4 1 3 2 2 1 2 1 3 5 2 4 5 0 3 1
2 2 4 58 22 41
11 12 78 16 39 28 53 49 40 37 2 50 3 10 34 76 35 65 5 8 61 24 48 44 62
#c 1 1 0 0 0 4 5 1 4 2 4 3 5 2 5 3 0 3 5 3 2 5 4 1 4 3 2 3 0 2 1 5 1 3 4 4 5 0 1 0 0 4 5 2 4 2 1 1 4 0 0 5 1 0 5 2 3 3 0 2 5 4 4 3 2 4 1 3 2 2 1 2 1 3 5 2 4 5 0 3 1
#c 1 1 0 0 0 4 5 1 4 2 4 3 5 2 5 3 0 3 5 3 2 5 4 1 4 3 2 3 0 2 1 5 1 3 4 4 5 0 1 0 0 4 5 2 4 2 1 1 4 0 0 5 1 0 5 2 3 3 0 2 5 4 4 3 2 4 1 3 2 2 1 2 1 3 5 2 4 5 0 3 1
6 6 71 43 69 68 26 9 41 44 48 5 10 8
8 8 20 45 59 75 13 29 55 64 34 76 35 65 61 24 22 62
#c 1 1 0 0 0 4 5 1 4 2 4 3 5 2 5 3 0 3 5 3 2 5 4 1 4 3 2 3 0 2 1 5 1 3 4 4 5 0 1 0 0 4 5 2 4 2 1 1 4 0 0 5 1 0 5 2 3 3 0 2 5 4 4 3 2 4 1 3 2 2 1 2 1 3 5 2 4 5 0 3 1
1 1 79 3
12 12 15 27 33 57 63 73 19 17 67 56 11 25 78 4 16 39 28 53 49 58 40 37 2 50
#c 1 1 0 0 0 4 5 1 4 2 4 3 5 2 5 3 0 3 5 3 2 5 4 1 4 3 2 3 0 2 1 5 1 3 4 4 5 0 1 0 0 4 5 2 4 2 1 1 4 0 0 5 1 0 5 2 3 3 0 2 5 4 4 3 2 4 1 3 2 2 1 2 1 3 5 2 4 5 0 3 1
4 4 22 34 5 62 63 33 73 57
10 9 10 76 35 41 65 8 61 24 48 44 15 27 19 17 67 56 79 11 25
#c 1 1 0 0 0 4 5 1 4 2 4 3 5 2 5 3 0 3 5 3 2 5 4 1 4 3 2 3 0 2 1 5 1 3 4 4 5 0 1 0 0 4 5 2 4 2 1 1 4 0 0 5 1 0 5 2 3 3 0 2 5 4 4 3 2 4 1 3 2 2 1 2 1 3 5 2 4 5 0 3 1
4 4 21 36 14 77 80 47 46 70
9 10 74 31 51 54 12 42 6 18 60 38 66 32 72 0 23 52 30 7 1
#c 1 1 0 0 0 4 5 1 4 2 4 3 5 2 5 3 0 3 5 3 2 5 4 1 4 3 2 3 0 2 1 5 1 3 4 4 5 0 1 0 0 4 5 2 4 2 1 1 4 0 0 5 1 0 5 2 3 3 0 2 5 4 4 3 2 4 1 3 2 2 1 2 1 3 5 2 4 5 0 3 1
#c 1 1 0 0 0 4 5 1 4 2 4 3 5 2 5 3 0 3 5 3 2 5 4 1 4 3 2 3 0 2 1 5 1 3 4 4 5 0 1 0 0 4 5 2 4 2 1 1 4 0 0 5 1 0 5 2 3 3 0 2 5 4 4 3 2 4 1 3 2 2 1 2 1 3 5 2 4 5 0 3 1
#c 1 1 0 0 0 4 5 1 4 2 4 3 5 2 5 3 0 3 5 3 2 5 4 1 4 3 2 3 0 2 1 5 1 3 4 4 5 0 1 0 0 4 5 2 4 2 1 1 4 0 0 5 1 0 5 2 3 3 0 2 5 4 4 3 2 4 1 3 2 2 1 2 1 3 5 2 4 5 0 3 1
7 7 69 9 29 68 59 13 45 38 30 23 80 0 32 7
7 7 20 26 71 75 43 55 64 66 72 47 46 52 70 1
#c 1 1 0 0 0 4 5 1 4 2 4 3 5 2 5 3 0 3 5 3 2 5 4 1 4 3 2 3 0 2 1 5 1 3 4 4 5 0 1 0 0 4 5 2 4 2 1 1 4 0 0 5 1 0 5 2 3 3 0 2 5 4 4 3 2 4 1 3 2 2 1 2 1 3 5 2 4 5 0 3 1
3 5 79 27 11 28 3 16 58 49
10 8 15 33 57 63 73 19 17 67 56 25 78 4 39 53 40 37 2 50
#c 1 1 0 0 0 4 5 1 4 2 4 3 5 2 5 3 0 3 5 3 2 5 4 1 4 3 2 3 0 2 1 5 1 3 4 4 5 0 1 0 0 4 5 2 4 2 1 1 4 0 0 5 1 0 5 2 3 3 0 2 5 4 4 3 2 4 1 3 2 2 1 2 1 3 5 2 4 5 0 3 1
4 4 48 22 76 24 66 32 70 72
10 10 10 34 35 41 65 5 8 61 44 62 38 0 47 80 23 46 52 30 7 1
#c 1 1 0 0 0 4 5 1 4 2 4 3 5 2 5 3 0 3 5 3 2 5 4 1 4 3 2 3 0 2 1 5 1 3 4 4 5 0 1 0 0 4 5 2 4 2 1 1 4 0 0 5 1 0 5 2 3 3 0 2 5 4 4 3 2 4 1 3 2 2 1 2 1 3 5 2 4 5 0 3 1
2 2 42 14 17 27
11 11 21 74 31 36 51 77 54 12 6 18 60 15 33 57 63 73 19 67 56 79 11 25
#c 1 1 0 0 0 4 5 1 4 2 4 3 5 2 5 3 0 3 5 3 2 5 4 1 4 3 2 3 0 2 1 5 1 3 4 4 5 0 1 0 0 4 5 2 4 2 1 1 4 0 0 5 1 0 5 2 3 3 0 2 5 4 4 3 2 4 1 3 2 2 1 2 1 3 5 2 4 5 0 3 1
6 7 28 49 2 4 50 53 43 71 20 45 75 55 26
7 7 78 16 39 58 40 37 3 68 69 59 9 13 29 64
#c 1 1 0 0 0 4 5 1 4 2 4 3 5 2 5 3 0 3 5 3 2 5 4 1 4 3 2 3 0 2 1 5 1 3 4 4 5 0 1 0 0 4 5 2 4 2 1 1 4 0 0 5 1 0 5 2 3 3 0 2 5 4 4 3 2 4 1 3 2 2 1 2 1 3 5 2 4 5 0 3 1
7 7 52 46 7 1 38 0 80 10 62 48 41 22 76 5
7 7 66 32 72 47 23 70 30 34 35 65 8 61 24 44
#c 1 1 0 0 0 4 5 1 4 2 4 3 5 2 5 3 0 3 5 3 2 5 4 1 4 3 2 3 0 2 1 5 1 3 4 4 5 0 1 0 0 4 5 2 4 2 1 1 4 0 0 5 1 0 5 2 3 3 0 2 5 4 4 3 2 4 1 3 2 2 1 2 1 3 5 2 4 5 0 3 1
6 6 13 69 68 9 45 26 31 18 74 60 54 12
8 7 20 71 59 75 29 43 55 64 21 14 36 51 77 42 6
#c 1 1 0 0 0 4 5 1 4 2 4 3 5 2 5 3 0 3 5 3 2 5 4 1 4 3 2 3 0 2 1 5 1 3 4 4 5 0 1 0 0 4 5 2 4 2 1 1 4 0 0 5 1 0 5 2 3 3 0 2 5 4 4 3 2 4 1 3 2 2 1 2 1 3 5 2 4 5 0 3 1
4 4 79 17 57 25 26 45 64 13
9 10 15 27 33 63 73 19 67 56 11 20 68 71 69 59 75 9 29 43 55
#c 1 1 0 0 0 4 5 1 4 2 4 3 5 2 5 3 0 3 5 3 2 5 4 1 4 3 2 3 0 2 1 5 1 3 4 4 5 0 1 0 0 4 5 2 4 2 1 1 4 0 0 5 1 0 5 2 3 3 0 2 5 4 4 3 2 4 1 3 2 2 1 2 1 3 5 2 4 5 0 3 1
#c 1 1 0 0 0 4 5 1 4 2 4 3 5 2 5 3 0 3 5 3 2 5 4 1 4 3 2 3 0 2 1 5 1 3 4 4 5 0 1 0 0 4 5 2 4 2 1 1 4 0 0 5 1 0 5 2 3 3 0 2 5 4 4 3 2 4 1 3 2 2 1 2 1 3 5 2 4 5 0 3 1
4 4 36 6 60 51 1 52 23 32
9 10 21 74 31 14 77 54 12 42 18 38 66 72 0 47 80 46 70 30 7
#c 1 1 0 0 0 4 5 1 4 2 4 3 5 2 5 3 0 3 5 3 2 5 4 1 4 3 2 3 0 2 1 5 1 3 4 4 5 0 1 0 0 4 5 2 4 2 1 1 4 0 0 5 1 0 5 2 3 3 0 2 5 4 4 3 2 4 1 3 2 2 1 2 1 3 5 2 4 5 0 3 1
4 4 37 4 78 50 61 41 5 48
9 10 16 39 28 53 49 58 40 2 3 10 34 76 35 65 8 24 22 44 62
#c 1 1 0 0 0 4 5 1 4 2 4 3 5 2 5 3 0 3 5 3 2 5 4 1 4 3 2 3 0 2 1 5 1 3 4 4 5 0 1 0 0 4 5 2 4 2 1 1 4 0 0 5 1 0 5 2 3 3 0 2 5 4 4 3 2 4 1 3 2 2 1 2 1 3 5 2 4 5 0 3 1
5 5 66 7 38 72 23 9 26 55 75 20
9 9 32 0 47 80 46 52 70 30 1 68 71 45 69 59 13 29 43 64
#c 1 1 0 0 0 4 5 1 4 2 4 3 5 2 5 3 0 3 5 3 2 5 4 1 4 3 2 3 0 2 1 5 1 3 4 4 5 0 1 0 0 4 5 2 4 2 1 1 4 0 0 5 1 0 5 2 3 3 0 2 5 4 4 3 2 4 1 3 2 2 1 2 1 3 5 2 4 5 0 3 1
6 6 45 26 13 20 69 55 37 4 49 39 50 16
8 7 68 71 59 75 9 29 43 64 78 28 53 58 40 2 3
#c 1 1 0 0 0 4 5 1 4 2 4 3 5 2 5 3 0 3 5 3 2 5 4 1 4 3 2 3 0 2 1 5 1 3 4 4 5 0 1 0 0 4 5 2 4 2 1 1 4 0 0 5 1 0 5 2 3 3 0 2 5 4 4 3 2 4 1 3 2 2 1 2 1 3 5 2 4 5 0 3 1
6 6 25 11 19 17 33 67 6 36 42 14 77 18
7 7 15 27 57 63 73 56 79 21 74 31 51 54 12 60
#c 1 1 0 0 0 4 5 1 4 2 4 3 5 2 5 3 0 3 5 3 2 5 4 1 4 3 2 3 0 2 1 5 1 3 4 4 5 0 1 0 0 4 5 2 4 2 1 1 4 0 0 5 1 0 5 2 3 3 0 2 5 4 4 3 2 4 1 3 2 2 1 2 1 3 5 2 4 5 0 3 1
6 7 24 41 76 65 35 62 49 37 28 39 50 58 53
8 6 10 34 5 8 61 48 22 44 78 4 16 40 2 3
#c 1 1 0 0 0 4 5 1 4 2 4 3 5 2 5 3 0 3 5 3 2 5 4 1 4 3 2 3 0 2 1 5 1 3 4 4 5 0 1 0 0 4 5 2 4 2 1 1 4 0 0 5 1 0 5 2 3 3 0 2 5 4 4 3 2 4 1 3 2 2 1 2 1 3 5 2 4 5 0 3 1
1 2 54 11 56
12 11 21 74 31 14 36 51 77 12 42 6 18 60 15 27 33 57 63 73 19 17 67 79 25
#c 1 1 0 0 0 4 5 1 4 2 4 3 5 2 5 3 0 3 5 3 2 5 4 1 4 3 2 3 0 2 1 5 1 3 4 4 5 0 1 0 0 4 5 2 4 2 1 1 4 0 0 5 1 0 5 2 3 3 0 2 5 4 4 3 2 4 1 3 2 2 1 2 1 3 5 2 4 5 0 3 1
4 4 16 28 39 50 51 12 31 21
9 9 78 4 53 49 58 40 37 2 3 74 14 36 77 54 42 6 18 60
#c 1 1 0 0 0 4 5 1 4 2 4 3 5 2 5 3 0 3 5 3 2 5 4 1 4 3 2 3 0 2 1 5 1 3 4 4 5 0 1 0 0 4 5 2 4 2 1 1 4 0 0 5 1 0 5 2 3 3 0 2 5 4 4 3 2 4 1 3 2 2 1 2 1 3 5 2 4 5 0 3 1
5 5 30 1 72 38 46 10 76 41 22 62
9 9 66 32 0 47 80 23 52 70 7 34 35 65 5 8 61 24 48 44
#c 1 1 0 0 0 4 5 1 4 2 4 3 5 2 5 3 0 3 5 3 2 5 4 1 4 3 2 3 0 2 1 5 1 3 4 4 5 0 1 0 0 4 5 2 4 2 1 1 4 0 0 5 1 0 5 2 3 3 0 2 5 4 4 3 2 4 1 3 2 2 1 2 1 3 5 2 4 5 0 3 1
4 4 71 26 68 13 7 46 80 23
10 10 20 45 69 59 75 9 29 43 55 64 38 66 32 72 0 47 52 70 30 1
#c 1 1 0 0 0 4 5 1 4 2 4 3 5 2 5 3 0 3 5 3 2 5 4 1 4 3 2 3 0 2 1 5 1 3 4 4 5 0 1 0 0 4 5 2 4 2 1 1 4 0 0 5 1 0 5 2 3 3 0 2 5 4 4 3 2 4 1 3 2 2 1 2 1 3 5 2 4 5 0 3 1
6 5 33 56 79 17 27 15 76 5 10 41 48
7 9 57 63 73 19 67 11 25 34 35 65 8 61 24 22 44 62
#c 1 1 0 0 0 4 5 1 4 2 4 3 5 2 5 3 0 3 5 3 2 5 4 1 4 3 2 3 0 2 1 5 1 3 4 4 5 0 1 0 0 4 5 2 4 2 1 1 4 0 0 5 1 0 5 2 3 3 0 2 5 4 4 3 2 4 1 3 2 2 1 2 1 3 5 2 4 5 0 3 1
3 5 10 44 34 42 77 31 74 18
11 8 76 35 41 65 5 8 61 24 48 22 62 21 14 36 51 54 12 6 60
#c 1 1 0 0 0 4 5 1 4 2 4 3 5 2 5 3 0 3 5 3 2 5 4 1 4 3 2 3 0 2 1 5 1 3 4 4 5 0 1 0 0 4 5 2 4 2 1 1 4 0 0 5 1 0 5 2 3 3 0 2 5 4 4 3 2 4 1 3 2 2 1 2 1 3 5 2 4 5 0 3 1
3 5 54 6 12 50 39 3 53 49
10 8 21 74 31 14 36 51 77 42 18 60 78 4 16 28 58 40 37 2
#c 1 1 0 0 0 4 5 1 4 2 4 3 5 2 5 3 0 3 5 3 2 5 4 1 4 3 2 3 0 2 1 5 1 3 4 4 5 0 1 0 0 4 5 2 4 2 1 1 4 0 0 5 1 0 5 2 3 3 0 2 5 4 4 3 2 4 1 3 2 2 1 2 1 3 5 2 4 5 0 3 1
1 1 37 47
12 13 78 4 16 39 28 53 49 58 40 2 50 3 38 66 32 72 0 80 23 46 52 70 30 7 1
#c 1 1 0 0 0 4 5 1 4 2 4 3 5 2 5 3 0 3 5 3 2 5 4 1 4 3 2 3 0 2 1 5 1 3 4 4 5 0 1 0 0 4 5 2 4 2 1 1 4 0 0 5 1 0 5 2 3 3 0 2 5 4 4 3 2 4 1 3 2 2 1 2 1 3 5 2 4 5 0 3 1
5 5 46 0 30 32 66 53 39 28 4 2
9 8 38 72 47 80 23 52 70 7 1 78 16 49 58 40 37 50 3
#c 1 1 0 0 0 4 5 1 4 2 4 3 5 2 5 3 0 3 5 3 2 5 4 1 4 3 2 3 0 2 1 5 1 3 4 4 5 0 1 0 0 4 5 2 4 2 1 1 4 0 0 5 1 0 5 2 3 3 0 2 5 4 4 3 2 4 1 3 2 2 1 2 1 3 5 2 4 5 0 3 1
1 1 0 0 0 4 5 1 4 2 4 3 5 2 5 3 0 3 5 3 2 5 4 1 4 3 2 3 0 2 1 5 1 3 4 4 5 0 1 0 0 4 5 2 4 2 1 1 4 0 0 5 1 0 5 2 3 3 0 2 5 4 4 3 2 4 1 3 2 2 1 2 1 3 5 2 4 5 0 3 1
