#c 0 1 2 3 4 5 6 7 8 9 10 11 12 13 14 15 16 17 18 19 20 0 1 2 3 4 5 6 7 8 9 10 11 12 13 14 15 16 17 18 19 20 0 1 2 3 4 5 6 7 8 9 10 11 12 13 14 15 16 17 18 19 20 0 1 2 3 4 5 6 7 8 9 10 11 12 13 14 15 16 17 18 19 20 0 1
2 2 22 43 70 7
3 2 1 64 85 28 49
#c 0 1 2 3 4 5 6 7 8 9 10 11 12 13 14 15 16 17 18 19 20 0 1 2 3 4 5 6 7 8 9 10 11 12 13 14 15 16 17 18 19 20 0 1 2 3 4 5 6 7 8 9 10 11 12 13 14 15 16 17 18 19 20 0 1 2 3 4 5 6 7 8 9 10 11 12 13 14 15 16 17 18 19 20 0 1
1 1 2 56
3 3 23 44 65 14 35 77
#c 0 1 2 3 4 5 6 7 8 9 10 11 12 13 14 15 16 17 18 19 20 0 1 2 3 4 5 6 7 8 9 10 11 12 13 14 15 16 17 18 19 20 0 1 2 3 4 5 6 7 8 9 10 11 12 13 14 15 16 17 18 19 20 0 1 2 3 4 5 6 7 8 9 10 11 12 13 14 15 16 17 18 19 20 0 1
2 2 45 3 74 53
2 2 24 66 11 32
#c 0 1 2 3 4 5 6 7 8 9 10 11 12 13 14 15 16 17 18 19 20 0 1 2 3 4 5 6 7 8 9 10 11 12 13 14 15 16 17 18 19 20 0 1 2 3 4 5 6 7 8 9 10 11 12 13 14 15 16 17 18 19 20 0 1 2 3 4 5 6 7 8 9 10 11 12 13 14 15 16 17 18 19 20 0 1
1 1 67 41
3 3 4 25 46 20 62 83
#c 0 1 2 3 4 5 6 7 8 9 10 11 12 13 14 15 16 17 18 19 20 0 1 2 3 4 5 6 7 8 9 10 11 12 13 14 15 16 17 18 19 20 0 1 2 3 4 5 6 7 8 9 10 11 12 13 14 15 16 17 18 19 20 0 1 2 3 4 5 6 7 8 9 10 11 12 13 14 15 16 17 18 19 20 0 1
2 2 68 47 14 35
2 2 5 26 56 77
#c 0 1 2 3 4 5 6 7 8 9 10 11 12 13 14 15 16 17 18 19 20 0 1 2 3 4 5 6 7 8 9 10 11 12 13 14 15 16 17 18 19 20 0 1 2 3 4 5 6 7 8 9 10 11 12 13 14 15 16 17 18 19 20 0 1 2 3 4 5 6 7 8 9 10 11 12 13 14 15 16 17 18 19 20 0 1
2 2 27 6 75 33
2 2 48 69 12 54
#c 0 1 2 3 4 5 6 7 8 9 10 11 12 13 14 15 16 17 18 19 20 0 1 2 3 4 5 6 7 8 9 10 11 12 13 14 15 16 17 18 19 20 0 1 2 3 4 5 6 7 8 9 10 11 12 13 14 15 16 17 18 19 20 0 1 2 3 4 5 6 7 8 9 10 11 12 13 14 15 16 17 18 19 20 0 1
1 1 70 30
3 3 7 28 49 9 51 72
#c 0 1 2 3 4 5 6 7 8 9 10 11 12 13 14 15 16 17 18 19 20 0 1 2 3 4 5 6 7 8 9 10 11 12 13 14 15 16 17 18 19 20 0 1 2 3 4 5 6 7 8 9 10 11 12 13 14 15 16 17 18 19 20 0 1 2 3 4 5 6 7 8 9 10 11 12 13 14 15 16 17 18 19 20 0 1
1 1 8 37
3 3 29 50 71 16 58 79
#c 0 1 2 3 4 5 6 7 16 9 10 11 12 13 14 15 16 17 18 19 20 0 1 2 3 4 5 6 7 8 9 10 11 12 13 14 15 8 17 18 19 20 0 1 2 3 4 5 6 7 8 9 10 11 12 13 14 15 16 17 18 19 20 0 1 2 3 4 5 6 7 8 9 10 11 12 13 14 15 16 17 18 19 20 0 1
1 1 72 11
3 3 9 30 51 32 53 74
#c 0 1 2 3 4 5 6 7 16 9 10 11 12 13 14 15 16 17 18 19 20 0 1 2 3 4 5 6 7 8 9 10 11 12 13 14 15 8 17 18 19 20 0 1 2 3 4 5 6 7 8 9 10 11 12 13 14 15 16 17 18 19 20 0 1 2 3 4 5 6 7 8 9 10 11 12 13 14 15 16 17 18 19 20 0 1
1 1 31 8
3 3 10 52 73 16 58 79
#c 0 1 2 3 4 5 6 7 16 9 10 11 12 13 14 15 16 17 18 19 20 0 1 2 3 4 5 6 7 8 9 10 11 12 13 14 15 8 17 18 19 20 0 1 2 3 4 5 6 7 8 9 10 11 12 13 14 15 16 17 18 19 20 0 1 2 3 4 5 6 7 8 9 10 11 12 13 14 15 16 17 18 19 20 0 1
2 2 53 74 10 52
2 2 11 32 31 73
#c 0 1 2 3 4 5 6 7 16 9 10 11 12 13 14 15 16 17 18 19 20 0 1 2 3 4 5 6 7 8 9 10 11 12 13 14 15 8 17 18 19 20 0 1 2 3 4 5 6 7 8 9 10 11 12 13 14 15 16 17 18 19 20 0 1 2 3 4 5 6 7 8 9 10 11 12 13 14 15 16 17 18 19 20 0 1
2 2 33 12 49 7
2 2 54 75 28 70
#c 0 1 2 3 4 5 6 7 16 9 10 11 12 13 14 15 16 17 18 19 20 0 1 2 3 4 5 6 7 8 9 10 11 12 13 14 15 8 17 18 19 20 0 1 2 3 4 5 6 7 8 9 10 11 12 13 14 15 16 17 18 19 20 0 1 2 3 4 5 6 7 8 9 10 11 12 13 14 15 16 17 18 19 20 0 1
2 3 34 76 15 78 36
2 1 13 55 57
#c 0 1 2 3 4 5 6 7 16 9 10 11 12 13 14 13 16 17 18 19 20 0 1 2 3 4 5 6 7 8 9 10 11 12 15 14 13 8 17 18 19 20 0 1 2 3 4 5 6 7 8 9 10 11 12 13 14 15 16 17 18 19 20 0 1 2 3 4 5 6 7 8 9 10 11 12 15 14 13 16 17 18 19 20 0 1
2 2 35 14 55 36
2 3 56 77 13 15 78
#c 0 1 2 3 4 5 6 7 16 9 10 11 12 13 14 13 16 17 18 19 20 0 1 2 3 4 5 6 7 8 9 10 11 12 15 14 13 8 17 18 19 20 0 1 2 3 4 5 6 7 8 9 10 11 12 13 14 15 16 17 18 19 20 0 1 2 3 4 5 6 7 8 9 10 11 12 15 14 13 16 17 18 19 20 0 1
1 1 57 10
2 3 34 76 31 52 73
#c 0 1 2 3 4 5 6 7 16 9 15 11 12 13 14 13 16 17 18 19 20 0 1 2 3 4 5 6 7 8 9 10 11 12 15 14 13 8 17 18 19 20 0 1 2 3 4 5 6 7 8 9 10 11 12 13 14 10 16 17 18 19 20 0 1 2 3 4 5 6 7 8 9 10 11 12 15 14 13 16 17 18 19 20 0 1
1 1 8 17
3 3 16 58 79 38 59 80
#c 0 1 2 3 4 5 6 7 17 9 15 11 12 13 14 13 16 16 18 19 20 0 1 2 3 4 5 6 7 8 9 10 11 12 15 14 13 8 17 18 19 20 0 1 2 3 4 5 6 7 8 9 10 11 12 13 14 10 16 17 18 19 20 0 1 2 3 4 5 6 7 8 9 10 11 12 15 14 13 16 17 18 19 20 0 1
2 2 80 59 42 84
2 3 38 8 0 21 63
#c 0 1 2 3 4 5 6 7 17 9 15 11 12 13 14 13 16 16 18 19 20 0 1 2 3 4 5 6 7 8 9 10 11 12 15 14 13 8 17 18 19 20 17 1 2 3 4 5 6 7 8 9 10 11 12 13 14 10 16 0 18 19 20 0 1 2 3 4 5 6 7 8 9 10 11 12 15 14 13 16 0 18 19 20 17 1
2 3 39 60 85 22 64
2 2 18 81 1 43
#c 0 1 2 3 4 5 6 7 17 9 15 11 12 13 14 13 16 16 18 19 20 0 1 2 3 4 5 6 7 8 9 10 11 12 15 14 13 8 17 18 19 20 17 1 2 3 4 5 6 7 8 9 10 11 12 13 14 10 16 0 18 19 20 0 1 2 3 4 5 6 7 8 9 10 11 12 15 14 13 16 0 18 19 20 17 1
1 1 61 12
3 3 19 40 82 33 54 75
#c 0 1 2 3 4 5 6 7 17 9 15 11 12 13 14 13 16 16 18 19 20 0 1 2 3 4 5 6 7 8 9 10 11 12 15 14 13 8 17 18 19 20 17 1 2 3 4 5 6 7 8 9 10 11 12 13 14 10 16 0 18 19 20 0 1 2 3 4 5 6 7 8 9 10 11 12 15 14 13 16 0 18 19 20 17 1
2 4 41 62 43 85 22 64
2 1 20 83 1
#c 0 1 2 3 4 5 6 7 17 9 15 11 12 13 14 13 16 16 18 19 20 0 1 2 3 4 5 6 7 8 9 10 11 12 15 14 13 8 17 18 19 20 17 1 2 3 4 5 6 7 8 9 10 11 12 13 14 10 16 0 18 19 20 0 1 2 3 4 5 6 7 8 9 10 11 12 15 14 13 16 0 18 19 20 17 1
1 1 59 32
4 3 0 21 63 80 11 53 74
#c 0 1 2 3 4 5 6 7 17 9 15 11 12 13 14 13 16 16 18 19 20 0 1 2 3 4 5 6 7 8 9 10 11 12 15 14 13 8 17 18 19 20 17 1 2 3 4 5 6 7 8 9 10 11 12 13 14 10 16 0 18 19 20 0 1 2 3 4 5 6 7 8 9 10 11 12 15 14 13 16 0 18 19 20 17 1
1 1 64 63
4 4 1 22 43 85 0 21 80 59
#c 0 1 2 3 4 5 6 7 17 9 15 11 12 13 14 13 16 16 18 19 20 0 1 2 3 4 5 6 7 8 9 10 11 12 15 14 13 8 17 18 19 20 17 1 2 3 4 5 6 7 8 9 10 11 12 13 14 10 16 0 18 19 20 0 1 2 3 4 5 6 7 8 9 10 11 12 15 14 13 16 0 18 19 20 17 1
2 2 65 23 69 27
2 2 2 44 6 48
#c 0 1 2 3 4 5 6 7 17 9 15 11 12 13 14 13 16 16 18 19 20 0 1 2 3 4 5 6 7 8 9 10 11 12 15 14 13 8 17 18 19 20 17 1 2 3 4 5 6 7 8 9 10 11 12 13 14 10 16 0 18 19 20 0 1 2 3 4 5 6 7 8 9 10 11 12 15 14 13 16 0 18 19 20 17 1
#c 0 1 2 3 4 5 6 7 17 9 15 11 12 13 14 13 16 16 18 19 20 0 1 2 3 4 5 6 7 8 9 10 11 12 15 14 13 8 17 18 19 20 17 1 2 3 4 5 6 7 8 9 10 11 12 13 14 10 16 0 18 19 20 0 1 2 3 4 5 6 7 8 9 10 11 12 15 14 13 16 0 18 19 20 17 1
2 2 46 67 56 14
2 2 4 25 35 77
#c 0 1 2 3 4 5 6 7 17 9 15 11 12 13 14 13 16 16 18 19 20 0 1 2 3 4 5 6 7 8 9 10 11 12 15 14 13 8 17 18 19 20 17 1 2 3 4 5 6 7 8 9 10 11 12 13 14 10 16 0 18 19 20 0 1 2 3 4 5 6 7 8 9 10 11 12 15 14 13 16 0 18 19 20 17 1
2 2 26 5 0 21
2 3 47 68 63 80 59
#c 0 1 2 3 4 5 6 7 17 9 15 11 12 13 14 13 16 16 18 19 20 0 1 2 3 4 5 6 7 8 9 10 11 12 15 14 13 8 17 18 19 20 17 1 2 3 4 5 6 7 8 9 10 11 12 13 14 10 16 0 18 19 20 0 1 2 3 4 5 6 7 8 9 10 11 12 15 14 13 16 0 18 19 20 17 1
2 2 27 6 5 47
2 2 48 69 26 68
#c 0 1 2 3 4 6 5 7 17 9 15 11 12 13 14 13 16 16 18 19 20 0 1 2 3 4 5 5 7 8 9 10 11 12 15 14 13 8 17 18 19 20 17 1 2 3 4 6 6 7 8 9 10 11 12 13 14 10 16 0 18 19 20 0 1 2 3 4 5 6 7 8 9 10 11 12 15 14 13 16 0 18 19 20 17 1
2 2 70 7 82 19
2 2 28 49 40 61
#c 0 1 2 3 4 6 5 7 17 9 15 11 12 13 14 13 16 16 18 19 20 0 1 2 3 4 5 5 7 8 9 10 11 12 15 14 13 8 17 18 19 20 17 1 2 3 4 6 6 7 8 9 10 11 12 13 14 10 16 0 18 19 20 0 1 2 3 4 5 6 7 8 9 10 11 12 15 14 13 16 0 18 19 20 17 1
2 2 37 50 48 47
2 2 29 71 69 5
#c 0 1 2 3 4 6 5 7 17 9 15 11 12 13 14 13 16 16 18 19 20 0 1 2 3 4 5 5 7 8 9 10 11 12 15 14 13 6 17 18 19 20 17 1 2 3 4 8 8 7 6 9 10 11 12 13 14 10 16 0 18 19 20 0 1 2 3 4 5 6 7 8 9 10 11 12 15 14 13 16 0 18 19 20 17 1
2 2 9 72 4 25
2 2 30 51 46 67
#c 0 1 2 3 4 6 5 7 17 9 15 11 12 13 14 13 16 16 18 19 20 0 1 2 3 4 5 5 7 8 9 10 11 12 15 14 13 6 17 18 19 20 17 1 2 3 4 8 8 7 6 9 10 11 12 13 14 10 16 0 18 19 20 0 1 2 3 4 5 6 7 8 9 10 11 12 15 14 13 16 0 18 19 20 17 1
1 1 73 79
3 3 31 52 57 16 58 17
#c 0 1 2 3 4 6 5 7 17 9 15 11 12 13 14 13 16 16 18 19 20 0 1 2 3 4 5 5 7 8 9 10 11 12 15 14 13 6 17 18 19 20 17 1 2 3 4 8 8 7 6 9 10 11 12 13 14 10 16 0 18 19 20 0 1 2 3 4 5 6 7 8 9 10 11 12 15 14 13 16 0 18 19 20 17 1
2 1 53 32 8
2 3 11 74 38 42 84
#c 0 1 2 3 4 6 5 7 17 9 15 11 12 13 14 13 16 16 18 19 20 0 1 2 3 4 5 5 7 8 9 10 11 12 15 14 13 6 17 18 19 20 17 1 2 3 4 8 8 7 6 9 10 11 12 13 14 10 16 0 18 19 20 0 1 2 3 4 5 6 7 8 9 10 11 12 15 14 13 16 0 18 19 20 17 1
1 3 12 62 20 41
3 1 33 54 75 83
#c 0 1 2 3 4 6 5 7 17 9 15 11 12 13 14 13 16 16 18 19 20 0 1 2 3 4 5 5 7 8 9 10 11 12 15 14 13 6 17 18 19 20 17 1 2 3 4 8 8 7 6 9 10 11 12 13 14 10 16 0 18 19 20 0 1 2 3 4 5 6 7 8 9 10 11 12 15 14 13 16 0 18 19 20 17 1
2 2 15 55 83 62
3 2 13 78 36 20 41
#c 0 1 2 3 4 6 5 7 17 9 15 11 12 13 14 13 16 16 18 19 20 0 1 2 3 4 5 5 7 8 9 10 11 12 15 14 13 6 17 18 19 20 17 1 2 3 4 8 8 7 6 9 10 11 12 13 14 10 16 0 18 19 20 0 1 2 3 4 5 6 7 8 9 10 11 12 15 14 13 16 0 18 19 20 17 1
#c 0 1 2 3 4 6 5 7 17 9 15 11 12 13 14 13 16 16 18 19 20 0 1 2 3 4 5 5 7 8 9 10 11 12 15 14 13 6 17 18 19 20 17 1 2 3 4 8 8 7 6 9 10 11 12 13 14 10 16 0 18 19 20 0 1 2 3 4 5 6 7 8 9 10 11 12 15 14 13 16 0 18 19 20 17 1
1 1 10 66
2 3 34 76 3 24 45
#c 0 1 2 3 4 6 5 7 17 9 3 11 12 13 14 13 16 16 18 19 20 0 1 2 3 4 5 5 7 8 9 10 11 12 15 14 13 6 17 18 19 20 17 1 2 3 4 8 8 7 6 9 10 11 12 13 14 10 16 0 18 19 20 0 1 2 15 4 5 6 7 8 9 10 11 12 15 14 13 16 0 18 19 20 17 1
1 2 16 6 68
3 2 58 79 17 26 27
#c 0 1 2 3 4 6 16 7 17 9 3 11 12 13 14 13 5 16 18 19 20 0 1 2 3 4 5 5 7 8 9 10 11 12 15 14 13 6 17 18 19 20 17 1 2 3 4 8 8 7 6 9 10 11 12 13 14 10 16 0 18 19 20 0 1 2 15 4 16 6 7 8 9 10 11 12 15 14 13 16 0 18 19 20 17 1
1 1 84 75
3 3 38 8 42 12 33 54
#c 0 1 2 3 4 6 16 7 17 9 3 11 12 13 14 13 5 16 18 19 20 0 1 2 3 4 5 5 7 8 9 10 11 12 15 14 13 6 17 18 19 20 17 1 2 3 4 8 8 7 6 9 10 11 12 13 14 10 16 0 18 19 20 0 1 2 15 4 16 6 7 8 9 10 11 17 15 14 13 16 0 18 19 20 12 1
2 2 60 81 10 24
2 2 18 39 3 45
#c 0 1 2 3 4 6 16 7 17 9 3 11 12 13 14 13 5 16 18 19 20 0 1 2 3 4 5 5 7 8 9 10 11 12 15 14 13 6 17 18 19 20 17 1 2 3 4 8 8 7 6 9 10 11 12 13 14 10 16 0 18 19 20 0 1 2 15 4 16 6 7 8 9 10 11 17 15 14 13 16 0 18 19 20 12 1
1 1 40 26
3 2 19 61 82 27 16
#c 0 1 2 3 4 6 16 7 17 9 3 11 12 13 14 13 5 16 18 19 20 0 1 2 3 4 19 5 7 8 9 10 11 12 15 14 13 6 17 18 5 20 17 1 2 3 4 8 8 7 6 9 10 11 12 13 14 10 16 0 18 19 20 0 1 2 15 4 16 6 7 8 9 10 11 17 15 14 13 16 0 18 19 20 12 1
1 1 83 52
3 3 20 41 62 31 73 57
#c 0 1 2 3 4 6 16 7 17 9 3 11 12 13 14 13 5 16 18 19 20 0 1 2 3 4 19 5 7 8 9 10 11 12 15 14 13 6 17 18 5 20 17 1 2 3 4 8 8 7 6 9 10 11 12 13 14 10 16 0 18 19 20 0 1 2 15 4 16 6 7 8 9 10 11 17 15 14 13 16 0 18 19 20 12 1
2 2 80 63 68 79
3 3 0 21 59 58 17 6
#c 0 1 2 3 4 6 16 7 17 9 3 11 12 13 14 13 5 16 18 19 20 0 1 2 3 4 19 5 7 8 9 10 11 12 15 14 13 6 17 18 5 20 17 1 2 3 4 8 8 7 6 9 10 11 12 13 14 10 16 0 18 19 20 0 1 2 15 4 16 6 7 8 9 10 11 17 15 14 13 16 0 18 19 20 12 1
2 2 1 64 77 56
3 2 22 43 85 14 35
#c 0 1 2 3 4 6 16 7 17 9 3 11 12 13 14 13 5 16 18 19 20 0 1 2 3 4 19 5 7 8 9 10 11 12 15 14 13 6 17 18 5 20 17 1 2 3 4 8 8 7 6 9 10 11 12 13 14 10 16 0 18 19 20 0 1 2 15 4 16 6 7 8 9 10 11 17 15 14 13 16 0 18 19 20 12 1
2 2 44 65 53 11
2 2 2 23 32 74
#c 0 1 2 3 4 6 16 7 17 9 3 11 12 13 14 13 5 16 18 19 20 0 1 2 3 4 19 5 7 8 9 10 11 12 15 14 13 6 17 18 5 20 17 1 2 3 4 8 8 7 6 9 10 11 12 13 14 10 16 0 18 19 20 0 1 2 15 4 16 6 7 8 9 10 11 17 15 14 13 16 0 18 19 20 12 1
2 1 10 45 84
2 3 3 24 12 33 54
#c 0 1 2 3 4 6 16 7 17 9 3 11 12 13 14 13 5 16 18 19 20 0 1 2 3 4 19 5 7 8 9 10 11 12 15 14 13 6 17 18 5 20 17 1 2 3 4 8 8 7 6 9 10 11 12 13 14 10 16 0 18 19 20 0 1 2 15 4 16 6 7 8 9 10 11 17 15 14 13 16 0 18 19 20 12 1
1 1 46 50
3 3 4 25 67 69 5 37
#c 0 1 2 3 4 6 16 7 17 9 3 11 12 13 14 13 5 16 18 19 20 0 1 2 3 4 19 5 7 8 9 10 11 12 15 14 13 6 17 18 5 20 17 1 2 3 6 8 8 7 4 9 10 11 12 13 14 10 16 0 18 19 20 0 1 2 15 4 16 6 7 8 9 10 11 17 15 14 13 16 0 18 19 20 12 1
1 1 40 13
2 4 27 16 55 15 78 36
#c 0 1 2 3 4 6 16 7 17 9 3 11 12 5 14 13 5 16 18 19 20 0 1 2 3 4 19 5 7 8 9 10 11 12 15 14 13 6 17 18 13 20 17 1 2 3 6 8 8 7 4 9 10 11 12 13 14 10 16 0 18 19 20 0 1 2 15 4 16 6 7 8 9 10 11 17 15 14 13 16 0 18 19 20 12 1
1 1 69 17
3 4 5 37 46 58 79 6 68
#c 0 1 2 3 4 6 16 7 17 9 3 11 12 5 14 13 5 6 18 19 20 0 1 2 3 4 19 5 7 8 9 10 11 12 15 14 13 6 17 18 13 20 17 1 2 3 6 8 8 7 4 9 10 11 12 13 14 10 16 0 18 19 20 0 1 2 15 4 16 16 7 8 9 10 11 17 15 14 13 16 0 18 19 20 12 1
#c 0 1 2 3 4 6 16 7 17 9 3 11 12 5 14 13 5 6 18 19 20 0 1 2 3 4 19 5 7 8 9 10 11 12 15 14 13 6 17 18 13 20 17 1 2 3 6 8 8 7 4 9 10 11 12 13 14 10 16 0 18 19 20 0 1 2 15 4 16 16 7 8 9 10 11 17 15 14 13 16 0 18 19 20 12 1
1 1 47 38
3 3 29 71 48 8 42 75
#c 0 1 2 3 4 6 16 7 17 9 3 11 12 5 14 13 5 6 18 19 20 0 1 2 3 4 19 5 7 8 9 10 11 12 15 14 13 6 17 18 13 20 17 1 2 3 6 8 8 7 4 9 10 11 12 13 14 10 16 0 18 19 20 0 1 2 15 4 16 16 7 8 9 10 11 17 15 14 13 16 0 18 19 20 12 1
1 1 72 48
3 3 9 30 51 29 71 47
#c 0 1 2 3 4 6 16 7 17 9 3 11 12 5 14 13 5 6 18 19 20 0 1 2 3 4 19 5 7 8 9 10 11 12 15 14 13 6 17 18 13 20 17 1 2 3 6 8 8 7 4 9 10 11 12 13 14 10 16 0 18 19 20 0 1 2 15 4 16 16 7 8 9 10 11 17 15 14 13 16 0 18 19 20 12 1
1 1 73 64
3 4 31 52 57 1 22 43 85
#c 0 1 2 3 4 6 16 7 17 9 3 11 12 5 14 13 5 6 18 19 20 0 1 2 3 4 19 5 7 8 9 10 11 12 15 14 13 6 17 18 13 20 17 1 2 3 6 8 8 7 4 9 10 11 12 13 14 10 16 0 18 19 20 0 10 2 15 4 16 16 7 8 9 1 11 17 15 14 13 16 0 18 19 20 12 1
2 3 74 32 52 31 57
2 1 11 53 64
#c 0 1 2 3 4 6 16 7 17 9 3 11 12 5 14 13 5 6 18 19 20 0 1 2 3 4 19 5 7 8 9 11 10 12 15 14 13 6 17 18 13 20 17 1 2 3 6 8 8 7 4 9 11 11 12 13 14 11 16 0 18 19 20 0 10 2 15 4 16 16 7 8 9 1 10 17 15 14 13 16 0 18 19 20 12 1
2 2 54 12 0 59
2 3 33 84 21 63 80
#c 0 1 2 3 4 6 16 7 17 9 3 11 12 5 14 13 5 6 18 19 20 0 1 2 3 4 19 5 7 8 9 11 10 12 15 14 13 6 17 18 13 20 17 1 2 3 6 8 8 7 4 9 11 11 12 13 14 11 16 0 18 19 20 0 10 2 15 4 16 16 7 8 9 1 10 17 15 14 13 16 0 18 19 20 12 1
#c 0 1 2 3 4 6 16 7 17 9 3 11 12 5 14 13 5 6 18 19 20 0 1 2 3 4 19 5 7 8 9 11 10 12 15 14 13 6 17 18 13 20 17 1 2 3 6 8 8 7 4 9 11 11 12 13 14 11 16 0 18 19 20 0 10 2 15 4 16 16 7 8 9 1 10 17 15 14 13 16 0 18 19 20 12 1
2 2 77 56 40 55
2 3 14 35 15 78 36
#c 0 1 2 3 4 6 16 7 17 9 3 11 12 5 14 13 5 6 18 19 20 0 1 2 3 4 19 5 7 8 9 11 10 12 15 14 13 6 17 18 14 20 17 1 2 3 6 8 8 7 4 9 11 11 12 14 13 11 16 0 18 19 20 0 10 2 15 4 16 16 7 8 9 1 10 17 15 13 13 16 0 18 19 20 12 1
1 2 34 69 68
2 3 76 66 58 79 6
#c 0 1 2 3 4 6 16 7 17 9 3 11 12 5 14 13 5 6 18 19 20 0 1 2 3 4 19 5 7 8 9 11 10 12 15 14 13 6 17 18 14 20 17 1 2 3 6 8 8 7 4 9 11 11 12 14 13 11 16 0 18 19 20 0 10 2 15 4 16 16 7 8 9 1 10 17 15 13 13 16 0 18 19 20 12 1
2 2 69 68 54 84
3 2 58 79 6 12 33
#c 0 1 2 3 4 6 16 7 17 9 3 11 12 5 14 13 5 6 18 19 20 0 1 2 3 4 19 5 7 8 9 11 10 12 15 14 13 6 17 18 14 20 17 1 2 3 6 8 8 7 4 9 11 11 12 14 13 11 16 0 18 19 20 0 10 2 15 4 16 16 7 8 9 1 10 17 15 13 13 16 0 18 19 20 12 1
1 1 42 28
3 3 38 8 75 7 49 70
#c 0 1 2 3 4 6 16 7 17 9 3 11 12 5 14 13 5 6 18 19 20 0 1 2 3 4 19 5 17 8 9 11 10 12 15 14 13 6 17 18 14 20 7 1 2 3 6 8 8 7 4 9 11 11 12 14 13 11 16 0 18 19 20 0 10 2 15 4 16 16 7 8 9 1 10 17 15 13 13 16 0 18 19 20 12 1
1 1 60 9
3 3 18 39 81 30 51 72
#c 0 1 2 3 4 6 16 7 17 18 3 11 12 5 14 13 5 6 18 19 20 0 1 2 3 4 19 5 17 8 9 11 10 12 15 14 13 6 17 18 14 20 7 1 2 3 6 8 8 7 4 9 11 11 12 14 13 11 16 0 9 19 20 0 10 2 15 4 16 16 7 8 9 1 10 17 15 13 13 16 0 18 19 20 12 1
2 2 26 61 64 32
2 1 19 82 74
#c 0 1 2 3 4 6 16 7 17 18 3 11 12 5 14 13 5 6 18 19 20 0 1 2 3 4 10 5 17 8 9 11 19 12 15 14 13 6 17 18 14 20 7 1 2 3 6 8 8 7 4 9 11 11 12 14 13 11 16 0 9 10 20 0 19 2 15 4 16 16 7 8 9 1 10 17 15 13 13 16 0 18 19 20 12 1
1 1 83 64
3 3 20 41 62 19 82 32
#c 0 1 2 3 4 6 16 7 17 18 3 11 12 5 14 13 5 6 18 19 20 0 1 2 3 4 10 5 17 8 9 11 19 12 15 14 13 6 17 18 14 20 7 1 2 3 6 8 8 7 4 9 11 11 12 14 13 11 16 0 9 10 20 0 19 2 15 4 16 16 7 8 9 1 10 17 15 13 13 16 0 18 19 20 12 1
2 2 63 0 2 44
3 2 21 80 59 23 65
#c 0 1 2 3 4 6 16 7 17 18 3 11 12 5 14 13 5 6 18 19 20 0 1 2 3 4 10 5 17 8 9 11 19 12 15 14 13 6 17 18 14 20 7 1 2 3 6 8 8 7 4 9 11 11 12 14 13 11 16 0 9 10 20 0 19 2 15 4 16 16 7 8 9 1 10 17 15 13 13 16 0 18 19 20 12 1
1 1 85 8
4 3 1 22 43 73 38 75 28
#c 0 1 2 3 4 6 16 7 1 18 3 11 12 5 14 13 5 6 18 19 20 0 1 2 3 4 10 5 17 8 9 11 19 12 15 14 13 6 17 18 14 20 7 1 2 3 6 8 8 7 4 9 11 11 12 14 13 11 16 0 9 10 20 0 19 2 15 4 16 16 7 8 9 1 10 17 15 13 13 16 0 18 19 20 12 17
2 2 44 65 47 29
2 2 2 23 71 48
#c 0 1 2 3 4 6 16 7 1 18 3 11 12 5 14 13 5 6 18 19 20 0 1 2 3 4 10 5 17 8 9 11 19 12 15 14 13 6 17 18 14 20 7 1 2 3 6 8 8 7 4 9 11 11 12 14 13 11 16 0 9 10 20 0 19 2 15 4 16 16 7 8 9 1 10 17 15 13 13 16 0 18 19 20 12 17
#c 0 1 2 3 4 6 16 7 1 18 3 11 12 5 14 13 5 6 18 19 20 0 1 2 3 4 10 5 17 8 9 11 19 12 15 14 13 6 17 18 14 20 7 1 2 3 6 8 8 7 4 9 11 11 12 14 13 11 16 0 9 10 20 0 19 2 15 4 16 16 7 8 9 1 10 17 15 13 13 16 0 18 19 20 12 17
1 1 67 34
3 2 4 25 50 76 66
#c 0 1 2 3 4 6 16 7 1 18 3 11 12 5 14 13 5 6 18 19 20 0 1 2 3 4 10 5 17 8 9 11 19 12 4 14 13 6 17 18 14 20 7 1 2 3 6 8 8 7 4 9 11 11 12 14 13 11 16 0 9 10 20 0 19 2 15 15 16 16 7 8 9 1 10 17 15 13 13 16 0 18 19 20 12 17
1 1 13 65
2 3 27 16 2 23 44
#c 0 1 2 3 4 6 16 7 1 18 3 11 12 5 14 13 5 6 18 19 20 0 1 2 3 4 10 5 17 8 9 11 19 12 4 14 13 6 17 18 14 20 7 1 2 3 6 8 8 7 4 9 11 11 12 14 13 11 16 0 9 10 20 0 19 2 15 15 16 16 7 8 9 1 10 17 15 13 13 16 0 18 19 20 12 17
2 2 5 37 7 42
2 2 46 17 49 70
#c 0 1 2 3 4 6 16 7 1 18 3 11 12 5 14 13 5 6 18 19 20 0 1 2 3 4 10 5 17 8 9 11 19 12 4 14 13 6 17 18 14 20 7 1 2 3 6 8 8 7 4 9 11 11 12 14 13 11 16 0 9 10 20 0 19 2 15 15 16 16 7 8 9 1 10 17 15 13 13 16 0 18 19 20 12 17
#c 0 1 2 3 4 6 16 7 1 18 3 11 12 5 14 13 5 6 18 19 20 0 1 2 3 4 10 5 17 8 9 11 19 12 4 14 13 6 17 18 14 20 7 1 2 3 6 8 8 7 4 9 11 11 12 14 13 11 16 0 9 10 20 0 19 2 15 15 16 16 7 8 9 1 10 17 15 13 13 16 0 18 19 20 12 17
2 2 29 71 45 10
2 2 48 47 3 24
#c 0 1 2 3 4 6 16 7 1 18 8 11 12 5 14 13 5 6 18 19 20 0 1 2 3 4 10 5 17 3 9 11 19 12 4 14 13 6 17 18 14 20 7 1 2 8 6 8 8 7 4 9 11 11 12 14 13 11 16 0 9 10 20 0 19 2 15 15 16 16 7 3 9 1 10 17 15 13 13 16 0 18 19 20 12 17
2 2 72 30 12 54
2 2 51 60 33 84
#c 0 1 2 3 4 6 16 7 1 18 8 11 12 5 14 13 5 6 18 19 20 0 1 2 3 4 10 5 17 3 9 11 19 12 4 14 13 6 17 18 14 20 7 1 2 8 6 8 8 7 4 9 11 11 12 14 13 11 16 0 9 10 20 0 19 2 15 15 16 16 7 3 9 1 10 17 15 13 13 16 0 18 19 20 12 17
#c 0 1 2 3 4 6 16 7 1 18 8 11 12 5 14 13 5 6 18 19 20 0 1 2 3 4 10 5 17 3 9 11 19 12 4 14 13 6 17 18 14 20 7 1 2 8 6 8 8 7 4 9 11 11 12 14 13 11 16 0 9 10 20 0 19 2 15 15 16 16 7 3 9 1 10 17 15 13 13 16 0 18 19 20 12 17
2 2 53 31 59 21
3 3 11 52 57 0 63 80
#c 0 1 2 3 4 6 16 7 1 18 8 11 12 5 14 13 5 6 18 19 20 0 1 2 3 4 10 5 17 3 9 11 19 12 4 14 13 6 17 18 14 20 7 1 2 8 6 8 8 7 4 9 11 11 12 14 13 11 16 0 9 10 20 0 19 2 15 15 16 16 7 3 9 1 10 17 15 13 13 16 0 18 19 20 12 17
1 1 12 27
3 2 33 54 84 16 13
#c 0 1 2 3 4 6 16 7 1 18 8 11 12 5 14 13 5 6 18 19 20 0 1 2 3 4 10 5 17 3 9 11 19 12 4 14 13 6 17 18 14 20 7 1 2 8 6 8 8 7 4 9 11 11 12 14 13 11 16 0 9 10 20 0 19 2 15 15 16 16 7 3 9 1 10 17 15 13 13 16 0 18 19 20 12 17
#c 0 1 2 3 4 6 16 7 1 18 8 11 12 5 14 13 5 6 18 19 20 0 1 2 3 4 10 5 17 3 9 11 19 12 4 14 13 6 17 18 14 20 7 1 2 8 6 8 8 7 4 9 11 11 12 14 13 11 16 0 9 10 20 0 19 2 15 15 16 16 7 3 9 1 10 17 15 13 13 16 0 18 19 20 12 17
2 2 40 55 37 17
2 2 14 35 5 46
#c 0 1 2 3 4 6 16 7 1 18 8 11 12 5 14 13 5 6 18 19 20 0 1 2 3 4 10 5 17 3 9 11 19 12 4 14 13 6 17 18 14 20 7 1 2 8 6 8 8 7 4 9 11 11 12 14 13 11 16 0 9 10 20 0 19 2 15 15 16 16 7 3 9 1 10 17 15 13 13 16 0 18 19 20 12 17
1 1 67 14
2 3 76 66 35 40 55
#c 0 1 2 3 4 6 16 7 1 18 8 11 12 5 15 13 5 6 18 19 20 0 1 2 3 4 10 5 17 3 9 11 19 12 4 14 13 6 17 18 14 20 7 1 2 8 6 8 8 7 4 9 11 11 12 14 13 11 16 0 9 10 20 0 19 2 15 14 16 16 7 3 9 1 10 17 15 13 13 16 0 18 19 20 12 17
1 1 58 14
4 2 79 6 68 69 76 66
#c 0 1 2 3 4 6 16 7 1 18 8 11 12 5 15 13 5 6 18 19 20 0 1 2 3 4 10 5 17 3 9 11 19 12 4 14 13 6 17 18 14 20 7 1 2 8 6 8 8 7 4 9 11 11 12 14 13 11 16 0 9 10 20 0 19 2 15 14 16 16 7 3 9 1 10 17 15 13 13 16 0 18 19 20 12 17
2 2 28 75 83 20
2 2 38 85 41 62
#c 0 1 2 3 4 6 16 7 1 18 8 11 12 5 15 13 5 6 18 19 20 0 1 2 3 4 10 5 17 3 9 11 19 12 4 14 13 6 17 18 14 20 7 1 2 8 6 8 8 7 4 9 11 11 12 14 13 11 16 0 9 10 20 0 19 2 15 14 16 16 7 3 9 1 10 17 15 13 13 16 0 18 19 20 12 17
2 2 81 39 8 43
2 3 18 9 1 22 73
#c 0 1 2 3 4 6 16 7 18 18 8 11 12 5 15 13 5 6 18 19 20 0 1 2 3 4 10 5 17 3 9 11 19 12 4 14 13 6 17 1 14 20 7 18 2 8 6 8 8 7 4 9 11 11 12 14 13 11 16 0 9 10 20 0 19 2 15 14 16 16 7 3 9 1 10 17 15 13 13 16 0 1 19 20 12 17
1 1 64 76
3 2 19 82 32 66 14
#c 0 1 2 3 4 6 16 7 18 18 8 11 12 5 15 13 5 6 18 19 20 0 1 2 3 4 10 5 17 3 9 11 19 12 4 14 13 6 17 1 14 20 7 18 2 8 6 8 8 7 4 9 11 11 12 14 13 11 16 0 9 10 20 0 19 2 15 14 16 16 7 3 9 1 10 17 15 13 13 16 0 1 19 20 12 17
2 2 41 20 19 32
2 2 62 83 82 64
#c 0 1 2 3 4 6 16 7 18 18 8 11 12 5 15 13 5 6 18 20 19 0 1 2 3 4 10 5 17 3 9 11 20 12 4 14 13 6 17 1 14 19 7 18 2 8 6 8 8 7 4 9 11 11 12 14 13 11 16 0 9 10 20 0 19 2 15 14 16 16 7 3 9 1 10 17 15 13 13 16 0 1 19 20 12 17
1 1 21 7
4 3 0 63 80 59 49 70 42
#c 0 1 2 3 4 6 16 7 18 18 8 11 12 5 15 13 5 6 18 20 19 0 1 2 3 4 10 5 17 3 9 11 20 12 4 14 13 6 17 1 14 19 7 18 2 8 6 8 8 7 4 9 11 11 12 14 13 11 16 0 9 10 20 0 19 2 15 14 16 16 7 3 9 1 10 17 15 13 13 16 0 1 19 20 12 17
2 2 22 73 78 56
3 3 1 81 39 15 36 77
#c 0 1 2 3 4 6 16 7 18 18 8 11 12 5 15 13 5 6 18 20 19 0 1 2 3 4 10 5 17 3 9 11 20 12 4 14 13 6 17 1 14 19 7 18 2 8 6 8 8 7 4 9 11 11 12 14 13 11 16 0 9 10 20 0 19 2 15 14 16 16 7 3 9 1 10 17 15 13 13 16 0 1 19 20 12 17
#c 0 1 2 3 4 6 16 7 18 18 8 11 12 5 15 13 5 6 18 20 19 0 1 2 3 4 10 5 17 3 9 11 20 12 4 14 13 6 17 1 14 19 7 18 2 8 6 8 8 7 4 9 11 11 12 14 13 11 16 0 9 10 20 0 19 2 15 14 16 16 7 3 9 1 10 17 15 13 13 16 0 1 19 20 12 17
1 1 29 14
3 2 3 24 71 76 66
#c 0 1 2 3 4 6 16 7 18 18 8 11 12 5 3 13 5 6 18 20 19 0 1 2 3 4 10 5 17 15 9 11 20 12 4 14 13 6 17 1 14 19 7 18 2 8 6 8 8 7 4 9 11 11 12 14 13 11 16 0 9 10 20 0 19 2 15 14 16 16 7 3 9 1 10 17 15 13 13 16 0 1 19 20 12 17
1 1 4 23
3 3 25 50 34 2 44 65
#c 0 1 2 3 2 6 16 7 18 18 8 11 12 5 3 13 5 6 18 20 19 0 1 4 3 4 10 5 17 15 9 11 20 12 4 14 13 6 17 1 14 19 7 18 2 8 6 8 8 7 4 9 11 11 12 14 13 11 16 0 9 10 20 0 19 2 15 14 16 16 7 3 9 1 10 17 15 13 13 16 0 1 19 20 12 17
1 1 27 41
2 3 16 13 82 64 20
#c 0 1 2 3 2 6 16 7 18 18 8 11 12 5 3 13 5 6 18 20 19 0 1 4 3 4 10 5 17 15 9 11 20 12 4 14 13 6 17 1 14 19 7 18 2 8 6 8 8 7 4 9 11 11 12 14 13 11 16 0 9 10 20 0 19 2 15 14 16 16 7 3 9 1 10 17 15 13 13 16 0 1 19 20 12 17
1 1 5 14
3 3 37 46 17 3 24 71
#c 0 1 2 3 2 6 16 7 18 18 8 11 12 5 3 13 5 6 18 20 19 0 1 4 3 4 10 5 17 15 9 11 20 12 4 14 13 6 17 1 14 19 7 18 2 8 6 8 8 7 4 9 11 11 12 14 13 11 16 0 9 10 20 0 19 2 15 14 16 16 7 3 9 1 10 17 15 13 13 16 0 1 19 20 12 17
2 2 7 70 9 43
2 2 49 42 18 8
#c 0 1 2 3 2 6 16 7 18 18 8 11 12 5 3 13 5 6 18 20 19 0 1 4 3 4 10 5 17 15 9 11 20 12 4 14 13 6 17 1 14 19 7 18 2 8 6 8 8 7 4 9 11 11 12 14 13 11 16 0 9 10 20 0 19 2 15 14 16 16 7 3 9 1 10 17 15 13 13 16 0 1 19 20 12 17
2 2 10 47 11 31
2 3 48 45 53 52 57
#c 0 1 2 3 2 6 16 7 18 18 8 11 12 5 3 13 5 6 18 20 19 0 1 4 3 4 10 5 17 15 9 11 20 12 4 14 13 6 17 1 14 19 7 18 2 8 6 8 8 7 4 9 11 11 12 14 13 11 16 0 9 10 20 0 19 2 15 14 16 16 7 3 9 1 10 17 15 13 13 16 0 1 19 20 12 17
2 2 51 72 20 82
2 2 30 60 64 41
#c 0 1 2 3 2 6 16 7 18 18 8 11 12 5 3 13 5 6 18 20 19 0 1 4 3 4 10 5 17 15 9 11 20 12 4 14 13 6 17 1 14 19 7 18 2 8 6 8 8 7 4 9 11 11 12 14 13 11 16 0 9 10 20 0 19 2 15 14 16 16 7 3 9 1 10 17 15 13 13 16 0 1 19 20 12 17
1 1 74 21
2 4 26 61 0 63 80 59
#c 0 1 2 3 2 6 16 7 18 18 8 11 12 5 3 13 5 6 18 20 19 10 1 4 3 4 10 5 17 15 9 11 20 12 4 14 13 6 17 1 14 19 7 18 2 8 6 8 8 7 4 9 11 11 12 14 13 11 16 0 9 10 20 0 19 2 15 14 16 16 7 3 9 1 0 17 15 13 13 16 0 1 19 20 12 17
1 1 52 45
4 3 11 53 31 57 48 47 10
#c 0 1 2 3 2 6 16 7 18 18 8 11 12 5 3 13 5 6 18 20 19 10 1 4 3 4 10 5 17 15 9 11 20 12 4 14 13 6 17 1 14 19 7 18 2 8 6 8 8 7 4 9 11 11 12 14 13 11 16 0 9 10 20 0 19 2 15 14 16 16 7 3 9 1 0 17 15 13 13 16 0 1 19 20 12 17
#c 0 1 2 3 2 6 16 7 18 18 8 11 12 5 3 13 5 6 18 20 19 10 1 4 3 4 10 5 17 15 9 11 20 12 4 14 13 6 17 1 14 19 7 18 2 8 6 8 8 7 4 9 11 11 12 14 13 11 16 0 9 10 20 0 19 2 15 14 16 16 7 3 9 1 0 17 15 13 13 16 0 1 19 20 12 17
2 1 78 15 76
3 2 36 77 56 66 29
#c 0 1 2 3 2 6 16 7 18 18 8 11 12 5 3 13 5 6 18 20 19 10 1 4 3 4 10 5 17 15 9 11 20 12 4 14 13 6 17 1 14 19 7 18 2 8 6 8 8 7 4 9 11 11 12 14 13 11 16 0 9 10 20 0 19 2 15 14 16 16 7 3 9 1 0 17 15 13 13 16 0 1 19 20 12 17
1 2 35 61 21
3 1 40 55 67 26
#c 0 1 2 3 2 6 16 7 18 18 8 11 12 5 3 13 5 6 18 20 19 14 1 4 3 4 10 5 17 15 9 11 20 12 4 10 13 6 17 1 14 19 7 18 2 8 6 8 8 7 4 9 11 11 12 14 13 11 16 0 9 14 20 0 19 2 15 14 16 16 7 3 9 1 0 17 15 13 13 16 0 1 19 20 12 17
1 1 66 42
2 3 76 29 7 49 70
#c 0 1 2 3 2 6 16 7 18 18 8 11 12 5 3 13 5 6 18 20 19 14 1 4 3 4 10 5 17 15 9 11 20 12 4 10 13 6 17 1 14 19 15 18 2 8 6 8 8 7 4 9 11 11 12 14 13 11 16 0 9 14 20 0 19 2 7 14 16 16 7 3 9 1 0 17 15 13 13 16 0 1 19 20 12 17
1 1 69 70
4 3 58 79 6 68 7 49 66
#c 0 1 2 3 2 6 16 7 18 18 8 11 12 5 3 13 5 6 18 20 19 14 1 4 3 4 10 5 17 15 9 11 20 12 4 10 13 6 17 1 14 19 15 18 2 8 6 8 8 7 4 9 11 11 12 14 13 11 16 0 9 14 20 0 19 2 7 14 16 7 16 3 9 1 0 17 15 13 13 16 0 1 19 20 12 17
2 2 38 85 27 16
2 1 75 28 13
#c 0 1 2 3 2 6 16 7 18 18 8 11 12 5 3 13 17 6 18 20 19 14 1 4 3 4 10 17 17 15 9 11 20 12 4 10 13 6 5 1 14 19 15 18 2 8 6 8 8 7 4 9 11 11 12 14 13 11 16 0 9 14 20 0 19 2 7 14 16 7 16 3 9 1 0 17 15 13 13 16 0 1 19 20 12 5
2 2 9 18 6 58
2 3 8 43 79 68 70
#c 0 1 2 3 2 6 16 7 18 18 8 11 12 5 3 13 17 6 18 20 19 14 1 4 3 4 10 17 17 15 9 11 20 12 4 10 13 6 5 1 14 19 15 18 2 8 6 8 8 7 4 9 11 11 12 14 13 11 16 0 9 14 20 0 19 2 7 14 16 7 16 3 9 1 0 17 15 13 13 16 0 1 19 20 12 5
2 2 41 82 34 25
2 2 64 20 50 23
#c 0 1 2 3 2 6 16 7 18 18 8 11 12 5 3 13 17 6 18 20 19 14 1 4 3 4 10 17 17 15 9 11 20 12 4 10 13 6 5 1 14 19 15 18 2 8 6 8 8 7 4 9 11 11 12 14 13 11 16 0 9 14 20 0 19 2 7 14 16 7 16 3 9 1 0 17 15 13 13 16 0 1 19 20 12 5
2 2 32 62 37 46
2 2 83 19 5 17
#c 0 1 2 3 2 6 16 7 18 18 8 11 12 5 3 13 17 6 18 20 19 14 1 4 3 4 10 17 17 15 9 11 20 12 4 10 13 6 5 1 14 19 15 18 2 8 6 8 8 7 4 9 11 11 12 14 13 11 16 0 9 14 20 0 19 2 7 14 16 7 16 3 9 1 0 17 15 13 13 16 0 1 19 20 12 5
1 1 0 40
4 4 63 80 59 74 55 67 61 21
#c 0 1 2 3 2 6 16 7 18 18 8 11 12 5 3 13 17 6 18 20 19 14 1 4 3 4 10 17 17 15 9 11 20 12 4 10 13 6 5 1 14 19 15 18 2 8 6 8 8 7 4 9 11 11 12 14 13 11 16 0 9 14 20 0 19 2 7 14 16 7 16 3 9 1 0 17 15 13 13 16 0 1 19 20 12 5
1 1 73 84
4 3 1 22 81 39 12 33 54
#c 0 1 2 3 2 6 16 7 18 18 8 11 12 5 3 13 17 6 18 20 19 14 1 4 3 4 10 17 17 15 9 11 20 12 4 10 13 6 5 1 14 19 15 18 2 8 6 8 8 7 4 9 11 11 12 14 13 11 16 0 9 14 20 0 19 2 7 14 16 7 16 3 9 1 0 17 15 13 13 16 0 1 19 20 12 5
1 1 4 84
3 3 2 44 65 12 33 54
#c 0 1 2 3 12 6 16 7 18 18 8 11 12 5 3 13 17 6 18 20 19 14 1 4 3 4 10 17 17 15 9 11 20 12 4 10 13 6 5 1 14 19 15 18 2 8 6 8 8 7 4 9 11 11 12 14 13 11 16 0 9 14 20 0 19 2 7 14 16 7 16 3 9 1 0 17 15 13 13 16 0 1 19 20 2 5
2 2 24 3 77 78
2 3 71 14 15 36 56
#c 0 1 2 3 12 6 16 7 18 18 8 11 12 5 3 13 17 6 18 20 19 14 1 4 3 4 10 17 17 15 9 11 20 12 4 10 13 6 5 1 14 19 15 18 2 8 6 8 8 7 4 9 11 11 12 14 13 11 16 0 9 14 20 0 19 2 7 14 16 7 16 3 9 1 0 17 15 13 13 16 0 1 19 20 2 5
2 2 34 50 60 51
2 2 25 23 30 72
#c 0 1 2 3 12 6 16 7 18 18 8 11 12 5 3 13 17 6 18 20 19 14 1 4 3 4 10 17 17 15 9 11 20 12 4 10 13 6 5 1 14 19 15 18 2 8 6 8 8 7 4 9 11 11 12 14 13 11 16 0 9 14 20 0 19 2 7 14 16 7 16 3 9 1 0 17 15 13 13 16 0 1 19 20 2 5
1 1 13 68
2 4 38 85 58 79 6 70
#c 0 1 2 3 12 6 16 7 18 18 8 11 12 5 3 13 17 6 18 20 19 14 1 4 3 4 10 17 17 15 9 11 20 12 4 10 13 6 5 1 14 19 15 18 2 8 6 8 8 7 4 9 11 11 12 14 13 11 16 0 9 14 20 0 19 2 7 14 16 7 16 3 9 1 0 17 15 13 13 16 0 1 19 20 2 5
1 1 37 50
3 3 5 46 17 25 34 23
#c 0 1 2 3 12 6 16 7 18 18 8 11 12 5 3 13 17 6 18 20 19 14 1 4 3 4 10 17 17 15 9 11 20 12 4 10 13 6 5 1 14 19 15 18 2 8 6 8 8 7 4 9 11 11 12 14 13 11 16 0 9 14 20 0 19 2 7 14 16 7 16 3 9 1 0 17 15 13 13 16 0 1 19 20 2 5
2 2 66 7 73 39
2 3 49 69 1 22 81
#c 0 1 2 3 12 6 16 7 18 18 8 11 12 5 3 13 17 6 18 20 19 14 1 4 3 4 10 17 17 15 9 11 20 12 4 10 13 6 5 1 14 19 15 18 2 8 6 8 8 7 4 9 11 11 12 14 13 11 16 0 9 14 20 0 19 2 7 14 16 7 16 3 9 1 0 17 15 13 13 16 0 1 19 20 2 5
1 1 48 43
3 3 47 45 10 18 9 8
#c 0 1 2 3 12 6 16 7 18 18 8 11 12 5 3 13 17 6 18 20 19 14 1 4 3 4 10 17 17 15 9 11 20 12 4 10 13 6 5 1 14 19 15 8 2 8 6 8 18 7 4 9 11 11 12 14 13 11 16 0 9 14 20 0 19 2 7 14 16 7 16 3 9 1 0 17 15 13 13 16 0 1 19 20 2 5
2 2 51 72 69 66
2 2 30 60 7 49
#c 0 1 2 3 12 6 16 7 18 18 8 11 12 5 3 13 17 6 18 20 19 14 1 4 3 4 10 17 17 15 9 11 20 12 4 10 13 6 5 1 14 19 15 8 2 8 6 8 18 7 4 9 11 11 12 14 13 11 16 0 9 14 20 0 19 2 7 14 16 7 16 3 9 1 0 17 15 13 13 16 0 1 19 20 2 5
1 3 26 9 48 18
1 1 35 8
#c 0 1 2 3 12 6 16 7 18 18 8 11 12 5 3 13 17 6 18 20 19 14 1 4 3 4 10 17 17 15 9 11 20 12 4 10 13 6 5 1 14 19 15 8 2 8 6 8 18 7 4 9 11 11 12 14 13 11 16 0 9 14 20 0 19 2 7 14 16 7 16 3 9 1 0 17 15 13 13 16 0 1 19 20 2 5
2 2 57 52 27 28
3 2 11 53 31 75 16
#c 0 1 2 3 12 6 16 7 18 18 8 11 12 5 3 13 17 6 18 20 19 14 1 4 3 4 10 17 17 15 9 11 20 12 4 10 13 6 5 1 14 19 15 8 2 8 6 8 18 7 4 9 11 11 12 14 13 11 16 0 9 14 20 0 19 2 7 14 16 7 16 3 9 1 0 17 15 13 13 16 0 1 19 20 2 5
2 2 54 12 57 11
2 3 33 4 53 52 31
#c 0 1 2 3 12 6 16 7 18 18 8 11 12 5 3 13 17 6 18 20 19 14 1 4 3 4 10 17 17 15 9 11 20 12 4 10 13 6 5 1 14 19 15 8 2 8 6 8 18 7 4 9 11 11 12 14 13 11 16 0 9 14 20 0 19 2 7 14 16 7 16 3 9 1 0 17 15 13 13 16 0 1 19 20 2 5
1 1 56 73
4 4 15 78 36 77 1 22 81 39
#c 0 1 2 3 12 6 16 7 18 18 8 11 12 5 3 13 17 6 18 20 19 14 1 4 3 4 10 17 17 15 9 11 20 12 4 10 13 6 5 1 14 19 15 8 2 8 6 8 18 7 4 9 11 11 12 14 1 11 16 0 9 14 20 0 19 2 7 14 16 7 16 3 9 13 0 17 15 13 13 16 0 1 19 20 2 5
1 1 40 80
4 4 55 67 61 21 0 63 59 74
#c 0 1 2 3 12 6 16 7 18 18 8 11 12 5 3 13 17 6 18 20 19 14 1 4 3 4 10 17 17 15 9 11 20 12 4 10 13 6 5 1 14 19 15 8 2 8 6 8 18 7 4 9 11 11 12 14 1 11 16 0 9 14 20 0 19 2 7 14 16 7 16 3 9 13 0 17 15 13 13 16 0 1 19 20 2 5
1 1 42 85
2 2 76 29 13 38
#c 0 1 2 3 12 6 16 7 18 18 8 11 12 5 3 13 17 6 18 20 19 14 1 4 3 4 10 17 17 15 9 11 20 12 4 10 13 6 5 1 14 19 15 8 2 8 6 8 18 7 4 9 11 11 12 14 1 11 16 0 9 14 20 0 19 2 7 14 16 7 16 3 9 13 0 17 15 13 13 16 0 1 19 20 2 5
1 1 79 60
4 3 58 6 68 70 30 51 72
#c 0 1 2 3 12 6 16 7 18 18 8 11 12 5 3 13 17 6 18 20 19 14 1 4 3 4 10 17 17 15 9 11 20 12 4 10 13 6 5 1 14 19 15 8 2 8 6 8 18 7 4 9 11 11 12 14 1 11 16 0 9 14 20 0 19 2 7 14 16 7 16 3 9 13 0 17 15 13 13 16 0 1 19 20 2 5
2 2 27 16 20 64
2 2 75 28 82 41
#c 0 1 2 3 12 6 16 7 18 18 8 11 12 5 3 13 17 6 18 20 19 14 1 4 3 4 10 17 17 15 9 11 20 12 4 10 13 6 5 1 14 19 15 8 2 8 6 8 18 7 4 9 11 11 12 14 1 11 16 0 9 14 20 0 19 2 7 14 16 7 16 3 9 13 0 17 15 13 13 16 0 1 19 20 2 5
1 2 9 74 80
3 3 18 8 48 0 63 59
#c 0 1 2 3 12 6 16 7 18 18 8 11 12 5 3 13 17 6 18 20 19 14 1 4 3 4 10 17 17 15 9 11 20 12 4 10 13 6 5 1 14 19 15 8 2 8 6 8 18 7 4 9 11 11 12 14 1 11 16 0 9 14 20 0 19 2 7 14 16 7 16 3 9 13 0 17 15 13 13 16 0 1 19 20 2 5
2 2 82 41 7 49
2 2 64 20 66 69
#c 0 1 2 3 12 6 16 7 18 18 8 11 12 5 3 13 17 6 18 20 19 14 1 4 3 4 10 17 17 15 9 11 20 12 4 10 13 6 5 1 14 19 15 8 2 8 6 8 18 7 4 9 11 11 12 14 1 11 16 0 9 14 20 0 19 2 7 14 16 7 16 3 9 13 0 17 15 13 13 16 0 1 19 20 2 5
1 1 83 73
3 4 62 19 32 15 78 36 77
#c 0 1 2 3 12 6 16 7 18 18 8 11 12 5 3 13 17 6 18 20 19 14 1 4 3 4 10 17 17 15 9 11 20 12 4 10 13 6 5 1 14 19 15 8 2 8 6 8 18 7 4 9 11 11 12 14 1 11 16 0 9 14 20 0 19 2 7 14 16 7 16 3 9 13 0 17 15 13 13 16 0 1 19 20 2 5
1 1 74 33
4 3 0 63 80 59 12 54 4
#c 0 1 2 3 12 6 16 7 18 18 8 11 12 5 3 13 17 6 18 20 19 14 1 4 3 4 10 17 17 15 9 11 20 0 4 10 13 6 5 1 14 19 15 8 2 8 6 8 18 7 4 9 11 11 12 14 1 11 16 0 9 14 20 0 19 2 7 14 16 7 16 3 9 13 12 17 15 13 13 16 0 1 19 20 2 5
2 2 22 39 80 59
3 3 1 81 56 0 63 33
#c 0 1 2 3 12 6 16 7 18 18 8 11 12 5 3 13 17 6 18 20 19 14 1 4 3 4 10 17 17 15 9 11 20 0 4 10 13 6 5 1 14 19 15 8 2 8 6 8 18 7 4 9 11 11 12 14 1 11 16 0 9 14 20 0 19 2 7 14 16 7 16 3 9 13 12 17 15 13 13 16 0 1 19 20 2 5
1 1 44 83
3 3 2 65 84 62 19 32
#c 0 1 2 3 12 6 16 7 18 18 8 11 12 5 3 13 17 6 18 20 19 14 1 4 3 4 10 17 17 15 9 11 20 0 4 10 13 6 5 1 14 19 15 8 2 8 6 8 18 7 4 9 11 11 12 14 1 11 16 0 9 14 20 0 19 2 7 14 16 7 16 3 9 13 12 17 15 13 13 16 0 1 19 20 2 5
2 3 14 71 51 72 60
2 1 3 24 30
#c 0 1 2 3 12 6 16 7 18 18 8 11 12 5 9 13 17 6 18 20 19 14 1 4 3 4 10 17 17 15 9 11 20 0 4 10 13 6 5 1 14 19 15 8 2 8 6 8 18 7 4 3 11 11 12 14 1 11 16 0 3 14 20 0 19 2 7 14 16 7 16 9 3 13 12 17 15 13 13 16 0 1 19 20 2 5
1 1 34 79
3 4 25 50 23 58 6 68 70
#c 0 1 2 3 12 6 16 7 18 18 8 11 12 5 9 13 17 6 18 20 19 14 1 4 3 4 10 17 17 15 9 11 20 0 4 10 13 6 5 1 14 19 15 8 2 8 6 8 18 7 4 3 11 11 12 14 1 11 16 0 3 14 20 0 19 2 7 14 16 7 16 9 3 13 12 17 15 13 13 16 0 1 19 20 2 5
1 3 38 58 79 70
2 2 13 85 6 68
#c 0 1 2 3 12 6 16 7 18 18 8 11 12 5 9 13 17 6 18 20 19 14 1 4 3 4 10 17 17 15 9 11 20 0 4 10 13 6 5 1 14 19 15 8 2 8 6 8 18 7 4 3 11 11 12 14 1 11 16 0 3 14 20 0 19 2 7 14 16 7 16 9 3 13 12 17 15 13 13 16 0 1 19 20 2 5
2 2 46 37 83 19
2 2 5 17 62 32
#c 0 1 2 3 12 6 16 7 18 18 8 11 12 5 9 13 17 6 18 20 19 14 1 4 3 4 10 17 17 15 9 11 20 0 4 10 13 6 5 1 14 19 15 8 2 8 6 8 18 7 4 3 11 11 12 14 1 11 16 0 3 14 20 0 19 2 7 14 16 7 16 9 3 13 12 17 15 13 13 16 0 1 19 20 2 5
2 2 49 66 82 20
2 2 7 69 64 41
#c 0 1 2 3 12 6 16 7 18 18 8 11 12 5 9 13 17 6 18 20 19 14 1 4 3 4 10 17 17 15 9 11 20 0 4 10 13 6 5 1 14 19 15 8 2 8 6 8 18 7 4 3 11 11 12 14 1 11 16 0 3 14 20 0 19 2 7 14 16 7 16 9 3 13 12 17 15 13 13 16 0 1 19 20 2 5
2 2 10 45 53 31
2 3 47 43 11 52 57
#c 0 1 2 3 12 6 16 7 18 18 8 11 12 5 9 13 17 6 18 20 19 14 1 4 3 4 10 17 17 15 9 11 20 0 4 10 13 6 5 1 14 19 15 8 2 8 6 8 18 7 4 3 11 11 12 14 1 11 16 0 3 14 20 0 19 2 7 14 16 7 16 9 3 13 12 17 15 13 13 16 0 1 19 20 2 5
1 1 30 49
2 3 14 71 7 66 69
#c 0 1 2 3 12 6 16 7 18 18 8 11 12 5 9 13 17 6 18 20 19 14 1 4 3 4 10 17 17 15 7 11 20 0 4 10 13 6 5 1 14 19 15 8 2 8 6 8 18 9 4 3 11 11 12 14 1 11 16 0 3 14 20 0 19 2 7 14 16 7 16 9 3 13 12 17 15 13 13 16 0 1 19 20 2 5
1 1 35 28
1 3 26 75 27 16
#c 0 1 2 3 12 6 16 7 18 18 8 11 12 5 9 13 17 6 18 20 19 14 1 4 3 4 10 17 17 15 7 11 20 0 4 10 13 6 5 1 14 19 15 8 2 8 6 8 18 9 4 3 11 11 12 14 1 11 16 0 3 14 20 0 19 2 7 14 16 7 16 9 3 13 12 17 15 13 13 16 0 1 19 20 2 5
2 2 53 57 16 75
3 2 11 52 31 28 27
#c 0 1 2 3 12 6 16 7 18 18 8 11 12 5 9 13 17 6 18 20 19 14 1 4 3 4 10 17 17 15 7 11 20 0 4 10 13 6 5 1 14 19 15 8 2 8 6 8 18 9 4 3 11 11 12 14 1 11 16 0 3 14 20 0 19 2 7 14 16 7 16 9 3 13 12 17 15 13 13 16 0 1 19 20 2 5
2 2 54 4 80 33
2 3 12 74 0 63 59
#c 0 1 2 3 12 6 16 7 18 18 8 11 12 5 9 13 17 6 18 20 19 14 1 4 3 4 10 17 17 15 7 11 20 0 4 10 13 6 5 1 14 19 15 8 2 8 6 8 18 9 4 3 11 11 12 14 1 11 16 0 3 14 20 0 19 2 7 14 16 7 16 9 3 13 12 17 15 13 13 16 0 1 19 20 2 5
1 1 77 8
4 3 15 78 36 73 18 9 48
#c 0 1 2 3 12 6 16 7 18 18 8 11 12 5 9 13 17 6 18 20 19 14 1 4 3 4 10 17 17 15 7 11 20 0 4 10 13 6 5 1 14 19 15 8 2 8 6 8 18 9 4 3 11 11 12 14 1 11 16 0 3 14 20 0 19 2 7 14 16 7 16 9 3 13 12 17 15 13 13 16 0 1 19 20 2 5
#c 0 1 2 3 12 6 16 7 18 18 8 11 12 5 9 13 17 6 18 20 19 14 1 4 3 4 10 17 17 15 7 11 20 0 4 10 13 6 5 1 14 19 15 8 2 8 6 8 18 9 4 3 11 11 12 14 1 11 16 0 3 14 20 0 19 2 7 14 16 7 16 9 3 13 12 17 15 13 13 16 0 1 19 20 2 5
1 1 29 3
2 4 76 42 24 51 72 60
#c 0 1 2 3 12 6 16 7 18 18 8 11 12 5 9 13 17 6 18 20 19 14 1 4 3 4 10 17 17 15 7 11 20 0 4 10 13 6 5 1 14 19 15 8 2 8 6 8 18 9 4 3 11 11 12 14 1 11 16 0 3 14 20 0 19 2 7 14 16 7 16 9 3 13 12 17 15 13 13 16 0 1 19 20 2 5
1 1 70 13
4 2 58 79 6 68 38 85
#c 0 1 2 3 12 6 16 7 18 18 8 11 12 5 9 13 17 6 18 20 19 14 1 4 3 4 10 17 17 15 7 11 20 0 4 10 13 6 5 1 14 19 15 8 2 8 6 8 18 9 4 3 11 11 12 14 1 11 16 0 3 14 20 0 19 2 7 14 16 7 16 9 3 13 12 17 15 13 13 16 0 1 19 20 2 5
2 3 28 27 8 18 48
2 1 75 16 9
#c 0 1 2 3 12 6 16 7 17 18 8 11 12 5 9 13 17 6 17 20 19 14 1 4 3 4 10 18 18 15 7 11 20 0 4 10 13 6 5 1 14 19 15 8 2 8 6 8 17 9 4 3 11 11 12 14 1 11 16 0 3 14 20 0 19 2 7 14 16 7 16 9 3 13 12 17 15 13 13 16 0 1 19 20 2 5
1 1 27 76
2 2 9 28 29 42
#c 0 1 2 3 12 6 16 7 17 18 8 11 12 5 9 13 17 6 17 20 19 14 1 4 3 4 10 18 18 15 7 11 20 0 4 10 13 6 5 1 14 19 15 8 2 8 6 8 17 9 4 3 11 11 12 14 1 11 16 0 3 14 20 0 19 2 7 14 16 7 16 9 3 13 12 17 15 13 13 16 0 1 19 20 2 5
2 2 82 41 32 19
2 2 64 20 62 83
#c 0 1 2 3 12 6 16 7 17 18 8 11 12 5 9 13 17 6 17 20 19 14 1 4 3 4 10 18 18 15 7 11 20 0 4 10 13 6 5 1 14 19 15 8 2 8 6 8 17 9 4 3 11 11 12 14 1 11 16 0 3 14 20 0 19 2 7 14 16 7 16 9 3 13 12 17 15 13 13 16 0 1 19 20 2 5
1 1 32 66
3 3 62 83 19 7 69 30
#c 0 1 2 3 12 6 16 7 17 18 8 11 12 5 9 13 17 6 17 20 19 14 1 4 3 4 10 18 18 15 7 11 20 0 4 10 13 6 5 1 14 19 15 8 2 8 6 8 17 9 4 3 11 11 12 14 1 11 16 0 3 14 20 0 19 2 7 14 16 7 16 9 3 13 12 17 15 13 13 16 0 1 19 20 2 5
1 1 80 11
4 4 0 63 59 33 53 52 31 57
#c 0 1 2 3 12 6 16 7 17 18 8 11 12 5 9 13 17 6 17 20 19 14 1 4 3 4 10 18 18 15 7 11 20 0 4 10 13 6 5 1 14 19 15 8 2 8 6 8 17 9 4 3 11 11 12 14 1 11 16 0 3 14 20 0 19 2 7 14 16 7 16 9 3 13 12 17 15 13 13 16 0 1 19 20 2 5
1 1 56 4
4 3 1 22 81 39 12 54 74
#c 0 1 2 3 1 6 16 7 17 18 8 11 12 5 9 13 17 6 17 20 19 14 1 4 3 4 10 18 18 15 7 11 20 0 4 10 13 6 5 1 14 19 15 8 2 8 6 8 17 9 4 3 11 11 12 14 12 11 16 0 3 14 20 0 19 2 7 14 16 7 16 9 3 13 12 17 15 13 13 16 0 1 19 20 2 5
2 2 65 44 5 17
2 2 2 84 37 46
#c 0 1 2 3 1 6 16 7 17 18 8 11 12 5 9 13 17 6 17 20 19 14 1 4 3 4 10 18 18 15 7 11 20 0 4 10 13 6 5 1 14 19 15 8 2 8 6 8 17 9 4 3 11 11 12 14 12 11 16 0 3 14 20 0 19 2 7 14 16 7 16 9 3 13 12 17 15 13 13 16 0 1 19 20 2 5
2 1 24 60 35
3 1 3 51 72 26
#c 0 1 2 3 1 6 16 7 17 18 8 11 12 5 9 13 17 6 17 20 19 14 1 4 10 4 10 18 18 15 7 11 20 0 4 3 13 6 5 1 14 19 15 8 2 8 6 8 17 9 4 3 11 11 12 14 12 11 16 0 10 14 20 0 19 2 7 14 16 7 16 9 3 13 12 17 15 13 13 16 0 1 19 20 2 5
2 2 50 34 59 0
2 3 25 23 63 80 33
#c 0 1 2 3 1 6 16 7 17 18 8 11 12 5 9 13 17 6 17 20 19 14 1 4 10 4 10 18 18 15 7 11 20 0 4 3 13 6 5 1 14 19 15 8 2 8 6 8 17 9 4 3 11 11 12 14 12 11 16 0 10 14 20 0 19 2 7 14 16 7 16 9 3 13 12 17 15 13 13 16 0 1 19 20 2 5
#c 0 1 2 3 1 6 16 7 17 18 8 11 12 5 9 13 17 6 17 20 19 14 1 4 10 4 10 18 18 15 7 11 20 0 4 3 13 6 5 1 14 19 15 8 2 8 6 8 17 9 4 3 11 11 12 14 12 11 16 0 10 14 20 0 19 2 7 14 16 7 16 9 3 13 12 17 15 13 13 16 0 1 19 20 2 5
1 1 17 23
3 3 5 37 46 25 50 34
#c 0 1 2 3 1 6 16 7 17 18 8 11 12 5 9 13 17 6 17 20 19 14 1 4 10 4 10 18 18 15 7 11 20 0 4 3 13 6 5 1 14 19 15 8 2 8 6 8 17 9 4 3 11 11 12 14 12 11 16 0 10 14 20 0 19 2 7 14 16 7 16 9 3 13 12 17 15 13 13 16 0 1 19 20 2 5
1 1 30 78
3 4 7 66 69 15 36 77 73
#c 0 1 2 3 1 6 16 7 17 18 8 11 12 5 9 13 17 6 17 20 19 14 1 4 10 4 10 18 18 15 13 11 20 0 4 3 13 6 5 1 14 19 15 8 2 8 6 8 17 9 4 3 11 11 12 14 12 11 16 0 10 14 20 0 19 2 7 14 16 7 16 9 3 13 12 17 15 13 7 16 0 1 19 20 2 5
2 1 45 47 78
2 3 10 43 7 66 69
#c 0 1 2 3 1 6 16 7 17 18 8 11 12 5 9 13 17 6 17 20 19 14 1 4 10 4 10 18 18 15 13 11 20 0 4 3 13 6 5 1 14 19 15 8 2 8 6 8 17 9 4 3 11 11 12 14 12 11 16 0 10 14 20 0 19 2 7 14 16 7 16 9 3 13 12 17 15 13 7 16 0 1 19 20 2 5
1 1 14 8
2 4 71 49 75 16 18 48
#c 0 1 2 3 1 6 16 7 17 18 8 11 12 5 9 13 17 6 17 20 19 14 1 4 10 4 10 18 18 15 13 11 20 0 4 3 13 6 5 1 14 19 15 8 2 8 6 8 17 9 4 3 11 11 12 14 12 11 16 0 10 14 20 0 19 2 7 14 16 7 16 9 3 13 12 17 15 13 7 16 0 1 19 20 2 5
1 1 60 84
2 3 26 24 2 44 65
#c 0 1 2 3 1 6 16 7 17 18 8 11 12 5 9 13 17 6 17 20 19 14 1 4 10 4 10 18 18 15 13 11 20 0 4 3 13 6 5 1 14 19 15 8 2 8 6 8 17 9 4 3 11 11 12 14 12 11 16 0 10 14 20 0 19 2 7 14 16 7 16 9 3 13 12 17 15 13 7 16 0 1 19 20 2 5
2 2 57 11 9 28
3 1 53 52 31 27
#c 0 1 2 3 1 6 16 7 17 18 8 11 12 5 9 13 17 6 17 20 19 14 1 4 10 4 10 18 18 15 13 11 20 0 4 3 13 6 5 1 14 19 15 8 2 8 6 8 17 9 4 3 11 11 12 14 12 11 16 0 10 14 20 0 19 2 7 14 16 7 16 9 3 13 12 17 15 13 7 16 0 1 19 20 2 5
1 1 56 60
3 2 12 54 74 26 24
#c 0 1 2 3 1 6 16 7 17 18 8 11 12 5 9 13 17 6 17 20 19 14 1 4 10 4 10 18 18 15 13 11 20 0 4 3 13 6 5 1 14 19 15 8 2 8 6 8 17 9 4 3 11 11 12 14 12 11 16 0 10 14 20 0 19 2 7 14 16 7 16 9 3 13 12 17 15 13 7 16 0 1 19 20 2 5
1 1 77 78
4 3 15 36 73 30 7 66 69
#c 0 1 2 3 1 6 16 7 17 18 8 11 12 5 9 13 17 6 17 20 19 14 1 4 10 4 10 18 18 15 13 11 20 0 4 3 13 6 5 1 14 19 15 8 2 8 6 8 17 9 4 3 11 11 12 14 12 11 16 0 10 14 20 0 19 2 7 14 16 7 16 9 3 13 12 17 15 13 7 16 0 1 19 20 2 5
2 2 21 67 31 11
3 3 40 55 61 53 52 57
#c 0 1 2 3 1 6 16 7 17 18 8 11 12 5 9 13 17 6 17 20 19 14 1 4 10 4 10 18 18 15 13 11 20 0 4 3 13 6 5 1 14 19 15 8 2 8 6 8 17 9 4 3 11 11 12 14 12 11 16 0 10 14 20 0 19 2 7 14 16 7 16 9 3 13 12 17 15 13 7 16 0 1 19 20 2 5
1 1 42 50
2 3 76 29 25 34 23
#c 0 1 2 3 1 6 16 7 17 18 8 11 12 5 9 13 17 6 17 20 19 14 1 4 10 4 10 18 18 15 13 11 20 0 4 3 13 6 5 1 14 19 15 8 2 8 6 8 17 9 4 3 11 11 12 14 12 11 16 0 10 14 20 0 19 2 7 14 16 7 16 9 3 13 12 17 15 13 7 16 0 1 19 20 2 5
1 1 58 11
4 4 79 6 68 70 53 52 31 57
#c 0 1 2 3 1 6 16 7 17 18 8 11 12 5 9 13 17 6 17 20 19 14 1 4 10 4 10 18 18 15 13 11 20 0 4 3 13 6 5 1 14 19 15 8 2 8 6 8 17 9 4 3 11 11 12 14 12 11 16 0 10 14 20 0 19 2 7 14 16 7 16 9 3 13 12 17 15 13 7 16 0 1 19 20 2 5
1 1 75 29
4 2 16 8 18 48 76 42
#c 0 1 2 3 1 6 16 7 17 18 8 11 12 5 9 13 17 6 17 20 19 14 1 4 10 4 10 18 18 15 13 11 20 0 4 3 13 6 5 1 14 19 15 8 2 8 6 8 17 9 4 3 11 11 12 14 12 11 16 0 10 14 20 0 19 2 7 14 16 7 16 9 3 13 12 17 15 13 7 16 0 1 19 20 2 5
1 1 9 83
2 3 28 27 62 19 32
#c 0 1 2 3 1 6 16 7 17 18 8 11 12 5 9 13 17 6 17 20 19 14 1 4 10 4 10 18 18 15 13 11 20 0 4 3 13 6 5 1 14 19 15 8 2 8 6 8 17 9 4 3 11 11 12 14 12 11 16 0 10 14 20 0 19 2 7 14 16 7 16 9 3 13 12 17 15 13 7 16 0 1 19 20 2 5
2 1 82 41 69
2 3 64 20 7 66 78
#c 0 1 2 3 1 6 16 7 17 18 8 11 12 5 9 13 17 6 17 20 19 14 1 4 10 4 10 18 18 15 13 11 20 0 4 3 13 6 5 1 14 19 15 8 2 8 6 8 17 9 4 3 11 11 12 14 12 11 16 0 10 14 20 0 19 2 7 14 16 7 16 9 3 13 12 17 15 13 7 16 0 1 19 20 2 5
1 1 83 21
3 4 62 19 32 40 55 67 61
#c 0 1 2 3 1 6 16 7 17 18 8 11 12 5 9 13 17 6 17 20 19 20 1 4 10 4 10 18 18 15 13 11 20 0 4 3 13 6 5 1 14 19 15 8 2 8 6 8 17 9 4 3 11 11 12 14 12 11 16 0 10 14 20 0 19 2 7 14 16 7 16 9 3 13 12 17 15 13 7 16 0 1 19 14 2 5
2 1 80 0 50
3 3 63 59 33 25 34 23
#c 0 1 2 3 1 6 16 7 17 18 8 11 12 5 9 13 17 6 17 20 19 20 1 4 10 4 10 18 18 15 13 11 20 0 4 3 13 6 5 1 14 19 15 8 2 8 6 8 17 9 4 3 11 11 12 14 12 11 16 0 10 14 20 0 19 2 7 14 16 7 16 9 3 13 12 17 15 13 7 16 0 1 19 14 2 5
1 1 1 27
4 2 22 81 39 4 9 28
#c 0 1 2 3 1 6 16 7 17 18 8 11 12 5 9 13 17 6 17 20 19 20 1 4 10 4 10 18 18 15 13 11 20 0 4 3 13 6 5 1 14 19 15 8 2 8 6 8 17 9 4 3 11 11 12 14 12 11 16 0 10 14 20 0 19 2 7 14 16 7 16 9 3 13 12 17 15 13 7 16 0 1 19 14 2 5
2 2 84 44 54 74
2 2 2 65 12 56
#c 0 1 2 3 1 6 16 7 17 18 8 11 12 5 9 13 17 6 17 20 19 20 1 4 10 4 10 18 18 15 13 11 20 0 4 3 13 6 5 1 14 19 15 8 2 8 6 8 17 9 4 3 11 11 12 14 12 11 16 0 10 14 20 0 19 2 7 14 16 7 16 9 3 13 12 17 15 13 7 16 0 1 19 14 2 5
2 1 51 3 54
2 3 72 35 12 74 56
#c 0 1 2 3 1 6 16 7 17 18 8 11 12 5 9 13 17 6 17 20 19 20 1 4 10 4 10 18 18 15 13 11 20 0 4 3 13 6 5 1 14 19 15 8 2 8 6 8 17 9 4 3 11 11 12 14 12 11 16 0 10 14 20 0 19 2 7 14 16 7 16 9 3 13 12 17 15 13 7 16 0 1 19 14 2 5
1 1 50 43
3 3 25 34 23 47 45 10
#c 0 1 2 3 1 6 16 7 17 18 8 11 12 5 9 13 17 6 17 20 19 20 1 4 10 4 10 18 18 15 13 11 20 0 4 3 13 6 5 1 14 19 15 8 2 8 6 8 17 9 4 3 11 11 12 14 12 11 16 0 10 14 20 0 19 2 7 14 16 7 16 9 3 13 12 17 15 13 7 16 0 1 19 14 2 5
#c 0 1 2 3 1 6 16 7 17 18 8 11 12 5 9 13 17 6 17 20 19 20 1 4 10 4 10 18 18 15 13 11 20 0 4 3 13 6 5 1 14 19 15 8 2 8 6 8 17 9 4 3 11 11 12 14 12 11 16 0 10 14 20 0 19 2 7 14 16 7 16 9 3 13 12 17 15 13 7 16 0 1 19 14 2 5
2 2 17 37 61 67
2 3 5 46 40 55 83
#c 0 1 2 3 1 6 16 7 17 18 8 11 12 5 9 13 17 6 17 20 19 20 1 4 10 4 10 18 18 15 13 11 20 0 4 3 13 6 5 1 14 19 15 8 2 8 6 8 17 9 4 3 11 11 12 14 12 11 16 0 10 14 20 0 19 2 7 14 16 7 16 9 3 13 12 17 15 13 7 16 0 1 19 14 2 5
1 1 7 14
3 2 66 69 78 71 49
#c 0 1 2 3 1 6 16 7 17 18 8 11 12 5 9 13 17 6 17 20 19 20 1 4 10 4 10 18 18 15 13 11 20 0 4 3 13 6 5 1 14 19 15 8 2 8 6 8 17 9 4 3 11 11 12 14 12 11 16 0 10 14 20 0 19 2 7 14 16 7 16 9 3 13 12 17 15 13 7 16 0 1 19 14 2 5
1 1 43 26
3 2 47 45 10 24 60
#c 0 1 2 3 1 6 16 7 17 18 8 11 12 5 9 13 17 6 17 20 19 20 1 4 10 4 8 18 18 15 13 11 20 0 4 3 13 6 5 1 14 19 15 10 2 8 6 8 17 9 4 3 11 11 12 14 12 11 16 0 10 14 20 0 19 2 7 14 16 7 16 9 3 13 12 17 15 13 7 16 0 1 19 14 2 5
1 1 71 18
2 4 14 49 75 16 8 48
#c 0 1 2 3 1 6 16 7 17 18 8 11 12 5 9 13 17 6 17 20 19 20 1 4 10 4 8 18 18 15 13 11 20 0 4 3 13 6 5 1 14 19 15 10 2 8 6 8 17 9 4 3 11 11 12 14 12 11 16 0 10 14 20 0 19 2 7 14 16 7 16 9 3 13 12 17 15 13 7 16 0 1 19 14 2 5
1 1 43 80
2 4 24 60 0 63 59 33
#c 0 1 2 3 1 6 16 7 17 18 8 11 12 5 9 13 17 6 17 20 19 20 1 4 10 4 8 18 18 15 13 11 20 0 4 3 13 6 5 1 14 19 15 10 2 8 6 8 17 9 4 3 11 11 12 14 12 11 16 0 10 14 20 0 19 2 7 14 16 7 16 9 3 13 12 17 15 13 7 16 0 1 19 14 2 5
1 1 52 6
4 4 11 53 31 57 58 79 68 70
#c 0 1 2 3 1 6 16 7 17 18 8 11 12 5 9 13 17 6 17 20 19 20 1 4 10 4 8 18 18 15 13 11 20 0 4 3 13 6 5 1 14 19 15 10 2 8 6 8 17 9 4 3 11 11 12 14 12 11 16 0 10 14 20 0 19 2 7 14 16 7 16 9 3 13 12 17 15 13 7 16 0 1 19 14 2 5
2 2 56 12 24 43
2 1 54 74 60
#c 0 1 2 3 1 6 16 7 17 18 8 11 10 5 9 13 17 6 17 20 19 20 1 4 12 4 8 18 18 15 13 11 20 0 4 3 13 6 5 1 14 19 15 12 2 8 6 8 17 9 4 3 11 11 12 14 10 11 16 0 10 14 20 0 19 2 7 14 16 7 16 9 3 13 12 17 15 13 7 16 0 1 19 14 2 5
2 2 15 36 85 38
3 1 77 73 30 13
#c 0 1 2 3 1 6 16 7 17 18 8 11 10 5 9 13 17 6 17 20 19 20 1 4 12 4 8 18 18 15 13 11 20 0 4 3 13 6 5 1 14 19 15 12 2 8 6 8 17 9 4 3 11 11 12 14 10 11 16 0 10 14 20 0 19 2 7 14 16 7 16 9 3 13 12 17 15 13 7 16 0 1 19 14 2 5
2 2 40 61 10 45
3 2 55 67 83 47 26
#c 0 1 2 3 1 6 16 7 17 18 8 11 10 5 9 13 17 6 17 20 19 20 1 4 12 4 8 18 18 15 13 11 20 0 4 3 13 6 5 1 14 19 15 12 2 8 6 8 17 9 4 3 11 11 12 14 10 11 16 0 10 14 20 0 19 2 7 14 16 7 16 9 3 13 12 17 15 13 7 16 0 1 19 14 2 5
#c 0 1 2 3 1 6 16 7 17 18 8 11 10 5 9 13 17 6 17 20 19 20 1 4 12 4 8 18 18 15 13 11 20 0 4 3 13 6 5 1 14 19 15 12 2 8 6 8 17 9 4 3 11 11 12 14 10 11 16 0 10 14 20 0 19 2 7 14 16 7 16 9 3 13 12 17 15 13 7 16 0 1 19 14 2 5
1 1 6 25
4 3 58 79 68 70 50 34 23
#c 0 1 2 3 1 6 16 7 17 18 8 11 10 5 9 13 17 6 17 20 19 20 1 4 12 4 8 18 18 15 13 11 20 0 4 3 13 6 5 1 14 19 15 12 2 8 6 8 17 9 4 3 11 11 12 14 10 11 16 0 10 14 20 0 19 2 7 14 16 7 16 9 3 13 12 17 15 13 7 16 0 1 19 14 2 5
2 2 8 75 22 81
3 3 16 18 48 1 39 4
#c 0 1 2 3 1 6 16 7 17 18 8 11 10 5 9 13 17 6 17 20 19 20 1 4 12 4 8 18 18 15 13 11 20 0 4 3 13 6 5 1 14 19 15 12 2 8 6 8 17 9 4 3 11 11 12 14 10 11 16 0 10 14 20 0 19 2 7 14 16 7 16 9 3 13 12 17 15 13 7 16 0 1 19 14 2 5
1 1 28 61
2 4 9 27 40 55 67 83
#c 0 1 2 3 1 6 16 7 17 18 8 11 10 5 9 13 17 6 17 20 19 20 1 4 12 4 8 18 18 15 13 11 20 0 4 3 13 6 5 1 14 19 15 12 2 8 6 8 17 9 4 3 11 11 12 14 10 11 16 0 10 14 20 0 19 2 7 14 16 7 16 9 3 13 12 17 15 13 7 16 0 1 19 14 2 5
2 2 20 41 29 76
2 1 82 64 42
#c 0 1 2 3 1 6 16 7 17 18 8 11 10 5 9 13 17 6 17 20 19 20 1 4 12 4 8 18 18 15 13 11 20 0 4 3 13 6 5 1 14 19 15 12 2 8 6 8 17 9 4 3 11 11 12 14 10 11 16 0 10 14 20 0 19 2 7 14 16 7 16 9 3 13 12 17 15 13 7 16 0 1 19 14 2 5
2 1 62 21 27
2 2 19 32 9 28
#c 0 1 2 3 1 6 16 7 17 18 8 11 10 5 9 13 17 6 17 20 19 20 1 4 12 4 8 18 18 15 13 11 20 0 4 3 13 6 5 1 14 19 15 12 2 8 6 8 17 9 4 3 11 11 12 14 10 11 16 0 10 14 20 0 19 2 7 14 16 7 16 9 3 13 12 17 15 13 7 16 0 1 19 14 2 5
1 1 59 58
4 4 0 63 80 33 79 6 68 70
#c 0 1 2 3 1 6 16 7 17 18 8 11 10 5 9 13 17 6 17 20 19 20 1 4 12 4 8 18 18 15 13 11 20 0 4 3 13 6 5 1 14 19 15 12 2 8 6 8 17 9 4 3 11 11 12 14 10 11 0 16 10 14 20 0 19 2 7 14 16 7 16 9 3 13 12 17 15 13 7 16 0 1 19 14 2 5
2 2 1 4 21 32
3 2 22 81 39 62 19
#c 0 1 2 3 1 6 16 7 17 18 8 11 10 5 9 13 17 6 17 20 19 20 1 4 12 4 8 18 18 15 13 11 20 0 4 3 13 6 5 1 14 19 15 12 2 8 6 8 17 9 4 3 11 11 12 14 10 11 0 16 10 14 20 0 19 2 7 14 16 7 16 9 3 13 12 17 15 13 7 16 0 1 19 14 2 5
2 2 44 84 20 64
2 2 2 65 82 41
#c 0 1 2 3 1 6 16 7 17 18 8 11 10 5 9 13 17 6 17 20 2 20 1 4 12 4 8 18 18 15 13 11 20 0 4 3 13 6 5 1 14 19 15 12 19 8 6 8 17 9 4 3 11 11 12 14 10 11 0 16 10 14 20 0 2 2 7 14 16 7 16 9 3 13 12 17 15 13 7 16 0 1 19 14 19 5
1 1 72 23
3 3 3 51 35 25 50 34
#c 0 1 2 3 1 6 16 7 17 18 8 11 10 5 9 13 17 6 17 20 2 20 1 3 12 4 8 18 18 15 13 11 20 0 4 3 13 6 5 1 14 19 15 12 19 8 6 8 17 9 4 3 11 11 12 14 10 11 0 16 10 14 20 0 2 2 7 14 16 7 16 9 4 13 12 17 15 13 7 16 0 1 19 14 19 5
1 2 34 7 69
3 2 25 50 72 66 78
#c 0 1 2 3 1 6 16 7 17 18 8 11 10 5 9 13 17 6 17 20 2 20 1 3 12 4 8 18 18 15 13 11 20 0 4 3 13 6 5 1 14 19 15 12 19 8 6 8 17 9 4 3 11 11 12 14 10 11 0 16 10 14 20 0 2 2 7 14 16 7 16 9 4 13 12 17 15 13 7 16 0 1 19 14 19 5
1 1 38 30
2 4 13 85 15 36 77 73
#c 0 1 2 3 1 6 16 7 17 18 8 11 10 5 9 13 17 6 17 20 2 20 1 3 12 4 8 18 18 15 13 11 20 0 4 3 13 6 5 1 14 19 15 12 19 8 6 8 17 9 4 3 11 11 12 14 10 11 0 16 10 14 20 0 2 2 7 14 16 7 16 9 4 13 12 17 15 13 7 16 0 1 19 14 19 5
2 2 46 5 7 78
2 2 37 17 66 69
#c 0 1 2 3 1 6 16 7 17 18 8 11 10 5 9 13 17 6 17 20 2 20 1 3 12 4 8 18 18 15 13 11 20 0 4 3 13 6 5 1 14 19 15 12 19 8 6 8 17 9 4 3 11 11 12 14 10 11 0 16 10 14 20 0 2 2 7 14 16 7 16 9 4 13 12 17 15 13 7 16 0 1 19 14 19 5
2 2 7 78 13 38
2 1 66 69 85
#c 0 1 2 3 1 6 16 7 17 18 8 11 10 5 9 13 17 6 17 20 2 20 1 3 12 4 8 18 18 15 13 11 20 0 4 3 13 6 5 1 14 19 15 12 19 8 6 8 17 9 4 3 11 11 12 14 10 11 0 16 10 14 20 0 2 2 7 14 16 7 16 9 4 13 12 17 15 13 7 16 0 1 19 14 19 5
1 1 10 3
3 3 47 45 26 51 35 23
#c 0 1 2 8 1 6 16 7 17 18 3 11 10 5 9 13 17 6 17 20 2 20 1 3 12 4 8 18 18 15 13 11 20 0 4 3 13 6 5 1 14 19 15 12 19 8 6 8 17 9 4 3 11 11 12 14 10 11 0 16 10 14 20 0 2 2 7 14 16 7 16 9 4 13 12 17 15 13 7 16 0 1 19 14 19 5
1 1 71 85
2 2 14 49 13 38
#c 0 1 2 8 1 6 16 7 17 18 3 11 10 5 9 13 17 6 17 20 2 20 1 3 12 4 8 18 18 15 13 11 20 0 4 3 13 6 5 1 14 19 15 12 19 8 6 8 17 9 4 3 11 11 12 14 10 11 0 16 10 14 20 0 2 2 7 14 16 7 16 5 4 13 12 17 15 13 7 16 0 1 19 14 19 9
1 1 60 46
2 3 56 12 5 37 17
#c 0 1 2 8 1 6 16 7 17 18 3 11 10 5 9 13 17 6 17 20 2 20 1 3 12 4 8 18 18 15 13 11 20 0 4 3 13 6 5 1 14 19 15 12 19 8 10 8 17 9 4 3 11 11 12 14 10 11 0 16 6 14 20 0 2 2 7 14 16 7 16 5 4 13 12 17 15 13 7 16 0 1 19 14 19 9
1 1 53 36
4 4 11 52 31 57 15 77 73 30
#c 0 1 2 8 1 6 16 7 17 18 3 11 10 5 9 13 17 6 17 20 2 20 1 3 12 4 8 18 18 15 13 11 20 0 4 3 13 6 5 1 14 19 15 12 19 8 10 8 17 9 4 3 11 11 12 14 10 11 0 16 6 14 20 0 2 2 7 14 16 7 16 5 4 13 12 17 15 13 7 16 0 1 19 14 19 9
2 2 54 43 29 42
2 1 74 24 76
#c 0 1 2 8 1 6 16 7 17 18 3 11 10 5 9 13 17 6 17 20 2 20 1 3 12 4 8 18 18 15 13 11 20 0 4 3 13 6 5 1 14 19 15 12 19 8 10 8 17 9 4 3 11 11 12 14 10 11 0 16 6 14 20 0 2 2 7 14 16 7 16 5 4 13 12 17 15 13 7 16 0 1 19 14 19 9
#c 0 1 2 8 1 6 16 7 17 18 3 11 10 5 9 13 17 6 17 20 2 20 1 3 12 4 8 18 18 15 13 11 20 0 4 3 13 6 5 1 14 19 15 12 19 8 10 8 17 9 4 3 11 11 12 14 10 11 0 16 6 14 20 0 2 2 7 14 16 7 16 5 4 13 12 17 15 13 7 16 0 1 19 14 19 9
2 2 40 61 38 13
3 1 55 67 83 71
#c 0 1 2 8 1 6 16 7 17 18 3 11 10 5 9 13 17 6 17 20 2 20 1 3 12 4 8 18 18 15 13 11 20 0 4 3 13 6 5 1 14 19 15 12 19 8 10 8 17 9 4 3 11 11 12 14 10 11 0 16 6 14 20 0 2 2 7 14 16 7 16 5 4 13 12 17 15 13 7 16 0 1 19 14 19 9
1 1 42 23
2 3 76 29 51 35 10
#c 0 1 2 8 1 6 16 7 17 18 3 11 10 5 9 13 17 6 17 20 2 20 1 3 12 4 8 18 18 15 13 11 20 0 4 3 13 6 5 1 14 19 15 12 19 8 10 8 17 9 4 3 11 11 12 14 10 11 0 16 6 14 20 0 2 2 7 14 16 7 16 5 4 13 12 17 15 13 7 16 0 1 19 14 19 9
2 2 6 59 3 47
3 2 79 68 70 45 26
#c 0 1 2 8 1 6 16 7 17 18 3 11 10 5 9 13 17 6 17 20 2 20 1 3 12 4 8 18 18 15 13 11 20 0 4 3 13 6 5 1 14 19 15 12 19 8 10 8 17 9 4 3 11 11 12 14 10 11 0 16 6 14 20 0 2 2 7 14 16 7 16 5 4 13 12 17 15 13 7 16 0 1 19 14 19 9
1 1 18 39
4 4 75 16 8 48 1 22 81 4
#c 0 1 2 8 1 6 16 7 17 18 3 11 10 5 9 13 17 6 17 20 2 20 1 3 12 4 8 18 18 15 13 11 20 0 4 3 13 6 5 1 14 19 15 12 19 8 10 8 17 9 4 3 11 11 12 14 10 11 0 16 6 14 20 0 2 2 7 14 16 7 16 5 4 13 12 17 15 13 7 16 0 1 19 14 19 9
0 1 2 8 1 6 16 7 17 18 3 11 10 5 9 13 17 6 17 20 2 20 1 3 12 4 8 18 18 15 13 11 20 0 4 3 13 6 5 1 14 19 15 12 19 8 10 8 17 9 4 3 11 11 12 14 10 11 0 16 6 14 20 0 2 2 7 14 16 7 16 5 4 13 12 17 15 13 7 16 0 1 19 14 19 9
