#c 0 1 2 3 4 5 6 7 0 1 2 3 4 5 6 7 0 1 2 3 4 5 6 7 0 1 2 3 4 5 6 7 0 1 2 3 4 5 6 7 0 1 2 3 4 5 6 7 0 1 2 3 4 5 6 7 0 1 2 3 4 5 6 7 0 1 2 3 4 5 6 7 0 1 2 3 4 5 6 7 0 1 2 3 4 5 6 7 0
2 2 1 57 84 28
9 9 9 17 25 33 41 49 65 73 81 4 12 20 36 44 52 60 68 76
#c 0 1 2 3 4 5 6 7 0 1 2 3 4 5 6 7 0 1 2 3 4 5 6 7 0 1 2 3 4 5 6 7 0 1 2 3 4 5 6 7 0 1 2 3 4 5 6 7 0 1 2 3 4 5 6 7 0 1 2 3 4 5 6 7 0 1 2 3 4 5 6 7 0 1 2 3 4 5 6 7 0 1 2 3 4 5 6 7 0
5 5 58 10 50 82 66 23 63 39 31 7
6 6 2 18 26 34 42 74 15 47 55 71 79 87
#c 0 1 2 3 4 5 6 2 0 1 7 3 4 5 6 7 0 1 2 3 4 5 6 2 0 1 2 3 4 5 6 2 0 1 2 3 4 5 6 2 0 1 2 3 4 5 6 7 0 1 7 3 4 5 6 7 0 1 7 3 4 5 6 2 0 1 7 3 4 5 6 7 0 1 2 3 4 5 6 7 0 1 7 3 4 5 6 7 0
2 2 83 75 7 42
9 9 3 11 19 27 35 43 51 59 67 2 18 26 34 74 23 63 39 31
#c 0 1 2 3 4 5 6 2 0 1 7 3 4 5 6 7 0 1 2 3 4 5 6 2 0 1 2 3 4 5 6 2 0 1 2 3 4 5 6 2 0 1 2 3 4 5 6 7 0 1 7 3 4 5 6 7 0 1 7 3 4 5 6 2 0 1 7 3 4 5 6 7 0 1 2 3 4 5 6 7 0 1 7 3 4 5 6 7 0
2 2 68 4 70 38
9 9 12 20 28 36 44 52 60 76 84 6 14 22 30 46 54 62 78 86
#c 0 1 2 3 4 5 6 2 0 1 7 3 4 5 6 7 0 1 2 3 4 5 6 2 0 1 2 3 4 5 6 2 0 1 2 3 4 5 6 2 0 1 2 3 4 5 6 7 0 1 7 3 4 5 6 7 0 1 7 3 4 5 6 2 0 1 7 3 4 5 6 7 0 1 2 3 4 5 6 7 0 1 7 3 4 5 6 7 0
3 3 21 45 61 72 56 40
8 9 5 13 29 37 53 69 77 85 0 8 16 24 32 48 64 80 88
#c 0 1 2 3 4 5 6 2 0 1 7 3 4 5 6 7 0 1 2 3 4 0 6 2 0 1 2 3 4 5 6 2 0 1 2 3 4 5 6 2 5 1 2 3 4 0 6 7 0 1 7 3 4 5 6 7 5 1 7 3 4 0 6 2 0 1 7 3 4 5 6 7 5 1 2 3 4 5 6 7 0 1 7 3 4 5 6 7 0
3 3 38 30 14 74 63 23
8 8 6 22 46 54 62 70 78 86 2 18 26 34 42 39 31 7
#c 0 1 2 3 4 5 6 2 0 1 7 3 4 5 2 7 0 1 2 3 4 0 6 6 0 1 2 3 4 5 2 2 0 1 2 3 4 5 2 2 5 1 2 3 4 0 6 7 0 1 7 3 4 5 6 7 5 1 7 3 4 0 6 6 0 1 7 3 4 5 6 7 5 1 6 3 4 5 6 7 0 1 7 3 4 5 6 7 0
5 5 50 82 10 66 71 61 80 24 32 8
6 7 15 47 55 79 87 58 0 16 48 64 88 21 45
#c 0 1 2 3 4 5 6 2 7 1 0 3 4 5 2 7 0 1 2 3 4 0 6 6 7 1 2 3 4 5 2 2 7 1 2 3 4 5 2 2 5 1 2 3 4 0 6 7 0 1 0 3 4 5 6 7 5 1 7 3 4 7 6 6 0 1 0 3 4 5 6 0 5 1 6 3 4 5 6 7 7 1 0 3 4 5 6 7 0
5 5 48 71 45 16 88 4 76 52 20 84
7 6 0 64 21 50 82 10 66 12 28 36 44 60 68
#c 0 1 2 3 0 5 6 2 7 1 0 3 4 5 2 7 4 1 2 3 0 0 6 6 7 1 2 3 4 5 2 2 7 1 2 3 4 5 2 2 5 1 2 3 4 4 6 7 4 1 0 3 0 5 6 7 5 1 7 3 4 7 6 6 0 1 0 3 4 5 6 4 5 1 6 3 0 5 6 7 7 1 0 3 0 5 6 7 4
2 2 33 41 0 50
9 10 1 9 17 25 49 57 65 73 81 64 21 82 10 66 4 76 52 20 84
#c 1 1 2 3 0 5 6 2 7 1 0 3 4 5 2 7 4 1 2 3 0 0 6 6 7 1 2 3 4 5 2 2 7 0 2 3 4 5 2 2 5 0 2 3 4 4 6 7 4 1 1 3 0 5 6 7 5 1 7 3 4 7 6 6 0 1 0 3 4 5 6 4 5 1 6 3 0 5 6 7 7 1 0 3 0 5 6 7 4
3 3 31 39 38 13 85 77
8 8 2 18 26 34 42 7 30 14 5 29 37 53 69 72 56 40
#c 1 1 2 3 0 5 6 2 7 1 0 3 4 5 2 7 4 1 2 3 0 0 6 6 7 1 2 3 4 5 2 2 7 0 2 3 4 5 2 2 5 0 2 3 4 4 6 7 4 1 1 3 0 5 6 7 5 1 7 3 4 7 6 6 0 1 0 3 4 5 6 4 5 1 6 3 0 5 6 7 7 1 0 3 0 5 6 7 4
2 2 19 35 85 72
9 9 3 11 27 43 51 59 67 75 83 5 13 29 37 53 69 77 56 40
#c 1 1 2 3 0 5 6 2 7 1 0 3 4 5 2 7 4 1 2 3 0 0 6 6 7 1 2 3 4 5 2 2 7 0 2 3 4 5 2 2 5 0 2 3 4 4 6 7 4 1 1 3 0 5 6 7 5 1 7 3 4 7 6 6 0 1 0 3 4 5 6 4 5 1 6 3 0 5 6 7 7 1 0 3 0 5 6 7 4
1 1 28 64
10 11 12 36 44 60 68 48 71 45 16 88 21 82 10 66 4 76 52 20 84 33 41
#c 1 1 2 3 0 5 6 2 7 1 0 3 4 5 2 7 4 1 2 3 0 0 6 6 7 1 2 3 4 5 2 2 7 0 2 3 4 5 2 2 5 0 2 3 4 4 6 7 4 1 1 3 0 5 6 7 5 1 7 3 4 7 6 6 0 1 0 3 4 5 6 4 5 1 6 3 0 5 6 7 7 1 0 3 0 5 6 7 4
#c 1 1 2 3 0 5 6 2 7 1 0 3 4 5 2 7 4 1 2 3 0 0 6 6 7 1 2 3 4 5 2 2 7 0 2 3 4 5 2 2 5 0 2 3 4 4 6 7 4 1 1 3 0 5 6 7 5 1 7 3 4 7 6 6 0 1 0 3 4 5 6 4 5 1 6 3 0 5 6 7 7 1 0 3 0 5 6 7 4
#c 1 1 2 3 0 5 6 2 7 1 0 3 4 5 2 7 4 1 2 3 0 0 6 6 7 1 2 3 4 5 2 2 7 0 2 3 4 5 2 2 5 0 2 3 4 4 6 7 4 1 1 3 0 5 6 7 5 1 7 3 4 7 6 6 0 1 0 3 4 5 6 4 5 1 6 3 0 5 6 7 7 1 0 3 0 5 6 7 4
3 3 58 32 61 42 30 34
8 8 15 47 55 79 87 80 24 8 2 18 26 39 31 7 38 14
#c 1 1 2 3 0 5 6 2 7 1 0 3 4 5 2 7 4 1 2 3 0 0 6 6 7 1 2 3 4 5 7 2 2 0 7 3 4 5 2 2 5 0 7 3 4 4 6 7 4 1 1 3 0 5 6 7 5 1 2 3 4 2 6 6 0 1 0 3 4 5 6 4 5 1 6 3 0 5 6 7 7 1 0 3 0 5 6 7 4
2 2 21 33 78 22
10 9 64 82 10 66 4 76 52 20 84 41 6 46 54 62 70 86 74 63 23
#c 1 1 2 3 0 5 6 2 7 1 0 3 4 5 2 7 4 1 2 3 0 6 0 6 7 1 2 3 4 5 7 2 2 6 7 3 4 5 2 2 5 0 7 3 4 4 6 7 4 1 1 3 0 5 6 7 5 1 2 3 4 2 6 6 0 1 0 3 4 5 6 4 5 1 6 3 0 5 0 7 7 1 0 3 0 5 6 7 4
4 4 9 81 1 50 85 13 77 29
7 7 17 25 49 57 65 73 0 5 37 53 69 72 56 40
#c 1 1 2 3 0 5 6 2 7 1 0 3 4 5 2 7 4 1 2 3 0 6 0 6 7 1 2 3 4 5 7 2 2 6 7 3 4 5 2 2 5 0 7 3 4 4 6 7 4 1 1 3 0 5 6 7 5 1 2 3 4 2 6 6 0 1 0 3 4 5 6 4 5 1 6 3 0 5 0 7 7 1 0 3 0 5 6 7 4
4 3 14 7 39 2 73 25 81
7 8 18 26 31 38 58 32 61 1 9 17 49 57 65 0 50
#c 1 1 2 3 0 5 6 2 7 1 0 3 4 5 2 7 4 1 2 3 0 6 0 6 7 1 2 3 4 5 7 2 2 6 7 3 4 5 2 2 5 0 7 3 4 4 6 7 4 1 1 3 0 5 6 7 5 1 2 3 4 2 6 6 0 1 0 3 4 5 6 4 5 1 6 3 0 5 0 7 7 1 0 3 0 5 6 7 4
3 3 27 83 51 55 80 15
8 8 3 11 19 35 43 59 67 75 47 79 87 24 8 42 30 34
#c 1 1 2 3 0 5 6 2 7 1 0 3 4 5 2 3 4 1 2 3 0 6 0 6 7 1 2 7 4 5 7 2 2 6 7 3 4 5 2 2 5 0 7 3 4 4 6 7 4 1 1 7 0 5 6 3 5 1 2 3 4 2 6 6 0 1 0 3 4 5 6 4 5 1 6 3 0 5 0 7 3 1 0 7 0 5 6 7 4
2 2 88 16 72 77
9 9 12 28 36 44 60 68 48 71 45 5 13 29 37 53 69 85 56 40
#c 1 1 2 3 0 5 6 2 7 1 0 3 4 5 2 3 4 1 2 3 0 6 0 6 7 1 2 7 4 5 7 2 2 6 7 3 4 5 2 2 5 0 7 3 4 4 6 7 4 1 1 7 0 5 6 3 5 1 2 3 4 2 6 6 0 1 0 3 4 5 6 4 5 1 6 3 0 5 0 7 3 1 0 7 0 5 6 7 4
4 4 37 29 69 53 19 80 35 43
7 7 5 13 77 85 72 56 40 3 11 59 67 75 55 15
#c 1 1 2 3 0 5 6 2 7 1 0 3 4 5 2 3 4 1 2 3 0 6 0 6 7 1 2 7 4 5 7 2 2 6 7 3 4 5 2 2 5 0 7 3 4 4 6 7 4 1 1 7 0 5 6 3 5 1 2 3 4 2 6 6 0 1 0 3 4 5 6 4 5 1 6 3 0 5 0 7 3 1 0 7 0 5 6 7 4
5 5 62 70 21 86 54 78 84 4 64 22
6 7 6 46 74 63 23 33 82 10 66 76 52 20 41
#c 1 1 2 3 6 5 6 2 7 1 0 3 4 5 2 3 4 1 2 3 0 0 6 6 7 1 2 7 4 5 7 2 2 6 7 3 4 5 2 2 5 0 7 3 4 4 6 7 4 1 1 7 0 5 0 3 5 1 2 3 4 2 0 6 6 1 0 3 4 5 0 4 5 1 6 3 0 5 6 7 3 1 0 7 6 5 0 7 4
3 3 87 8 30 37 53 72
8 8 47 79 24 42 34 27 83 51 5 13 29 69 77 85 56 40
#c 1 1 2 3 6 5 6 2 7 1 0 3 4 5 2 3 4 1 2 3 0 0 6 6 7 1 2 7 4 5 7 2 2 6 7 3 4 5 2 2 5 0 7 3 4 4 6 7 4 1 1 7 0 5 0 3 5 1 2 3 4 2 0 6 6 1 0 3 4 5 0 4 5 1 6 3 0 5 6 7 3 1 0 7 6 5 0 7 4
#c 1 1 2 3 6 5 6 2 7 1 0 3 4 5 2 3 4 1 2 3 0 0 6 6 7 1 2 7 4 5 7 2 2 6 7 3 4 5 2 2 5 0 7 3 4 4 6 7 4 1 1 7 0 5 0 3 5 1 2 3 4 2 0 6 6 1 0 3 4 5 0 4 5 1 6 3 0 5 6 7 3 1 0 7 6 5 0 7 4
1 1 65 31
10 10 1 9 17 25 49 57 73 81 0 50 2 18 26 39 7 38 14 58 32 61
#c 1 1 2 3 6 5 6 2 7 1 0 3 4 5 2 3 4 1 2 3 0 0 6 6 7 1 2 7 4 5 7 1 2 6 7 3 4 5 2 2 5 0 7 3 4 4 6 7 4 1 1 7 0 5 0 3 5 1 2 3 4 2 0 6 6 2 0 3 4 5 0 4 5 1 6 3 0 5 6 7 3 1 0 7 6 5 0 7 4
3 3 18 65 58 63 22 23
8 8 2 26 39 7 38 14 32 61 6 46 74 33 78 84 4 64
#c 1 1 2 3 6 5 6 2 7 1 0 3 4 5 2 3 4 1 2 3 0 0 6 6 7 1 2 7 4 5 7 1 2 6 7 3 4 5 2 2 5 0 7 3 4 4 6 7 4 1 1 7 0 5 0 3 5 1 2 3 4 2 0 6 6 2 0 3 4 5 0 4 5 1 6 3 0 5 6 7 3 1 0 7 6 5 0 7 4
5 5 35 19 55 59 43 49 81 50 9 73
6 6 3 11 67 75 80 15 1 17 25 57 0 31
#c 1 1 2 3 6 5 6 2 7 3 0 3 4 5 2 3 4 1 2 1 0 0 6 6 7 1 2 7 4 5 7 1 2 6 7 1 4 5 2 2 5 0 7 1 4 4 6 7 4 3 3 7 0 5 0 1 5 1 2 1 4 2 0 6 6 2 0 3 4 5 0 4 5 3 6 3 0 5 6 7 3 3 0 7 6 5 0 7 4
3 3 12 71 44 52 82 86
8 9 28 36 60 68 48 45 16 88 10 66 76 20 41 62 70 21 54
#c 1 1 2 3 6 5 6 2 7 3 0 3 0 5 2 3 4 1 2 1 0 0 6 6 7 1 2 7 4 5 7 1 2 6 7 1 4 5 2 2 5 0 7 1 0 4 6 7 4 3 3 7 4 5 0 1 5 1 2 1 4 2 0 6 6 2 0 3 4 5 0 0 5 3 6 3 0 5 6 7 3 3 4 7 6 5 4 7 4
1 1 85 42
10 10 5 13 29 37 53 69 77 72 56 40 47 79 87 24 8 30 34 27 83 51
#c 1 1 2 3 6 5 6 2 7 3 0 3 0 5 2 3 4 1 2 1 0 0 6 6 7 1 2 7 4 5 7 1 2 6 7 1 4 5 2 2 5 0 5 1 0 4 6 7 4 3 3 7 4 5 0 1 5 1 2 1 4 2 0 6 6 2 0 3 4 5 0 0 5 3 6 3 0 5 6 7 3 3 4 7 6 7 4 7 4
2 2 84 6 60 52
9 9 46 74 63 23 33 78 4 64 22 28 36 68 48 45 16 88 82 86
#c 1 1 2 3 6 5 6 2 7 3 0 3 0 5 2 3 4 1 2 1 0 0 6 6 7 1 2 7 4 5 7 1 2 6 7 1 4 5 2 2 5 0 5 1 0 4 6 7 4 3 3 7 4 5 0 1 5 1 2 1 4 2 0 6 6 2 0 3 4 5 0 0 5 3 6 3 0 5 6 7 3 3 4 7 6 7 4 7 4
5 5 30 8 24 79 85 76 41 66 12 71
6 7 47 87 34 27 83 51 10 20 62 70 21 54 44
#c 1 1 2 3 6 5 6 2 7 3 0 3 0 5 2 3 4 1 2 1 0 0 6 6 7 1 2 7 4 5 7 1 2 6 7 1 4 5 2 2 5 0 5 1 0 4 6 7 4 3 3 7 4 5 0 1 5 1 2 1 4 2 0 6 6 2 0 3 4 5 0 0 5 3 6 3 0 5 6 7 3 3 4 7 6 7 4 7 4
4 6 76 41 20 66 30 24 47 34 79 8
8 5 10 62 70 21 54 12 71 44 87 27 83 51 85
#c 1 1 2 3 6 5 6 2 7 3 0 3 0 5 2 3 4 1 2 1 0 0 6 6 7 1 2 7 4 5 7 1 2 6 7 1 4 5 2 2 5 0 5 1 0 4 6 7 4 3 3 7 4 5 0 1 5 1 2 1 4 2 0 6 6 2 0 3 4 5 0 0 5 3 6 3 0 5 6 7 3 3 4 7 6 7 4 7 4
3 4 25 31 0 85 8 87 24
8 7 1 17 57 35 19 55 59 43 47 79 30 34 27 83 51
#c 1 1 2 3 6 5 6 2 7 3 0 3 0 5 2 3 4 1 2 1 0 0 6 6 7 1 2 7 4 5 7 1 2 6 7 1 4 5 2 2 5 0 5 1 0 4 6 7 4 3 3 7 4 5 0 1 5 1 2 1 4 2 0 6 6 2 0 3 4 5 0 0 5 3 6 3 0 5 6 7 3 3 4 7 6 7 4 7 4
3 3 2 18 7 19 0 25
8 8 26 39 38 14 58 32 61 65 1 17 57 31 35 55 59 43
#c 1 1 2 3 6 5 6 2 7 3 0 3 0 5 2 3 4 1 2 1 0 0 6 6 7 1 2 7 4 5 7 1 2 6 7 1 4 5 2 2 5 0 5 1 0 4 6 7 4 3 3 7 4 5 0 1 5 1 2 1 4 2 0 6 6 2 0 3 4 5 0 0 5 3 6 3 0 5 6 7 3 3 4 7 6 7 4 7 4
2 2 9 73 0 31
9 9 3 11 67 75 80 15 49 81 50 1 17 25 57 35 19 55 59 43
#c 1 1 2 3 6 5 6 2 7 3 0 3 0 5 2 3 4 1 2 1 0 0 6 6 7 1 2 7 4 5 7 1 2 6 7 1 4 5 2 2 5 0 5 1 0 4 6 7 4 3 3 7 4 5 0 1 5 1 2 1 4 2 0 6 6 2 0 3 4 5 0 0 5 3 6 3 0 5 6 7 3 3 4 7 6 7 4 7 4
1 1 86 17
10 10 28 36 60 68 48 45 16 88 52 82 1 25 57 0 31 35 19 55 59 43
#c 1 1 2 3 6 5 6 2 7 3 0 3 0 5 2 3 4 4 2 1 0 0 6 6 7 1 2 7 4 5 7 1 2 6 7 1 4 5 2 2 5 0 5 1 0 4 6 7 4 3 3 7 4 5 0 1 5 1 2 1 4 2 0 6 6 2 0 3 4 5 0 0 5 3 6 3 0 5 6 7 3 3 4 7 6 7 1 7 4
#c 1 1 2 3 6 5 6 2 7 3 0 3 0 5 2 3 4 4 2 1 0 0 6 6 7 1 2 7 4 5 7 1 2 6 7 1 4 5 2 2 5 0 5 1 0 4 6 7 4 3 3 7 4 5 0 1 5 1 2 1 4 2 0 6 6 2 0 3 4 5 0 0 5 3 6 3 0 5 6 7 3 3 4 7 6 7 1 7 4
5 5 23 46 74 84 6 17 82 68 16 48
6 6 63 33 78 4 64 22 28 36 60 45 88 52
#c 1 1 2 3 6 5 6 2 7 3 0 3 0 5 2 3 4 4 2 1 0 0 6 6 7 1 2 7 4 5 7 1 2 6 7 1 4 5 2 2 5 0 5 1 0 4 6 7 4 3 3 7 4 5 0 1 5 1 2 1 4 2 0 6 6 2 0 3 4 5 0 0 5 3 6 3 0 5 6 7 3 3 4 7 6 7 1 7 4
1 3 87 59 0 1
10 8 47 79 24 8 30 34 27 83 51 85 25 57 31 35 19 55 43 86
#c 1 1 2 3 6 5 6 2 7 3 0 3 0 5 2 3 4 4 2 1 0 0 6 6 7 1 2 7 4 5 7 1 2 6 7 1 4 5 2 2 5 0 5 1 0 4 6 7 4 3 3 7 4 5 0 1 5 1 2 1 4 2 0 6 6 2 0 3 4 5 0 0 5 3 6 3 0 5 6 7 3 3 4 7 6 7 1 7 4
6 6 20 76 62 44 10 12 46 6 4 84 74 23
6 5 66 41 70 21 54 71 63 33 78 64 22
#c 1 1 2 3 6 5 6 2 7 3 0 3 0 5 2 3 4 4 2 1 0 0 6 6 7 1 2 7 4 5 7 1 2 6 7 1 4 5 2 2 5 0 5 1 0 4 6 7 4 3 3 7 4 5 0 1 5 1 2 1 4 2 0 6 6 2 0 3 4 5 0 0 5 3 6 3 0 5 6 7 3 3 4 7 6 7 1 7 4
1 1 57 20
10 11 1 25 0 31 35 19 55 59 43 86 10 66 76 41 62 70 21 54 12 71 44
#c 1 1 2 3 6 5 6 2 7 3 0 3 0 5 2 3 4 4 2 1 0 0 6 6 7 1 2 7 4 5 7 1 2 6 7 1 4 5 2 2 5 0 5 1 0 4 6 7 4 3 3 7 4 5 0 1 5 1 2 1 4 2 0 6 6 2 0 3 4 5 0 0 5 3 6 3 0 5 6 7 3 3 4 7 6 7 1 7 4
2 2 61 2 21 76
9 10 18 26 39 7 38 14 58 32 65 10 66 20 41 62 70 54 12 71 44
#c 1 1 2 3 6 5 6 2 7 3 0 3 0 5 2 3 4 4 2 1 0 0 6 6 7 1 2 7 4 5 7 1 2 6 7 1 4 5 2 2 5 0 5 1 0 4 6 7 4 3 3 7 4 5 0 1 5 1 2 1 4 2 0 6 6 2 0 3 4 5 0 0 5 3 6 3 0 5 6 7 3 3 4 7 6 7 1 7 4
5 6 67 49 9 15 75 72 13 40 37 42 5
6 5 3 11 80 81 50 73 29 53 69 77 56
#c 1 1 2 3 6 5 6 2 7 3 0 3 0 5 2 3 4 4 2 1 0 0 6 6 7 1 2 7 4 5 7 1 2 6 7 1 4 5 2 2 5 0 5 1 0 4 6 7 4 3 3 7 4 5 0 1 5 1 2 1 4 2 0 6 6 2 0 3 4 5 0 0 5 3 6 3 0 5 6 7 3 3 4 7 6 7 1 7 4
5 5 60 88 45 28 48 2 38 18 39 61
6 6 36 68 16 52 82 17 26 7 14 58 32 65
#c 1 1 2 3 6 5 6 2 7 3 0 3 0 5 2 3 4 4 2 1 0 0 6 6 7 1 2 7 4 5 7 1 2 6 7 1 4 5 2 2 5 0 5 1 0 4 6 7 4 3 3 7 4 5 0 1 5 1 2 1 4 2 0 6 6 2 0 3 4 5 0 0 5 3 6 3 0 5 6 7 3 3 4 7 6 7 1 7 4
5 4 72 29 77 13 40 50 3 15 49
6 7 5 37 53 69 56 42 11 67 75 80 81 9 73
#c 1 1 2 3 6 5 6 2 7 3 0 3 0 5 2 3 4 4 2 1 0 0 6 6 7 1 2 7 4 5 7 1 2 6 7 1 4 5 2 2 5 0 5 1 0 4 6 7 4 3 3 7 4 5 0 1 5 1 2 1 4 2 0 6 6 2 0 3 4 5 0 0 5 3 6 3 0 5 6 7 3 3 4 7 6 7 1 7 4
1 1 22 25
10 10 6 46 74 63 23 33 78 84 4 64 1 57 0 31 35 19 55 59 43 86
#c 1 1 2 3 6 5 6 2 7 3 0 3 0 5 2 3 4 4 2 1 0 0 6 6 7 1 2 7 4 5 7 1 2 6 7 1 4 5 2 2 5 0 5 1 0 4 6 7 4 3 3 7 4 5 0 1 5 1 2 1 4 2 0 6 6 2 0 3 4 5 0 0 5 3 6 3 0 5 6 7 3 3 4 7 6 7 1 7 4
3 5 85 8 47 43 57 86 1 25
8 6 79 87 24 30 34 27 83 51 0 31 35 19 55 59
#c 1 1 2 3 6 5 6 2 7 3 0 3 0 5 2 3 4 4 2 1 0 0 6 6 7 1 2 7 4 5 7 1 2 6 7 1 4 5 2 2 5 0 5 1 0 4 6 7 4 3 3 7 4 5 0 1 5 1 2 1 4 2 0 6 6 2 0 3 4 5 0 0 5 3 6 3 0 5 6 7 3 3 4 7 6 7 1 7 4
6 6 12 70 20 10 41 62 85 87 34 51 83 24
6 5 66 76 21 54 71 44 47 79 8 30 27
#c 1 1 2 3 6 5 6 2 7 3 0 3 0 5 2 3 4 4 2 1 0 0 6 6 7 1 2 7 4 5 7 1 2 6 7 1 4 5 2 2 5 0 5 1 0 4 6 7 4 3 3 7 4 5 0 1 5 1 2 1 4 2 0 6 6 2 0 3 4 5 0 0 5 3 6 3 0 5 6 7 3 3 4 7 6 7 1 7 4
5 5 31 0 43 19 1 79 51 8 34 24
6 6 25 57 35 55 59 86 47 87 30 27 83 85
#c 1 1 2 3 6 5 6 2 7 3 0 3 0 5 2 3 4 4 2 1 0 0 6 6 7 1 2 7 4 5 7 1 2 6 7 1 4 5 2 2 5 0 5 1 0 4 6 7 4 3 3 7 4 5 0 1 5 1 2 1 4 2 0 6 6 2 0 3 4 5 0 0 5 3 6 3 0 5 6 7 3 3 4 7 6 7 1 7 4
#c 1 1 2 3 6 5 6 2 7 3 0 3 0 5 2 3 4 4 2 1 0 0 6 6 7 1 2 7 4 5 7 1 2 6 7 1 4 5 2 2 5 0 5 1 0 4 6 7 4 3 3 7 4 5 0 1 5 1 2 1 4 2 0 6 6 2 0 3 4 5 0 0 5 3 6 3 0 5 6 7 3 3 4 7 6 7 1 7 4
3 3 9 15 11 28 52 36
8 8 3 67 75 80 49 81 50 73 60 68 48 45 16 88 82 17
#c 1 1 2 3 6 5 6 2 7 3 0 3 0 5 2 3 4 4 2 1 0 0 6 6 7 1 2 7 4 5 7 1 2 6 7 1 4 5 2 2 5 0 5 1 0 4 6 7 4 3 3 7 4 5 0 1 5 1 2 1 4 2 0 6 6 2 0 3 4 5 0 0 5 3 6 3 0 5 6 7 3 3 4 7 6 7 1 7 4
1 1 48 24
10 10 28 36 60 68 45 16 88 52 82 17 47 79 87 8 30 34 27 83 51 85
#c 1 1 2 3 6 5 6 2 7 3 0 3 0 5 2 3 4 4 2 1 0 0 6 6 7 1 2 7 4 5 7 1 2 6 7 1 4 5 2 2 5 0 5 1 0 4 6 7 4 3 3 7 4 5 0 1 5 1 2 1 4 2 0 6 6 2 0 3 4 5 0 0 5 3 6 3 0 5 6 7 3 3 4 7 6 7 1 7 4
#c 1 1 2 3 6 5 6 2 7 3 0 3 0 5 2 3 4 4 2 1 0 0 6 6 7 1 2 7 4 5 7 1 2 6 7 1 4 5 2 2 5 0 5 1 0 4 6 7 4 3 3 7 4 5 0 1 5 1 2 1 4 2 0 6 6 2 0 3 4 5 0 0 5 3 6 3 0 5 6 7 3 3 4 7 6 7 1 7 4
3 3 33 74 6 83 30 87
8 8 46 63 23 78 84 4 64 22 47 79 24 8 34 27 51 85
#c 1 1 2 3 6 5 6 2 7 3 0 3 0 5 2 3 4 4 2 1 0 0 6 6 7 1 2 7 4 5 7 1 2 6 7 1 4 5 2 2 5 0 5 1 0 4 6 7 4 3 3 7 4 5 0 1 5 1 2 1 4 2 0 6 6 2 0 3 4 5 0 0 5 3 6 3 0 5 6 7 3 3 4 7 6 7 1 7 4
1 1 8 25
10 10 47 79 87 24 30 34 27 83 51 85 1 57 0 31 35 19 55 59 43 86
#c 1 1 2 3 6 5 6 2 7 3 0 3 0 5 2 3 4 4 2 1 0 0 6 6 7 1 2 7 4 5 7 1 2 6 7 1 4 5 2 2 5 0 5 1 0 4 6 7 4 3 3 7 4 5 0 1 5 1 2 1 4 2 0 6 6 2 0 3 4 5 0 0 5 3 6 3 0 5 6 7 3 3 4 7 6 7 1 7 4
5 5 76 12 44 21 41 35 55 1 25 19
7 6 10 66 20 62 70 54 71 57 0 31 59 43 86
#c 1 1 2 3 6 5 6 2 7 3 0 3 0 5 2 3 4 4 2 1 0 0 6 6 7 1 2 7 4 5 7 1 2 6 7 1 4 5 2 2 5 0 5 1 0 4 6 7 4 3 3 7 4 5 0 1 5 1 2 1 4 2 0 6 6 2 0 3 4 5 0 0 5 3 6 3 0 5 6 7 3 3 4 7 6 7 1 7 4
5 6 0 19 59 25 55 70 12 44 41 54 21
6 6 1 57 31 35 43 86 10 66 76 20 62 71
#c 1 1 2 3 6 5 6 2 7 3 0 3 0 5 2 3 4 4 2 1 0 0 6 6 7 1 2 7 4 5 7 1 2 6 7 1 4 5 2 2 5 0 5 1 0 4 6 7 4 3 3 7 4 5 0 1 5 1 2 1 4 2 0 6 6 2 0 3 4 5 0 0 5 3 6 3 0 5 6 7 3 3 4 7 6 7 1 7 4
5 5 2 65 14 61 58 23 22 46 78 84
6 6 18 26 39 7 38 32 6 74 63 33 4 64
#c 1 1 2 3 6 5 6 2 7 3 0 3 0 5 2 3 4 4 2 1 0 0 6 6 7 1 2 7 4 5 7 1 2 6 7 1 4 5 2 2 5 0 5 1 0 4 6 7 4 3 3 7 4 5 0 1 5 1 2 1 4 2 0 6 6 2 0 3 4 5 0 0 5 3 6 3 0 5 6 7 3 3 4 7 6 7 1 7 4
2 2 15 49 43 86
9 9 3 11 67 75 80 81 50 9 73 1 25 57 0 31 35 19 55 59
#c 1 1 2 3 6 5 6 2 7 3 0 3 0 5 2 3 4 4 2 1 0 0 6 6 7 1 2 7 4 5 7 1 2 6 7 1 4 5 2 2 5 0 5 1 0 4 6 7 4 3 3 7 4 5 0 1 5 1 2 1 4 2 0 6 6 2 0 3 4 5 0 0 5 3 6 3 0 5 6 7 3 3 4 7 6 7 1 7 4
3 3 36 68 88 19 43 25
8 8 28 60 48 45 16 52 82 17 1 57 0 31 35 55 59 86
#c 1 1 2 3 6 5 6 2 7 3 0 3 0 5 2 3 4 4 2 1 0 0 6 6 7 1 2 7 4 5 7 1 2 6 7 1 4 5 2 2 5 0 5 1 0 4 6 7 4 3 3 7 4 5 0 1 5 1 2 1 4 2 0 6 6 2 0 3 4 5 0 0 5 3 6 3 0 5 6 7 3 3 4 7 6 7 1 7 4
1 1 69 19
10 10 5 13 29 37 53 77 72 56 40 42 1 25 57 0 31 35 55 59 43 86
#c 1 1 2 3 6 5 6 2 7 3 0 3 0 5 2 3 4 4 2 1 0 0 6 6 7 1 2 7 4 5 7 1 2 6 7 1 4 5 2 2 5 0 5 1 0 4 6 7 4 3 3 7 4 5 0 1 5 1 2 1 4 2 0 6 6 2 0 3 4 5 0 0 5 3 6 3 0 5 6 7 3 3 4 7 6 7 1 7 4
#c 1 1 2 3 6 5 6 2 7 3 0 3 0 5 2 3 4 4 2 1 0 0 6 6 7 1 2 7 4 5 7 1 2 6 7 1 4 5 2 2 5 0 5 1 0 4 6 7 4 3 3 7 4 5 0 1 5 1 2 1 4 2 0 6 6 2 0 3 4 5 0 0 5 3 6 3 0 5 6 7 3 3 4 7 6 7 1 7 4
2 4 24 34 74 64 78 84
9 7 47 79 87 8 30 27 83 51 85 6 46 63 23 33 4 22
#c 1 1 2 3 6 5 6 2 7 3 0 3 0 5 2 3 4 4 2 1 0 0 6 6 7 1 2 7 4 5 7 1 2 6 7 1 4 5 2 2 5 0 5 1 0 4 6 7 4 3 3 7 4 5 0 1 5 1 2 1 4 2 0 6 6 2 0 3 4 5 0 0 5 3 6 3 0 5 6 7 3 3 4 7 6 7 1 7 4
3 5 20 71 44 1 55 25 59 57
9 6 10 66 76 41 62 70 21 54 12 0 31 35 19 43 86
#c 1 1 2 3 6 5 6 2 7 3 0 3 0 5 2 3 4 4 2 1 0 0 6 6 7 1 2 7 4 5 7 1 2 6 7 1 4 5 2 2 5 0 5 1 0 4 6 7 4 3 3 7 4 5 0 1 5 1 2 1 4 2 0 6 6 2 0 3 4 5 0 0 5 3 6 3 0 5 6 7 3 3 4 7 6 7 1 7 4
1 1 86 50
10 10 1 25 57 0 31 35 19 55 59 43 3 11 67 75 80 15 49 81 9 73
#c 1 1 2 3 6 5 6 2 7 3 0 3 0 5 2 3 4 4 2 1 0 0 6 6 7 1 2 7 4 5 7 1 2 6 7 1 4 5 2 2 5 0 5 1 0 4 6 7 4 3 3 7 4 5 0 1 5 1 2 1 4 2 0 6 6 2 0 3 4 5 0 0 5 3 6 3 0 5 6 7 3 3 4 7 6 7 1 7 4
3 3 7 65 18 3 15 11
8 8 2 26 39 38 14 58 32 61 67 75 80 49 81 50 9 73
#c 1 1 2 3 6 5 6 2 7 3 0 3 0 5 2 3 4 4 2 1 0 0 6 6 7 1 2 7 4 5 7 1 2 6 7 1 4 5 2 2 5 0 5 1 0 4 6 7 4 3 3 7 4 5 0 1 5 1 2 1 4 2 0 6 6 2 0 3 4 5 0 0 5 3 6 3 0 5 6 7 3 3 4 7 6 7 1 7 4
1 1 75 22
10 10 3 11 67 80 15 49 81 50 9 73 6 46 74 63 23 33 78 84 4 64
#c 1 1 2 3 6 5 6 2 7 3 0 3 0 5 2 3 4 4 2 1 0 0 6 6 7 1 2 7 4 5 7 1 2 6 7 1 4 5 2 2 5 0 5 1 0 4 6 7 4 3 3 7 4 5 0 1 5 1 2 1 4 2 0 6 6 2 0 3 4 5 0 0 5 3 6 3 0 5 6 7 3 3 4 7 6 7 1 7 4
1 1 88 42
10 10 28 36 60 68 48 45 16 52 82 17 5 13 29 37 53 69 77 72 56 40
#c 1 1 2 3 6 5 6 2 7 3 0 3 0 5 2 3 4 4 2 1 0 0 6 6 7 1 2 7 4 5 7 1 2 6 7 1 4 5 2 2 5 0 4 1 0 4 6 7 4 3 3 7 4 5 0 1 5 1 2 1 4 2 0 6 6 2 0 3 4 5 0 0 5 3 6 3 0 5 6 7 3 3 4 7 6 7 1 7 5
2 2 56 37 84 33
9 9 5 13 29 53 69 77 72 40 88 6 46 74 63 23 78 4 64 22
#c 1 1 2 3 6 5 6 2 7 3 0 3 0 5 2 3 4 4 2 1 0 0 6 6 7 1 2 7 4 5 7 1 2 5 7 1 4 6 2 2 5 0 4 1 0 4 6 7 4 3 3 7 4 5 0 1 6 1 2 1 4 2 0 6 6 2 0 3 4 5 0 0 5 3 6 3 0 5 6 7 3 3 4 7 5 7 1 7 5
3 3 63 74 23 58 38 39
8 8 6 46 78 4 64 22 56 37 2 18 26 7 14 32 61 65
#c 1 1 2 3 6 5 6 2 7 3 0 3 0 5 2 3 4 4 2 1 0 0 6 2 7 1 2 7 4 5 7 1 2 5 7 1 4 6 6 6 5 0 4 1 0 4 6 7 4 3 3 7 4 5 0 1 6 1 6 1 4 2 0 2 6 2 0 3 4 5 0 0 5 3 2 3 0 5 6 7 3 3 4 7 5 7 1 7 5
5 5 51 8 47 34 87 29 40 5 53 13
6 6 79 24 30 27 83 85 69 77 72 88 84 33
#c 1 1 2 3 6 5 6 2 7 3 0 3 0 5 2 3 4 4 2 1 0 0 6 2 7 1 2 7 4 5 7 1 2 5 7 1 4 6 6 6 5 0 4 1 0 4 6 7 4 3 3 7 4 5 0 1 6 1 6 1 4 2 0 2 6 2 0 3 4 5 0 0 5 3 2 3 0 5 6 7 3 3 4 7 5 7 1 7 5
3 2 20 66 62 65 63
9 9 10 76 41 70 21 54 12 71 44 2 18 26 7 14 32 61 74 23
#c 1 1 2 3 6 5 6 2 7 3 0 3 0 5 2 3 4 4 2 1 0 0 6 2 7 1 2 7 4 5 7 1 2 5 7 1 4 6 6 6 5 0 4 1 0 4 6 7 4 3 3 7 4 5 0 1 6 1 6 1 4 2 0 2 6 2 0 3 4 5 0 0 5 3 2 3 0 5 6 7 3 3 4 7 5 7 1 7 5
4 3 0 19 1 86 80 81 9
7 8 25 57 31 35 55 59 43 3 11 67 75 15 49 50 73
#c 1 1 2 3 6 5 6 2 7 3 0 3 0 5 2 3 4 4 2 1 0 0 6 2 7 1 2 7 4 5 7 1 2 5 7 1 4 6 6 6 5 0 4 1 0 4 6 7 4 3 3 7 4 5 0 1 6 1 6 1 4 2 0 2 6 2 0 3 4 5 0 0 5 3 2 3 0 5 6 7 3 3 4 7 5 7 1 7 5
1 1 61 69
10 10 2 18 26 7 14 32 65 63 74 23 5 13 29 53 77 72 40 88 84 33
#c 1 1 2 3 6 5 6 2 7 3 0 3 0 5 2 3 4 4 2 1 0 0 6 2 7 1 2 7 4 5 7 1 2 5 7 1 4 6 6 6 5 0 4 1 0 4 6 7 4 3 3 7 4 5 0 1 6 1 6 1 4 2 0 2 6 2 0 3 4 5 0 0 5 3 2 3 0 5 6 7 3 3 4 7 5 7 1 7 5
4 4 11 80 50 75 55 43 31 35
7 7 3 67 15 49 81 9 73 1 25 57 0 19 59 86
#c 1 1 2 3 6 5 6 2 7 3 0 3 0 5 2 3 4 4 2 1 0 0 6 2 7 1 2 7 4 5 7 1 2 5 7 1 4 6 6 6 5 0 4 1 0 4 6 7 4 3 3 7 4 5 0 1 6 1 6 1 4 2 0 2 6 2 0 3 4 5 0 0 5 3 2 3 0 5 6 7 3 3 4 7 5 7 1 7 5
5 5 82 52 60 42 36 12 71 44 62 66
6 7 28 68 48 45 16 17 10 76 20 41 70 21 54
#c 1 1 2 3 6 5 6 2 7 3 0 3 0 5 2 3 4 4 2 1 0 0 6 2 7 1 2 7 4 5 7 1 2 5 7 1 4 6 6 6 5 0 4 1 0 4 6 7 4 3 3 7 4 5 0 1 6 1 6 1 4 2 0 2 6 2 0 3 4 5 0 0 5 3 2 3 0 5 6 7 3 3 4 7 5 7 1 7 5
4 4 69 53 84 40 60 17 28 36
7 7 5 13 29 77 72 88 33 68 48 45 16 52 82 42
#c 1 1 2 3 6 5 6 2 7 3 0 3 0 5 2 3 4 4 2 1 0 0 6 2 7 1 2 7 4 5 7 1 2 5 7 1 4 6 6 6 5 0 4 1 0 4 6 7 4 3 3 7 4 5 0 1 6 1 6 1 4 2 0 2 6 2 0 3 4 5 0 0 5 3 2 3 0 5 6 7 3 3 4 7 5 7 1 7 5
2 4 37 78 10 54 21 66
9 8 6 46 4 64 22 56 58 38 39 76 20 41 62 70 12 71 44
#c 1 1 2 3 6 5 6 2 7 3 0 3 0 5 2 3 4 4 2 1 0 0 6 2 7 1 2 7 4 5 7 1 2 5 7 1 4 6 6 6 5 0 4 1 0 4 6 7 4 3 3 7 4 5 0 1 6 1 6 1 4 2 0 2 6 2 0 3 4 5 0 0 5 3 2 3 0 5 6 7 3 3 4 7 5 7 1 7 5
3 3 8 85 87 69 40 5
8 8 47 79 24 30 34 27 83 51 13 29 53 77 72 88 84 33
#c 1 1 2 3 6 7 6 2 5 3 0 3 0 5 2 3 4 4 2 1 0 0 6 2 7 1 2 7 4 5 7 1 2 5 7 1 4 6 6 6 7 0 4 1 0 4 6 7 4 3 3 7 4 5 0 1 6 1 6 1 4 2 0 2 6 2 0 3 4 7 0 0 5 3 2 3 0 5 6 7 3 3 4 7 5 5 1 5 5
1 1 62 72
11 10 10 66 76 20 41 70 21 54 12 71 44 13 29 53 77 88 84 33 8 85 87
#c 1 1 2 3 6 7 6 2 5 3 0 3 0 5 2 3 4 4 2 1 0 0 6 2 7 1 2 7 4 5 7 1 2 5 7 1 4 6 6 6 7 0 4 1 0 4 6 7 4 3 3 7 4 5 0 1 6 1 6 1 4 2 5 2 6 2 0 3 4 7 0 0 0 3 2 3 0 5 6 7 3 3 4 7 5 5 1 5 5
1 1 55 88
10 10 1 25 57 0 31 35 19 59 43 86 13 29 53 77 84 33 8 85 87 62
#c 1 1 2 3 6 7 6 2 5 3 0 3 0 5 2 3 4 4 2 1 0 0 6 2 7 1 2 7 4 5 7 1 2 5 7 1 4 6 6 6 7 0 4 1 0 4 6 7 4 3 3 7 4 5 0 1 6 1 6 1 4 2 5 2 6 2 0 3 4 7 0 0 0 3 2 3 0 5 6 7 3 3 4 7 5 5 1 5 5
#c 1 1 2 3 6 7 6 2 5 3 0 3 0 5 2 3 4 4 2 1 0 0 6 2 7 1 2 7 4 5 7 1 2 5 7 1 4 6 6 6 7 0 4 1 0 4 6 7 4 3 3 7 4 5 0 1 6 1 6 1 4 2 5 2 6 2 0 3 4 7 0 0 0 3 2 3 0 5 6 7 3 3 4 7 5 5 1 5 5
3 3 80 50 15 65 61 26
8 8 3 11 67 75 49 81 9 73 2 18 7 14 32 63 74 23
#c 1 1 2 3 6 7 6 2 5 3 0 3 0 5 2 2 4 4 2 1 0 0 6 2 7 1 3 7 4 5 7 1 2 5 7 1 4 6 6 6 7 0 4 1 0 4 6 7 4 3 2 7 4 5 0 1 6 1 6 1 4 3 5 2 6 3 0 3 4 7 0 0 0 3 2 3 0 5 6 7 2 3 4 7 5 5 1 5 5
4 4 48 17 36 82 7 32 15 2
7 7 28 60 68 45 16 52 42 18 14 63 74 23 80 50
#c 1 1 2 3 6 7 6 2 5 3 0 3 0 5 2 2 4 4 2 1 0 0 6 2 7 1 3 7 4 5 7 1 2 5 7 1 4 6 6 6 7 0 4 1 0 4 6 7 4 3 2 7 4 5 0 1 6 1 6 1 4 3 5 2 6 3 0 3 4 7 0 0 0 3 2 3 0 5 6 7 2 3 4 7 5 5 1 5 5
4 4 33 84 13 87 81 65 26 61
7 7 29 53 77 88 8 85 62 3 11 67 75 49 9 73
#c 1 1 2 3 6 7 6 2 5 3 0 3 0 5 2 2 4 4 2 1 0 0 6 2 7 1 3 7 4 5 7 1 2 5 7 1 4 6 6 6 7 0 4 1 0 4 6 7 4 3 2 7 4 5 0 1 6 1 6 1 4 3 5 2 6 3 0 3 4 7 0 0 0 3 2 3 0 5 6 7 2 3 4 7 5 5 1 5 5
5 5 22 6 56 64 58 36 28 52 17 82
6 6 46 78 4 37 38 39 60 68 48 45 16 42
#c 1 1 2 3 6 7 6 2 5 3 0 3 0 5 2 2 4 4 2 1 0 0 6 2 7 1 3 7 4 5 7 1 2 5 7 1 4 6 6 6 7 0 4 1 0 4 6 7 4 3 2 7 4 5 0 1 6 1 6 1 4 3 5 2 6 3 0 3 4 7 0 0 0 3 2 3 0 5 6 7 2 3 4 7 5 5 1 5 5
1 1 34 37
10 10 47 79 24 30 27 83 51 69 40 5 6 46 78 4 64 22 56 58 38 39
#c 1 1 2 3 6 7 6 2 5 3 0 3 0 5 2 2 4 4 2 1 0 0 6 2 7 1 3 7 4 5 7 1 2 5 7 1 4 6 6 6 7 0 4 1 0 4 6 7 4 3 2 7 4 5 0 1 6 1 6 1 4 3 5 2 6 3 0 3 4 7 0 0 0 3 2 3 0 5 6 7 2 3 4 7 5 5 1 5 5
3 3 71 66 12 45 42 28
9 8 10 76 20 41 70 21 54 44 72 36 60 68 48 16 52 82 17
#c 1 1 2 3 6 7 6 2 5 3 0 3 0 5 2 2 4 4 2 1 0 0 6 2 7 1 3 7 4 5 7 1 2 5 7 1 4 6 6 6 7 0 4 1 0 4 6 7 4 3 2 7 4 5 0 1 6 1 6 1 4 3 5 2 6 3 0 3 4 7 0 0 0 3 2 3 0 5 6 7 2 3 4 7 5 5 1 5 5
3 3 57 25 43 17 42 68
8 8 1 0 31 35 19 55 59 86 28 36 60 48 45 16 52 82
#c 1 1 2 3 6 7 6 2 5 3 0 3 0 5 2 2 4 4 2 1 0 0 6 2 7 1 3 7 4 5 7 1 2 5 7 1 4 6 6 6 7 0 4 1 0 4 6 7 4 3 2 7 4 5 0 1 6 1 6 1 4 3 5 2 6 3 0 3 4 7 0 0 0 3 2 3 0 5 6 7 2 3 4 7 5 5 1 5 5
1 1 23 10
10 11 2 18 7 14 32 63 74 80 50 15 66 76 20 41 70 21 54 12 71 44 72
#c 1 1 2 3 6 7 6 2 5 3 2 3 0 5 2 2 4 4 2 1 0 0 6 0 7 1 3 7 4 5 7 1 2 5 7 1 4 6 6 6 7 0 4 1 0 4 6 7 4 3 2 7 4 5 0 1 6 1 6 1 4 3 5 2 6 3 0 3 4 7 0 0 0 3 2 3 0 5 6 7 2 3 4 7 5 5 1 5 5
5 5 67 3 49 11 65 88 53 77 33 87
6 6 75 81 9 73 61 26 13 29 84 8 85 62
#c 1 1 2 3 6 7 6 2 5 3 2 3 0 5 2 2 4 4 2 1 0 0 6 0 7 1 3 7 4 5 7 1 2 5 7 1 4 6 6 6 7 0 4 1 0 4 6 7 4 3 2 7 4 5 0 1 6 1 6 1 4 3 5 2 6 3 0 3 4 7 0 0 0 3 2 3 0 5 6 7 2 3 4 7 5 5 1 5 5
4 4 36 82 17 60 63 50 14 2
7 7 28 68 48 45 16 52 42 18 7 32 74 80 15 10
#c 1 1 2 3 6 7 6 2 5 3 2 3 0 5 2 2 4 4 2 1 0 0 6 0 7 1 3 7 4 5 7 1 2 5 7 1 4 6 6 6 7 0 4 1 0 4 6 7 4 3 2 7 4 5 0 1 6 1 6 1 4 3 5 2 6 3 0 3 4 7 0 0 0 3 2 3 0 5 6 7 2 3 4 7 5 5 1 5 5
5 5 85 62 77 87 53 4 39 58 38 46
6 6 13 29 88 84 33 8 6 78 64 22 56 37
#c 1 1 2 3 6 7 6 2 5 3 2 3 0 5 2 2 4 4 2 1 0 0 6 0 7 1 3 7 4 5 7 1 2 5 7 1 4 6 6 6 7 0 4 1 0 4 6 7 4 3 2 7 4 5 0 1 6 1 6 1 4 3 5 2 6 3 0 3 4 7 0 0 0 3 2 3 0 5 6 7 2 3 4 7 5 5 1 5 5
4 4 46 6 39 22 62 84 85 29
7 7 78 4 64 56 37 58 38 13 53 77 88 33 8 87
#c 1 1 2 3 6 7 6 2 5 3 2 3 0 5 2 2 4 4 2 1 0 0 6 0 7 1 3 7 4 5 7 1 2 5 7 1 4 6 6 6 7 0 4 1 0 4 6 7 4 3 2 7 4 5 0 1 6 1 6 1 4 3 5 2 6 3 0 3 4 7 0 0 0 3 2 3 0 5 6 7 2 3 4 7 5 5 1 5 5
5 5 24 69 47 34 30 67 73 11 9 81
6 6 79 27 83 51 40 5 3 75 49 65 61 26
#c 1 1 2 3 6 7 6 2 5 3 2 3 0 5 2 2 4 4 2 1 0 0 6 0 7 1 3 7 4 5 7 1 2 5 7 1 4 6 6 6 7 0 4 1 0 4 6 7 4 3 2 7 4 5 0 1 6 1 6 1 4 3 5 2 6 3 0 3 4 7 0 0 0 3 2 3 0 5 6 7 2 3 4 7 5 5 1 5 5
6 5 20 72 23 41 12 70 43 57 19 25 35
6 6 66 76 21 54 71 44 1 0 31 55 59 86
#c 1 1 2 3 6 7 6 2 5 3 2 3 0 5 2 2 4 4 2 1 0 0 6 0 7 1 3 7 4 5 7 1 2 5 7 1 4 6 6 6 7 0 4 1 0 4 6 7 4 3 2 7 4 5 0 1 6 1 6 1 4 3 5 2 6 3 0 3 4 7 0 0 0 3 2 3 0 5 6 7 2 3 4 7 5 5 1 5 5
4 4 0 57 31 43 33 84 85 62
7 7 1 25 35 19 55 59 86 13 29 53 77 88 8 87
#c 1 1 2 3 6 7 6 2 5 3 2 3 0 5 2 2 4 4 2 1 0 0 6 0 7 1 3 7 4 5 7 1 2 5 7 1 4 6 6 6 7 0 4 1 0 4 6 7 4 3 2 7 4 5 0 1 6 1 6 1 4 3 5 2 6 3 0 3 4 7 0 0 0 3 2 3 0 5 6 7 2 3 4 7 5 5 1 5 5
#c 1 1 2 3 6 7 6 2 5 3 2 3 0 5 2 2 4 4 2 1 0 0 6 0 7 1 3 7 4 5 7 1 2 5 7 1 4 6 6 6 7 0 4 1 0 4 6 7 4 3 2 7 4 5 0 1 6 1 6 1 4 3 5 2 6 3 0 3 4 7 0 0 0 3 2 3 0 5 6 7 2 3 4 7 5 5 1 5 5
1 1 73 70
10 11 3 11 67 75 49 81 9 65 61 26 66 76 20 41 21 54 12 71 44 72 23
#c 1 1 2 3 6 7 6 2 5 3 2 3 0 5 2 2 4 4 2 1 0 0 6 0 7 1 3 7 4 5 7 1 2 5 7 1 4 6 6 6 7 0 4 1 0 4 6 7 4 3 2 7 4 5 0 1 6 1 6 1 4 3 5 2 6 3 0 3 4 7 3 0 0 0 2 3 0 5 6 7 2 3 4 7 5 5 1 5 5
2 2 16 45 12 66
9 10 28 36 60 68 48 52 82 17 42 76 20 41 21 54 71 44 72 23 73
#c 1 1 2 3 6 7 6 2 5 3 2 3 0 5 2 2 4 4 2 1 0 0 6 0 7 1 3 7 4 5 7 1 2 5 7 1 4 6 6 6 7 0 4 1 0 4 6 7 4 3 2 7 4 5 0 1 6 1 6 1 4 3 5 2 6 3 0 3 4 7 3 0 0 0 2 3 0 5 6 7 2 3 4 7 5 5 1 5 5
1 1 87 35
10 10 13 29 53 77 88 84 33 8 85 62 1 25 57 0 31 19 55 59 43 86
#c 1 1 2 3 6 7 6 2 5 3 2 3 0 5 2 2 4 4 2 1 0 0 6 0 7 1 3 7 4 5 7 1 2 5 7 1 4 6 6 6 7 0 4 1 0 4 6 7 4 3 2 7 4 5 0 1 6 1 6 1 4 3 5 2 6 3 0 3 4 7 3 0 0 0 2 3 0 5 6 7 2 3 4 7 5 5 1 5 5
5 3 6 39 38 46 64 80 18 14
6 8 78 4 22 56 37 58 2 7 32 63 74 50 15 10
#c 1 1 2 3 6 7 6 2 5 3 2 3 0 5 2 2 4 4 2 1 0 0 6 0 7 1 3 7 4 5 7 1 2 5 7 1 4 6 6 6 7 0 4 1 0 4 6 7 4 3 2 7 4 5 0 1 6 1 6 1 4 3 5 2 6 3 0 3 4 7 3 0 0 0 2 3 0 5 6 7 2 3 4 7 5 5 1 5 5
2 2 40 5 80 14
9 9 47 79 24 30 34 27 83 51 69 2 18 7 32 63 74 50 15 10
#c 1 1 2 3 6 7 6 2 5 3 2 3 0 5 2 2 4 4 2 1 0 0 6 0 7 1 3 7 4 5 7 1 2 5 7 1 4 6 6 6 7 0 4 1 0 4 6 7 4 3 2 7 4 5 0 1 6 1 6 1 4 3 5 2 6 3 0 3 4 7 3 0 0 0 2 3 0 5 6 7 2 3 4 7 5 5 1 5 5
1 1 41 51
11 10 66 76 20 21 54 12 71 44 72 23 73 47 79 24 30 34 27 83 69 40 5
#c 1 1 2 3 6 7 6 2 5 3 2 3 0 5 2 2 4 4 2 1 0 0 6 0 7 1 3 7 4 5 7 1 2 5 7 1 4 6 6 6 7 0 4 1 0 4 6 7 4 3 2 7 4 5 0 1 6 1 6 1 4 3 5 2 6 3 0 3 4 7 3 0 0 0 2 3 0 5 6 7 2 3 4 7 5 5 1 5 5
4 4 55 35 31 59 70 65 61 26
7 7 1 25 57 0 19 43 86 3 11 67 75 49 81 9
#c 1 1 2 3 6 7 6 2 5 3 2 3 0 5 2 2 4 4 2 1 0 0 6 0 7 1 3 7 4 5 7 1 2 5 7 1 4 6 6 6 7 0 4 1 0 4 6 7 4 3 2 7 4 5 0 1 6 1 6 1 4 3 5 2 6 3 0 3 4 7 3 0 0 0 2 3 0 5 6 7 2 3 4 7 5 5 1 5 5
1 1 32 1
10 10 2 18 7 14 63 74 80 50 15 10 25 57 0 31 35 19 55 59 43 86
#c 1 1 2 3 6 7 6 2 5 3 2 3 0 5 2 2 4 4 2 1 0 0 6 0 7 1 3 7 4 5 7 1 2 5 7 1 4 6 6 6 7 0 4 1 0 4 6 7 4 3 2 7 4 5 0 1 6 1 6 1 4 3 5 2 6 3 0 3 4 7 3 0 0 0 2 3 0 5 6 7 2 3 4 7 5 5 1 5 5
3 3 11 49 70 15 32 80
8 8 3 67 75 81 9 65 61 26 2 18 7 14 63 74 50 10
#c 1 1 2 3 6 7 6 2 5 3 2 3 0 5 2 2 4 4 2 1 0 0 6 0 7 1 3 7 4 5 7 1 2 5 7 1 4 6 6 6 7 0 4 1 0 4 6 7 4 3 2 7 4 5 0 1 6 1 6 1 4 3 5 2 6 3 0 3 4 7 3 0 0 0 2 3 0 5 6 7 2 3 4 7 5 5 1 5 5
3 4 60 28 48 53 87 29 13
8 7 36 68 45 16 52 82 17 42 77 88 84 33 8 85 62
#c 1 1 2 3 6 7 6 2 5 3 2 3 0 5 2 2 4 4 2 1 0 0 6 0 7 1 3 7 4 5 7 1 2 5 7 1 4 6 6 6 7 0 4 1 0 4 6 7 4 3 2 7 4 5 0 1 6 1 6 1 4 3 5 2 6 3 0 3 4 7 3 0 0 0 2 3 0 5 6 7 2 3 4 7 5 5 1 5 5
1 1 8 34
10 10 13 29 53 77 88 84 33 85 87 62 47 79 24 30 27 83 51 69 40 5
#c 1 1 2 3 6 7 6 2 5 3 2 3 0 5 2 2 4 4 2 1 0 0 6 0 7 1 3 7 4 5 7 1 2 5 7 1 4 6 6 6 7 0 4 1 0 4 6 7 4 3 2 7 4 5 0 1 6 1 6 1 4 3 5 2 6 3 0 3 4 7 3 0 0 0 2 3 0 5 6 7 2 3 4 7 5 5 1 5 5
1 1 22 65
10 10 6 46 78 4 64 56 37 58 38 39 3 11 67 75 49 81 9 61 26 70
#c 1 1 2 3 6 7 6 2 5 3 2 3 0 5 2 2 4 4 2 1 0 0 6 0 7 1 3 7 4 5 7 1 2 5 7 1 4 6 6 6 7 0 4 1 0 4 6 7 4 3 2 7 4 5 0 1 6 1 6 1 4 3 5 2 6 3 0 3 4 7 3 0 0 0 2 3 0 5 6 7 2 3 4 7 5 5 1 5 5
1 1 34 74
10 10 47 79 24 30 27 83 51 69 40 5 2 18 7 14 32 63 80 50 15 10
#c 1 1 2 3 6 7 6 2 5 3 2 3 0 5 2 2 4 4 2 1 0 0 6 0 7 1 3 7 4 5 7 1 2 5 7 1 4 6 6 6 7 0 4 1 0 4 6 7 4 3 2 7 4 5 0 1 6 1 6 1 4 3 5 2 6 3 0 3 4 7 3 0 0 0 2 3 0 5 6 7 2 3 4 7 5 5 1 5 5
3 3 44 21 73 40 79 69
9 8 66 76 20 41 54 12 71 72 23 47 24 30 34 27 83 51 5
#c 1 1 2 3 6 7 6 2 5 3 2 3 0 5 2 2 4 4 2 1 0 0 6 0 7 1 3 7 4 5 7 1 2 5 7 1 4 6 6 6 7 0 4 1 0 4 6 7 4 3 2 7 4 5 0 1 6 1 6 1 4 3 5 2 6 3 0 3 4 7 3 0 0 0 2 3 0 5 6 7 2 3 4 7 5 5 1 5 5
4 4 0 57 19 43 37 22 78 56
7 7 1 25 31 35 55 59 86 6 46 4 64 58 38 39
#c 1 1 2 3 6 7 6 2 5 3 2 3 0 5 2 2 4 4 2 1 0 0 6 0 7 1 3 7 4 5 7 1 2 5 7 1 4 6 6 6 7 0 4 1 0 4 6 7 4 3 2 7 4 5 0 1 6 1 6 1 4 3 5 2 6 3 0 3 4 7 3 0 0 0 2 3 0 5 6 7 2 3 4 7 5 5 1 5 5
#c 1 1 2 3 6 7 6 2 5 3 2 3 0 5 2 2 4 4 2 1 0 0 6 0 7 1 3 7 4 5 7 1 2 5 7 1 4 6 6 6 7 0 4 1 0 4 6 7 4 3 2 7 4 5 0 1 6 1 6 1 4 3 5 2 6 3 0 3 4 7 3 0 0 0 2 3 0 5 6 7 2 3 4 7 5 5 1 5 5
3 3 11 67 61 74 14 7
8 8 3 75 49 81 9 65 26 70 2 18 32 63 80 50 15 10
#c 1 1 2 3 6 7 6 2 5 3 2 3 0 5 2 2 4 4 2 1 0 0 6 0 7 1 3 7 4 5 7 1 2 5 7 1 4 6 6 6 7 0 4 1 0 4 6 7 4 3 2 7 4 5 0 1 6 1 6 1 4 3 5 2 6 3 0 3 4 7 3 0 0 0 2 3 0 5 6 7 2 3 4 7 5 5 1 5 5
3 3 17 36 82 14 15 32
8 8 28 60 68 48 45 16 52 42 2 18 7 63 74 80 50 10
#c 1 1 2 3 6 7 6 2 5 3 2 3 0 5 2 2 4 4 2 1 0 0 6 0 7 1 3 7 4 5 7 1 2 5 7 1 4 6 6 6 7 0 4 1 0 4 6 7 4 3 2 7 4 5 0 1 6 1 6 1 4 3 5 2 6 3 0 3 4 7 3 0 0 0 2 3 0 5 6 7 2 3 4 7 5 5 1 5 5
3 3 77 62 33 60 68 28
8 8 13 29 53 88 84 8 85 87 36 48 45 16 52 82 17 42
#c 1 1 2 3 6 7 6 2 5 3 2 3 0 5 2 2 4 4 2 1 0 0 6 0 7 1 3 7 4 5 7 1 2 5 7 1 4 6 6 6 7 0 4 1 0 4 6 7 4 3 2 7 4 5 0 1 6 1 6 1 4 3 5 2 6 3 0 3 4 7 3 0 0 0 2 3 0 5 6 7 2 3 4 7 5 5 1 5 5
2 2 64 46 1 19
9 9 6 78 4 22 56 37 58 38 39 25 57 0 31 35 55 59 43 86
#c 1 1 2 3 6 7 6 2 5 3 2 3 0 5 2 2 4 4 2 1 0 0 6 0 7 1 3 7 4 5 7 1 2 5 7 1 4 6 6 6 7 0 4 1 0 4 6 7 4 3 2 7 4 5 0 1 6 1 6 1 4 3 5 2 6 3 0 3 4 7 3 0 0 0 2 3 0 5 6 7 2 3 4 7 5 5 1 5 5
5 5 5 51 30 79 24 38 78 46 64 22
6 6 47 34 27 83 69 40 6 4 56 37 58 39
#c 1 1 2 3 6 7 6 2 5 3 2 3 0 5 2 2 4 4 2 1 0 0 6 0 7 1 3 7 4 5 7 1 2 5 7 1 4 6 6 6 7 0 4 1 0 4 6 7 4 3 2 7 4 5 0 1 6 1 6 1 4 3 5 2 6 3 0 3 4 7 3 0 0 0 2 3 0 5 6 7 2 3 4 7 5 5 1 5 5
1 1 66 38
11 10 76 20 41 21 54 12 71 44 72 23 73 6 46 78 4 64 22 56 37 58 39
#c 1 1 2 3 6 7 6 2 5 3 2 3 0 5 2 2 4 4 2 1 0 0 6 0 7 1 3 7 4 5 7 1 2 5 7 1 4 6 0 6 7 0 4 1 0 4 6 7 4 3 2 7 4 5 0 1 6 1 6 1 4 3 5 2 6 3 6 3 4 7 3 0 0 0 2 3 0 5 6 7 2 3 4 7 5 5 1 5 5
5 4 55 59 57 86 35 13 33 77 88
6 7 1 25 0 31 19 43 29 53 84 8 85 87 62
#c 1 1 2 3 6 7 6 2 5 3 2 3 0 5 2 2 4 4 2 1 0 0 6 0 7 1 3 7 4 5 7 1 2 5 7 1 4 6 0 6 7 0 4 1 0 4 6 7 4 3 2 7 4 5 0 1 6 1 6 1 4 3 5 2 6 3 6 3 4 7 3 0 0 0 2 3 0 5 6 7 2 3 4 7 5 5 1 5 5
4 4 14 50 15 63 54 41 72 21
7 8 2 18 7 32 74 80 10 76 20 12 71 44 23 73 38
#c 1 1 2 3 6 7 6 2 5 3 2 3 0 5 2 2 4 4 2 1 0 0 6 0 7 1 3 7 4 5 7 1 2 5 7 1 4 6 0 6 7 0 4 1 0 4 6 7 4 3 2 7 4 5 0 1 6 1 6 1 4 3 5 2 6 3 6 3 4 7 3 0 0 0 2 3 0 5 6 7 2 3 4 7 5 5 1 5 5
1 1 61 57
10 10 3 11 67 75 49 81 9 65 26 70 1 25 0 31 35 19 55 59 43 86
#c 1 1 2 3 6 7 6 2 5 3 2 3 0 5 2 2 4 4 2 1 0 0 6 0 7 1 3 7 4 5 7 1 2 5 7 1 4 6 0 6 7 0 4 1 0 4 6 7 4 3 2 7 4 5 0 1 6 3 6 1 4 1 5 2 6 3 6 3 4 7 3 0 0 0 2 3 0 5 6 7 2 3 4 7 5 5 1 5 5
5 5 52 36 82 48 16 49 75 81 11 3
6 6 28 60 68 45 17 42 67 9 65 26 70 57
#c 1 1 2 4 6 7 6 2 5 3 2 4 0 5 2 2 3 4 2 1 0 0 6 0 7 1 3 7 4 5 7 1 2 5 7 1 3 6 0 6 7 0 4 1 0 4 6 7 3 4 2 7 3 5 0 1 6 3 6 1 4 1 5 2 6 3 6 3 4 7 3 0 0 0 2 4 0 5 6 7 2 4 3 7 5 5 1 5 5
#c 1 1 2 4 6 7 6 2 5 3 2 4 0 5 2 2 3 4 2 1 0 0 6 0 7 1 3 7 4 5 7 1 2 5 7 1 3 6 0 6 7 0 4 1 0 4 6 7 3 4 2 7 3 5 0 1 6 3 6 1 4 1 5 2 6 3 6 3 4 7 3 0 0 0 2 4 0 5 6 7 2 4 3 7 5 5 1 5 5
5 5 66 58 4 56 78 65 70 26 36 57
6 6 6 46 64 22 37 39 67 9 52 82 48 16
#c 1 1 2 4 6 7 6 2 5 3 2 4 0 5 2 2 3 4 2 1 0 0 6 0 7 1 3 7 4 5 7 1 2 5 7 1 3 6 0 6 7 0 4 1 0 4 6 7 3 4 2 7 3 5 0 1 6 3 6 1 4 1 5 2 6 3 6 3 4 7 3 0 0 0 2 4 0 5 6 7 2 4 3 7 5 5 1 5 5
5 5 5 79 69 24 30 85 87 33 84 8
6 6 47 34 27 83 51 40 13 29 53 77 88 62
#c 1 1 2 4 6 5 6 2 7 3 2 4 0 5 2 2 3 4 2 1 0 0 6 0 5 1 3 7 4 5 5 1 2 7 7 1 3 6 0 6 7 0 4 1 0 4 6 7 3 4 2 7 3 5 0 1 6 3 6 1 4 1 5 2 6 3 6 3 4 5 3 0 0 0 2 4 0 5 6 5 2 4 3 7 7 7 1 7 5
5 5 73 54 23 71 12 63 50 10 15 74
7 6 76 20 41 21 44 72 38 2 18 7 14 32 80
#c 1 1 2 4 6 5 6 2 7 3 2 4 0 5 2 2 3 4 2 1 0 0 6 0 5 1 3 7 4 5 5 1 2 7 7 1 3 6 0 6 7 0 4 1 0 4 6 7 3 4 2 7 3 5 0 1 6 3 6 1 4 1 5 2 6 3 6 3 4 5 3 0 0 0 2 4 0 5 6 5 2 4 3 7 7 7 1 7 5
4 5 59 0 31 61 63 14 2 50 7
7 6 1 25 35 19 55 43 86 18 32 74 80 15 10
#c 1 1 2 4 6 5 6 2 7 3 2 4 0 5 2 2 3 4 2 1 0 0 6 0 5 1 3 7 4 5 5 1 2 7 7 1 3 6 0 6 7 0 4 1 0 4 6 7 3 4 2 7 3 5 0 1 6 3 6 1 4 1 5 2 6 3 6 3 4 5 3 0 0 0 2 4 0 5 6 5 2 4 3 7 7 7 1 7 5
5 5 74 7 15 80 50 59 25 1 86 55
6 6 2 18 14 32 63 10 0 31 35 19 43 61
#c 1 1 2 4 6 5 6 2 7 3 2 4 0 5 2 2 3 4 2 1 0 0 6 0 5 1 3 7 4 5 5 1 2 7 7 1 3 6 0 6 7 0 4 1 0 4 6 7 3 4 2 7 3 5 0 1 6 3 6 1 4 1 5 2 6 3 6 3 4 5 3 0 0 0 2 4 0 5 6 5 2 4 3 7 7 7 1 7 5
2 2 48 57 15 32
9 9 67 9 65 26 70 52 36 82 16 2 18 7 14 63 74 80 50 10
#c 1 1 2 4 6 5 6 2 7 3 2 4 0 5 2 2 3 4 2 1 0 0 6 0 5 1 3 7 4 5 5 1 2 7 7 1 3 6 0 6 7 0 4 1 0 4 6 7 3 4 2 7 3 5 0 1 6 3 6 1 4 1 5 2 6 3 6 3 4 5 3 0 0 0 2 4 0 5 6 5 2 4 3 7 7 7 1 7 5
2 2 49 3 47 51
9 9 28 60 68 45 17 42 75 81 11 34 27 83 40 85 87 33 84 8
#c 1 1 2 4 6 5 6 2 7 3 2 4 0 5 2 2 3 4 2 1 0 0 6 0 5 1 3 7 4 5 5 1 2 7 7 1 3 6 0 6 7 0 4 1 0 4 6 7 3 4 2 7 3 5 0 1 6 3 6 1 4 1 5 2 6 3 6 3 4 5 3 0 0 0 2 4 0 5 6 5 2 4 3 7 7 7 1 7 5
4 4 29 30 69 5 65 70 48 9
7 7 13 53 77 88 62 79 24 67 26 57 52 36 82 16
#c 1 1 2 4 6 5 6 2 7 3 2 4 0 5 2 2 3 4 2 1 0 0 6 0 5 1 3 7 4 5 5 1 2 7 7 1 3 6 0 6 7 0 4 1 0 4 6 7 3 4 2 7 3 5 0 1 6 3 6 1 4 1 5 2 6 3 6 3 4 5 3 0 0 0 2 4 0 5 6 5 2 4 3 7 7 7 1 7 5
1 1 22 87
10 10 6 46 78 4 64 56 37 58 39 66 47 34 27 83 51 40 85 33 84 8
#c 1 1 2 4 6 5 6 2 7 3 2 4 0 5 2 2 3 4 2 1 0 0 6 0 5 1 3 7 4 5 5 1 2 7 7 1 3 6 0 6 7 0 4 1 0 4 6 7 3 4 2 7 3 5 0 1 6 3 6 1 4 1 5 2 6 3 6 3 4 5 3 0 0 0 2 4 0 5 6 5 2 4 3 7 7 7 1 7 5
4 4 83 34 87 33 28 17 81 45
7 7 47 27 51 40 85 84 8 60 68 42 49 75 11 3
#c 1 1 2 4 6 5 6 2 7 3 2 4 0 5 2 2 3 4 2 1 0 0 6 0 5 1 3 7 4 5 5 1 2 7 7 1 3 6 0 6 7 0 4 1 0 4 6 7 3 4 2 7 3 5 0 1 6 3 6 1 4 1 5 2 6 3 6 3 4 5 3 0 0 0 2 4 0 5 6 5 2 4 3 7 7 7 1 7 5
4 4 54 23 72 20 68 81 28 11
8 7 76 41 21 12 71 44 73 38 60 45 17 42 49 75 3
#c 1 1 2 4 6 5 6 2 7 3 2 4 0 5 2 2 3 4 2 1 0 0 6 0 5 1 3 7 4 5 5 1 2 7 7 1 3 6 0 6 7 0 4 1 0 4 6 7 3 4 2 7 3 5 0 1 6 3 6 1 4 1 5 2 6 3 6 3 4 5 3 0 0 0 2 4 0 5 6 5 2 4 3 7 7 7 1 7 5
3 3 61 1 0 23 72 54
8 9 25 31 35 19 55 59 43 86 76 20 41 21 12 71 44 73 38
#c 1 1 2 4 6 5 6 2 7 3 2 4 0 5 2 2 3 4 2 1 0 0 6 0 5 1 3 7 4 5 5 1 2 7 7 1 3 6 0 6 7 0 4 1 0 4 6 7 3 4 2 7 3 5 0 1 6 3 6 1 4 1 5 2 6 3 6 3 4 5 3 0 0 0 2 4 0 5 6 5 2 4 3 7 7 7 1 7 5
2 2 74 10 79 29
9 9 2 18 7 14 32 63 80 50 15 13 53 77 88 62 5 69 24 30
#c 1 1 2 4 6 5 6 2 7 3 2 4 0 5 2 2 3 4 2 1 0 0 6 0 5 1 3 7 4 5 5 1 2 7 7 1 3 6 0 6 7 0 4 1 0 4 6 7 3 4 2 7 3 5 0 1 6 3 6 1 4 1 5 2 6 3 6 3 4 5 3 0 0 0 2 4 0 5 6 5 2 4 3 7 7 7 1 7 5
1 1 57 10
10 10 67 9 65 26 70 52 36 82 48 16 2 18 7 14 32 63 74 80 50 15
#c 1 1 2 4 6 5 6 2 7 3 2 4 0 5 2 2 3 4 2 1 0 0 6 0 5 1 3 7 4 5 5 1 2 7 7 1 3 6 0 6 7 0 4 1 0 4 6 7 3 4 2 7 3 5 0 1 6 3 6 1 4 1 5 2 6 3 6 3 4 5 3 0 0 0 2 4 0 5 6 5 2 4 3 7 7 7 1 7 5
3 2 17 81 3 27 40
8 9 28 60 68 45 42 49 75 11 47 34 83 51 85 87 33 84 8
#c 1 1 2 4 6 5 6 2 7 3 2 4 0 5 2 2 3 4 2 1 0 0 6 0 5 1 3 7 4 5 5 1 2 7 7 1 3 6 0 6 7 0 4 1 0 4 6 7 3 4 2 7 3 5 0 1 6 3 6 1 4 1 5 2 6 3 6 3 4 5 3 0 0 0 2 4 0 5 6 5 2 4 3 7 7 7 1 7 5
4 4 29 53 77 88 7 74 2 63
7 7 13 62 5 79 69 24 30 18 14 32 80 50 15 10
#c 1 1 2 4 6 5 6 2 7 3 2 4 0 5 2 2 3 4 2 1 0 0 6 0 5 1 3 7 4 5 5 1 2 7 7 1 3 6 0 6 7 0 4 1 0 4 6 7 3 4 2 7 3 5 0 1 6 3 6 1 4 1 5 2 6 3 6 3 4 5 3 0 0 0 2 4 0 5 6 5 2 4 3 7 7 7 1 7 5
4 4 78 58 4 56 10 2 80 7
7 7 6 46 64 22 37 39 66 18 14 32 63 74 50 15
#c 1 1 2 4 6 5 6 2 7 3 2 4 0 5 2 2 3 4 2 1 0 0 6 0 5 1 3 7 4 5 5 1 2 7 7 1 3 6 0 6 7 0 4 1 0 4 6 7 3 4 2 7 3 5 0 1 6 3 6 1 4 1 5 2 6 3 6 3 4 5 3 0 0 0 2 4 0 5 6 5 2 4 3 7 7 7 1 7 5
5 5 51 84 27 34 47 10 63 15 80 14
6 6 83 40 85 87 33 8 2 18 7 32 74 50
#c 1 1 2 4 6 5 6 2 7 3 2 4 0 5 2 2 3 4 2 1 0 0 6 0 5 1 3 7 4 5 5 1 2 7 7 1 3 6 0 6 7 0 4 1 0 4 6 7 3 4 2 7 3 5 0 1 6 3 6 1 4 1 5 2 6 3 6 3 4 5 3 0 0 0 2 4 0 5 6 5 2 4 3 7 7 7 1 7 5
#c 1 1 2 4 6 5 6 2 7 3 2 4 0 5 2 2 3 4 2 1 0 0 6 0 5 1 3 7 4 5 5 1 2 7 7 1 3 6 0 6 7 0 4 1 0 4 6 7 3 4 2 7 3 5 0 1 6 3 6 1 4 1 5 2 6 3 6 3 4 5 3 0 0 0 2 4 0 5 6 5 2 4 3 7 7 7 1 7 5
4 4 31 61 35 43 70 9 36 48
7 7 1 25 0 19 55 59 86 67 65 26 57 52 82 16
#c 1 1 2 4 6 5 6 2 7 3 2 4 0 5 2 2 3 4 2 1 0 0 6 0 5 1 3 7 4 5 5 1 2 7 7 1 3 6 0 6 7 0 4 1 0 4 6 7 3 4 2 7 3 5 0 1 6 3 6 1 4 1 5 2 6 3 6 3 4 5 3 0 0 0 2 4 0 5 6 5 2 4 3 7 7 7 1 7 5
1 2 15 9 67
10 9 2 18 7 14 32 63 74 80 50 10 65 26 70 57 52 36 82 48 16
#c 1 1 2 4 6 5 6 2 7 3 2 4 0 5 2 2 3 4 2 1 0 0 6 0 5 1 3 7 4 5 5 1 2 7 7 1 3 6 0 6 7 0 4 1 0 4 6 7 3 4 2 7 3 5 0 1 6 3 6 1 4 1 5 2 6 3 6 3 4 5 3 0 0 0 2 4 0 5 6 5 2 4 3 7 7 7 1 7 5
4 4 48 9 67 52 54 23 21 72
7 8 65 26 70 57 36 82 16 76 20 41 12 71 44 73 38
#c 1 1 2 4 6 5 6 2 7 3 2 4 0 5 2 2 3 4 2 1 0 0 6 0 5 1 3 7 4 5 5 1 2 7 7 1 3 6 0 6 7 0 4 1 0 4 6 7 3 4 2 7 3 5 0 1 6 3 6 1 4 1 5 2 6 3 6 3 4 5 3 0 0 0 2 4 0 5 6 5 2 4 3 7 7 7 1 7 5
5 5 28 3 45 11 42 40 84 83 47 27
6 6 60 68 17 49 75 81 34 51 85 87 33 8
#c 1 1 2 4 6 5 6 2 7 3 2 4 0 5 2 2 3 4 2 1 0 0 6 0 5 1 3 7 4 5 5 1 2 7 7 1 3 6 0 6 7 0 4 1 0 4 6 7 3 4 2 7 3 5 0 1 6 3 6 1 4 1 5 2 6 3 6 3 4 5 3 0 0 0 2 4 0 5 6 5 2 4 3 7 7 7 1 7 5
5 5 77 62 29 88 24 74 63 50 7 18
6 6 13 53 5 79 69 30 2 14 32 80 15 10
#c 1 1 2 4 6 5 6 2 7 3 2 4 0 5 2 2 3 4 2 1 0 0 6 0 5 1 3 7 4 5 5 1 2 7 7 1 3 6 0 6 7 0 4 1 0 4 6 7 3 4 2 7 3 5 0 1 6 3 6 1 4 1 5 2 6 3 6 3 4 5 3 0 0 0 2 4 0 5 6 5 2 4 3 7 7 7 1 7 5
3 3 46 39 58 5 29 88
8 8 6 78 4 64 22 56 37 66 13 53 77 62 79 69 24 30
#c 1 1 2 4 6 5 6 2 7 3 2 4 0 5 2 2 3 4 2 1 0 0 6 0 5 1 3 7 4 5 5 1 2 7 7 1 3 6 0 6 7 0 4 1 0 4 6 7 3 4 2 7 3 5 0 1 6 3 6 1 4 1 5 2 6 3 6 3 4 5 3 0 0 0 2 4 0 5 6 5 2 4 3 7 7 7 1 7 5
1 1 83 65
10 10 47 34 27 51 40 85 87 33 84 8 67 9 26 70 57 52 36 82 48 16
#c 1 1 2 4 6 5 6 2 7 3 2 4 0 5 2 2 3 4 2 1 0 0 6 0 5 1 3 7 4 5 5 1 2 7 7 1 3 6 0 6 7 0 4 1 0 4 6 7 3 4 2 7 3 5 0 1 6 3 6 1 4 1 5 2 6 3 6 3 4 5 3 0 0 0 2 4 0 5 6 5 2 4 3 7 7 7 1 7 5
6 6 41 20 72 54 44 21 37 58 22 78 56 66
6 5 76 12 71 23 73 38 6 46 4 64 39
#c 1 1 2 4 6 5 6 2 7 3 2 4 0 5 2 2 3 4 2 1 0 0 6 0 5 1 3 7 4 5 5 1 2 7 7 1 3 6 0 6 7 0 4 1 0 4 6 7 3 4 2 7 3 5 0 1 6 3 6 1 4 1 5 2 6 3 6 3 4 5 3 0 0 0 2 4 0 5 6 5 2 4 3 7 7 7 1 7 5
3 4 35 43 1 22 4 58 66
8 7 25 0 31 19 55 59 86 61 6 46 78 64 56 37 39
#c 1 1 2 4 6 5 6 2 7 3 2 4 0 5 2 2 3 4 2 1 0 0 6 0 5 1 3 7 4 5 5 1 2 7 7 1 3 6 0 6 7 0 4 1 0 4 6 7 3 4 2 7 3 5 0 1 6 3 6 1 4 1 5 2 6 3 6 3 4 5 3 0 0 0 2 4 0 5 6 5 2 4 3 7 7 7 1 7 5
#c 1 1 2 4 6 5 6 2 7 3 2 4 0 5 2 2 3 4 2 1 0 0 6 0 5 1 3 7 4 5 5 1 2 7 7 1 3 6 0 6 7 0 4 1 0 4 6 7 3 4 2 7 3 5 0 1 6 3 6 1 4 1 5 2 6 3 6 3 4 5 3 0 0 0 2 4 0 5 6 5 2 4 3 7 7 7 1 7 5
2 2 52 36 20 54
9 10 67 9 65 26 70 57 82 48 16 76 41 21 12 71 44 72 23 73 38
#c 1 1 2 4 6 5 6 2 7 3 2 4 0 5 2 2 3 4 2 1 0 0 6 0 5 1 3 7 4 5 5 1 2 7 7 1 3 6 0 6 7 0 4 1 0 4 6 7 3 4 2 7 3 5 0 1 6 3 6 1 4 1 5 2 6 3 6 3 4 5 3 0 0 0 2 4 0 5 6 5 2 4 3 7 7 7 1 7 5
3 3 28 60 45 6 22 58
8 8 68 17 42 49 75 81 11 3 46 78 4 64 56 37 39 66
#c 1 1 2 4 6 5 6 2 7 3 2 4 0 5 2 2 3 4 2 1 0 0 6 0 5 1 3 7 4 5 5 1 2 7 7 1 3 6 0 6 7 0 4 1 0 4 6 7 3 4 2 7 3 5 0 1 6 3 6 1 4 1 5 2 6 3 6 3 4 5 3 0 0 0 2 4 0 5 6 5 2 4 3 7 7 7 1 7 5
5 6 69 62 24 88 30 14 10 80 7 63 32
6 5 13 29 53 77 5 79 2 18 74 50 15
#c 1 1 2 4 6 5 6 2 7 3 2 4 0 5 2 2 3 4 2 1 0 0 6 0 5 1 3 7 4 5 5 1 2 7 7 1 3 6 0 6 7 0 4 1 0 4 6 7 3 4 2 7 3 5 0 1 6 3 6 1 4 1 5 2 6 3 6 3 4 5 3 0 0 0 2 4 0 5 6 5 2 4 3 7 7 7 1 7 5
5 3 64 66 46 39 58 88 53 69
6 8 6 78 4 22 56 37 13 29 77 62 5 79 24 30
#c 1 1 2 4 6 5 6 2 7 3 2 4 0 5 2 2 3 4 2 1 0 0 6 0 5 1 3 7 4 5 5 1 2 7 7 1 3 6 0 6 7 0 4 1 0 4 6 7 3 4 2 7 3 5 0 1 6 3 6 1 4 1 5 2 6 3 6 3 4 5 3 0 0 0 2 4 0 5 6 5 2 4 3 7 7 7 1 7 5
4 4 8 33 27 34 37 56 58 22
7 7 47 83 51 40 85 87 84 6 46 78 4 64 39 66
#c 1 1 2 4 6 5 6 2 7 3 2 4 0 5 2 2 3 4 2 1 0 0 6 0 5 1 3 7 4 5 5 1 2 7 7 1 3 6 0 6 7 0 4 1 0 4 6 7 3 4 2 7 3 5 0 1 6 3 6 1 4 1 5 2 6 3 6 3 4 5 3 0 0 0 2 4 0 5 6 5 2 4 3 7 7 7 1 7 5
1 1 12 67
11 10 76 20 41 21 54 71 44 72 23 73 38 9 65 26 70 57 52 36 82 48 16
#c 1 1 2 4 6 5 6 2 7 3 2 4 0 5 2 2 3 4 2 1 0 0 6 0 5 1 3 7 4 5 5 1 2 7 7 1 3 6 0 6 7 0 4 1 0 4 6 7 3 4 2 7 3 5 0 1 6 3 6 1 4 1 5 2 6 3 6 3 4 5 3 0 0 0 2 4 0 5 6 5 2 4 3 7 7 7 1 7 5
2 2 1 0 73 20
9 10 25 31 35 19 55 59 43 86 61 76 41 21 54 12 71 44 72 23 38
#c 1 1 2 4 6 5 6 2 7 3 2 4 0 5 2 2 3 4 2 1 0 0 6 0 5 1 3 7 4 5 5 1 2 7 7 1 3 6 0 6 7 0 4 1 0 4 6 7 3 4 2 7 3 5 0 1 6 3 6 1 4 1 5 2 6 3 6 3 4 5 3 0 0 0 2 4 0 5 6 5 2 4 3 7 7 7 1 7 5
#c 1 1 2 4 6 5 6 2 7 3 2 4 0 5 2 2 3 4 2 1 0 0 6 0 5 1 3 7 4 5 5 1 2 7 7 1 3 6 0 6 7 0 4 1 0 4 6 7 3 4 2 7 3 5 0 1 6 3 6 1 4 1 5 2 6 3 6 3 4 5 3 0 0 0 2 4 0 5 6 5 2 4 3 7 7 7 1 7 5
1 3 67 76 23 12
10 9 9 65 26 70 57 52 36 82 48 16 20 41 21 54 71 44 72 73 38
#c 1 1 2 4 6 5 6 2 7 3 2 4 0 5 2 2 3 4 2 1 0 0 6 0 5 1 3 7 4 5 5 1 2 7 7 1 3 6 0 6 7 0 4 1 0 4 6 7 3 4 2 7 3 5 0 1 6 3 6 1 4 1 5 2 6 3 6 3 4 5 3 0 0 0 2 4 0 5 6 5 2 4 3 7 7 7 1 7 5
5 5 75 11 49 17 3 64 22 6 4 46
6 6 28 60 68 45 42 81 78 56 37 58 39 66
#c 1 1 2 4 6 5 6 2 7 3 2 4 0 5 2 2 3 4 2 1 0 0 6 0 5 1 3 7 4 5 5 1 2 7 7 1 3 6 0 6 7 0 4 1 0 4 6 7 3 4 2 7 3 5 0 1 6 3 6 1 4 1 5 2 6 3 6 3 4 5 3 0 0 0 2 4 0 5 6 5 2 4 3 7 7 7 1 7 5
3 3 30 53 5 75 45 42
8 8 13 29 77 88 62 79 69 24 28 60 68 17 49 81 11 3
#c 1 1 2 4 6 5 6 2 7 3 2 4 0 5 2 2 3 4 2 1 0 0 6 0 5 1 3 7 4 5 5 1 2 7 7 1 3 6 0 6 7 0 4 1 0 4 6 7 3 4 2 7 3 5 0 1 6 3 6 1 4 1 5 2 6 3 6 3 4 5 3 0 0 0 2 4 0 5 6 5 2 4 3 7 7 7 1 7 5
1 1 46 65
10 10 6 78 4 64 22 56 37 58 39 66 67 9 26 70 57 52 36 82 48 16
#c 1 1 2 4 6 5 6 2 7 3 2 4 0 5 2 2 3 4 2 1 0 0 6 0 5 1 3 7 4 5 5 1 2 7 7 1 3 6 0 6 7 0 4 1 0 4 6 7 3 4 2 7 3 5 0 1 6 3 6 1 4 1 5 2 6 3 6 3 4 5 3 0 0 0 2 4 0 5 6 5 2 4 3 7 7 7 1 7 5
1 1 27 58
10 10 47 34 83 51 40 85 87 33 84 8 6 46 78 4 64 22 56 37 39 66
#c 1 1 2 4 6 5 6 2 7 3 2 4 0 5 2 2 3 4 2 1 0 0 6 0 5 1 3 7 4 5 5 1 2 7 7 1 3 6 0 6 7 0 4 1 0 4 6 7 3 4 2 7 3 5 0 1 6 3 6 1 4 1 5 2 6 3 6 3 4 5 3 0 0 0 2 4 0 5 6 5 2 4 3 7 7 7 1 7 5
2 2 71 21 36 82
10 9 76 20 41 54 12 44 72 23 73 38 67 9 65 26 70 57 52 48 16
#c 1 1 2 4 6 5 6 2 7 3 2 4 0 5 2 2 3 4 2 1 0 0 6 0 5 1 3 7 4 5 5 1 2 7 7 1 3 6 0 6 7 0 4 1 0 4 6 7 3 4 2 7 3 5 0 1 6 3 6 1 4 1 5 2 6 3 6 3 4 5 3 0 0 0 2 4 0 5 6 5 2 4 3 7 7 7 1 7 5
3 3 0 43 61 11 49 42
8 8 1 25 31 35 19 55 59 86 28 60 68 45 17 75 81 3
#c 1 1 2 4 6 5 6 2 7 3 2 4 0 5 2 2 3 4 2 1 0 0 6 0 5 1 3 7 4 5 5 1 2 7 7 1 3 6 0 6 7 0 4 1 0 4 6 7 3 4 2 7 3 5 0 1 6 3 6 1 4 1 5 2 6 3 6 3 4 5 3 0 0 0 2 4 0 5 6 5 2 4 3 7 7 7 1 7 5
3 3 74 80 14 55 35 31
8 8 2 18 7 32 63 50 15 10 1 25 0 19 59 43 86 61
#c 1 1 2 4 6 5 6 2 7 3 2 4 0 5 2 2 3 4 2 1 0 0 6 0 5 1 3 7 4 5 5 1 2 7 7 1 3 6 0 6 7 0 4 1 0 4 6 7 3 4 2 7 3 5 0 1 6 3 6 1 4 1 5 2 6 3 6 3 4 5 3 0 0 0 2 4 0 5 6 5 2 4 3 7 7 7 1 7 5
3 3 67 52 26 81 75 45
8 8 9 65 70 57 36 82 48 16 28 60 68 17 42 49 11 3
#c 1 1 2 4 6 5 6 2 7 3 2 4 0 5 2 2 3 4 2 1 0 0 6 0 5 1 3 7 4 5 5 1 2 7 7 1 3 6 0 6 7 0 4 1 0 4 6 7 3 4 2 7 3 5 0 1 6 3 6 1 4 1 5 2 6 3 6 3 4 5 3 0 0 0 2 4 0 5 6 5 2 4 3 7 7 7 1 7 5
5 5 81 3 60 75 11 76 21 71 44 54
6 7 28 68 45 17 42 49 20 41 12 72 23 73 38
#c 1 1 2 4 6 5 6 2 7 3 2 4 0 5 2 2 3 4 2 1 0 0 6 0 5 1 3 7 4 5 5 1 2 7 7 1 3 6 0 6 7 0 4 1 0 4 6 7 3 4 2 7 3 5 0 1 6 3 6 1 4 1 5 2 6 3 6 3 4 5 3 0 0 0 2 4 0 5 6 5 2 4 3 7 7 7 1 7 5
4 3 53 69 77 29 11 42 60
7 8 13 88 62 5 79 24 30 28 68 45 17 49 75 81 3
#c 1 1 2 4 6 5 6 2 7 3 2 4 0 5 2 2 3 4 2 1 0 0 6 0 5 1 3 7 4 5 5 1 2 7 7 1 3 6 0 6 7 0 4 1 0 4 6 7 3 4 2 7 3 5 0 1 6 3 6 1 4 1 5 2 6 3 6 3 4 5 3 0 0 0 2 4 0 5 6 5 2 4 3 7 7 7 1 7 5
4 4 64 58 37 66 33 47 87 27
7 7 6 46 78 4 22 56 39 34 83 51 40 85 84 8
#c 1 1 2 4 6 5 6 2 7 3 2 4 0 5 2 2 3 4 2 1 0 0 6 0 5 1 3 7 4 5 5 1 2 7 7 1 3 6 0 6 7 0 4 1 0 4 6 7 3 4 2 7 3 5 0 1 6 3 6 1 4 1 5 2 6 3 6 3 4 5 3 0 0 0 2 4 0 5 6 5 2 4 3 7 7 7 1 7 5
1 1 47 86
10 10 34 27 83 51 40 85 87 33 84 8 1 25 0 31 35 19 55 59 43 61
#c 1 1 2 4 6 5 6 2 7 3 2 4 0 5 2 2 3 4 2 1 0 0 6 0 5 1 3 7 4 5 5 1 2 7 7 1 3 6 0 6 7 0 4 1 0 4 6 1 3 4 2 7 3 5 0 1 6 3 6 1 4 1 5 2 6 3 6 3 4 5 3 0 0 0 2 4 0 5 6 5 2 4 3 7 7 7 7 7 5
1 1 71 56
11 10 76 20 41 21 54 12 44 72 23 73 38 6 46 78 4 64 22 37 58 39 66
#c 1 1 2 4 6 5 6 2 7 3 2 4 0 5 2 2 3 4 2 1 0 0 6 0 5 1 3 7 4 5 5 1 2 7 7 1 3 6 0 6 7 0 4 1 0 4 6 1 3 4 2 7 3 5 0 1 6 3 6 1 4 1 5 2 6 3 6 3 4 5 3 0 0 0 2 4 0 5 6 5 2 4 3 7 7 7 7 7 5
2 2 43 0 2 50
9 9 1 25 31 35 19 55 59 61 47 18 7 14 32 63 74 80 15 10
#c 1 1 2 4 6 5 6 2 7 3 2 4 0 5 2 2 3 4 2 1 0 0 6 0 5 1 3 7 4 5 5 1 2 7 7 1 3 6 0 6 7 0 4 1 0 4 6 1 3 4 2 7 3 5 0 1 6 3 6 1 4 1 5 2 6 3 6 3 4 5 3 0 0 0 2 4 0 5 6 5 2 4 3 7 7 7 7 7 5
#c 1 1 2 4 6 5 6 2 7 3 2 4 0 5 2 2 3 4 2 1 0 0 6 0 5 1 3 7 4 5 5 1 2 7 7 1 3 6 0 6 7 0 4 1 0 4 6 1 3 4 2 7 3 5 0 1 6 3 6 1 4 1 5 2 6 3 6 3 4 5 3 0 0 0 2 4 0 5 6 5 2 4 3 7 7 7 7 7 5
3 5 67 26 57 80 18 14 74 32
8 6 9 65 70 52 36 82 48 16 2 7 63 50 15 10
#c 1 1 2 4 6 5 6 2 7 3 2 4 0 5 2 2 3 4 2 1 0 0 6 0 5 1 3 7 4 5 5 1 2 7 7 1 3 6 0 6 7 0 4 1 0 4 6 1 3 4 2 7 3 5 0 1 6 3 6 1 4 1 5 2 6 3 6 3 4 5 3 0 0 0 2 4 0 5 6 5 2 4 3 7 7 7 7 7 5
4 2 42 49 60 45 86 87
7 9 28 68 17 75 81 11 3 34 27 83 51 40 85 33 84 8
#c 1 1 2 4 6 5 6 2 7 3 2 4 0 5 2 2 3 4 2 1 0 0 6 0 5 1 3 7 4 5 5 1 2 7 7 1 3 6 0 6 7 0 4 1 0 4 6 1 3 4 2 7 3 5 0 1 6 3 6 1 4 1 5 2 6 3 6 3 4 5 3 0 0 0 2 4 0 5 6 5 2 4 3 7 7 7 7 7 5
1 1 53 17
10 10 13 29 77 88 62 5 79 69 24 30 28 60 68 45 42 49 75 81 11 3
#c 1 1 2 4 6 5 6 2 7 3 2 4 0 5 2 2 3 4 2 1 0 0 6 0 5 1 3 7 4 5 5 1 2 7 7 1 3 6 0 6 7 0 4 1 0 4 6 1 3 4 2 7 3 5 0 1 6 3 6 1 4 1 5 2 6 3 6 3 4 5 3 0 0 0 2 4 0 5 6 5 2 4 3 7 7 7 7 7 5
2 2 66 78 19 35
9 9 6 46 4 64 22 56 37 58 39 1 25 0 31 55 59 43 61 47
#c 1 1 2 4 6 5 6 2 7 3 2 4 0 5 2 2 3 4 2 1 0 0 6 0 5 1 3 7 4 5 5 1 2 7 7 1 3 6 0 6 7 0 4 1 0 4 6 1 3 4 2 7 3 5 0 1 6 3 6 1 4 1 5 2 6 3 6 3 4 5 3 0 0 0 2 4 0 5 6 5 2 4 3 7 7 7 7 7 5
3 3 83 86 34 25 61 55
8 8 27 51 40 85 87 33 84 8 1 0 31 35 19 59 43 47
#c 1 1 2 4 6 5 6 2 7 3 2 4 0 5 2 2 3 4 2 1 0 0 6 0 5 1 3 7 4 5 5 1 2 7 7 1 3 6 0 6 7 0 4 1 0 4 6 1 3 4 2 7 3 5 0 1 6 3 6 1 4 1 5 2 6 3 6 3 4 5 3 0 0 0 2 4 0 5 6 5 2 4 3 7 7 7 7 7 5
3 3 73 72 76 18 50 14
9 8 20 41 21 54 12 71 44 23 38 2 7 32 63 74 80 15 10
#c 1 1 2 4 6 5 6 2 7 3 2 4 0 5 2 2 3 4 2 1 0 0 6 0 5 1 3 7 4 5 5 1 2 7 7 1 3 6 0 6 7 0 4 1 0 4 6 1 3 4 2 7 3 5 0 1 6 3 6 1 4 1 5 2 6 3 6 3 4 5 3 0 0 0 2 4 0 5 6 5 2 4 3 7 7 7 7 7 5
2 2 25 31 3 60
9 9 1 0 35 19 55 59 43 61 47 28 68 45 17 42 49 75 81 11
#c 1 1 2 4 6 5 6 2 7 3 2 4 0 5 2 2 3 4 2 1 0 0 6 0 5 1 3 7 4 5 5 1 2 7 7 1 3 6 0 6 7 0 4 1 0 4 6 1 3 4 2 7 3 5 0 1 6 3 6 1 4 1 5 2 6 3 6 3 4 5 3 0 0 0 2 4 0 5 6 5 2 4 3 7 7 7 7 7 5
5 3 10 7 32 15 18 34 33 84
6 8 2 14 63 74 80 50 27 83 51 40 85 87 8 86
#c 1 1 2 4 6 5 6 2 7 3 2 4 0 5 2 2 3 4 2 1 0 0 6 0 5 1 3 7 4 5 5 1 2 7 7 1 3 6 0 6 7 0 4 1 0 4 6 1 3 4 2 7 3 5 0 1 6 3 6 1 4 1 5 2 6 3 6 3 4 5 3 0 0 0 2 4 0 5 6 5 2 4 3 7 7 7 7 7 5
2 2 26 70 54 76
9 10 67 9 65 57 52 36 82 48 16 20 41 21 12 71 44 72 23 73 38
#c 1 1 2 4 6 5 6 2 7 3 2 4 0 5 2 2 3 4 2 1 0 0 6 0 5 1 3 7 4 5 5 1 2 7 7 1 3 6 0 6 7 0 4 1 0 4 6 1 3 4 2 7 3 5 0 1 6 3 6 1 4 1 5 2 6 3 6 3 4 5 3 0 0 0 2 4 0 5 6 5 2 4 3 7 7 7 7 7 5
#c 1 1 2 4 6 5 6 2 7 3 2 4 0 5 2 2 3 4 2 1 0 0 6 0 5 1 3 7 4 5 5 1 2 7 7 1 3 6 0 6 7 0 4 1 0 4 6 1 3 4 2 7 3 5 0 1 6 3 6 1 4 1 5 2 6 3 6 3 4 5 3 0 0 0 2 4 0 5 6 5 2 4 3 7 7 7 7 7 5
3 3 69 13 5 52 82 9
8 8 29 53 77 88 62 79 24 30 67 65 26 70 57 36 48 16
#c 1 1 2 4 6 5 6 2 7 3 2 4 0 5 2 2 3 4 2 1 0 0 6 0 5 1 3 7 4 5 5 1 2 7 7 1 3 6 0 6 7 0 4 1 0 4 6 1 3 4 2 7 3 5 0 1 6 3 6 1 4 1 5 2 6 3 6 3 4 5 3 0 0 0 2 4 0 5 6 5 2 4 3 7 7 7 7 7 5
1 1 56 0
10 10 6 46 78 4 64 22 37 58 39 66 1 25 31 35 19 55 59 43 61 47
#c 1 1 2 4 6 5 6 2 7 3 2 4 0 5 2 2 3 4 2 1 0 0 6 0 5 1 3 7 4 5 5 1 2 7 7 1 3 6 0 6 7 0 4 1 0 4 6 1 3 4 2 7 3 5 0 1 6 3 6 1 4 1 5 2 6 3 6 3 4 5 3 0 0 0 2 4 0 5 6 5 2 4 3 7 7 7 7 7 5
5 5 27 85 51 83 8 21 71 38 44 23
6 7 34 40 87 33 84 86 76 20 41 54 12 72 73
#c 1 1 2 4 6 5 6 2 7 3 2 4 0 5 2 2 3 4 2 1 0 0 6 0 5 1 3 7 4 5 5 1 2 7 7 1 3 6 0 6 7 0 4 1 0 4 6 1 3 4 2 7 3 5 0 1 6 3 6 1 4 1 5 2 6 3 6 3 4 5 3 0 0 0 2 4 0 5 6 5 2 4 3 7 7 7 7 7 5
5 5 23 38 71 54 12 36 26 70 48 9
7 6 76 20 41 21 44 72 73 67 65 57 52 82 16
#c 1 1 2 4 6 5 6 2 7 3 2 4 0 5 2 2 3 4 2 1 0 0 6 0 5 1 3 7 4 5 5 1 2 7 7 1 3 6 0 6 7 0 4 1 0 4 6 1 3 4 2 7 3 5 0 1 6 3 6 1 4 1 5 2 6 3 6 3 4 5 3 0 0 0 2 4 0 5 6 5 2 4 3 7 7 7 7 7 5
3 3 1 35 43 65 36 70
8 8 25 0 31 19 55 59 61 47 67 9 26 57 52 82 48 16
#c 1 1 2 4 6 5 6 2 7 3 2 4 0 5 2 2 3 4 2 1 0 0 6 0 5 1 3 7 4 5 5 1 2 7 7 1 3 6 0 6 7 0 4 1 0 4 6 1 3 4 2 7 3 5 0 1 6 3 6 1 4 1 5 2 6 3 6 3 4 5 3 0 0 0 2 4 0 5 6 5 2 4 3 7 7 7 7 7 5
#c 1 1 2 4 6 5 6 2 7 3 2 4 0 5 2 2 3 4 2 1 0 0 6 0 5 1 3 7 4 5 5 1 2 7 7 1 3 6 0 6 7 0 4 1 0 4 6 1 3 4 2 7 3 5 0 1 6 3 6 1 4 1 5 2 6 3 6 3 4 5 3 0 0 0 2 4 0 5 6 5 2 4 3 7 7 7 7 7 5
3 3 67 26 48 27 85 87
8 8 9 65 70 57 52 36 82 16 34 83 51 40 33 84 8 86
#c 1 1 2 4 6 5 6 2 7 3 2 4 0 5 2 2 3 4 2 1 0 0 6 0 5 1 3 7 4 5 5 1 2 7 7 1 3 6 0 6 7 0 4 1 0 4 6 1 3 4 2 7 3 5 0 1 6 3 6 1 4 1 5 2 6 3 6 3 4 5 3 0 0 0 2 4 0 5 6 5 2 4 3 7 7 7 7 7 5
4 4 75 45 17 28 65 26 70 82
7 7 60 68 42 49 81 11 3 67 9 57 52 36 48 16
#c 1 1 2 4 6 5 6 2 7 3 2 4 0 5 2 2 3 4 2 1 0 0 6 0 5 1 3 7 4 5 5 1 2 7 7 1 3 6 0 6 7 0 4 1 0 4 6 1 3 4 2 7 3 5 0 1 6 3 6 1 4 1 5 2 6 3 6 3 4 5 3 0 0 0 2 4 0 5 6 5 2 4 3 7 7 7 7 7 5
2 2 5 30 51 86
9 9 13 29 53 77 88 62 79 69 24 34 27 83 40 85 87 33 84 8
#c 1 1 2 4 6 5 6 2 7 3 2 4 0 5 2 2 3 4 2 1 0 0 6 0 5 1 3 7 4 5 5 1 2 7 7 1 3 6 0 6 7 0 4 1 0 4 6 1 3 4 2 7 3 5 0 1 6 3 6 1 4 1 5 2 6 3 6 3 4 5 3 0 0 0 2 4 0 5 6 5 2 4 3 7 7 7 7 7 5
4 4 64 46 78 22 24 62 79 30
7 7 6 4 56 37 58 39 66 13 29 53 77 88 5 69
#c 1 1 2 4 6 5 6 2 7 3 2 4 0 5 2 2 3 4 2 1 0 0 6 0 5 1 3 7 4 5 5 1 2 7 7 1 3 6 0 6 7 0 4 1 0 4 6 1 3 4 2 7 3 5 0 1 6 3 6 1 4 1 5 2 6 3 6 3 4 5 3 0 0 0 2 4 0 5 6 5 2 4 3 7 7 7 7 7 5
5 5 27 87 84 40 33 45 60 17 28 11
6 6 34 83 51 85 8 86 68 42 49 75 81 3
#c 1 1 2 4 6 5 6 2 7 3 2 4 0 5 2 2 3 4 2 1 0 0 6 0 5 1 3 7 4 5 5 1 2 7 7 1 3 6 0 6 7 0 4 1 0 4 6 1 3 4 2 7 3 5 0 1 6 3 6 1 4 1 5 2 6 3 6 3 4 5 3 0 0 0 2 4 0 5 6 5 2 4 3 7 7 7 7 7 5
1 1 23 36
11 10 76 20 41 21 54 12 71 44 72 73 38 67 9 65 26 70 57 52 82 48 16
#c 1 1 2 4 6 5 6 2 7 3 2 4 0 5 2 2 3 4 2 1 0 0 6 0 5 1 3 7 4 5 5 1 2 7 7 1 3 6 0 6 7 0 4 1 0 4 6 1 3 4 2 7 3 5 0 1 6 3 6 1 4 1 5 2 6 3 6 3 4 5 3 0 0 0 2 4 0 5 6 5 2 4 3 7 7 7 7 7 5
5 5 0 61 19 43 59 49 60 45 3 11
6 6 1 25 31 35 55 47 28 68 17 42 75 81
#c 1 1 2 4 6 5 6 2 7 3 2 4 0 5 2 2 3 4 2 1 0 0 6 0 5 1 3 7 4 5 5 1 2 7 7 1 3 6 0 6 7 0 4 1 0 4 6 1 3 4 2 7 3 5 0 1 6 3 6 1 4 1 5 2 6 3 6 3 4 5 3 0 0 0 2 4 0 5 6 5 2 4 3 7 7 7 7 7 5
5 5 10 74 14 15 18 52 65 67 16 57
6 6 2 7 32 63 80 50 9 26 70 36 82 48
#c 1 1 2 4 6 5 6 2 7 3 2 4 0 5 2 2 3 4 2 1 0 0 6 0 5 1 3 7 4 5 5 1 2 7 7 1 3 6 0 6 7 0 4 1 0 4 6 1 3 4 2 7 3 5 0 1 6 3 6 1 4 1 5 2 6 3 6 3 4 5 3 0 0 0 2 4 0 5 6 5 2 4 3 7 7 7 7 7 5
1 1 36 53
10 10 67 9 65 26 70 57 52 82 48 16 13 29 77 88 62 5 79 69 24 30
#c 1 1 2 4 6 5 6 2 7 3 2 4 0 5 2 2 3 4 2 1 0 0 6 0 5 1 3 7 4 5 5 1 2 7 7 1 5 6 0 6 7 0 4 1 0 4 6 1 3 4 2 7 3 3 0 1 6 3 6 1 4 1 5 2 6 3 6 3 4 5 3 0 0 0 2 4 0 5 6 5 2 4 3 7 7 7 7 7 5
1 1 3 54
10 11 28 60 68 45 17 42 49 75 81 11 76 20 41 21 12 71 44 72 23 73 38
#c 1 1 2 4 6 5 6 2 7 3 2 4 0 5 2 2 3 4 2 1 0 0 6 0 5 1 3 7 4 5 5 1 2 7 7 1 5 6 0 6 7 0 4 1 0 4 6 1 3 4 2 7 3 3 0 1 6 3 6 1 4 1 5 2 6 3 6 3 4 5 3 0 0 0 2 4 0 5 6 5 2 4 3 7 7 7 7 7 5
3 3 62 13 24 72 73 41
8 9 29 77 88 5 79 69 30 36 76 20 21 54 12 71 44 23 38
#c 1 1 2 4 6 5 6 2 7 3 2 4 0 5 2 2 3 4 2 1 0 0 6 0 5 1 3 7 4 5 5 1 2 7 7 1 5 6 0 6 7 0 4 1 0 4 6 1 3 4 2 7 3 3 0 1 6 3 6 1 4 1 5 2 6 3 6 3 4 5 3 0 0 0 2 4 0 5 6 5 2 4 3 7 7 7 7 7 5
#c 1 1 2 4 6 5 6 2 7 3 2 4 0 5 2 2 3 4 2 1 0 0 6 0 5 1 3 7 4 5 5 1 2 7 7 1 5 6 0 6 7 0 4 1 0 4 6 1 3 4 2 7 3 3 0 1 6 3 6 1 4 1 5 2 6 3 6 3 4 5 3 0 0 0 2 4 0 5 6 5 2 4 3 7 7 7 7 7 5
1 1 34 41
10 11 27 83 51 40 85 87 33 84 8 86 76 20 21 54 12 71 44 72 23 73 38
#c 1 1 2 4 6 5 6 2 7 3 2 4 0 5 2 2 3 4 2 1 0 0 6 0 5 1 3 7 4 5 5 1 2 7 0 1 5 6 0 6 7 7 4 1 0 4 6 1 3 4 2 7 3 3 0 1 6 3 6 1 4 1 5 2 6 3 6 3 4 5 3 0 0 0 2 4 0 5 6 5 2 4 3 7 7 7 7 7 5
4 4 34 73 38 20 6 22 37 64
8 7 76 21 54 12 71 44 72 23 46 78 4 56 58 39 66
#c 1 1 2 4 6 5 6 2 7 3 2 4 0 5 2 2 3 4 2 1 0 0 6 0 5 1 3 7 4 5 5 1 2 7 0 1 5 6 0 6 7 7 4 1 0 4 6 1 3 4 2 7 3 3 0 1 6 3 6 1 4 1 5 2 6 3 6 3 4 5 3 0 0 0 2 4 0 5 6 5 2 4 3 7 7 7 7 7 5
1 1 19 83
10 10 1 25 0 31 35 55 59 43 61 47 27 51 40 85 87 33 84 8 86 41
#c 1 1 2 4 6 5 6 2 7 3 2 4 0 5 2 2 3 4 2 1 0 0 6 0 5 1 3 7 4 5 5 1 2 7 0 1 5 6 0 6 7 7 4 1 0 4 6 1 3 4 2 7 3 3 0 1 6 3 6 1 4 1 5 2 6 3 6 3 4 5 3 0 0 0 2 4 0 5 6 5 2 4 3 7 7 7 7 7 5
4 4 2 7 32 74 0 43 19 59
7 7 18 14 63 80 50 15 10 1 25 31 35 55 61 47
#c 2 1 1 4 6 5 6 1 7 3 2 4 0 5 2 2 3 4 2 2 0 0 6 0 5 1 3 7 4 5 5 1 1 7 0 1 5 6 0 6 7 7 4 2 0 4 6 1 3 4 2 7 3 3 0 1 6 3 6 2 4 1 5 2 6 3 6 3 4 5 3 0 0 0 1 4 0 5 6 5 2 4 3 7 7 7 7 7 5
1 1 53 84
10 10 67 9 65 26 70 57 52 82 48 16 27 83 51 40 85 87 33 8 86 41
#c 2 1 1 4 6 5 6 1 7 3 2 4 0 5 2 2 3 4 2 2 0 0 6 0 5 1 3 7 4 5 5 1 1 7 0 1 5 6 0 6 7 7 4 2 0 4 6 1 3 4 2 7 3 7 0 1 6 3 6 2 4 1 5 2 6 3 6 3 4 5 3 0 0 0 1 4 0 5 6 5 2 4 3 7 3 7 7 7 5
1 1 68 50
10 10 28 60 45 17 42 49 75 81 11 3 18 14 63 80 15 10 0 43 19 59
#c 2 1 1 4 6 5 6 1 7 3 2 4 0 5 2 2 3 4 2 2 0 0 6 0 5 1 3 7 4 5 5 1 1 7 0 1 5 6 0 6 7 7 4 2 0 4 6 1 3 4 2 7 3 7 0 1 6 3 6 2 4 1 5 2 6 3 6 3 4 5 3 0 0 0 1 4 0 5 6 5 2 4 3 7 3 7 7 7 5
3 3 88 36 29 85 86 41
8 8 13 77 62 5 79 69 24 30 27 83 51 40 87 33 8 53
#c 2 1 1 4 6 5 6 1 7 3 2 4 0 5 2 2 3 4 2 2 0 0 6 0 5 1 3 7 4 5 5 1 1 7 0 1 5 6 0 6 7 7 4 2 0 4 6 1 3 4 2 7 3 7 0 1 6 3 6 2 4 1 5 2 6 3 6 3 4 5 3 0 0 0 1 4 0 5 6 5 2 4 3 7 3 7 7 7 5
5 5 66 78 22 56 4 86 41 87 27 33
6 6 6 46 64 37 58 39 83 51 40 85 8 53
#c 2 1 1 4 6 5 6 1 7 3 2 4 0 5 2 2 3 4 2 2 0 0 6 0 5 1 3 7 4 5 5 1 1 7 0 1 5 6 0 6 7 7 4 2 0 4 6 1 3 4 2 7 3 7 0 1 6 3 6 2 4 1 5 2 6 3 6 3 4 5 3 0 0 0 1 4 0 5 6 5 2 4 3 7 3 7 7 7 5
#c 2 1 1 4 6 5 6 1 7 3 2 4 0 5 2 2 3 4 2 2 0 0 6 0 5 1 3 7 4 5 5 1 1 7 0 1 5 6 0 6 7 7 4 2 0 4 6 1 3 4 2 7 3 7 0 1 6 3 6 2 4 1 5 2 6 3 6 3 4 5 3 0 0 0 1 4 0 5 6 5 2 4 3 7 3 7 7 7 5
3 3 54 73 44 25 2 32
9 8 76 20 21 12 71 72 23 38 34 1 31 35 55 61 47 7 74
#c 2 1 1 4 6 5 6 1 7 3 2 4 0 5 2 2 3 4 2 2 0 0 6 0 5 1 3 7 4 5 5 1 1 7 0 1 5 6 0 6 7 7 4 2 0 4 6 1 3 4 2 7 3 7 0 1 6 3 6 2 4 1 5 2 6 3 6 3 4 5 3 0 0 0 1 4 0 5 6 5 2 4 3 7 3 7 7 7 5
#c 2 1 1 4 6 5 6 1 7 3 2 4 0 5 2 2 3 4 2 2 0 0 6 0 5 1 3 7 4 5 5 1 1 7 0 1 5 6 0 6 7 7 4 2 0 4 6 1 3 4 2 7 3 7 0 1 6 3 6 2 4 1 5 2 6 3 6 3 4 5 3 0 0 0 1 4 0 5 6 5 2 4 3 7 3 7 7 7 5
5 5 10 15 43 19 14 5 30 13 88 62
6 6 18 63 80 50 0 59 29 77 79 69 24 36
#c 2 1 1 4 6 5 6 1 7 3 2 4 0 5 2 2 3 4 2 2 0 0 6 0 5 1 3 7 4 5 5 1 1 7 0 1 5 6 0 6 7 7 4 2 0 4 6 1 3 4 2 7 3 7 0 1 6 3 6 2 4 1 5 2 6 3 6 3 4 5 3 0 0 0 1 4 0 5 6 5 2 4 3 7 3 7 7 7 5
2 2 16 26 0 50
9 9 67 9 65 70 57 52 82 48 84 18 14 63 80 15 10 43 19 59
#c 2 1 1 4 6 5 6 1 7 3 2 4 0 5 2 2 3 4 2 2 0 0 6 0 5 1 3 7 4 5 5 1 1 7 0 1 5 6 0 6 7 7 4 2 0 4 6 1 3 4 2 7 3 7 0 1 6 3 6 2 4 1 5 2 6 3 6 3 4 5 3 0 0 0 1 4 0 5 6 5 2 4 3 7 3 7 7 7 5
3 3 17 45 3 25 55 61
8 8 28 60 68 42 49 75 81 11 1 31 35 47 2 7 32 74
#c 2 1 1 4 6 5 6 1 7 3 2 4 0 5 2 2 3 4 2 2 0 0 6 0 5 1 3 7 4 5 5 1 1 7 0 1 5 6 0 6 7 7 4 2 0 4 6 1 3 4 2 7 3 7 0 1 6 3 6 2 4 1 5 2 6 3 6 3 4 5 3 0 0 0 1 4 0 5 6 5 2 4 3 7 3 7 7 7 5
3 3 62 36 79 43 0 80
8 8 13 29 77 88 5 69 24 30 18 14 63 50 15 10 19 59
#c 2 1 1 4 6 5 6 1 7 3 2 4 0 5 2 2 3 4 2 2 0 0 6 0 5 1 3 7 4 5 5 1 1 7 0 1 5 6 0 6 7 7 4 2 0 4 6 1 3 4 2 7 3 7 0 1 6 3 6 2 4 1 5 2 6 3 6 3 4 5 3 0 0 0 1 4 0 5 6 5 2 4 3 7 3 7 7 7 5
#c 2 1 1 4 6 5 6 1 7 3 2 4 0 5 2 2 3 4 2 2 0 0 6 0 5 1 3 7 4 5 5 1 1 7 0 1 5 6 0 6 7 7 4 2 0 4 6 1 3 4 2 7 3 7 0 1 6 3 6 2 4 1 5 2 6 3 6 3 4 5 3 0 0 0 1 4 0 5 6 5 2 4 3 7 3 7 7 7 5
10 10 27 83 51 40 85 33 8 86 41 53 6 46 78 4 64 56 37 58 39 66
#c 2 1 1 4 6 5 6 1 7 3 2 4 0 5 2 2 3 4 2 2 0 0 6 0 5 1 3 7 4 5 5 1 1 7 0 1 5 6 0 6 7 7 4 2 0 4 6 1 3 4 2 7 3 7 0 1 6 3 6 2 4 1 5 2 6 3 6 3 4 5 3 0 0 0 1 4 0 5 6 5 2 4 3 7 3 7 7 7 5
#c 2 1 1 4 6 5 6 1 7 3 2 4 0 5 2 2 3 4 2 2 0 0 6 0 5 1 3 7 4 5 5 1 1 7 0 1 5 6 0 6 7 7 4 2 0 4 6 1 3 4 2 7 3 7 0 1 6 3 6 2 4 1 5 2 6 3 6 3 4 5 3 0 0 0 1 4 0 5 6 5 2 4 3 7 3 7 7 7 5
4 4 74 47 35 55 64 78 56 6
7 7 1 25 31 61 2 7 32 46 4 22 37 58 39 66
#c 2 1 1 4 6 5 6 1 7 3 2 4 0 5 2 2 3 4 2 2 0 0 6 0 5 1 3 7 4 5 5 1 1 7 0 1 5 6 0 6 7 7 4 2 0 4 6 1 3 4 2 7 3 7 0 1 6 3 6 2 4 1 5 2 6 3 6 3 4 5 3 0 0 0 1 4 0 5 6 5 2 4 3 7 3 7 7 7 5
4 4 15 19 63 10 52 70 65 26
7 7 18 14 80 50 0 43 59 67 9 57 82 48 16 84
#c 2 1 1 4 6 5 6 1 7 3 2 4 0 5 2 2 3 4 2 2 0 0 6 0 5 1 3 7 4 5 5 1 1 7 0 1 5 6 0 6 7 7 4 2 0 4 6 1 3 4 2 7 3 7 0 1 6 3 6 2 4 1 5 2 6 3 6 3 4 5 3 0 0 0 1 4 0 5 6 5 2 4 3 7 3 7 7 7 5
#c 2 1 1 4 6 5 6 1 7 3 2 4 0 5 2 2 3 4 2 2 0 0 6 0 5 1 3 7 4 5 5 1 1 7 0 1 5 6 0 6 7 7 4 2 0 4 6 1 3 4 2 7 3 7 0 1 6 3 6 2 4 1 5 2 6 3 6 3 4 5 3 0 0 0 1 4 0 5 6 5 2 4 3 7 3 7 7 7 5
#c 2 1 1 4 6 5 6 1 7 3 2 4 0 5 2 2 3 4 2 2 0 0 6 0 5 1 3 7 4 5 5 1 1 7 0 1 5 6 0 6 7 7 4 2 0 4 6 1 3 4 2 7 3 7 0 1 6 3 6 2 4 1 5 2 6 3 6 3 4 5 3 0 0 0 1 4 0 5 6 5 2 4 3 7 3 7 7 7 5
2 3 5 79 63 59 15
9 8 13 29 77 88 62 69 24 30 36 18 14 80 50 10 0 43 19
#c 2 1 1 4 6 5 6 1 7 3 2 4 0 5 2 2 3 4 2 2 0 0 6 0 5 1 3 7 4 5 5 1 1 7 0 1 5 6 0 6 7 7 4 2 0 4 6 1 3 4 2 7 3 7 0 1 6 3 6 2 4 1 5 2 6 3 6 3 4 5 3 0 0 0 1 4 0 5 6 5 2 4 3 7 3 7 7 7 5
2 2 56 22 54 44
9 10 6 46 78 4 64 37 58 39 66 76 20 21 12 71 72 23 73 38 34
#c 2 1 1 4 6 5 6 1 7 3 2 4 0 5 2 2 3 4 2 2 0 0 6 0 5 1 3 7 4 5 5 1 1 7 0 1 5 6 0 6 7 7 4 2 0 4 6 1 3 4 2 7 3 7 0 1 6 3 6 2 4 1 5 2 6 3 6 3 4 5 3 0 0 0 1 4 0 5 6 5 2 4 3 7 3 7 7 7 5
2 2 8 87 10 18
9 9 27 83 51 40 85 33 86 41 53 14 63 80 50 15 0 43 19 59
#c 2 1 1 4 6 5 6 1 2 3 7 4 0 5 2 2 3 4 7 2 0 0 6 0 5 1 3 7 4 5 5 1 1 7 0 1 5 6 0 6 7 7 4 2 0 4 6 1 3 4 2 7 3 7 0 1 6 3 6 2 4 1 5 2 6 3 6 3 4 5 3 0 0 0 1 4 0 5 6 5 2 4 3 7 3 7 7 2 5
2 2 73 72 28 81
10 9 76 20 21 54 12 71 44 23 38 34 60 68 45 17 42 49 75 11 3
#c 2 1 1 4 6 5 6 1 2 3 7 4 0 5 2 2 3 4 7 2 0 0 6 0 5 1 3 7 4 5 5 1 1 7 0 1 5 6 0 6 7 7 4 2 0 4 6 1 3 4 2 7 3 7 0 1 6 3 6 2 4 1 5 2 6 3 6 3 4 5 3 0 0 0 1 4 0 5 6 5 2 4 3 7 3 7 7 2 5
3 3 74 31 32 27 86 51
8 8 1 25 35 55 61 47 2 7 83 40 85 33 41 53 10 18
#c 2 1 1 4 6 5 6 1 2 3 7 4 0 5 2 2 3 4 7 2 0 0 6 0 5 1 3 7 4 5 5 1 1 7 0 1 5 6 0 6 7 7 4 2 0 4 6 1 3 4 2 7 3 7 0 1 6 3 6 2 4 1 5 2 6 3 6 3 4 5 3 0 0 0 1 4 0 5 6 5 2 4 3 7 3 7 7 2 5
3 3 14 59 43 40 27 83
8 8 63 80 50 15 0 19 8 87 51 85 33 86 41 53 10 18
#c 2 1 1 4 6 5 6 1 2 3 7 4 0 5 2 2 3 4 7 2 0 0 6 0 5 1 3 7 4 5 5 1 1 7 0 1 5 6 0 6 7 7 4 2 0 4 6 1 3 4 2 7 3 7 0 1 6 3 6 2 4 1 5 2 6 3 6 3 4 5 3 0 0 0 1 4 0 5 6 5 2 4 3 7 3 7 7 2 5
1 1 84 27
10 10 67 9 65 26 70 57 52 82 48 16 83 51 40 85 33 86 41 53 10 18
#c 2 1 1 4 6 5 6 1 2 3 7 4 0 5 2 2 3 4 7 2 0 0 6 0 5 1 3 7 4 5 5 1 1 7 0 1 5 6 0 6 7 7 4 2 0 4 6 1 3 4 2 7 3 7 0 1 6 3 6 2 4 1 5 2 6 3 6 3 4 5 3 0 0 0 1 4 0 5 6 5 2 4 3 7 3 7 7 2 5
3 3 42 68 17 55 47 35
8 8 28 60 45 49 75 81 11 3 1 25 31 61 2 7 32 74
#c 2 1 1 4 6 5 6 1 2 3 7 4 0 5 2 2 3 4 7 2 0 0 6 0 5 1 3 7 4 5 5 1 1 7 0 1 5 6 0 6 7 7 4 2 0 4 6 1 3 4 2 7 3 7 0 1 6 3 6 2 4 1 5 2 6 3 6 3 4 5 3 0 0 0 1 4 0 5 6 5 2 4 3 7 3 7 7 2 5
#c 2 1 1 4 6 5 6 1 2 3 7 4 0 5 2 2 3 4 7 2 0 0 6 0 5 1 3 7 4 5 5 1 1 7 0 1 5 6 0 6 7 7 4 2 0 4 6 1 3 4 2 7 3 7 0 1 6 3 6 2 4 1 5 2 6 3 6 3 4 5 3 0 0 0 1 4 0 5 6 5 2 4 3 7 3 7 7 2 5
2 2 78 37 28 68
9 9 6 46 4 64 22 56 58 39 66 60 45 17 42 49 75 81 11 3
#c 2 1 1 4 6 5 6 1 2 3 7 4 0 5 2 2 3 4 7 2 0 0 6 0 5 1 3 7 4 5 5 1 1 7 0 1 5 6 0 6 7 7 4 2 0 4 6 1 3 4 2 7 3 7 0 1 6 3 6 2 4 1 5 2 6 3 6 3 4 5 3 0 0 0 1 4 0 5 6 5 2 4 3 7 3 7 7 2 5
4 4 27 41 18 86 42 75 68 60
7 7 83 51 40 85 33 53 10 28 45 17 49 81 11 3
#c 2 1 1 4 6 5 6 1 2 3 7 4 0 5 2 2 3 4 7 2 0 0 6 0 5 1 3 7 4 5 5 1 1 7 0 1 5 6 0 6 7 7 4 2 0 4 6 1 3 4 2 7 3 7 0 1 6 3 6 2 4 1 5 2 6 3 6 3 4 5 3 0 0 0 1 4 0 5 6 5 2 4 3 7 3 7 7 2 5
3 2 72 12 21 36 77
9 9 76 20 54 71 44 23 73 38 34 13 29 88 62 5 79 69 24 30
#c 2 1 1 4 6 5 6 1 2 3 7 4 0 5 2 2 3 4 7 2 0 0 6 0 5 1 3 7 4 5 5 1 1 7 0 1 5 6 0 6 7 7 4 2 0 4 6 1 3 4 2 7 3 7 0 1 6 3 6 2 4 1 5 2 6 3 6 3 4 5 3 0 0 0 1 4 0 5 6 5 2 4 3 7 3 7 7 2 5
5 5 1 32 31 25 61 84 70 16 65 9
6 6 35 55 47 2 7 74 67 26 57 52 82 48
#c 2 1 1 4 6 5 6 1 2 3 7 4 0 5 2 2 3 4 7 2 0 0 6 0 5 1 3 7 4 5 5 1 1 7 0 1 5 6 0 6 7 7 4 2 0 4 6 1 3 4 2 7 3 7 0 1 6 3 6 2 4 1 5 2 6 3 6 3 4 5 3 0 0 0 1 4 0 5 6 5 2 4 3 7 3 7 7 2 5
4 4 8 19 87 43 79 30 5 88
7 7 14 63 80 50 15 0 59 13 29 77 62 69 24 36
#c 2 1 1 4 6 5 6 1 2 3 7 4 0 5 2 2 3 4 7 2 0 0 6 0 5 1 3 7 4 5 5 1 1 7 0 1 5 6 0 6 7 7 4 2 0 4 6 1 3 4 2 7 3 7 0 1 6 3 6 2 4 1 5 2 6 3 6 3 4 5 3 0 0 0 1 4 0 5 6 5 2 4 3 7 3 7 7 2 5
2 2 48 84 19 15
9 9 67 9 65 26 70 57 52 82 16 14 63 80 50 0 43 59 8 87
#c 2 1 1 4 6 5 6 1 2 3 7 4 0 5 2 2 3 4 7 2 0 0 6 0 5 1 3 7 4 5 5 1 1 7 0 1 5 6 0 6 7 7 4 2 0 4 6 1 3 4 2 7 3 7 0 1 6 3 6 2 4 1 5 2 6 3 6 3 4 5 3 0 0 0 1 4 0 5 6 5 2 4 3 7 3 7 7 2 5
5 5 60 49 17 75 42 64 22 66 46 39
6 6 28 68 45 81 11 3 6 78 4 56 37 58
#c 2 1 1 4 6 5 6 1 2 3 7 4 0 5 2 2 3 4 7 2 0 0 6 0 5 1 3 7 4 5 5 1 1 7 0 1 5 6 0 6 7 7 4 2 0 4 6 1 3 4 2 7 3 7 0 1 6 3 6 2 4 1 5 2 6 3 6 3 4 5 3 0 0 0 1 4 0 5 6 5 2 4 3 7 3 7 7 2 5
#c 2 1 1 4 6 5 6 1 2 3 7 4 0 5 2 2 3 4 7 2 0 0 6 0 5 1 3 7 4 5 5 1 1 7 0 1 5 6 0 6 7 7 4 2 0 4 6 1 3 4 2 7 3 7 0 1 6 3 6 2 4 1 5 2 6 3 6 3 4 5 3 0 0 0 1 4 0 5 6 5 2 4 3 7 3 7 7 2 5
#c 2 1 1 4 6 5 6 1 2 3 7 4 0 5 2 2 3 4 7 2 0 0 6 0 5 1 3 7 4 5 5 1 1 7 0 1 5 6 0 6 7 7 4 2 0 4 6 1 3 4 2 7 3 7 0 1 6 3 6 2 4 1 5 2 6 3 6 3 4 5 3 0 0 0 1 4 0 5 6 5 2 4 3 7 3 7 7 2 5
3 3 10 53 33 17 68 60
8 8 27 83 51 40 85 86 41 18 28 45 42 49 75 81 11 3
#c 2 1 1 4 6 5 6 1 2 3 7 4 0 5 2 2 3 4 7 2 0 0 6 0 5 1 3 7 4 5 5 1 1 7 0 1 5 6 0 6 7 7 4 2 0 4 6 1 3 4 2 7 3 7 0 1 6 3 6 2 4 1 5 2 6 3 6 3 4 5 3 0 0 0 1 4 0 5 6 5 2 4 3 7 3 7 7 2 5
6 6 72 21 23 12 54 71 67 9 65 84 52 57
6 5 76 20 44 73 38 34 26 70 82 48 16
#c 2 1 1 4 6 5 6 1 2 3 7 4 0 5 2 2 3 4 7 2 0 0 6 0 5 1 3 7 4 5 5 1 1 7 0 1 5 6 0 6 7 7 4 2 0 4 6 1 3 4 2 7 3 7 0 1 6 3 6 2 4 1 5 2 6 3 6 3 4 5 3 0 0 0 1 4 0 5 6 5 2 4 3 7 3 7 7 2 5
4 4 32 61 55 74 20 72 38 21
7 8 1 25 31 35 47 2 7 76 54 12 71 44 23 73 34
#c 2 1 1 4 6 5 6 1 2 3 7 4 0 5 2 2 3 4 7 2 0 0 6 0 5 1 3 7 4 5 5 1 1 7 0 1 5 6 0 6 7 7 4 2 0 4 6 1 3 4 2 7 3 7 0 1 6 3 6 2 4 1 5 2 6 3 6 3 4 5 3 0 0 0 1 4 0 5 6 5 2 4 3 7 3 7 7 2 5
5 5 43 8 63 87 59 64 22 4 6 58
6 6 14 80 50 15 0 19 46 78 56 37 39 66
#c 2 1 1 4 6 5 6 1 2 3 7 4 0 5 2 2 3 4 7 2 0 0 6 0 5 1 3 7 4 5 5 1 1 7 0 1 5 6 0 6 7 7 4 2 0 4 6 1 3 4 2 7 3 7 0 1 6 3 6 2 4 1 5 2 6 3 6 3 4 5 3 0 0 0 1 4 0 5 6 5 2 4 3 7 3 7 7 2 5
5 7 82 57 16 84 52 31 61 1 32 55 74 2
6 4 67 9 65 26 70 48 25 35 47 7
#c 2 1 1 4 6 5 6 1 2 3 7 4 0 5 2 2 3 4 7 2 0 0 6 0 5 1 3 7 4 5 5 1 1 7 0 1 5 6 0 6 7 7 4 2 0 4 6 1 3 4 2 7 3 7 0 1 6 3 6 2 4 1 5 2 6 3 6 3 4 5 3 0 0 0 1 4 0 5 6 5 2 4 3 7 3 7 7 2 5
5 5 75 60 3 17 11 73 38 71 72 34
6 7 28 68 45 42 49 81 76 20 21 54 12 44 23
#c 2 1 1 4 6 5 6 1 2 3 7 4 0 5 2 2 3 4 7 2 0 0 6 0 5 1 3 7 4 5 5 1 1 7 0 1 5 6 0 6 7 7 4 2 0 4 6 1 3 4 2 7 3 7 0 1 6 3 6 2 4 1 5 2 6 3 6 3 4 5 3 0 0 0 1 4 0 5 6 5 2 4 3 7 3 7 7 2 5
2 2 62 30 32 25
9 9 13 29 77 88 5 79 69 24 36 1 31 35 55 61 47 2 7 74
#c 2 1 1 4 6 5 6 1 2 3 7 4 0 5 2 2 3 4 7 2 0 0 6 0 5 1 3 7 4 5 5 1 1 7 0 1 5 6 0 6 7 7 4 2 0 4 6 1 3 4 2 7 3 7 0 1 6 3 6 2 4 1 5 2 6 3 6 3 4 5 3 0 0 0 1 4 0 5 6 5 2 4 3 7 3 7 7 2 5
3 4 56 78 6 11 49 68 81
8 7 46 4 64 22 37 58 39 66 28 60 45 17 42 75 3
#c 2 1 1 4 6 5 6 1 2 3 7 4 0 5 2 2 3 4 7 2 0 0 6 0 5 1 3 7 4 5 5 1 1 7 0 1 5 6 0 6 7 7 4 2 0 4 6 1 3 4 2 7 3 7 0 1 6 3 6 2 4 1 5 2 6 3 6 3 4 5 3 0 0 0 1 4 0 5 6 5 2 4 3 7 3 7 7 2 5
3 3 27 41 10 19 0 87
8 8 83 51 40 85 33 86 53 18 14 63 80 50 15 43 59 8
#c 2 1 1 4 6 5 6 1 2 3 7 4 0 5 2 2 3 4 7 2 0 0 6 0 5 1 3 7 4 5 5 1 1 7 0 1 5 6 0 6 7 7 4 2 0 4 6 1 3 4 2 7 3 7 0 1 6 3 6 2 4 1 5 2 6 3 6 3 4 5 3 0 0 0 1 4 0 5 6 5 2 4 3 7 3 7 7 2 5
5 5 44 73 76 21 20 84 52 26 57 9
7 6 54 12 71 72 23 38 34 67 65 70 82 48 16
#c 2 1 1 4 6 5 6 1 2 3 7 4 0 5 2 2 3 4 7 2 0 0 6 0 5 1 3 7 4 5 5 1 1 7 0 1 5 6 0 6 7 7 4 2 0 4 6 1 3 4 2 7 3 7 0 1 6 3 6 2 4 1 5 2 6 3 6 3 4 5 3 0 0 0 1 4 0 5 6 5 2 4 3 7 3 7 7 2 5
4 4 35 61 7 31 3 81 60 28
7 7 1 25 55 47 2 32 74 68 45 17 42 49 75 11
#c 2 1 1 4 6 5 6 1 2 3 7 4 0 5 2 2 3 4 7 2 0 0 6 0 5 1 3 7 4 5 5 1 1 7 0 1 5 6 0 6 7 7 4 2 0 4 6 1 3 4 2 7 3 7 0 1 6 3 6 2 4 1 5 2 6 3 6 3 4 5 3 0 0 0 1 4 0 5 6 5 2 4 3 7 3 7 7 2 5
1 1 19 33
10 10 14 63 80 50 15 0 43 59 8 87 27 83 51 40 85 86 41 53 10 18
#c 2 1 1 4 6 5 6 1 2 3 7 4 0 5 2 2 3 4 7 2 0 0 6 0 5 1 3 7 4 5 5 1 1 7 0 1 5 6 0 6 7 7 4 2 0 4 6 1 3 4 2 7 3 7 0 1 6 3 6 2 4 1 5 2 6 3 6 3 4 5 3 0 0 0 1 4 0 5 6 5 2 4 3 7 3 7 7 2 5
3 3 26 57 52 19 50 63
8 8 67 9 65 70 82 48 16 84 14 80 15 0 43 59 8 87
#c 2 1 1 4 6 5 6 1 2 3 7 4 0 5 2 2 3 4 7 2 0 0 6 0 5 1 3 7 4 5 5 1 1 7 0 1 5 6 0 6 7 7 4 2 0 4 6 1 3 4 2 7 3 7 0 1 6 3 6 2 4 1 5 2 6 3 6 3 4 5 3 0 0 0 1 4 0 5 6 5 2 4 3 7 3 7 7 2 5
1 1 28 5
10 10 60 68 45 17 42 49 75 81 11 3 13 29 77 88 62 79 69 24 30 36
#c 2 1 1 4 6 5 6 1 2 3 7 4 0 5 2 2 3 4 7 2 0 0 6 0 5 1 3 7 4 5 5 1 1 7 0 1 5 6 0 6 7 7 4 2 0 4 6 1 3 4 2 7 3 7 0 1 6 3 6 2 4 1 5 2 6 3 6 3 4 5 3 0 0 0 1 4 0 5 6 5 2 4 3 7 3 7 7 2 5
5 5 29 5 36 62 24 47 32 31 55 25
6 6 13 77 88 79 69 30 1 35 61 2 7 74
#c 2 1 1 4 6 5 6 1 2 3 7 4 0 5 2 2 3 4 7 2 0 0 6 0 5 1 3 7 4 5 5 1 1 7 0 1 5 6 0 6 7 7 4 2 0 4 6 1 3 4 2 7 3 7 0 1 6 3 6 2 4 1 5 2 6 3 6 3 4 5 3 0 0 0 1 4 0 5 6 5 2 4 3 7 3 7 7 2 5
5 5 64 78 39 66 22 45 28 81 3 60
6 6 6 46 4 56 37 58 68 17 42 49 75 11
#c 2 1 1 4 6 5 6 1 2 3 7 4 0 5 2 2 3 4 7 2 0 0 6 0 5 1 3 7 4 5 5 1 1 7 0 1 5 6 0 6 7 7 4 2 0 4 6 1 3 4 2 7 3 7 0 1 6 3 6 2 4 1 5 2 6 3 6 3 4 5 3 0 0 0 1 4 0 5 6 5 2 4 3 7 3 7 7 2 5
#c 2 1 1 4 6 5 6 1 2 3 7 4 0 5 2 2 3 4 7 2 0 0 6 0 5 1 3 7 4 5 5 1 1 7 0 1 5 6 0 6 7 7 4 2 0 4 6 1 3 4 2 7 3 7 0 1 6 3 6 2 4 1 5 2 6 3 6 3 4 5 3 0 0 0 1 4 0 5 6 5 2 4 3 7 3 7 7 2 5
2 3 54 71 49 28 17
10 8 76 20 21 12 44 72 23 73 38 34 60 68 45 42 75 81 11 3
#c 2 1 1 4 6 5 6 1 2 3 7 4 0 5 2 2 3 4 7 2 0 0 6 0 5 1 3 7 4 5 5 1 1 7 0 1 5 6 0 6 7 7 4 2 0 4 6 1 3 4 2 7 3 7 0 1 6 3 6 2 4 1 5 2 6 3 6 3 4 5 3 0 0 0 1 4 0 5 6 5 2 4 3 7 3 7 7 2 5
3 3 7 2 1 10 53 86
8 8 25 31 35 55 61 47 32 74 27 83 51 40 85 33 41 18
#c 2 1 1 4 6 5 6 1 2 3 7 4 0 5 2 2 3 4 7 2 0 0 6 0 5 1 3 7 4 5 5 1 1 7 0 1 5 6 0 6 7 7 4 2 0 4 6 1 3 4 2 7 3 7 0 1 6 3 6 2 4 1 5 2 6 3 6 3 4 5 3 0 0 0 1 4 0 5 6 5 2 4 3 7 3 7 7 2 5
5 5 15 8 19 43 87 62 5 36 79 24
6 6 14 63 80 50 0 59 13 29 77 88 69 30
#c 2 1 1 4 6 2 6 1 5 3 7 4 0 5 2 5 3 4 7 5 0 0 6 0 2 1 3 7 4 5 5 1 1 7 0 1 2 6 0 6 7 7 4 5 0 4 6 1 3 4 2 7 3 7 0 1 6 3 6 2 4 1 2 2 6 3 6 3 4 5 3 0 0 0 1 4 0 5 6 2 2 4 3 7 3 7 7 5 5
5 5 82 48 16 65 67 25 74 61 32 31
6 6 9 26 70 57 52 84 1 35 55 47 2 7
#c 2 1 1 4 6 2 6 1 5 3 7 4 0 5 2 5 3 4 7 5 0 0 6 0 2 1 3 7 4 5 5 1 1 7 0 1 2 6 0 6 7 7 4 5 0 4 6 1 3 4 2 7 3 7 0 1 6 3 6 2 4 1 2 2 6 3 6 3 4 5 3 0 0 0 1 4 0 5 6 2 2 4 3 7 3 7 7 5 5
1 3 68 12 71 38
10 9 28 60 45 17 42 49 75 81 11 3 76 20 21 54 44 72 23 73 34
#c 2 1 1 4 6 2 6 1 5 3 7 4 0 5 2 5 3 4 7 5 0 0 6 0 2 1 3 7 4 5 5 1 1 7 0 1 2 6 0 6 7 7 4 5 0 4 6 1 3 4 2 7 3 7 0 1 6 3 6 2 4 1 2 2 6 3 6 3 4 5 3 0 0 0 1 4 0 5 6 2 2 4 3 7 3 7 7 5 5
2 1 87 30 2
9 10 13 29 77 88 69 15 8 19 43 1 25 31 35 55 61 47 7 32 74
#c 2 1 1 4 6 2 6 1 5 3 7 4 0 5 2 5 3 4 7 5 0 0 6 0 2 1 3 7 4 5 5 1 1 7 0 1 2 6 0 6 7 7 4 5 0 4 6 1 3 4 2 7 3 7 0 1 6 3 6 2 4 1 2 2 6 3 6 3 4 5 3 0 0 0 1 4 0 5 6 2 2 4 3 7 3 7 7 5 5
1 1 64 77
10 10 6 46 78 4 22 56 37 58 39 66 13 29 88 69 30 15 8 19 43 87
#c 2 1 1 4 6 2 6 1 5 3 7 4 0 5 2 5 3 4 7 5 0 0 6 0 2 1 3 7 4 5 5 1 1 7 0 1 2 6 0 6 7 7 4 5 0 4 6 1 3 4 2 7 3 7 0 1 6 3 6 2 4 1 2 2 6 3 6 3 4 5 3 0 0 0 1 4 0 5 6 2 2 4 3 7 3 7 7 5 5
1 1 86 60
10 10 27 83 51 40 85 33 41 53 10 18 28 68 45 17 42 49 75 81 11 3
#c 2 1 1 4 6 2 6 1 5 3 7 4 0 5 2 5 3 4 7 5 0 0 6 0 2 1 3 7 4 5 5 1 1 7 0 1 2 6 0 6 7 7 4 5 0 4 6 1 3 4 2 7 3 7 0 1 6 3 6 2 4 1 2 2 6 3 6 3 4 5 3 0 0 0 1 4 0 5 6 2 2 4 3 7 3 7 7 5 5
5 5 12 20 72 34 38 49 45 17 81 11
7 6 76 21 54 71 44 23 73 28 60 68 42 75 3
#c 2 1 1 4 6 2 6 1 5 3 7 4 0 5 2 5 3 4 7 5 0 0 6 0 2 1 3 7 4 5 5 1 1 7 0 1 2 6 0 6 7 7 4 5 0 4 6 1 3 4 2 7 3 7 0 1 6 3 6 2 4 1 2 2 6 3 6 3 4 5 3 0 0 0 1 4 0 5 6 2 2 4 3 7 3 7 7 5 5
3 3 55 61 1 58 39 46
8 8 25 31 35 47 2 7 32 74 6 78 4 64 22 56 37 66
#c 2 1 1 4 6 2 6 1 5 3 7 4 0 5 2 5 3 4 7 5 0 0 6 0 2 1 3 7 4 5 5 1 1 7 0 1 2 6 0 6 7 7 4 5 0 4 6 1 3 4 2 7 3 7 0 1 6 3 6 2 4 1 2 2 6 3 6 3 4 5 3 0 0 0 1 4 0 5 6 2 2 4 3 7 3 7 7 5 5
3 3 0 63 80 20 21 44
8 9 14 50 59 62 5 36 79 24 76 54 12 71 72 23 73 38 34
#c 2 1 1 4 6 2 6 1 5 3 7 4 0 5 2 5 3 4 7 5 0 0 6 0 2 1 3 7 4 5 5 1 1 7 0 1 2 6 0 6 7 7 4 5 0 4 6 1 3 4 2 7 3 7 0 1 6 3 6 2 4 1 2 2 6 3 6 3 4 5 3 0 0 0 1 4 0 5 6 2 2 4 3 7 3 7 7 5 5
#c 2 1 1 4 6 2 6 1 5 3 7 4 0 5 2 5 3 4 7 5 0 0 6 0 2 1 3 7 4 5 5 1 1 7 0 1 2 6 0 6 7 7 4 5 0 4 6 1 3 4 2 7 3 7 0 1 6 3 6 2 4 1 2 2 6 3 6 3 4 5 3 0 0 0 1 4 0 5 6 2 2 4 3 7 3 7 7 5 5
2 2 11 49 56 66
9 9 28 60 68 45 17 42 75 81 3 6 46 78 4 64 22 37 58 39
#c 2 1 1 4 6 2 6 1 5 3 7 4 0 5 2 5 3 4 7 5 0 0 6 0 2 1 3 7 4 5 5 1 1 7 0 1 2 6 0 6 7 7 4 5 0 4 6 1 3 4 2 7 3 7 0 1 6 3 6 2 4 1 2 2 6 3 6 3 4 5 3 0 0 0 1 4 0 5 6 2 2 4 3 7 3 7 7 5 5
2 2 43 15 37 78
9 9 13 29 77 88 69 30 8 19 87 6 46 4 64 22 56 58 39 66
#c 2 1 1 4 6 2 6 1 5 3 7 4 0 5 2 5 3 4 7 5 0 0 6 0 2 1 3 7 4 5 5 1 1 7 0 1 2 6 0 6 7 7 4 5 0 4 6 1 3 4 2 7 3 7 0 1 6 3 6 2 4 1 2 2 6 3 6 3 4 5 3 0 0 0 1 4 0 5 6 2 2 4 3 7 3 7 7 5 5
1 1 37 45
10 10 6 46 78 4 64 22 56 58 39 66 28 60 68 17 42 49 75 81 11 3
#c 2 1 1 4 6 2 6 1 5 3 7 4 0 5 2 5 3 4 7 5 0 0 6 0 2 1 3 7 4 5 5 1 1 7 0 1 2 6 0 6 7 7 4 5 0 4 6 1 3 4 2 7 3 7 0 1 6 3 6 2 4 1 2 2 6 3 6 3 4 5 3 0 0 0 1 4 0 5 6 2 2 4 3 7 3 7 7 5 5
1 1 86 48
10 10 27 83 51 40 85 33 41 53 10 18 67 9 65 26 70 57 52 82 16 84
#c 2 1 1 4 6 2 6 1 5 3 7 4 0 5 2 5 3 4 7 5 0 0 6 0 2 1 3 7 4 5 5 1 1 7 0 1 2 6 0 6 7 7 4 5 0 4 6 1 3 4 2 7 3 7 0 1 6 3 6 2 4 1 2 2 6 3 6 3 4 5 3 0 0 0 1 4 0 5 6 2 2 4 3 7 3 7 7 5 5
1 1 73 78
11 10 76 20 21 54 12 71 44 72 23 38 34 6 46 4 64 22 56 37 58 39 66
#c 2 1 1 4 6 2 6 1 5 3 7 4 0 5 2 5 3 4 7 5 0 0 6 0 2 1 3 7 4 5 5 1 1 7 0 1 2 6 0 6 7 7 4 5 0 4 6 1 3 4 2 7 3 7 0 1 6 3 6 2 4 1 2 2 6 3 6 3 4 5 3 0 0 0 1 4 0 5 6 2 2 4 3 7 3 7 7 5 5
4 4 1 35 74 47 83 27 33 86
7 7 25 31 55 61 2 7 32 51 40 85 41 53 10 18
#c 2 1 1 4 6 2 6 1 5 3 7 4 0 5 2 5 3 4 7 5 0 0 6 0 2 1 3 7 4 5 5 1 1 7 0 1 2 6 0 6 7 7 4 5 0 4 6 1 3 4 2 7 3 7 0 1 6 3 6 2 4 1 2 2 6 3 6 3 4 5 3 0 0 0 1 4 0 5 6 2 2 4 3 7 3 7 7 5 5
1 1 79 41
10 10 14 63 80 50 0 59 62 5 36 24 27 83 51 40 85 33 86 53 10 18
#c 2 1 1 4 6 2 6 1 5 3 7 4 0 5 2 5 3 4 7 5 0 0 6 0 2 1 3 7 4 5 5 1 1 7 0 1 2 6 0 6 7 7 4 5 0 4 6 1 3 4 2 7 3 7 0 1 6 3 6 2 4 1 2 2 6 3 6 3 4 5 3 0 0 0 1 4 0 5 6 2 2 4 3 7 3 7 7 5 5
2 2 16 70 80 36
9 9 67 9 65 26 57 52 82 48 84 14 63 50 0 59 62 5 79 24
#c 2 1 1 4 6 2 6 1 5 3 7 4 0 5 2 5 3 4 7 5 0 0 6 0 2 1 3 7 4 5 5 1 1 7 0 1 2 6 0 6 7 7 4 5 0 4 6 1 3 4 2 7 3 7 0 1 6 3 6 2 4 1 2 2 6 3 6 3 4 5 3 0 0 0 1 4 0 5 6 2 2 4 3 7 3 7 7 5 5
4 4 42 28 75 81 82 16 84 52
7 7 60 68 45 17 49 11 3 67 9 65 26 70 57 48
#c 2 1 1 4 6 2 6 1 5 3 7 4 0 5 2 5 3 4 7 5 0 0 6 0 2 1 3 7 4 5 5 1 1 7 0 1 2 6 0 6 7 7 4 5 0 4 6 1 3 4 2 7 3 7 0 1 6 3 6 2 4 1 2 2 6 3 6 3 4 5 3 0 0 0 1 4 0 5 6 2 2 4 3 7 3 7 7 5 5
2 2 87 15 82 52
9 9 13 29 77 88 69 30 8 19 43 67 9 65 26 70 57 48 16 84
#c 2 1 1 4 6 2 6 1 5 3 7 4 0 5 2 5 3 4 7 5 0 0 6 0 2 1 3 7 4 5 5 1 1 7 0 1 2 6 0 6 7 7 4 5 0 4 6 1 3 4 2 7 3 7 0 1 6 3 6 2 4 1 2 2 6 3 6 3 4 5 3 0 0 0 1 4 0 5 6 2 2 4 3 7 3 7 7 5 5
3 5 66 58 56 88 19 15 43 69
8 6 6 46 78 4 64 22 37 39 13 29 77 30 8 87
#c 2 1 1 4 6 2 6 1 5 3 7 4 0 5 2 6 3 4 7 6 0 0 6 0 2 1 3 7 4 5 5 1 1 7 0 1 2 6 0 6 7 7 4 6 0 4 6 1 3 4 2 7 3 7 0 1 5 3 5 2 4 1 2 2 6 3 5 3 4 6 3 0 0 0 1 4 0 5 6 2 2 4 3 7 3 7 7 5 6
3 3 40 83 27 63 5 36
8 8 51 85 33 86 41 53 10 18 14 80 50 0 59 62 79 24
#c 2 1 1 4 6 2 6 1 5 3 7 4 0 5 2 6 3 4 7 6 0 0 6 0 2 1 3 7 4 5 5 1 1 7 0 1 2 6 0 6 7 7 4 6 0 4 6 1 3 4 2 7 3 7 0 1 5 3 5 2 4 1 2 2 6 3 5 3 4 6 3 0 0 0 1 4 0 5 6 2 2 4 3 7 3 7 7 5 6
#c 2 1 1 4 6 2 6 1 5 3 7 4 0 5 2 6 3 4 7 6 0 0 6 0 2 1 3 7 4 5 5 1 1 7 0 1 2 6 0 6 7 7 4 6 0 4 6 1 3 4 2 7 3 7 0 1 5 3 5 2 4 1 2 2 6 3 5 3 4 6 3 0 0 0 1 4 0 5 6 2 2 4 3 7 3 7 7 5 6
2 2 61 32 86 10
9 9 1 25 31 35 55 47 2 7 74 27 83 51 40 85 33 41 53 18
#c 2 1 1 4 6 2 6 1 5 3 7 4 0 5 2 6 3 4 7 6 0 0 6 0 2 1 3 7 4 5 5 1 1 7 0 1 2 6 0 6 7 7 4 6 0 4 6 1 3 4 2 7 3 7 0 1 5 3 5 2 4 1 2 2 6 3 5 3 4 6 3 0 0 0 1 4 0 5 6 2 2 4 3 7 3 7 7 5 6
5 5 50 63 80 36 24 61 7 74 31 47
6 6 14 0 59 62 5 79 1 25 35 55 2 32
#c 2 1 1 4 6 2 6 1 5 3 7 4 0 5 2 6 3 4 7 6 0 0 6 0 2 1 3 7 4 5 5 1 1 7 0 1 2 6 0 6 7 7 4 6 0 4 6 1 3 4 2 7 3 7 0 1 5 3 5 2 4 1 2 2 6 3 5 3 4 6 3 0 0 0 1 4 0 5 6 2 2 4 3 7 3 7 7 5 6
5 5 84 82 16 70 26 86 83 10 33 51
6 6 67 9 65 57 52 48 27 40 85 41 53 18
#c 2 1 1 4 6 2 6 1 5 3 7 4 0 5 2 6 3 4 7 6 0 0 6 0 2 1 3 7 4 5 5 1 1 7 0 1 2 6 0 6 7 7 4 6 0 4 6 1 3 4 2 7 3 7 0 1 5 3 5 2 4 1 2 2 6 3 5 3 4 6 3 0 0 0 1 4 0 5 6 2 2 4 3 7 3 7 7 5 6
2 2 75 45 29 8
9 7 28 60 68 17 42 49 81 11 3 13 77 30 87 66 58 56
#c 2 1 1 4 6 2 6 1 5 3 7 4 0 5 2 6 3 4 7 6 0 0 6 0 2 1 3 7 4 5 5 1 1 7 0 1 2 6 0 6 7 7 4 6 0 4 6 1 3 4 2 7 3 7 0 1 5 3 5 2 4 1 2 2 6 3 5 3 4 6 3 0 0 0 1 4 0 5 6 2 2 4 3 7 3 7 7 5 6
3 3 30 66 29 23 72 44
6 9 13 77 8 87 58 56 76 20 21 54 12 71 73 38 34
#c 2 1 1 4 6 2 6 1 5 3 7 4 0 5 2 6 3 4 7 6 0 0 6 0 2 1 3 7 4 5 5 1 1 7 0 1 2 6 0 6 7 7 4 6 0 4 6 1 3 4 2 7 3 7 0 1 5 3 5 2 4 1 2 2 6 3 5 3 4 6 3 0 0 0 1 4 0 5 6 2 2 4 3 7 3 7 7 5 6
12 10 6 46 78 4 64 37 39 88 19 15 43 69 28 60 68 45 17 42 49 81 11 3
#c 2 1 1 4 6 2 6 1 5 3 7 4 0 5 2 6 3 4 7 6 0 0 6 0 2 1 3 7 4 5 5 1 1 7 0 1 2 6 0 6 7 7 4 6 0 4 6 1 3 4 2 7 3 7 0 1 5 3 5 2 4 1 2 2 6 3 5 3 4 6 3 0 0 0 1 4 0 5 6 2 2 4 3 7 3 7 7 5 6
2 2 85 83 31 1
9 9 27 51 40 33 86 41 53 10 18 25 35 55 61 47 2 7 32 74
#c 2 1 1 4 6 2 6 1 5 3 7 4 0 5 2 6 3 4 7 6 0 0 6 0 2 1 3 7 4 5 5 1 1 7 0 1 2 6 0 6 7 7 4 6 0 4 6 1 3 4 2 7 3 7 0 1 5 3 5 2 4 1 2 2 6 3 5 3 4 6 3 0 0 0 1 4 0 5 6 2 2 4 3 7 3 7 7 5 6
#c 2 1 1 4 6 2 6 1 5 3 7 4 0 5 2 6 3 4 7 6 0 0 6 0 2 1 3 7 4 5 5 1 1 7 0 1 2 6 0 6 7 7 4 6 0 4 6 1 3 4 2 7 3 7 0 1 5 3 5 2 4 1 2 2 6 3 5 3 4 6 3 0 0 0 1 4 0 5 6 2 2 4 3 7 3 7 7 5 6
3 3 47 1 32 63 50 5
8 8 25 31 35 55 61 2 7 74 14 80 0 59 62 36 79 24
#c 2 1 1 4 6 2 6 1 5 3 7 4 0 5 2 6 3 4 7 6 0 0 6 0 2 1 3 7 4 5 5 1 1 7 0 1 2 6 0 6 7 7 4 6 0 4 6 1 3 4 2 7 3 7 0 1 5 3 5 2 4 1 2 2 6 3 5 3 4 6 3 0 0 0 1 4 0 5 6 2 2 4 3 7 3 7 7 5 6
3 2 59 14 0 87 77
8 7 63 80 50 62 5 36 79 24 13 29 30 8 66 58 56
#c 2 1 1 4 6 2 6 1 5 3 7 4 0 5 2 6 3 4 7 6 0 0 6 0 2 1 3 7 4 5 5 1 1 7 0 1 2 6 0 6 7 7 4 6 0 4 6 1 3 4 2 7 3 7 0 1 5 3 5 2 4 1 2 2 6 3 5 3 4 6 3 0 0 0 1 4 0 5 6 2 2 4 3 7 3 7 7 5 6
5 5 67 26 84 82 52 51 27 85 53 83
6 6 9 65 70 57 48 16 40 33 86 41 10 18
#c 2 1 1 4 6 2 6 1 5 3 7 4 0 5 2 6 3 4 7 6 0 0 6 0 2 1 3 7 4 5 5 1 1 7 0 1 2 6 0 6 7 7 4 6 0 4 6 1 3 4 2 7 3 7 0 1 5 3 5 2 4 1 2 2 6 3 5 3 4 6 3 0 0 0 1 4 0 5 6 2 2 4 3 7 3 7 7 5 6
4 4 17 28 68 49 73 21 54 38
7 8 60 45 42 75 81 11 3 76 20 12 71 44 72 23 34
#c 2 1 1 4 6 2 6 1 5 3 7 4 0 5 2 6 3 4 7 6 0 0 6 0 2 1 3 7 4 5 5 1 1 7 0 1 2 6 0 6 7 7 4 6 0 4 6 1 3 4 2 7 3 7 0 1 5 3 5 2 4 1 2 2 6 3 5 3 4 6 3 0 0 0 1 4 0 5 6 2 2 4 3 7 3 7 7 5 6
1 1 8 54
8 11 13 29 77 30 87 66 58 56 76 20 21 12 71 44 72 23 73 38 34
#c 2 1 1 4 6 2 6 1 5 3 7 4 0 5 2 6 3 4 7 6 0 0 6 0 2 1 3 7 4 5 5 1 1 7 0 1 2 6 0 6 7 7 4 6 0 4 6 1 3 4 2 7 3 7 0 1 5 3 5 2 4 1 2 2 6 3 5 3 4 6 3 0 0 0 1 4 0 5 6 2 2 4 3 7 3 7 7 5 6
2 2 22 19 61 1
11 9 6 46 78 4 64 37 39 88 15 43 69 25 31 35 55 47 2 7 32 74
#c 2 1 1 4 6 2 6 1 5 3 7 4 0 5 2 6 3 4 7 6 0 0 6 0 2 1 3 7 4 5 5 1 1 7 0 1 2 6 0 6 7 7 4 6 0 4 6 1 3 4 2 7 3 7 0 1 5 3 5 2 4 1 2 2 6 3 5 3 4 6 3 0 0 0 1 4 0 5 6 2 2 4 3 7 3 7 7 5 6
1 1 27 7
10 10 83 51 40 85 33 86 41 53 10 18 1 25 31 35 55 61 47 2 32 74
#c 2 1 1 4 6 2 6 1 5 3 7 4 0 5 2 6 3 4 7 6 0 0 6 0 2 1 3 7 4 5 5 1 1 7 0 1 2 6 0 6 7 7 4 6 0 4 6 1 3 4 2 7 3 7 0 1 5 3 5 2 4 1 2 2 6 3 5 3 4 6 3 0 0 0 1 4 0 5 6 2 2 4 3 7 3 7 7 5 6
5 5 34 73 20 71 54 14 63 79 62 80
7 6 76 21 12 44 72 23 38 50 0 59 5 36 24
#c 2 1 1 4 6 2 6 1 5 3 7 4 0 5 2 6 3 4 7 6 0 0 6 0 2 1 3 7 4 5 5 1 1 7 0 1 2 6 0 6 7 7 4 6 0 4 6 1 3 4 2 7 3 7 0 1 5 3 5 2 4 1 2 2 6 3 5 3 4 6 3 0 0 0 1 4 0 5 6 2 2 4 3 7 3 7 7 5 6
4 4 7 1 61 25 5 59 79 36
7 7 31 35 55 47 2 32 74 14 63 80 50 0 62 24
#c 2 1 1 4 6 2 6 1 5 3 7 4 0 5 2 6 3 4 7 6 0 0 6 0 2 1 3 7 4 5 5 1 1 7 0 1 2 6 0 6 7 7 4 6 0 4 6 1 3 4 2 7 3 7 0 1 5 3 5 2 4 1 2 2 6 3 5 3 4 6 3 0 0 0 1 4 0 5 6 2 2 4 3 7 3 7 7 5 6
5 5 14 80 0 36 63 29 58 30 13 66
6 4 50 59 62 5 79 24 77 8 87 56
#c 2 1 1 4 6 2 6 1 5 3 7 4 0 5 2 6 3 4 7 6 0 0 6 0 2 1 3 7 4 5 5 1 1 7 0 1 2 6 0 6 7 7 4 6 0 4 6 1 3 4 2 7 3 7 0 1 5 3 5 2 4 1 2 2 6 3 5 3 4 6 3 0 0 0 1 4 0 5 6 2 2 4 3 7 3 7 7 5 6
5 5 9 67 52 65 26 37 15 43 4 78
6 8 70 57 82 48 16 84 6 46 64 22 39 88 19 69
#c 2 1 1 4 6 2 6 1 5 3 7 4 0 5 2 6 3 4 7 6 0 0 6 0 2 1 3 7 4 5 5 1 1 7 0 1 2 6 0 6 7 7 4 6 0 4 6 1 3 4 2 7 3 7 0 1 5 3 5 2 4 1 2 2 6 3 5 3 4 6 3 0 0 0 1 4 0 5 6 2 2 4 3 7 3 7 7 5 6
2 2 17 68 44 23
9 10 28 60 45 42 49 75 81 11 3 76 20 21 54 12 71 72 73 38 34
#c 2 1 1 4 6 2 6 1 5 3 7 4 0 5 2 6 3 4 7 6 0 0 6 0 2 1 3 7 4 5 5 1 1 7 0 1 2 6 0 6 7 7 4 6 0 4 6 1 3 4 2 7 3 7 0 1 5 3 5 2 4 1 2 2 6 3 5 3 4 6 3 0 0 0 1 4 0 5 6 2 2 4 3 7 3 7 7 5 6
1 1 87 5
8 10 13 29 77 30 8 66 58 56 14 63 80 50 0 59 62 36 79 24
#c 2 1 1 4 6 2 6 1 5 3 7 4 0 5 2 6 3 4 7 6 0 0 6 0 2 1 3 7 4 5 5 1 1 7 0 1 2 6 0 6 7 7 4 6 0 4 6 1 3 4 2 7 3 7 0 1 5 3 5 2 4 1 2 2 6 3 5 3 4 6 3 0 0 0 1 4 0 5 6 2 2 4 3 7 3 7 7 5 6
6 7 22 19 78 37 69 4 54 44 34 72 23 12 21
7 5 6 46 64 39 88 15 43 76 20 71 73 38
#c 2 1 1 4 6 2 6 1 5 3 7 4 0 5 2 6 3 4 7 6 0 0 6 0 2 1 3 7 4 5 5 1 1 7 0 1 2 6 0 6 7 7 4 6 0 4 6 1 3 4 2 7 3 7 0 1 5 3 5 2 4 1 2 2 6 3 5 3 4 6 3 0 0 0 1 4 0 5 6 2 2 4 3 7 3 7 7 5 6
1 1 53 35
10 10 27 83 51 40 85 33 86 41 10 18 1 25 31 55 61 47 2 7 32 74
#c 2 1 1 4 6 2 6 1 5 3 7 4 0 5 2 6 3 4 7 6 0 0 6 0 2 1 3 7 4 5 5 1 1 7 0 1 2 6 0 6 7 7 4 6 0 4 6 1 3 4 2 7 3 7 0 1 5 3 5 2 4 1 2 2 6 3 5 3 4 6 3 0 0 0 1 4 0 5 6 2 2 4 3 7 3 7 7 5 6
3 3 38 72 12 64 78 39
9 10 76 20 21 54 71 44 23 73 34 6 46 4 22 37 88 19 15 43 69
#c 2 1 1 4 6 2 6 1 5 3 7 4 0 5 2 6 3 4 7 6 0 0 6 0 2 1 3 7 4 5 5 1 1 7 0 1 2 6 0 6 7 7 4 6 0 4 6 1 3 4 2 7 3 7 0 1 5 3 5 2 4 1 2 2 6 3 5 3 4 6 3 0 0 0 1 4 0 5 6 2 2 4 3 7 3 7 7 5 6
3 3 25 31 7 34 23 12
8 9 1 35 55 61 47 2 32 74 76 20 21 54 71 44 72 73 38
#c 2 1 1 4 6 2 6 1 5 3 7 4 0 5 2 6 3 4 7 6 0 0 6 0 2 1 3 7 4 5 5 1 1 7 0 1 2 6 0 6 7 7 4 6 0 4 6 1 3 4 2 7 3 7 0 1 5 3 5 2 4 1 2 2 6 3 5 3 4 6 3 0 0 0 1 4 0 5 6 2 2 4 3 7 3 7 7 5 6
1 2 80 54 44
10 10 14 63 50 0 59 62 5 36 79 24 76 20 21 12 71 72 23 73 38 34
#c 2 1 1 4 6 2 6 1 5 3 7 4 0 5 2 6 3 4 7 6 0 0 6 0 2 1 3 7 4 5 5 1 1 7 0 1 2 6 0 6 7 7 4 6 0 4 6 1 3 4 2 7 3 7 0 1 5 3 5 2 4 1 2 2 6 3 5 3 4 6 3 0 0 0 1 4 0 5 6 2 2 4 3 7 3 7 7 5 6
1 1 16 78
10 12 67 9 65 26 70 57 52 82 48 84 6 46 4 64 22 37 39 88 19 15 43 69
#c 2 1 1 4 6 2 6 1 5 3 7 4 0 5 2 6 3 4 7 6 0 0 6 0 2 1 3 7 4 5 5 1 1 7 0 1 2 6 0 6 7 7 4 6 0 4 6 1 3 4 2 7 3 7 0 1 5 3 5 2 4 1 2 2 6 3 5 3 4 6 3 0 0 0 1 4 0 5 6 2 2 4 3 7 3 7 7 5 6
5 5 81 45 11 3 49 61 32 25 35 74
6 6 28 60 68 17 42 75 1 31 55 47 2 7
#c 2 1 1 4 6 2 6 1 5 3 7 4 0 5 2 6 3 4 7 6 0 0 6 0 2 1 3 7 4 5 5 1 1 7 0 1 2 6 0 6 7 7 4 6 0 4 6 1 3 4 2 7 3 7 0 1 5 3 5 2 4 1 2 2 6 3 5 3 4 6 3 0 0 0 1 4 0 5 6 2 2 4 3 7 3 7 7 5 6
2 2 58 77 80 50
7 9 13 29 30 8 87 66 56 14 63 0 59 62 5 36 79 24
#c 2 1 1 4 6 2 6 1 5 3 7 4 0 5 2 6 3 4 7 6 0 0 6 0 2 1 3 7 4 5 5 1 1 7 0 1 2 6 0 6 7 7 4 6 0 4 6 1 3 4 2 7 3 7 0 1 5 3 5 2 4 1 2 2 6 3 5 3 4 6 3 0 0 0 1 4 0 5 6 2 2 4 3 7 3 7 7 5 6
5 5 19 88 37 64 69 35 7 2 55 61
8 6 6 46 78 4 22 39 15 43 1 25 31 47 32 74
#c 2 1 1 4 6 2 6 1 5 3 7 4 0 5 2 6 3 4 7 6 0 0 6 0 2 1 3 7 4 5 5 1 1 7 0 1 2 6 0 6 7 7 4 6 0 4 6 1 3 4 2 7 3 7 0 1 5 3 5 2 4 1 2 2 6 3 5 3 4 6 3 0 0 0 1 4 0 5 6 2 2 4 3 7 3 7 7 5 6
3 3 33 40 41 45 3 11
8 8 27 83 51 85 86 53 10 18 28 60 68 17 42 49 75 81
#c 2 1 1 4 6 2 6 1 5 3 7 4 0 5 2 6 3 4 7 6 0 0 6 0 2 1 3 7 4 5 5 1 1 7 0 1 2 6 0 6 7 7 4 6 0 4 6 1 3 4 2 7 3 7 0 1 5 3 5 2 4 1 2 2 6 3 5 3 4 6 3 0 0 0 1 4 0 5 6 2 2 4 3 7 3 7 7 5 6
2 2 34 54 4 46
10 11 76 20 21 12 71 44 72 23 73 38 6 78 64 22 37 39 88 19 15 43 69
#c 2 1 1 4 6 2 6 1 5 3 7 4 0 5 2 6 3 4 7 6 0 0 6 0 2 1 3 7 4 5 5 1 1 7 0 1 2 6 0 6 7 7 4 6 0 4 6 1 3 4 2 7 3 7 0 1 5 3 5 2 4 1 2 2 6 3 5 3 4 6 3 0 0 0 1 4 0 5 6 2 2 4 3 7 3 7 7 5 6
#c 2 1 1 4 6 2 6 1 5 3 7 4 0 5 2 6 3 4 7 6 0 0 6 0 2 1 3 7 4 5 5 1 1 7 0 1 2 6 0 6 7 7 4 6 0 4 6 1 3 4 2 7 3 7 0 1 5 3 5 2 4 1 2 2 6 3 5 3 4 6 3 0 0 0 1 4 0 5 6 2 2 4 3 7 3 7 7 5 6
4 4 0 14 24 36 26 67 48 52
7 7 63 80 50 59 62 5 79 9 65 70 57 82 16 84
#c 2 1 1 4 6 2 6 1 5 3 7 4 0 5 2 6 3 4 7 6 0 0 6 0 2 1 3 7 4 5 5 1 1 7 0 1 2 6 0 6 7 7 4 6 0 4 6 1 3 4 2 7 3 7 0 1 5 3 5 2 4 1 2 2 6 3 5 3 4 6 3 0 0 0 1 4 0 5 6 2 2 4 3 7 3 7 7 5 6
4 2 9 52 70 57 11 81
7 9 67 65 26 82 48 16 84 28 60 68 45 17 42 49 75 3
#c 2 1 1 4 6 2 6 1 5 3 7 4 0 5 2 6 3 4 7 6 0 0 6 0 2 1 3 7 4 5 5 1 1 7 0 1 2 6 0 6 7 7 4 6 0 4 6 1 3 4 2 7 3 7 0 1 5 3 5 2 4 1 2 2 6 3 5 3 4 6 3 0 0 0 1 4 0 5 6 2 2 4 3 7 3 7 7 5 6
1 3 75 69 64 4
10 10 28 60 68 45 17 42 49 81 11 3 6 46 78 22 37 39 88 19 15 43
#c 2 1 1 4 6 2 6 1 5 3 7 4 0 5 2 6 3 4 7 6 0 0 6 0 2 1 3 7 4 5 5 1 1 7 0 1 2 6 0 6 7 7 4 6 0 4 6 1 3 4 2 7 3 7 0 1 5 3 5 2 4 1 2 2 6 3 5 3 4 6 3 0 0 0 1 4 0 5 6 2 2 4 3 7 3 7 7 5 6
4 4 66 30 58 56 33 27 83 18
5 7 13 29 77 8 87 51 40 85 86 41 53 10
#c 2 1 1 4 6 2 6 1 5 3 7 4 0 5 2 6 3 4 7 6 0 0 6 0 2 1 3 7 4 5 5 1 1 7 0 1 2 6 0 6 7 7 4 6 0 4 6 1 3 4 2 7 3 7 0 1 5 3 5 2 4 1 2 2 6 3 5 3 4 6 3 0 0 0 1 4 0 5 6 2 2 4 3 7 3 7 7 5 6
1 1 43 72
12 11 6 46 78 4 64 22 37 39 88 19 15 69 76 20 21 54 12 71 44 23 73 38 34
#c 2 1 1 4 6 2 6 1 5 3 7 4 0 5 2 6 3 4 7 6 0 0 6 0 2 1 3 7 4 5 5 1 1 7 0 1 2 6 0 6 7 7 4 6 0 4 6 1 3 4 2 7 3 7 0 1 5 3 5 2 4 1 2 2 6 3 5 3 4 6 3 0 0 0 1 4 0 5 6 2 2 4 3 7 3 7 7 5 6
5 5 18 85 53 33 40 23 54 20 72 44
6 7 27 83 51 86 41 10 76 21 12 71 73 38 34
#c 2 1 1 4 6 2 6 1 5 3 7 4 0 5 2 6 3 4 7 6 0 0 6 0 2 1 3 7 4 5 5 1 1 7 0 1 2 6 0 6 7 7 4 6 0 4 6 1 3 4 2 7 3 7 0 1 5 3 5 2 4 1 2 2 6 3 5 3 4 6 3 0 0 0 1 4 0 5 6 2 2 4 3 7 3 7 7 5 6
2 2 23 44 32 35
10 9 76 20 21 54 12 71 72 73 38 34 1 25 31 55 61 47 2 7 74
#c 2 1 1 4 6 2 6 1 5 3 7 4 0 5 2 6 3 4 7 6 0 0 6 0 2 1 3 7 4 5 5 1 1 7 0 1 2 6 0 6 7 7 4 6 0 4 6 1 3 4 2 7 3 7 0 1 5 3 5 2 4 1 2 2 6 3 5 3 4 6 3 0 0 0 1 4 0 5 6 2 2 4 3 7 3 7 7 5 6
5 5 32 61 7 1 31 66 58 56 87 30
6 4 25 35 55 47 2 74 13 29 77 8
#c 2 1 1 4 6 2 6 1 5 3 7 4 0 5 2 6 3 4 7 6 0 0 6 0 2 1 3 7 4 5 5 1 1 7 0 1 2 6 0 6 7 7 4 6 0 4 6 1 3 4 2 7 3 7 0 1 5 3 5 2 4 1 2 2 6 3 5 3 4 6 3 0 0 0 1 4 0 5 6 2 2 4 3 7 3 7 7 5 6
4 4 59 0 63 50 69 19 4 22
7 9 14 80 62 5 36 79 24 6 46 78 64 37 39 88 15 43
#c 2 1 1 4 6 2 6 1 5 3 7 4 0 5 2 6 3 4 7 6 0 0 6 0 2 1 3 7 4 5 5 1 1 7 0 1 2 6 0 6 7 7 4 6 0 4 6 1 3 4 2 7 3 7 0 1 5 3 5 2 4 1 2 2 6 3 5 3 4 6 3 0 0 0 1 4 0 5 6 2 2 4 3 7 3 7 7 5 6
#c 2 1 1 4 6 2 6 1 5 3 7 4 0 5 2 6 3 4 7 6 0 0 6 0 2 1 3 7 4 5 5 1 1 7 0 1 2 6 0 6 7 7 4 6 0 4 6 1 3 4 2 7 3 7 0 1 5 3 5 2 4 1 2 2 6 3 5 3 4 6 3 0 0 0 1 4 0 5 6 2 2 4 3 7 3 7 7 5 6
5 5 45 3 81 60 42 23 20 44 54 38
6 7 28 68 17 49 75 11 76 21 12 71 72 73 34
#c 2 1 1 4 6 2 6 1 5 3 7 4 0 5 2 6 3 4 7 6 0 0 6 0 2 1 3 7 4 5 5 1 1 7 0 1 2 6 0 6 7 7 4 6 0 4 6 1 3 4 2 7 3 7 0 1 5 3 5 2 4 1 2 2 6 3 5 3 4 6 3 0 0 0 1 4 0 5 6 2 2 4 3 7 3 7 7 5 6
2 2 56 30 45 42
7 9 13 29 77 8 87 66 58 28 60 68 17 49 75 81 11 3
#c 2 1 1 4 6 2 6 1 5 3 7 4 0 5 2 6 3 4 7 6 0 0 6 0 2 1 3 7 4 5 5 1 1 7 0 1 2 6 0 6 7 7 4 6 0 4 6 1 3 4 2 7 3 7 0 1 5 3 5 2 4 1 2 2 6 3 5 3 4 6 3 0 0 0 1 4 0 5 6 2 2 4 3 7 3 7 7 5 6
3 3 4 19 78 76 34 21
10 9 6 46 64 22 37 39 88 15 43 69 20 54 12 71 44 72 23 73 38
#c 2 1 1 4 6 2 6 1 5 3 7 4 0 5 2 6 3 4 7 6 0 0 6 0 2 1 3 7 4 5 5 1 1 7 0 1 2 6 0 6 7 7 4 6 0 4 6 1 3 4 2 7 3 7 0 1 5 3 5 2 4 1 2 2 6 3 5 3 4 6 3 0 0 0 1 4 0 5 6 2 2 4 3 7 3 7 7 5 6
5 5 86 40 27 85 51 3 17 60 42 45
6 6 83 33 41 53 10 18 28 68 49 75 81 11
#c 2 1 1 4 6 2 6 1 5 3 7 4 0 5 2 6 3 4 7 6 0 0 6 0 2 1 3 7 4 5 5 1 1 7 0 1 2 6 0 6 7 7 4 6 0 4 6 1 3 4 2 7 3 7 0 1 5 3 5 2 4 1 2 2 6 3 5 3 4 6 3 0 0 0 1 4 0 5 6 2 2 4 3 7 3 7 7 5 6
1 2 38 5 24
11 9 76 20 21 54 12 71 44 72 23 73 34 14 63 80 50 0 59 62 36 79
#c 2 1 1 4 6 2 6 1 5 3 7 4 0 5 2 6 3 4 7 6 0 0 6 0 2 1 3 7 4 5 5 1 1 7 0 1 2 6 0 6 7 7 4 6 0 4 6 1 3 4 2 7 3 7 0 1 5 3 5 2 4 1 2 2 6 3 5 3 4 6 3 0 0 0 1 4 0 5 6 2 2 4 3 7 3 7 7 5 6
1 1 31 85
10 10 1 25 35 55 61 47 2 7 32 74 27 83 51 40 33 86 41 53 10 18
#c 2 1 1 4 6 2 6 1 5 3 7 4 0 5 2 6 3 4 7 6 0 0 6 0 2 1 3 7 4 5 5 1 1 7 0 1 2 6 0 6 7 7 4 6 0 4 6 1 3 4 2 7 3 7 0 1 5 3 5 2 4 1 2 2 6 3 5 3 4 6 3 0 0 0 1 4 0 5 6 2 2 4 3 7 3 7 7 5 6
2 4 5 36 22 64 69 46
9 9 14 63 80 50 0 59 62 79 24 6 78 4 37 39 88 19 15 43
#c 2 1 1 4 6 2 6 1 5 3 7 4 0 5 2 6 3 4 7 6 0 0 6 0 2 1 3 7 4 5 5 1 1 7 0 1 2 6 0 6 7 7 4 6 0 4 6 1 3 4 2 7 3 7 0 1 5 3 5 2 4 1 2 2 6 3 5 3 4 6 3 0 0 0 1 4 0 5 6 2 2 4 3 7 3 7 7 5 6
4 4 57 52 26 65 12 20 54 73
7 8 67 9 70 82 48 16 84 76 21 71 44 72 23 38 34
#c 2 1 1 4 6 2 6 1 5 3 7 4 0 5 2 6 3 4 7 6 0 0 6 0 2 1 3 7 4 5 5 1 1 7 0 1 2 6 0 6 7 7 4 6 0 4 6 1 3 4 2 7 3 7 0 1 5 3 5 2 4 1 2 2 6 3 5 3 4 6 3 0 0 0 1 4 0 5 6 2 2 4 3 7 3 7 7 5 6
3 3 11 17 49 85 33 83
8 8 28 60 68 45 42 75 81 3 27 51 40 86 41 53 10 18
#c 2 1 1 4 6 2 6 1 5 3 7 4 0 5 2 6 3 4 7 6 0 0 6 0 2 1 3 7 4 5 5 1 1 7 0 1 2 6 0 6 7 7 4 6 0 4 6 1 3 4 2 7 3 7 0 1 5 3 5 2 4 1 2 2 6 3 5 3 4 6 3 0 0 0 1 4 0 5 6 2 2 4 3 7 3 7 7 5 6
3 3 77 56 66 32 61 47
6 8 13 29 30 8 87 58 1 25 31 35 55 2 7 74
#c 2 1 1 4 6 2 6 1 5 3 7 4 0 5 2 6 3 4 7 6 0 0 6 0 2 1 3 7 4 5 5 1 1 7 0 1 2 6 0 6 7 7 4 6 0 4 6 1 3 4 2 7 3 7 0 1 5 3 5 2 4 1 2 2 6 3 5 3 4 6 3 0 0 0 1 4 0 5 6 2 2 4 3 7 3 7 7 5 6
4 4 22 46 19 64 5 59 14 36
9 7 6 78 4 37 39 88 15 43 69 63 80 50 0 62 79 24
#c 2 1 1 4 6 2 6 1 5 3 7 4 0 5 2 6 3 4 7 6 0 0 6 0 2 1 3 7 4 5 5 1 1 7 0 1 2 6 0 6 7 7 4 6 0 4 6 1 3 4 2 7 3 7 0 1 5 3 5 2 4 1 2 2 6 3 5 3 4 6 3 0 0 0 1 4 0 5 6 2 2 4 3 7 3 7 7 5 6
2 2 40 27 28 75
9 9 83 51 85 33 86 41 53 10 18 60 68 45 17 42 49 81 11 3
#c 2 1 1 4 6 2 6 1 5 3 7 4 0 5 2 6 3 4 7 6 0 0 6 0 2 1 3 7 4 5 5 1 1 7 0 1 2 6 0 6 7 7 4 6 0 4 6 1 3 4 2 7 3 7 0 1 5 3 5 2 4 1 2 2 6 3 5 3 4 6 3 0 0 0 1 4 0 5 6 2 2 4 3 7 3 7 7 5 6
#c 2 1 1 4 6 2 6 1 5 3 7 4 0 5 2 6 3 4 7 6 0 0 6 0 2 1 3 7 4 5 5 1 1 7 0 1 2 6 0 6 7 7 4 6 0 4 6 1 3 4 2 7 3 7 0 1 5 3 5 2 4 1 2 2 6 3 5 3 4 6 3 0 0 0 1 4 0 5 6 2 2 4 3 7 3 7 7 5 6
1 3 55 22 43 4
10 10 1 25 31 35 61 47 2 7 32 74 6 46 78 64 37 39 88 19 15 69
#c 2 1 1 4 6 2 6 1 5 3 7 4 0 5 2 6 3 4 7 6 0 0 6 0 2 1 3 7 4 5 5 1 1 7 0 1 2 6 0 6 7 7 4 6 0 4 6 1 3 4 2 7 3 7 0 1 5 3 5 2 4 1 2 2 6 3 5 3 4 6 3 0 0 0 1 4 0 5 6 2 2 4 3 7 3 7 7 5 6
1 1 59 47
10 10 14 63 80 50 0 62 5 36 79 24 1 25 31 35 55 61 2 7 32 74
#c 2 1 1 4 6 2 6 1 5 3 7 4 0 5 2 6 3 4 7 6 0 0 6 0 2 1 3 7 4 5 5 1 1 7 0 1 2 6 0 6 7 7 4 6 0 4 6 1 3 4 2 7 3 7 0 1 5 3 5 2 4 1 2 2 6 3 5 3 4 6 3 0 0 0 1 4 0 5 6 2 2 4 3 7 3 7 7 5 6
2 3 9 16 17 75 42
9 8 67 65 26 70 57 52 82 48 84 28 60 68 45 49 81 11 3
#c 2 1 1 4 6 2 6 1 5 3 7 4 0 5 2 6 3 4 7 6 0 0 6 0 2 1 3 7 4 5 5 1 1 7 0 1 2 6 0 6 7 7 4 6 0 4 6 1 3 4 2 7 3 7 0 1 5 3 5 2 4 1 2 2 6 3 5 3 4 6 3 0 0 0 1 4 0 5 6 2 2 4 3 7 3 7 7 5 6
1 1 45 35
10 10 28 60 68 17 42 49 75 81 11 3 1 25 31 55 61 47 2 7 32 74
#c 2 1 1 4 6 2 6 1 5 3 7 4 0 5 2 6 3 4 7 6 0 0 6 0 2 1 3 7 4 5 5 1 1 7 0 1 2 6 0 6 7 7 4 6 0 4 6 1 3 4 2 7 3 7 0 1 5 3 5 2 4 1 2 2 6 3 5 3 4 6 3 0 0 0 1 4 0 5 6 2 2 4 3 7 3 7 7 5 6
2 2 58 56 68 28
7 9 13 29 77 30 8 87 66 60 45 17 42 49 75 81 11 3
#c 2 1 1 4 6 2 6 1 5 3 7 4 0 5 2 6 3 4 7 6 0 0 6 0 2 1 3 7 4 5 5 1 1 7 0 1 2 6 0 6 7 7 4 6 0 4 6 1 3 4 2 7 3 7 0 1 5 3 5 2 4 1 2 2 6 3 5 3 4 6 3 0 0 0 1 4 0 5 6 2 2 4 3 7 3 7 7 5 6
5 5 69 78 64 88 37 11 60 3 75 49
8 6 6 46 4 22 39 19 15 43 28 68 45 17 42 81
#c 2 1 1 4 6 2 6 1 5 3 7 4 0 5 2 6 3 4 7 6 0 0 6 0 2 1 3 7 4 5 5 1 1 7 0 1 2 6 0 6 7 7 4 6 0 4 6 1 3 4 2 7 3 7 0 1 5 3 5 2 4 1 2 2 6 3 5 3 4 6 3 0 0 0 1 4 0 5 6 2 2 4 3 7 3 7 7 5 6
1 1 86 87
10 8 27 83 51 40 85 33 41 53 10 18 13 29 77 30 8 66 58 56
#c 2 1 1 4 6 2 6 1 5 3 7 4 0 5 2 6 3 4 7 6 0 0 6 0 2 1 3 7 4 5 5 1 1 7 0 1 2 6 0 6 7 7 4 6 0 4 6 1 3 4 2 7 3 7 0 1 5 3 5 2 4 1 2 2 6 3 5 3 4 6 3 0 0 0 1 4 0 5 6 2 2 4 3 7 3 7 7 5 6
1 1 44 45
11 10 76 20 21 54 12 71 72 23 73 38 34 28 60 68 17 42 49 75 81 11 3
#c 2 1 1 4 6 2 6 1 5 3 7 4 0 5 2 6 3 4 7 6 0 0 6 0 2 1 3 7 4 5 5 1 1 7 0 1 2 6 0 6 7 7 4 6 0 4 6 1 3 4 2 7 3 7 0 1 5 3 5 2 4 1 2 2 6 3 5 3 4 6 3 0 0 0 1 4 0 5 6 2 2 4 3 7 3 7 7 5 6
4 3 61 31 1 35 59 50 36
7 8 25 55 47 2 7 32 74 14 63 80 0 62 5 79 24
#c 2 1 1 4 6 2 6 1 5 3 7 4 0 5 2 6 3 4 7 6 0 0 6 0 2 1 3 7 4 5 5 1 1 7 0 1 2 6 0 6 7 7 4 6 0 4 6 1 3 4 2 7 3 7 0 1 5 3 5 2 4 1 2 2 6 3 5 3 4 6 3 0 0 0 1 4 0 5 6 2 2 4 3 7 3 7 7 5 6
4 4 24 14 79 0 19 88 46 43
7 9 63 80 50 59 62 5 36 6 78 4 64 22 37 39 15 69
#c 2 1 1 4 6 2 6 1 5 3 7 4 0 5 2 6 3 4 7 6 0 0 6 0 2 1 3 7 4 5 5 1 1 7 0 1 2 6 0 6 7 7 4 6 0 4 6 1 3 4 2 7 3 7 0 1 5 3 5 2 4 1 2 2 6 3 5 3 4 6 3 0 0 0 1 4 0 5 6 2 2 4 3 7 3 7 7 5 6
5 5 82 67 52 26 16 39 46 64 22 4
6 8 9 65 70 57 48 84 6 78 37 88 19 15 43 69
#c 2 1 1 4 3 2 6 1 5 3 7 4 0 5 2 6 6 4 7 6 0 0 3 0 2 1 6 7 4 5 5 1 1 7 0 1 2 6 0 3 7 7 4 6 0 4 3 1 3 4 2 7 6 7 0 1 5 3 5 2 4 1 2 2 3 3 5 6 4 6 3 0 0 0 1 4 0 5 6 2 2 4 6 7 3 7 7 5 6
1 1 49 4
10 10 28 60 68 45 17 42 75 81 11 3 9 65 70 57 48 84 39 46 64 22
#c 2 1 1 4 3 2 6 1 5 3 7 4 0 5 2 6 6 4 7 6 0 0 3 0 2 1 6 7 4 5 5 1 1 7 0 1 2 6 0 3 7 7 4 6 0 4 3 1 3 4 2 7 6 7 0 1 5 3 5 2 4 1 2 2 3 3 5 6 4 6 3 0 0 0 1 4 0 5 6 2 2 4 6 7 3 7 7 5 6
4 6 8 87 13 29 75 3 42 49 17 45
5 5 77 30 66 58 56 28 60 68 81 11
#c 2 1 1 4 3 2 6 1 5 3 7 4 0 5 2 6 6 4 7 6 0 0 3 0 2 1 6 7 4 5 5 1 1 7 0 1 2 6 0 3 7 7 4 6 0 4 3 1 3 4 2 7 6 7 0 1 5 3 5 2 4 1 2 2 3 3 5 6 4 6 3 0 0 0 1 4 0 5 6 2 2 4 6 7 3 7 7 5 6
6 6 88 6 16 43 19 52 85 27 53 18 83 33
7 5 78 37 15 69 82 67 26 51 40 86 41 10
#c 2 1 1 4 3 2 6 1 5 3 7 4 0 5 2 6 6 4 7 6 0 0 3 0 2 1 6 7 4 5 5 1 1 7 0 1 2 6 0 3 7 7 4 6 0 4 3 1 3 4 2 7 6 7 0 1 5 3 5 2 4 1 2 2 3 3 5 6 4 6 3 0 0 0 1 4 0 5 6 2 2 4 6 7 3 7 7 5 6
1 1 51 46
10 10 27 83 40 85 33 86 41 53 10 18 9 65 70 57 48 84 39 64 22 4
#c 2 1 1 4 3 2 6 1 5 3 7 4 0 5 2 6 6 4 7 6 0 0 3 0 2 1 6 7 4 5 5 1 1 7 0 1 2 6 0 3 7 7 4 6 0 4 3 1 3 4 2 7 6 7 0 1 5 3 5 2 4 1 2 2 3 3 5 6 4 6 3 0 0 0 1 4 0 5 6 2 2 4 6 7 3 7 7 5 6
#c 2 1 1 4 3 2 6 1 5 3 7 4 0 5 2 6 6 4 7 6 0 0 3 0 2 1 6 7 4 5 5 1 1 7 0 1 2 6 0 3 7 7 4 6 0 4 3 1 3 4 2 7 6 7 0 1 5 3 5 2 4 1 2 2 3 3 5 6 4 6 3 0 0 0 1 4 0 5 6 2 2 4 6 7 3 7 7 5 6
4 4 25 35 2 7 21 44 20 54
7 8 1 31 55 61 47 32 74 76 12 71 72 23 73 38 34
#c 2 1 1 4 3 2 6 1 5 3 7 4 0 5 2 6 6 4 7 6 0 0 3 0 2 1 6 7 4 5 5 1 1 7 0 1 2 6 0 3 7 7 4 6 0 4 3 1 3 4 2 7 6 7 0 1 5 3 5 2 4 1 2 2 3 3 5 6 4 6 3 0 0 0 1 4 0 5 6 2 2 4 6 7 3 7 7 5 6
4 4 63 24 62 50 68 45 42 60
7 7 14 80 0 59 5 36 79 28 17 49 75 81 11 3
#c 2 1 1 4 3 2 6 1 5 3 7 4 0 5 2 6 6 4 7 6 0 0 3 0 2 1 6 7 4 5 5 1 1 7 0 1 2 6 0 3 7 7 4 6 0 4 3 1 3 4 2 7 6 7 0 1 5 3 5 2 4 1 2 2 3 3 5 6 4 6 3 0 0 0 1 4 0 5 6 2 2 4 6 7 3 7 7 5 6
1 1 84 18
10 10 9 65 70 57 48 39 46 64 22 4 27 83 51 40 85 33 86 41 53 10
#c 2 1 1 4 3 2 6 1 5 3 7 4 0 5 2 6 6 4 7 6 0 0 3 0 2 1 6 7 4 5 5 1 1 7 0 1 2 6 0 3 7 7 4 6 0 4 3 1 3 4 2 7 6 7 0 1 5 3 5 2 4 1 2 2 3 3 5 6 4 6 3 0 0 0 1 4 0 5 6 2 2 4 6 7 3 7 7 5 6
1 1 68 44
10 11 28 60 45 17 42 49 75 81 11 3 76 20 21 54 12 71 72 23 73 38 34
#c 2 1 1 4 3 2 6 1 5 3 7 4 0 5 2 6 6 4 7 6 0 0 3 0 2 1 6 7 4 5 5 1 1 7 0 1 2 6 0 3 7 7 4 6 0 4 3 1 3 4 2 7 6 7 0 1 5 3 5 2 4 1 2 2 3 3 5 6 4 6 3 0 0 0 1 4 0 5 6 2 2 4 6 7 3 7 7 5 6
3 3 30 66 87 78 15 88
6 10 13 29 77 8 58 56 6 37 19 43 69 82 67 52 26 16
#c 2 1 1 4 3 2 6 1 5 3 7 4 0 5 2 6 6 4 7 6 0 0 3 0 2 1 6 7 4 5 5 1 1 7 0 1 2 6 0 3 7 7 4 6 0 4 3 1 3 4 2 7 6 7 0 1 5 3 5 2 4 1 2 2 3 3 5 6 4 6 3 0 0 0 1 4 0 5 6 2 2 4 6 7 3 7 7 5 6
2 2 82 43 49 28
11 9 6 78 37 88 19 15 69 67 52 26 16 60 68 45 17 42 75 81 11 3
#c 2 1 1 4 3 2 6 1 5 3 7 4 0 5 2 6 6 4 7 6 0 0 3 0 2 1 6 7 4 5 5 1 1 7 0 1 2 6 0 3 7 7 4 6 0 4 3 1 3 4 2 7 6 7 0 1 5 3 5 2 4 1 2 2 3 3 5 6 4 6 3 0 0 0 1 4 0 5 6 2 2 4 6 7 3 7 7 5 6
5 5 18 53 10 27 51 64 70 48 46 57
6 6 83 40 85 33 86 41 9 65 84 39 22 4
#c 2 1 1 4 3 2 6 1 5 3 7 4 0 5 2 6 6 4 7 6 0 0 3 0 2 1 6 7 4 5 5 1 1 7 0 1 2 6 0 3 7 7 4 6 0 4 3 1 3 4 2 7 6 7 0 1 5 3 5 2 4 1 2 2 3 3 5 6 4 6 3 0 0 0 1 4 0 5 6 2 2 4 6 7 3 7 7 5 6
2 3 54 20 30 77 29
10 6 76 21 12 71 44 72 23 73 38 34 13 8 87 66 58 56
#c 2 1 1 4 3 2 6 1 5 3 7 4 0 5 2 6 6 4 7 6 0 0 3 0 2 1 6 7 4 5 5 1 1 7 0 1 2 6 0 3 7 7 4 6 0 4 3 1 3 4 2 7 6 7 0 1 5 3 5 2 4 1 2 2 3 3 5 6 4 6 3 0 0 0 1 4 0 5 6 2 2 4 6 7 3 7 7 5 6
5 5 7 1 61 31 2 21 71 73 34 23
6 7 25 35 55 47 32 74 76 20 54 12 44 72 38
#c 2 1 1 4 3 2 6 1 5 3 7 4 0 5 2 6 6 4 7 6 0 0 3 0 2 1 6 7 4 5 5 1 1 7 0 1 2 6 0 3 7 7 4 6 0 4 3 1 3 4 2 7 6 7 0 1 5 3 5 2 4 1 2 2 3 3 5 6 4 6 3 0 0 0 1 4 0 5 6 2 2 4 6 7 3 7 7 5 6
4 4 14 36 59 50 32 25 35 2
7 7 63 80 0 62 5 79 24 1 31 55 61 47 7 74
#c 2 1 1 4 3 2 6 1 5 3 7 4 0 5 2 6 6 4 7 6 0 0 3 0 2 1 6 7 4 5 5 1 1 7 0 1 2 6 0 3 7 7 4 6 0 4 3 1 3 4 2 7 6 7 0 1 5 3 5 2 4 1 2 2 3 3 5 6 4 6 3 0 0 0 1 4 0 5 6 2 2 4 6 7 3 7 7 5 6
#c 2 1 1 4 3 2 6 1 5 3 7 4 0 5 2 6 6 4 7 6 0 0 3 0 2 1 6 7 4 5 5 1 1 7 0 1 2 6 0 3 7 7 4 6 0 4 3 1 3 4 2 7 6 7 0 1 5 3 5 2 4 1 2 2 3 3 5 6 4 6 3 0 0 0 1 4 0 5 6 2 2 4 6 7 3 7 7 5 6
1 1 17 9
10 10 28 60 68 45 42 49 75 81 11 3 65 70 57 48 84 39 46 64 22 4
#c 2 1 1 4 3 2 6 1 5 3 7 4 0 5 2 6 6 4 7 6 0 0 3 0 2 1 6 7 4 5 5 1 1 7 0 1 2 6 0 3 7 7 4 6 0 4 3 1 3 4 2 7 6 7 0 1 5 3 5 2 4 1 2 2 3 3 5 6 4 6 3 0 0 0 1 4 0 5 6 2 2 4 6 7 3 7 7 5 6
2 1 1 4 3 2 6 1 5 3 7 4 0 5 2 6 6 4 7 6 0 0 3 0 2 1 6 7 4 5 5 1 1 7 0 1 2 6 0 3 7 7 4 6 0 4 3 1 3 4 2 7 6 7 0 1 5 3 5 2 4 1 2 2 3 3 5 6 4 6 3 0 0 0 1 4 0 5 6 2 2 4 6 7 3 7 7 5 6
