#c 0 1 2 3 0 1 2 3 0 1 2 3 0 1 2 3 0 1 2 3 0 1 2 3 0 1 2 3 0 1 2 3 0 1 2 3 0 1 2 3 0 1 2 3 0 1 2 3 0 1 2 3 0 1 2 3 0 1 2 3 0
6 6 49 37 41 9 45 57 19 7 31 15 55 39
9 9 1 5 13 17 21 25 29 33 53 3 11 23 27 35 43 47 51 59
#c 0 1 2 3 0 1 2 1 0 3 2 3 0 1 2 1 0 1 2 1 0 1 2 3 0 1 2 3 0 1 2 1 0 1 2 3 0 3 2 1 0 3 2 3 0 3 2 3 0 3 2 3 0 1 2 1 0 3 2 3 0
3 3 58 14 50 60 40 44
12 13 2 6 10 18 22 26 30 34 38 42 46 54 0 4 8 12 16 20 24 28 32 36 48 52 56
#c 0 1 2 3 0 1 2 1 0 3 2 3 0 1 0 1 0 1 2 1 0 1 2 3 0 1 2 3 0 1 2 1 0 1 2 3 0 3 2 1 2 3 2 3 2 3 2 3 0 3 0 3 0 1 2 1 0 3 0 3 2
4 4 35 59 57 43 7 1 13 53
11 11 3 11 23 27 47 51 49 37 41 9 45 5 17 21 25 29 33 19 31 15 55 39
#c 0 1 2 3 0 1 2 1 0 3 2 3 0 1 0 1 0 1 2 1 0 1 2 3 0 1 2 3 0 1 2 1 0 1 2 3 0 3 2 1 2 3 2 3 2 3 2 3 0 3 0 3 0 1 2 1 0 3 0 3 2
3 3 48 28 0 19 33 5
13 12 4 8 12 16 20 24 32 36 52 56 58 14 50 1 13 17 21 25 29 53 7 31 15 55 39
#c 1 1 2 3 0 0 2 1 0 3 2 3 0 1 0 1 0 1 2 0 0 1 2 3 0 1 2 3 1 1 2 1 0 0 2 3 0 3 2 1 2 3 2 3 2 3 2 3 1 3 0 3 0 1 2 1 0 3 0 3 2
6 5 28 7 0 25 17 53 52 19 24 56 12
9 11 1 13 21 29 31 15 55 39 48 4 8 16 20 32 36 58 14 50 33 5
#c 1 1 2 3 0 0 2 1 0 3 2 3 0 1 0 1 0 1 2 0 0 1 2 3 0 1 2 3 1 1 2 1 0 0 2 3 0 3 2 1 2 3 2 3 2 3 2 3 1 3 0 3 0 1 2 1 0 3 0 3 2
4 4 34 30 26 42 12 4 50 5
11 12 2 6 10 18 22 38 46 54 60 40 44 8 16 20 24 32 36 52 56 58 14 19 33
#c 1 1 2 3 2 2 2 1 0 3 2 3 2 1 0 1 0 1 2 0 0 1 2 3 0 1 0 3 1 1 0 1 0 0 0 3 0 3 2 1 2 3 0 3 2 3 2 3 1 3 2 3 0 1 2 1 0 3 0 3 2
#c 1 1 2 3 2 2 2 1 0 3 2 3 2 1 0 1 0 1 2 0 0 1 2 3 0 1 0 3 1 1 0 1 0 0 0 3 0 3 2 1 2 3 0 3 2 3 2 3 1 3 2 3 0 1 2 1 0 3 0 3 2
8 8 56 19 26 8 14 58 33 34 35 45 9 51 27 59 57 49
8 7 16 20 24 32 36 52 30 42 3 11 23 43 47 37 41
#c 1 1 2 3 2 2 2 1 0 3 2 3 2 1 0 1 0 1 2 0 0 1 2 3 0 1 0 3 1 1 0 1 0 0 0 3 0 3 2 1 2 3 0 3 2 3 2 3 1 3 2 3 0 1 2 1 0 3 0 3 2
4 4 39 0 25 31 23 47 37 49
11 11 1 13 17 21 29 53 7 15 55 48 28 3 11 27 35 43 51 59 41 9 45 57
#c 3 1 2 3 2 2 2 1 0 3 2 3 2 1 0 1 0 1 2 0 0 1 2 1 0 3 0 3 1 1 0 3 0 0 0 3 0 1 2 3 2 3 0 3 2 3 2 1 1 1 2 3 0 1 2 1 0 3 0 3 2
7 8 50 60 4 18 2 5 40 34 52 56 26 58 42 30 19
8 8 6 10 22 38 46 54 44 12 8 16 20 24 32 36 14 33
#c 3 1 2 3 2 2 2 1 0 3 2 3 2 1 0 1 0 1 2 0 0 1 2 1 0 3 0 3 1 1 0 3 0 0 0 3 0 1 2 3 2 3 0 3 2 3 2 1 1 1 2 3 0 1 2 1 0 3 0 3 2
#c 3 1 2 3 2 2 2 1 0 3 2 3 2 1 0 1 0 1 2 0 0 1 2 1 0 3 0 3 1 1 0 3 0 0 0 3 0 1 2 3 2 3 0 3 2 3 2 1 1 1 2 3 0 1 2 1 0 3 0 3 2
4 4 56 52 20 26 25 41 11 3
12 11 8 16 24 32 36 58 14 19 33 34 30 42 27 35 43 51 59 9 45 57 39 0 31
#c 3 1 2 3 2 2 2 1 0 3 2 3 2 1 0 1 0 1 2 0 0 1 2 1 0 3 0 3 1 1 0 3 0 0 0 3 0 1 2 3 2 3 0 3 2 3 2 1 1 1 2 3 0 1 2 1 0 3 0 3 2
6 6 15 21 17 53 13 29 3 45 27 59 57 35
9 9 1 7 55 48 28 23 47 37 49 11 43 51 41 9 39 0 25 31
#c 3 1 2 3 2 2 2 1 0 3 2 3 2 1 0 1 0 1 2 0 0 1 2 1 0 3 0 3 1 1 0 3 0 0 0 3 0 1 2 3 2 3 0 3 2 3 2 1 1 1 2 3 0 1 2 1 0 3 0 3 2
#c 3 1 2 3 2 2 2 1 0 3 2 3 2 1 0 1 0 1 2 0 0 1 2 1 0 3 0 3 1 1 0 3 0 0 0 3 0 1 2 3 2 3 0 3 2 3 2 1 1 1 2 3 0 1 2 1 0 3 0 3 2
1 3 27 13 37 47
14 12 3 11 35 43 51 59 41 9 45 57 39 0 25 31 1 17 21 29 53 7 15 55 48 28 23 49
#c 3 1 2 3 2 2 2 1 0 3 2 3 2 1 0 1 0 1 2 0 0 1 2 1 0 3 0 3 1 1 0 3 0 0 0 3 0 1 2 3 2 3 0 3 2 3 2 1 1 1 2 3 0 1 2 1 0 3 0 3 2
6 6 33 8 32 58 30 14 12 4 22 54 10 40
10 9 16 20 24 36 52 56 19 34 26 42 2 6 18 38 46 60 44 50 5
#c 3 1 2 3 2 2 2 1 0 3 2 3 2 1 0 1 0 1 2 0 0 1 2 1 0 3 0 3 1 1 0 3 0 0 0 3 0 1 2 3 2 3 0 3 2 3 2 1 1 1 2 3 0 1 2 1 0 3 0 3 2
2 1 21 7 27
13 14 1 13 17 29 53 15 55 48 28 23 47 37 49 3 11 35 43 51 59 41 9 45 57 39 0 25 31
#c 3 1 2 3 2 2 2 1 0 3 2 3 2 1 0 1 0 1 2 0 0 1 2 1 0 3 0 3 1 1 0 3 0 0 0 3 0 1 2 3 2 3 0 3 2 3 2 1 1 1 2 3 0 1 2 1 0 3 0 3 2
5 7 5 2 10 44 50 25 3 41 11 43 35 0
10 8 6 18 22 38 46 54 60 40 12 4 27 51 59 9 45 57 39 31
#c 3 1 2 3 2 2 2 1 0 3 2 3 2 1 0 1 0 1 2 0 0 1 2 1 0 3 0 3 1 1 0 3 0 0 0 3 0 1 2 3 2 3 0 3 2 3 2 1 1 1 2 3 0 1 2 1 0 3 0 3 2
5 6 31 41 9 25 45 18 4 12 54 50 38
10 9 3 11 27 35 43 51 59 57 39 0 2 6 10 22 46 60 40 44 5
#c 3 1 2 3 3 2 2 1 0 2 2 3 3 1 0 1 0 1 3 0 0 1 2 1 0 2 0 3 1 1 0 2 0 0 0 3 0 1 3 3 2 2 0 3 2 2 2 1 1 1 3 3 0 1 3 1 0 3 0 3 2
7 7 24 26 8 33 42 52 19 43 18 27 57 59 35 50
9 9 16 20 32 36 56 58 14 34 30 3 11 51 39 0 4 12 54 38
#c 3 1 2 3 3 2 2 1 0 2 2 3 3 1 0 1 0 1 3 0 0 1 2 1 0 2 0 3 1 1 0 2 0 0 0 3 0 1 3 3 2 2 0 3 2 2 2 1 1 1 3 3 0 1 3 1 0 3 0 3 2
5 5 15 17 55 47 1 32 20 56 14 26
10 11 13 21 29 53 7 48 28 23 37 49 8 16 24 36 52 58 19 33 34 30 42
#c 3 1 2 3 3 2 2 1 0 2 2 3 3 1 0 1 0 1 3 0 0 1 2 1 0 2 0 3 1 1 0 2 0 0 0 3 0 1 3 3 2 2 0 3 2 2 2 1 1 1 3 3 0 1 3 1 0 3 0 3 2
2 2 46 60 11 43
12 14 2 6 10 22 40 44 5 31 41 9 25 45 3 27 35 51 59 57 39 0 18 4 12 54 50 38
#c 3 1 2 3 3 2 2 1 0 2 2 3 3 1 0 1 0 1 3 0 0 1 2 1 0 2 0 3 1 1 0 2 0 0 0 3 0 1 3 3 2 2 0 3 2 2 2 1 1 1 3 3 0 1 3 1 0 3 0 3 2
2 2 59 57 31 22
14 12 3 11 27 35 43 51 39 0 18 4 12 54 50 38 2 6 10 46 60 40 44 5 41 9 25 45
#c 3 1 2 3 3 2 2 1 0 2 2 3 3 1 0 1 0 1 3 0 0 1 2 1 0 2 0 3 1 1 0 2 0 0 0 3 0 1 3 3 2 2 0 3 2 2 2 1 1 1 3 3 0 1 3 1 0 3 0 3 2
4 4 26 20 36 42 47 17 49 1
12 11 8 16 24 32 52 56 58 14 19 33 34 30 13 21 29 53 7 15 55 48 28 23 37
#c 3 0 2 3 3 2 2 1 0 2 2 3 3 1 0 1 0 0 3 0 1 1 2 1 0 2 1 3 1 1 0 2 0 0 0 3 1 1 3 3 2 2 1 3 2 2 2 0 1 0 3 3 0 1 3 1 0 3 0 3 2
2 2 20 15 41 25
13 12 13 21 29 53 7 55 48 28 23 37 26 36 42 2 6 10 22 46 60 40 44 5 31 9 45
#c 3 0 2 3 3 2 2 1 0 2 2 3 3 1 0 1 0 0 3 0 1 1 2 1 0 2 1 3 1 1 0 2 0 0 0 3 1 1 3 3 2 2 1 3 2 2 2 0 1 0 3 3 0 1 3 1 0 3 0 3 2
2 2 25 60 8 1
12 14 2 6 10 22 46 40 44 5 31 41 9 45 16 24 32 52 56 58 14 19 33 34 30 47 17 49
#c 3 0 2 3 3 2 2 1 0 2 2 3 3 1 0 1 0 0 3 0 1 1 2 1 0 2 1 3 1 1 0 2 0 0 0 3 1 1 3 3 2 2 1 3 2 2 2 0 1 0 3 3 0 1 3 1 0 3 0 3 2
1 1 27 33
15 15 3 11 35 43 51 59 57 39 0 18 4 12 54 50 38 8 16 24 32 52 56 58 14 19 34 30 47 17 49 1
#c 3 0 2 3 3 2 2 1 0 2 2 3 3 1 0 1 0 0 3 0 1 1 2 1 0 2 1 0 1 1 0 2 0 3 0 3 1 1 3 3 2 2 1 3 2 2 2 0 1 0 3 3 0 1 3 1 0 3 0 3 2
7 6 47 49 32 17 8 24 19 10 25 41 40 45 44
9 8 16 52 56 58 14 34 30 1 27 2 6 22 46 60 5 31 9
#c 3 0 2 3 3 2 2 1 0 2 2 3 3 1 0 1 0 0 3 0 1 1 2 1 0 2 1 0 1 1 0 2 0 3 0 3 1 1 3 3 2 2 1 3 2 2 2 0 1 0 3 3 0 1 3 1 0 3 0 3 2
6 6 26 53 48 20 21 37 54 38 59 18 50 3
9 10 13 29 7 15 55 28 23 36 42 11 35 43 51 57 39 0 4 12 33
#c 3 0 2 3 3 2 2 1 0 2 2 3 3 1 0 1 0 0 3 0 1 1 2 1 0 2 1 0 1 1 0 2 0 3 0 3 1 1 3 3 2 2 1 3 2 2 2 0 1 0 3 3 0 1 3 1 0 3 0 3 2
1 1 45 56
13 15 2 6 10 22 46 60 40 44 5 31 41 9 25 8 16 24 32 52 58 14 19 34 30 47 17 49 1 27
#c 3 0 2 3 3 2 2 1 0 2 2 3 3 1 0 1 0 0 3 0 1 1 2 1 0 2 1 0 1 1 0 2 0 3 0 3 1 1 3 3 2 2 1 3 2 0 2 0 1 0 3 3 0 1 3 1 2 3 0 3 2
6 6 3 43 59 18 54 39 17 45 52 8 14 24
10 10 11 35 51 57 0 4 12 50 38 33 16 32 58 19 34 30 47 49 1 27
#c 3 0 2 3 3 2 2 1 0 2 2 3 3 1 0 1 0 0 3 0 1 1 2 1 0 2 1 0 1 1 0 2 0 3 0 3 1 1 3 3 2 2 1 3 2 0 2 0 1 0 3 3 0 1 3 1 2 3 0 3 2
6 5 1 47 14 8 27 32 9 25 2 6 60
10 9 16 24 52 58 19 34 30 17 49 45 10 22 46 40 44 5 31 41 56
#c 3 0 2 3 3 2 2 1 0 2 2 3 3 1 0 1 0 0 3 0 1 1 2 1 0 2 1 0 1 1 0 2 0 3 0 3 1 1 3 3 2 2 1 3 2 0 2 0 1 0 3 3 0 1 3 1 2 3 0 3 2
4 4 23 42 48 20 4 38 39 3
11 12 13 21 29 53 7 15 55 28 37 26 36 11 35 43 51 59 57 0 18 12 54 50 33
#c 3 0 2 1 1 2 2 1 0 2 2 3 3 1 0 1 0 0 3 0 3 1 2 3 0 2 1 0 1 1 0 2 0 3 0 3 1 1 1 1 2 2 3 3 2 0 2 0 3 0 3 3 0 1 3 1 2 3 0 3 2
2 2 2 46 29 55
12 13 6 10 22 60 40 44 5 31 41 9 25 56 13 21 53 7 15 28 37 26 36 4 38 39 3
#c 3 0 2 1 1 2 2 1 0 2 2 3 3 1 0 1 0 0 3 0 3 1 2 3 0 2 1 0 1 1 0 2 0 3 0 3 1 1 1 1 2 2 3 3 2 0 2 0 3 0 3 3 0 1 3 1 2 3 0 3 2
2 2 35 57 37 39
14 13 11 43 51 59 0 18 12 54 50 33 23 42 48 20 13 21 29 53 7 15 55 28 26 36 4 38 3
#c 3 0 2 1 1 2 2 1 0 2 2 3 3 1 0 1 0 0 3 0 3 1 2 3 0 2 1 0 1 1 0 2 0 3 0 3 1 1 1 1 2 2 3 3 2 0 2 0 3 0 3 3 0 1 3 1 2 3 0 3 2
5 5 58 24 16 17 45 6 22 44 46 5
11 9 8 32 52 14 19 34 30 47 49 1 27 2 10 60 40 31 41 9 25 56
#c 3 0 2 1 1 2 2 1 0 2 2 3 3 1 0 1 0 0 3 0 3 1 2 3 0 2 1 0 1 1 0 2 0 3 0 3 1 1 1 1 2 2 3 3 2 0 2 0 3 0 3 3 0 1 3 1 2 3 0 3 2
2 2 4 38 0 50
13 14 13 21 29 53 7 15 55 28 37 26 36 39 3 11 35 43 51 59 57 18 12 54 33 23 42 48 20
#c 3 0 2 1 1 2 2 1 0 2 2 3 3 1 0 1 0 0 3 0 3 1 2 3 0 2 1 0 1 1 0 2 0 3 0 3 1 1 1 1 2 2 3 3 2 0 2 0 3 0 3 3 0 1 3 1 2 3 0 3 2
#c 3 0 2 1 1 2 2 1 0 2 2 3 3 1 0 1 0 0 3 0 3 1 2 3 0 2 1 0 1 1 0 2 0 3 0 3 1 1 1 1 2 2 3 3 2 0 2 0 3 0 3 3 0 1 3 1 2 3 0 3 2
3 4 33 59 35 37 3 7 36
13 11 11 43 51 57 0 18 12 54 50 23 42 48 20 13 21 29 53 15 55 28 26 4 38 39
#c 3 0 2 3 1 2 2 3 0 2 2 3 3 1 0 1 0 0 3 0 3 1 2 3 0 2 1 0 1 1 0 2 0 1 0 1 3 3 1 1 2 2 3 3 2 0 2 0 3 0 3 3 0 1 3 1 2 3 0 1 2
3 2 27 8 32 39 28
13 12 16 24 52 58 14 19 34 30 47 17 49 1 45 13 21 29 53 15 55 26 4 38 33 59 35
#c 3 0 2 3 1 2 2 3 0 2 2 3 3 1 0 1 0 0 3 0 3 1 2 3 0 2 1 0 1 1 0 2 0 1 0 1 3 3 1 1 2 2 3 3 2 0 2 0 3 0 3 3 0 1 3 1 2 3 0 1 2
#c 3 0 2 3 1 2 2 3 0 2 2 3 3 1 0 1 0 0 3 0 3 1 2 3 0 2 1 0 1 1 0 2 0 1 0 1 3 3 1 1 2 2 3 3 2 0 2 0 3 0 3 3 0 1 3 1 2 3 0 1 2
4 4 31 5 40 22 47 17 49 34
10 12 2 6 10 46 60 44 41 9 25 56 8 16 24 32 52 58 14 19 30 1 27 45
#c 3 0 2 3 1 2 2 3 0 2 2 3 3 1 0 1 0 0 3 0 3 1 2 3 0 2 1 0 1 1 0 2 0 1 0 1 3 3 1 1 2 2 3 3 2 0 2 0 3 0 3 3 0 1 3 1 2 3 0 1 2
1 1 54 13
16 13 11 43 51 57 0 18 12 50 23 42 48 20 37 3 7 36 21 29 53 15 55 28 26 4 38 39 33 59 35
#c 3 0 2 3 1 2 2 3 0 2 2 3 3 1 0 1 0 0 3 0 3 1 2 3 0 2 1 0 1 1 0 2 0 1 0 1 3 3 1 1 2 2 3 3 2 0 2 0 3 0 3 3 0 1 3 1 2 3 0 1 2
7 7 24 47 17 58 34 49 52 42 18 43 37 12 54 36
9 10 8 16 32 14 19 30 1 27 45 11 51 57 0 50 23 48 20 3 7
#c 3 0 2 3 1 2 2 3 0 2 2 3 0 1 0 1 0 3 0 0 3 1 2 3 3 2 1 0 1 1 0 2 0 1 3 1 0 0 1 1 2 2 0 0 2 0 2 3 3 3 3 3 3 1 0 1 2 3 3 1 2
7 8 4 33 15 38 53 29 35 1 8 43 32 45 27 19 14
7 8 13 21 55 28 26 39 59 16 30 42 18 37 12 54 36
#c 3 0 2 3 1 2 2 3 0 2 2 3 0 1 0 1 0 3 0 0 3 1 2 3 3 2 1 0 1 1 0 2 0 1 3 1 0 0 1 1 2 2 0 0 2 0 2 3 3 3 3 3 3 1 0 1 2 3 3 1 2
6 6 56 10 31 40 46 44 54 43 45 30 27 1
8 10 2 6 22 60 5 41 9 25 8 16 32 14 19 42 18 37 12 36
#c 3 0 2 3 1 2 2 3 0 2 2 3 0 1 0 1 0 3 0 0 3 1 2 3 3 2 1 0 1 1 0 2 0 1 3 1 0 0 1 1 2 2 0 0 2 0 2 3 3 3 3 3 3 1 0 1 2 3 3 1 2
7 7 34 17 20 0 24 49 57 25 5 56 22 41 10 9
10 7 11 51 50 23 48 3 7 47 58 52 2 6 46 60 40 44 31
#c 3 0 2 3 1 2 2 3 0 2 2 3 0 1 0 1 0 3 0 0 3 1 2 3 3 2 1 0 1 1 0 2 0 1 3 1 0 0 1 1 2 2 0 0 2 0 2 3 3 3 3 3 3 1 0 1 2 3 3 1 2
#c 3 0 2 3 1 2 2 3 0 2 2 3 0 1 0 1 0 3 0 0 3 1 2 3 3 2 1 0 1 1 0 2 0 1 3 1 0 0 1 1 2 2 0 0 2 0 2 3 3 3 3 3 3 1 0 1 2 3 3 1 2
5 5 15 38 33 39 21 25 5 2 22 44
9 9 13 29 53 55 28 26 4 59 35 6 10 46 60 40 31 41 9 56
#c 3 0 2 3 1 2 2 3 0 2 2 3 0 1 0 1 0 3 0 0 3 1 2 3 3 2 1 0 1 1 0 2 0 1 3 1 0 0 1 1 2 2 0 0 2 0 2 3 3 3 3 3 3 1 0 1 2 3 3 1 2
3 4 5 56 60 54 19 18 36
11 12 2 6 10 22 46 40 44 31 41 9 25 8 16 32 14 30 1 27 45 42 43 37 12
#c 3 0 2 3 1 2 2 3 0 2 2 3 0 1 0 1 0 3 0 0 3 1 2 3 3 2 1 0 1 1 0 2 0 1 3 1 0 0 1 1 2 2 0 0 2 0 2 3 3 3 3 3 3 1 0 1 2 3 3 1 2
5 4 24 58 50 49 47 29 33 35 15
12 10 11 51 57 0 23 48 20 3 7 17 34 52 13 21 53 55 28 26 4 38 39 59
#c 3 0 2 3 1 2 2 3 0 2 2 3 0 1 0 1 0 3 0 0 3 1 2 3 3 2 1 0 1 1 0 2 0 1 3 1 0 0 1 1 2 2 0 0 2 0 2 3 3 3 3 3 3 1 0 1 2 3 3 1 2
2 2 32 45 47 20
14 15 8 16 14 19 30 1 27 42 18 43 37 12 54 36 11 51 57 0 50 23 48 3 7 24 17 58 34 49 52
#c 3 0 2 3 1 2 2 3 0 2 2 3 0 1 0 1 0 3 0 0 3 1 2 3 3 2 1 0 1 1 0 2 0 1 3 1 0 0 1 1 2 2 0 0 2 0 2 3 3 3 3 3 3 1 0 1 2 3 3 1 2
#c 3 0 2 3 1 2 2 3 0 2 2 3 0 1 0 1 0 3 0 0 3 1 2 3 3 2 1 0 1 1 0 2 0 1 3 1 0 0 1 1 2 2 0 0 2 0 2 3 3 3 3 3 3 1 0 1 2 3 3 1 2
4 4 40 9 44 25 39 59 53 26
10 10 2 6 10 22 46 60 5 31 41 56 13 21 29 15 55 28 4 38 33 35
#c 3 0 2 3 1 2 2 3 0 2 2 3 0 1 0 1 0 3 0 0 3 1 2 3 3 2 1 0 1 1 0 2 0 1 3 1 0 0 1 1 2 2 0 0 2 0 2 3 3 3 3 3 3 1 0 1 2 3 3 1 2
#c 3 0 2 3 1 2 2 3 0 2 2 3 0 1 0 1 0 3 0 0 3 1 2 3 3 2 1 0 1 1 0 2 0 1 3 1 0 0 1 1 2 2 0 0 2 0 2 3 3 3 3 3 3 1 0 1 2 3 3 1 2
1 2 19 48 47
15 15 8 16 32 14 30 1 27 45 42 18 43 37 12 54 36 11 51 57 0 50 23 20 3 7 24 17 58 34 49 52
#c 3 0 2 3 1 2 2 3 0 2 2 3 0 1 0 1 0 3 0 3 3 1 2 3 3 2 1 0 1 1 0 2 0 1 3 1 0 0 1 1 2 2 0 0 2 0 2 0 0 3 3 3 3 1 0 1 2 3 3 1 2
#c 3 0 2 3 1 2 2 3 0 2 2 3 0 1 0 1 0 3 0 3 3 1 2 3 3 2 1 0 1 1 0 2 0 1 3 1 0 0 1 1 2 2 0 0 2 0 2 0 0 3 3 3 3 1 0 1 2 3 3 1 2
4 4 6 22 41 25 18 1 36 48
10 13 2 10 46 60 40 44 5 31 9 56 8 16 32 14 30 27 45 42 43 37 12 54 47
#c 3 0 2 3 1 2 2 3 0 2 2 3 0 1 0 1 0 3 0 3 3 1 2 3 3 2 1 0 1 1 0 2 0 1 3 1 0 0 1 1 2 2 0 0 2 0 2 0 0 3 3 3 3 1 0 1 2 3 3 1 2
2 2 17 50 59 39
14 12 11 51 57 0 23 20 3 7 24 58 34 49 52 19 13 21 29 53 15 55 28 26 4 38 33 35
#c 3 0 2 3 1 2 2 3 0 2 2 3 0 1 0 1 0 3 0 3 3 1 2 3 3 2 1 0 1 1 0 2 0 1 3 1 0 0 1 1 2 2 0 0 2 0 2 0 0 3 3 3 3 1 0 1 2 3 3 1 2
#c 3 0 2 3 1 2 2 3 0 2 2 3 0 1 0 1 0 3 0 3 3 1 2 3 3 2 1 0 1 1 0 2 0 1 3 1 0 0 1 1 2 2 0 0 2 0 2 0 0 3 3 3 3 1 0 1 2 3 3 1 2
1 1 35 5
13 13 13 21 29 53 15 55 28 26 4 38 39 33 59 2 6 10 22 46 60 40 44 31 41 9 25 56
#c 3 0 2 3 1 2 2 3 0 2 2 3 0 1 0 1 0 3 0 3 3 1 2 3 3 2 1 0 1 1 0 2 0 1 3 1 0 0 1 1 2 2 0 0 2 0 2 0 0 3 3 3 3 1 0 1 2 3 3 1 2
4 4 31 46 5 2 53 38 26 29
10 10 6 10 22 60 40 44 41 9 25 56 13 21 15 55 28 4 39 33 59 35
#c 3 0 1 3 1 1 2 3 0 2 2 3 0 1 0 1 0 3 0 3 3 1 2 3 3 2 2 0 1 2 0 1 0 1 3 1 0 0 2 1 2 2 0 0 2 0 1 0 0 3 3 3 3 2 0 1 2 3 3 1 2
6 6 58 7 49 34 17 11 48 30 42 45 43 12
10 11 51 57 0 50 23 20 3 24 52 19 8 16 32 14 1 27 18 37 54 36 47
#c 3 0 1 3 1 1 2 3 0 2 2 3 0 1 0 1 0 3 0 3 3 1 2 3 3 2 2 0 1 2 0 1 0 1 3 1 0 0 2 1 2 2 0 0 2 0 1 0 0 3 3 3 3 2 0 1 2 3 3 1 2
#c 3 0 1 3 1 1 2 3 0 2 2 3 0 1 0 1 0 3 0 3 3 1 2 3 3 2 2 0 1 2 0 1 0 1 3 1 0 0 2 1 2 2 0 0 2 0 1 0 0 3 3 3 3 2 0 1 2 3 3 1 2
5 3 35 13 31 15 4 37 18 1
9 14 21 55 28 39 33 59 46 5 2 8 16 32 14 30 27 45 42 43 12 54 36 48 47
#c 3 1 1 3 0 1 2 3 0 2 2 3 0 0 0 0 0 3 1 3 3 1 2 3 3 2 2 0 1 2 0 0 0 1 3 0 0 1 2 1 2 2 0 0 2 0 1 0 0 3 3 3 3 2 0 1 2 3 3 1 2
#c 3 1 1 3 0 1 2 3 0 2 2 3 0 0 0 0 0 3 1 3 3 1 2 3 3 2 2 0 1 2 0 0 0 1 3 0 0 1 2 1 2 2 0 0 2 0 1 0 0 3 3 3 3 2 0 1 2 3 3 1 2
#c 3 1 1 3 0 1 2 3 0 2 2 3 0 0 0 0 0 3 1 3 3 1 2 3 3 2 2 0 1 2 0 0 0 1 3 0 0 1 2 1 2 2 0 0 2 0 1 0 0 3 3 3 3 2 0 1 2 3 3 1 2
1 1 27 37
18 11 8 16 32 14 30 45 42 43 12 54 36 48 47 35 13 31 15 4 21 55 28 39 33 59 46 5 2 18 1
#c 3 1 1 3 0 1 2 3 0 2 2 3 0 0 0 0 0 3 1 3 3 1 2 3 3 2 2 1 1 2 0 0 0 1 3 0 0 0 2 1 2 2 0 0 2 0 1 0 0 3 3 3 3 2 0 1 2 3 3 1 2
#c 3 1 1 3 0 1 2 3 0 2 2 3 0 0 0 0 0 3 1 3 3 1 2 3 3 2 2 1 1 2 0 0 0 1 3 0 0 0 2 1 2 2 0 0 2 0 1 0 0 3 3 3 3 2 0 1 2 3 3 1 2
3 5 44 26 25 42 4 47 48 13
11 14 6 10 22 60 40 41 9 56 53 38 29 8 16 32 14 30 45 43 12 54 36 35 31 15 37
#c 3 1 1 3 0 1 2 3 0 2 2 3 0 0 0 0 0 3 1 3 3 1 2 3 3 2 2 1 1 2 0 0 0 1 3 0 0 0 2 1 2 2 0 0 2 0 1 0 0 3 3 3 3 2 0 1 2 3 3 1 2
4 4 11 0 3 52 16 13 43 30
12 15 51 57 50 23 20 7 24 17 58 34 49 19 8 32 14 45 42 12 54 36 48 47 35 31 15 4 37
#c 3 1 1 3 0 1 2 3 0 2 2 3 0 0 0 0 0 3 1 3 3 1 2 3 3 2 2 1 1 2 0 0 0 1 3 0 0 0 2 1 2 2 0 0 2 0 1 0 0 3 3 3 3 2 0 1 2 3 3 1 2
5 5 4 43 16 45 36 58 34 3 57 51
14 11 8 32 14 30 42 12 54 48 47 35 13 31 15 37 11 0 50 23 20 7 24 17 49 52 19
#c 3 1 1 3 0 1 2 3 0 2 2 3 0 0 0 0 0 3 1 3 3 1 2 3 3 2 2 1 1 2 0 0 0 1 3 0 0 0 2 1 2 2 0 0 2 0 1 0 0 3 3 3 3 2 0 1 2 3 3 1 2
3 3 1 18 21 9 6 53
9 11 55 28 39 33 59 46 5 2 27 10 22 60 40 44 41 25 56 38 26 29
#c 3 1 1 3 0 1 2 3 0 2 2 3 0 0 0 0 0 3 1 3 3 1 2 3 3 2 2 1 1 2 0 0 0 1 3 0 0 0 2 1 2 2 0 0 2 0 1 0 0 3 3 3 3 2 0 1 2 3 3 1 2
3 3 38 10 53 36 16 12
11 16 6 22 60 40 44 41 9 25 56 26 29 8 32 14 30 45 42 43 54 48 47 35 13 31 15 4 37
#c 3 1 1 3 0 1 2 3 0 2 2 3 0 0 0 0 0 3 1 3 3 1 2 3 3 2 2 1 1 2 0 0 0 1 3 0 0 0 2 1 2 2 0 0 2 0 1 0 0 3 3 3 3 2 0 1 2 3 3 1 2
8 8 23 34 57 0 20 7 58 17 33 27 39 21 18 28 1 2
8 4 11 51 50 3 24 49 52 19 55 59 46 5
#c 3 1 1 3 0 1 2 3 0 2 2 3 0 0 0 0 0 3 1 3 3 1 2 3 3 2 2 1 1 2 0 0 0 1 3 0 0 0 2 1 2 2 0 0 2 0 1 0 0 3 3 3 3 2 0 1 2 3 3 1 2
#c 3 1 1 3 0 1 2 3 0 2 2 3 0 0 0 0 0 3 1 3 3 1 2 3 3 2 2 1 1 2 0 0 0 1 3 0 0 0 2 1 2 2 0 0 2 0 1 0 0 3 3 3 3 2 0 1 2 3 3 1 2
2 2 1 33 49 3
10 14 21 55 28 39 59 46 5 2 18 27 11 51 57 0 50 23 20 7 24 17 58 34 52 19
#c 3 1 1 3 0 1 2 3 0 2 2 3 0 0 0 0 0 3 1 3 3 1 2 3 3 2 2 1 1 2 0 0 0 1 3 0 0 0 2 1 2 2 0 0 2 0 1 0 0 3 3 3 3 2 0 1 2 3 3 1 2
3 3 44 9 41 12 45 15
11 16 6 10 22 60 40 25 56 53 38 26 29 8 16 32 14 30 42 43 54 36 48 47 35 13 31 4 37
#c 3 1 1 3 0 1 2 3 0 2 2 3 0 0 0 0 0 3 1 3 3 1 2 3 3 2 2 1 1 2 0 0 0 1 3 0 0 0 2 1 2 2 0 0 2 0 1 0 0 3 3 3 3 2 0 1 2 3 3 1 2
8 9 20 34 52 3 7 19 51 0 37 16 4 12 14 35 13 45 8
8 10 11 57 50 23 24 17 58 49 32 30 42 43 54 36 48 47 31 15
#c 3 1 1 3 0 1 2 3 0 2 2 3 0 0 0 0 0 3 1 3 3 1 2 3 3 2 2 1 1 2 0 0 0 1 3 0 0 0 2 1 2 2 0 0 2 0 1 0 0 3 3 3 3 2 0 1 2 3 3 1 2
9 9 16 42 43 36 8 48 12 15 47 21 2 27 55 5 46 39 18 33
10 3 32 14 30 45 54 35 13 31 4 37 28 59 1
#c 3 1 1 3 0 1 2 3 0 2 2 3 0 0 0 0 0 3 1 3 3 1 2 3 3 2 2 1 1 2 0 0 0 1 3 0 0 0 2 1 2 2 0 0 2 0 1 0 0 3 3 3 3 2 0 1 2 3 3 1 2
4 4 33 46 39 18 6 9 26 25
8 10 21 55 28 59 5 2 1 27 10 22 60 40 44 41 56 53 38 29
#c 3 1 1 3 0 1 2 3 0 2 2 3 0 0 0 0 0 3 1 3 3 1 2 3 3 2 2 1 1 2 0 0 0 1 3 0 0 0 2 1 2 2 0 0 2 0 1 0 0 3 3 3 3 2 0 1 2 3 3 1 2
1 1 40 2
13 11 6 10 22 60 44 41 9 25 56 53 38 26 29 21 55 28 39 33 59 46 5 18 1 27
#c 3 1 1 3 0 1 2 3 0 2 2 3 0 0 0 0 0 3 1 3 3 1 2 3 3 2 2 1 1 2 0 0 0 1 3 0 0 0 2 1 2 2 0 0 2 0 1 0 0 3 3 3 3 2 0 1 2 3 3 1 2
#c 3 1 1 3 0 1 2 3 0 2 2 3 0 0 0 0 0 3 1 3 3 1 2 3 3 2 2 1 1 2 0 0 0 1 3 0 0 0 2 1 2 2 0 0 2 0 1 0 0 3 3 3 3 2 0 1 2 3 3 1 2
#c 3 1 1 3 0 1 2 3 0 2 2 3 0 0 0 0 0 3 1 3 3 1 2 3 3 2 2 1 1 2 0 0 0 1 3 0 0 0 2 1 2 2 0 0 2 0 1 0 0 3 3 3 3 2 0 1 2 3 3 1 2
2 1 21 27 42
10 18 55 28 39 33 59 46 5 2 18 1 8 16 32 14 30 45 43 12 54 36 48 47 35 13 31 15 4 37
#c 3 1 1 3 0 1 2 3 0 2 2 3 0 0 0 0 0 3 1 3 3 1 2 3 3 2 2 1 1 2 0 0 0 1 3 0 0 0 2 1 2 2 0 0 2 0 1 0 0 3 3 3 3 2 0 1 2 3 3 1 2
4 5 6 40 10 44 18 28 59 5 27
10 7 22 60 41 9 25 56 53 38 26 29 21 55 39 33 46 2 1
#c 3 1 1 3 0 1 2 3 0 2 2 3 0 0 0 0 0 3 1 3 3 1 2 3 3 2 2 1 1 2 0 0 0 1 3 0 0 0 2 1 2 2 0 0 2 0 1 0 0 3 3 3 3 2 0 1 2 3 3 1 2
6 6 19 3 11 58 52 24 28 18 33 2 27 55
10 6 51 57 0 50 23 20 7 17 34 49 21 39 59 46 5 1
#c 3 1 1 3 0 1 2 3 0 2 2 3 0 0 0 0 0 3 1 3 3 1 2 3 3 2 2 1 1 2 0 0 0 1 3 0 0 0 2 1 2 2 0 0 2 0 1 0 0 3 3 3 3 2 0 1 2 3 3 1 2
6 6 54 43 12 13 31 45 26 44 38 41 25 9
13 8 8 16 32 14 30 42 36 48 47 35 15 4 37 6 10 22 60 40 56 53 29
#c 3 1 1 3 0 1 2 3 0 2 2 3 0 0 0 0 0 3 1 3 3 1 2 3 3 2 2 1 1 2 0 0 0 1 3 0 0 0 2 1 2 2 0 0 2 0 1 0 0 3 3 3 3 2 0 1 2 3 3 1 2
4 5 39 5 28 21 15 54 48 31 36
8 14 55 33 59 46 2 18 1 27 8 16 32 14 30 45 42 43 12 47 35 13 4 37
#c 3 1 1 3 0 0 2 3 0 2 2 3 0 0 0 1 0 3 1 3 3 0 2 3 3 2 2 1 0 2 0 1 0 1 3 0 1 0 2 0 2 2 0 0 2 0 1 0 1 3 3 3 3 2 1 1 2 3 3 1 2
#c 3 1 1 3 0 0 2 3 0 2 2 3 0 0 0 1 0 3 1 3 3 0 2 3 3 2 2 1 0 2 0 1 0 1 3 0 1 0 2 0 2 2 0 0 2 0 1 0 1 3 3 3 3 2 1 1 2 3 3 1 2
1 1 0 18
15 12 11 51 57 50 23 20 3 7 24 17 58 34 49 52 19 55 33 59 46 2 1 27 15 54 48 31 36
#c 3 1 1 3 0 0 2 3 0 2 2 3 0 0 0 1 0 3 1 3 3 0 2 3 3 2 2 1 0 2 0 1 0 1 3 0 1 0 2 0 2 2 0 0 2 0 1 0 1 3 3 3 3 2 1 1 2 3 3 1 2
2 2 30 28 17 49
16 14 8 16 32 14 45 42 43 12 47 35 13 4 37 39 5 21 11 51 57 0 50 23 20 3 7 24 58 34 52 19
#c 3 1 1 3 0 0 2 3 0 2 2 3 0 0 0 1 0 3 1 3 3 0 2 3 3 2 2 1 0 2 0 1 0 1 3 0 1 0 2 0 2 2 0 0 2 0 1 0 1 3 3 3 3 2 1 1 2 3 3 1 2
#c 3 1 1 3 0 0 2 3 0 2 2 3 0 0 0 1 0 3 1 3 3 0 2 3 3 2 2 1 0 2 0 1 0 1 3 0 1 0 2 0 2 2 0 0 2 0 1 0 1 3 3 3 3 2 1 1 2 3 3 1 2
7 7 29 41 44 6 22 53 9 12 28 39 47 14 8 42
7 11 10 60 40 25 56 38 26 16 32 30 45 43 35 13 4 37 5 21
#c 3 1 1 3 0 0 2 3 0 2 2 3 0 0 0 1 0 3 1 3 3 0 2 3 3 2 2 1 0 2 0 1 0 1 3 0 1 0 2 0 2 2 0 0 2 0 1 0 1 3 3 3 3 2 1 1 2 3 3 1 2
3 3 34 49 58 13 39 37
13 15 11 51 57 0 50 23 20 3 7 24 17 52 19 8 16 32 14 30 45 42 43 12 47 35 4 5 28 21
#c 3 1 1 3 0 0 2 3 0 2 2 3 0 0 0 1 0 3 1 3 3 0 2 3 3 2 2 1 0 2 0 1 0 1 3 0 1 0 2 0 2 2 0 0 2 0 1 0 1 3 3 3 3 2 1 1 2 3 3 1 2
9 9 30 5 8 43 13 4 12 32 42 46 54 59 33 2 36 48 15 31
9 4 16 14 45 47 35 37 39 28 21 55 18 1 27
#c 3 1 1 3 0 0 2 3 0 2 2 3 0 0 0 1 0 3 1 3 3 0 2 3 3 2 2 1 0 2 0 1 0 1 3 0 1 0 2 0 2 2 0 0 2 0 1 0 1 3 3 3 3 2 1 1 2 3 3 1 2
5 5 55 48 33 27 46 4 47 5 14 45
8 13 59 2 18 1 15 54 31 36 8 16 32 30 42 43 12 35 13 37 39 28 21
#c 3 1 1 3 0 0 2 3 0 2 2 3 0 0 0 1 0 3 1 3 3 0 2 3 3 2 2 1 0 2 0 1 0 1 3 0 1 0 2 0 2 2 0 0 2 0 1 0 1 3 3 3 3 2 1 1 2 3 3 1 2
4 5 29 44 10 22 59 31 27 55 48
10 8 6 60 40 41 9 25 56 53 38 26 33 46 2 18 1 15 54 36
#c 3 1 1 3 0 0 2 3 0 2 2 3 0 0 0 1 0 3 1 3 3 0 2 3 3 2 2 1 0 2 0 1 0 1 3 0 1 0 2 0 2 2 0 0 2 0 1 0 1 3 3 3 3 2 1 1 2 3 3 1 2
6 6 50 3 20 58 51 23 21 35 39 16 47 43
10 12 11 57 0 7 24 17 34 49 52 19 8 32 14 30 45 42 12 13 4 37 5 28
#c 3 1 1 3 0 0 2 3 0 2 2 3 0 0 0 1 0 3 1 3 3 0 2 3 3 2 2 1 0 2 0 1 0 1 3 0 1 0 2 0 2 2 0 0 2 0 1 0 1 3 3 3 3 2 1 1 2 3 3 1 2
4 4 5 45 8 43 38 26 60 10
14 10 16 32 14 30 42 12 47 35 13 4 37 39 28 21 6 22 40 44 41 9 25 56 53 29
#c 3 1 1 3 0 0 2 3 0 2 2 3 0 0 0 1 0 3 1 3 3 0 2 3 3 2 2 1 0 2 0 1 0 1 3 0 1 0 2 0 2 2 0 0 2 0 1 0 1 3 3 3 3 2 1 1 2 3 3 1 2
3 3 18 2 54 16 45 37
10 15 55 33 59 46 1 27 15 48 31 36 8 32 14 30 42 43 12 47 35 13 4 39 5 28 21
#c 3 1 1 3 0 0 2 3 0 2 2 3 0 0 0 1 0 3 1 3 3 0 2 3 3 2 2 1 0 2 0 1 0 1 3 0 1 0 2 0 2 2 0 0 2 0 1 0 1 3 3 3 3 2 1 1 2 3 3 1 2
#c 3 1 1 3 0 0 2 3 0 2 2 3 0 0 0 1 0 3 1 3 3 0 2 3 3 2 2 1 0 2 0 1 0 1 3 0 1 0 2 0 2 2 0 0 2 0 1 0 1 3 3 3 3 2 1 1 2 3 3 1 2
#c 3 1 1 3 0 0 2 3 0 2 2 3 0 0 0 1 0 3 1 3 3 0 2 3 3 2 2 1 0 2 0 1 0 1 3 0 1 0 2 0 2 2 0 0 2 0 1 0 1 3 3 3 3 2 1 1 2 3 3 1 2
1 1 21 6
17 13 8 16 32 14 30 45 42 43 12 47 35 13 4 37 39 5 28 10 22 60 40 44 41 9 25 56 53 38 26 29
#c 3 1 1 3 0 0 0 3 0 2 2 3 0 0 0 1 0 3 1 3 3 2 2 3 3 2 2 1 0 2 0 1 0 1 3 0 1 0 2 0 2 2 0 0 2 0 1 0 1 3 3 3 3 2 1 1 2 3 3 1 2
#c 3 1 1 3 0 0 0 3 0 2 2 3 0 0 0 1 0 3 1 3 3 2 2 3 3 2 2 1 0 2 0 1 0 1 3 0 1 0 2 0 2 2 0 0 2 0 1 0 1 3 3 3 3 2 1 1 2 3 3 1 2
#c 3 1 1 3 0 0 0 3 0 2 2 3 0 0 0 1 0 3 1 3 3 2 2 3 3 2 2 1 0 2 0 1 0 1 3 0 1 0 2 0 2 2 0 0 2 0 1 0 1 3 3 3 3 2 1 1 2 3 3 1 2
4 4 51 49 24 0 40 26 10 9
12 10 11 57 50 23 20 3 7 17 58 34 52 19 22 60 44 41 25 56 53 38 29 21
#c 3 1 1 3 0 0 0 3 0 2 2 3 0 0 0 1 0 3 1 3 3 2 2 3 3 2 2 1 0 2 0 1 0 1 3 0 1 0 2 0 2 2 0 0 2 0 1 0 1 3 3 3 3 2 1 1 2 3 3 1 2
2 2 47 42 24 17
16 14 8 16 32 14 30 45 43 12 35 13 4 37 39 5 28 6 11 51 57 0 50 23 20 3 7 58 34 49 52 19
#c 3 1 1 3 0 0 0 3 0 2 2 3 0 0 0 1 0 3 1 3 3 2 2 3 3 2 2 1 0 2 0 1 0 1 3 0 1 0 2 0 2 2 0 0 2 0 1 0 1 3 3 3 3 2 1 1 2 3 3 1 2
#c 3 1 1 3 0 0 0 3 0 2 2 3 0 0 0 1 0 3 1 3 3 2 2 3 3 2 2 1 0 2 0 1 0 1 3 0 1 0 2 0 2 2 0 0 2 0 1 0 1 3 3 3 3 2 1 1 2 3 3 1 2
4 4 56 9 40 10 16 47 45 43
10 14 22 60 44 41 25 53 38 26 29 21 8 32 14 30 42 12 35 13 4 37 39 5 28 6
#c 3 1 1 3 0 0 0 3 0 2 2 3 0 0 0 1 0 3 1 3 3 2 2 3 3 2 2 1 0 2 0 1 0 1 3 0 1 0 2 0 2 2 0 0 2 0 1 0 1 3 3 3 3 2 1 1 2 3 3 1 2
4 4 11 23 52 57 32 4 28 16
12 14 51 0 50 20 3 7 24 17 58 34 49 19 8 14 30 45 42 43 12 47 35 13 37 39 5 6
#c 3 1 1 3 0 0 0 3 0 2 2 3 0 0 0 1 0 3 1 3 3 2 2 3 3 2 2 1 0 2 0 1 0 1 3 0 1 0 2 0 2 2 0 0 2 0 1 0 1 3 3 3 3 2 1 1 2 3 3 1 2
8 7 13 8 14 47 37 5 16 32 0 24 19 51 3 23 17
10 9 30 45 42 43 12 35 4 39 28 6 11 57 50 20 7 58 34 49 52
#c 3 1 1 3 0 0 0 3 0 2 2 3 0 0 0 1 0 3 1 3 3 2 2 3 3 2 2 1 0 2 0 1 0 1 3 0 1 0 2 0 2 2 0 0 2 0 1 0 1 3 3 3 3 2 1 1 2 3 3 1 2
#c 3 1 1 3 0 0 0 3 0 2 2 3 0 0 0 1 0 3 1 3 3 2 2 3 3 2 2 1 0 2 0 1 0 1 3 0 1 0 2 0 2 2 0 0 2 0 1 0 1 3 3 3 3 2 1 1 2 3 3 1 2
#c 3 1 1 3 0 0 0 3 0 2 2 3 0 0 0 1 0 3 1 3 3 2 2 3 3 2 2 1 0 2 0 1 0 1 3 0 1 0 2 0 2 2 0 0 2 0 1 0 1 3 3 3 3 2 1 1 2 3 3 1 2
#c 3 1 1 3 0 0 0 3 0 2 2 3 0 0 0 1 0 3 1 3 3 2 2 3 3 2 2 1 0 2 0 1 0 1 3 0 1 0 2 0 2 2 0 0 2 0 1 0 1 3 3 3 3 2 1 1 2 3 3 1 2
17 13 8 16 32 14 30 42 43 12 47 35 13 4 37 39 5 28 6 10 22 60 40 44 41 9 25 53 38 26 29 21
#c 3 1 1 3 0 0 0 3 0 2 2 3 0 0 0 1 0 3 1 3 3 2 2 3 3 2 2 1 0 2 0 1 0 1 3 0 1 0 2 0 2 2 0 0 2 0 1 0 1 3 3 3 3 2 1 1 2 3 3 1 2
1 1 27 6
12 17 55 33 59 46 2 18 1 15 54 48 31 36 8 16 32 14 30 45 42 43 12 47 35 13 4 37 39 5 28
#c 3 1 1 3 0 0 0 3 0 2 2 3 0 0 0 1 0 3 1 3 3 2 2 3 3 2 2 1 0 2 0 1 0 1 3 0 1 0 2 0 2 2 0 0 2 0 1 0 1 3 3 3 3 2 1 1 2 3 3 1 2
6 7 21 10 41 60 44 25 33 36 48 27 31 2 59
8 6 22 40 9 56 53 38 26 29 55 46 18 1 15 54
#c 3 1 1 3 0 0 0 3 0 2 2 3 0 0 0 1 0 3 1 3 3 2 2 3 3 2 2 1 0 2 0 1 0 1 3 0 1 0 2 0 2 2 0 0 2 0 1 0 1 3 3 3 3 2 1 1 2 3 3 1 2
#c 3 1 1 3 0 0 0 3 0 2 2 3 0 0 0 1 0 3 1 3 3 2 2 3 3 2 2 1 0 2 0 1 0 1 3 0 1 0 2 0 2 2 0 0 2 0 1 0 1 3 3 3 3 2 1 1 2 3 3 1 2
#c 3 1 1 3 0 0 0 3 0 2 2 3 0 0 0 1 0 3 1 3 3 2 2 3 3 2 2 1 0 2 0 1 0 1 3 0 1 0 2 0 2 2 0 0 2 0 1 0 1 3 3 3 3 2 1 1 2 3 3 1 2
1 3 46 44 29 40
12 11 55 33 59 2 18 1 27 15 54 48 31 36 10 22 60 41 9 25 56 53 38 26 21
#c 3 1 1 3 0 0 0 3 0 2 2 3 0 0 0 1 0 3 1 3 3 2 2 3 3 2 2 1 0 2 0 1 0 1 3 0 1 0 2 0 2 2 0 0 2 0 1 0 1 3 3 3 3 2 1 1 2 3 3 1 2
4 4 56 26 44 29 50 51 7 49
10 12 10 22 60 40 41 9 25 53 38 21 11 57 0 23 20 3 24 17 58 34 52 19
#c 3 1 1 3 0 0 0 3 0 2 2 3 0 0 0 1 0 3 1 3 3 2 2 3 3 2 2 1 0 2 0 1 0 1 3 0 1 0 2 0 2 2 0 0 2 0 1 0 1 3 3 3 3 2 1 1 2 3 3 1 2
4 4 52 7 20 0 22 26 10 53
12 10 11 51 57 50 23 3 24 17 58 34 49 19 60 40 44 41 9 25 56 38 29 21
#c 3 1 1 3 0 0 0 3 0 2 2 3 0 0 0 1 0 3 1 3 3 2 2 3 3 2 2 1 0 2 0 1 0 1 3 0 1 0 2 0 2 2 0 0 2 0 1 0 1 3 3 3 3 2 1 1 2 3 3 1 2
#c 3 1 1 3 0 0 0 3 0 2 2 3 0 0 0 1 0 3 1 3 3 2 2 3 3 2 2 1 0 2 0 1 0 1 3 0 1 0 2 0 2 2 0 0 2 0 1 0 1 3 3 3 3 2 1 1 2 3 3 1 2
#c 3 1 1 3 0 0 0 3 0 2 2 3 0 0 0 1 0 3 1 3 3 2 2 3 3 2 2 1 0 2 0 1 0 1 3 0 1 0 2 0 2 2 0 0 2 0 1 0 1 3 3 3 3 2 1 1 2 3 3 1 2
3 3 26 53 40 50 34 19
11 13 10 22 60 44 41 9 25 56 38 29 21 11 51 57 0 23 20 3 7 24 17 58 49 52
#c 3 1 1 3 0 0 0 3 0 2 2 3 0 0 0 1 0 3 1 2 3 2 2 3 3 2 3 1 0 2 0 1 0 1 2 0 1 0 2 0 3 2 0 0 2 0 1 0 1 3 2 3 3 3 1 1 2 3 3 1 2
5 5 57 7 49 0 58 28 39 12 32 37
11 13 11 51 23 20 3 24 17 52 26 53 40 8 16 14 30 45 42 43 47 35 13 4 5 6
#c 3 1 1 3 0 0 0 3 0 2 2 3 0 0 0 1 0 3 1 2 3 2 2 3 3 2 3 1 0 2 0 1 0 1 2 0 1 0 2 0 3 2 0 0 2 0 1 0 1 3 2 3 3 3 1 1 2 3 3 1 2
#c 3 1 1 3 0 0 0 3 0 2 2 3 0 0 0 1 0 3 1 2 3 2 2 3 3 2 3 1 0 2 0 1 0 1 2 0 1 0 2 0 3 2 0 0 2 0 1 0 1 3 2 3 3 3 1 1 2 3 3 1 2
#c 3 1 1 3 0 0 0 3 0 2 2 3 0 0 0 1 0 3 1 2 3 2 2 3 3 2 3 1 0 2 0 1 0 1 2 0 1 0 2 0 3 2 0 0 2 0 1 0 1 3 2 3 3 3 1 1 2 3 3 1 2
2 2 34 60 23 26
12 14 10 22 44 41 9 25 56 38 29 21 50 19 11 51 57 0 20 3 7 24 17 58 49 52 53 40
#c 3 1 1 3 0 0 0 3 0 2 2 3 0 0 0 1 0 3 1 2 3 2 2 3 3 2 3 1 0 2 0 1 0 1 2 0 1 0 2 0 3 2 0 0 2 0 1 0 1 3 2 3 3 3 1 1 2 3 3 1 2
1 1 17 41
15 13 11 51 57 0 23 20 3 7 24 58 49 52 26 53 40 10 22 60 44 9 25 56 38 29 21 50 34 19
#c 3 1 1 3 0 0 0 3 0 2 2 3 0 0 0 1 0 3 1 2 3 2 2 3 3 2 3 1 0 2 0 1 0 1 2 0 1 0 2 0 3 2 0 0 2 0 1 0 1 3 2 3 3 3 1 1 2 3 3 1 2
4 4 16 47 39 14 21 56 10 44
14 10 8 32 30 45 42 43 12 35 13 4 37 5 28 6 22 60 41 9 25 38 29 50 34 19
#c 3 1 1 3 0 0 0 3 0 2 2 3 0 0 0 1 0 3 1 2 3 2 2 3 3 2 3 1 0 2 0 1 0 1 2 0 1 0 2 0 3 2 0 0 2 0 1 0 1 3 2 3 3 3 1 1 2 3 3 1 2
6 4 27 46 31 2 18 15 4 30 42 43
7 14 55 33 59 1 54 48 36 8 16 32 14 45 12 47 35 13 37 39 5 28 6
#c 3 1 1 3 0 0 0 3 0 2 2 3 0 0 0 1 0 3 1 2 3 2 2 3 3 2 3 1 0 2 0 1 0 1 2 0 1 0 2 0 3 2 0 0 2 0 1 0 1 3 2 3 3 3 1 1 2 3 3 1 2
5 5 44 10 19 41 60 43 8 4 47 16
9 13 22 9 25 56 38 29 21 50 34 32 14 30 45 42 12 35 13 37 39 5 28 6
#c 3 1 1 3 0 0 0 3 0 2 2 3 0 0 0 1 0 3 1 2 3 2 2 3 3 2 3 1 0 2 0 1 0 1 2 0 1 0 2 0 3 2 0 0 2 0 1 0 1 3 2 3 3 3 1 1 2 3 3 1 2
3 3 3 20 58 60 21 41
13 11 11 51 57 0 23 7 24 17 49 52 26 53 40 10 22 44 9 25 56 38 29 50 34 19
#c 3 1 1 3 0 0 0 3 0 2 2 3 0 0 0 1 0 3 1 2 3 2 2 3 3 2 3 1 0 2 0 1 0 1 2 0 1 0 2 0 3 2 0 0 2 0 1 0 1 3 2 3 3 3 1 1 2 3 3 1 2
5 5 42 43 12 6 4 11 57 40 26 17
13 11 8 16 32 14 30 45 47 35 13 37 39 5 28 51 0 23 20 3 7 24 58 49 52 53
#c 3 1 1 3 0 0 0 3 0 2 2 3 0 0 0 1 0 3 1 2 3 2 2 3 3 2 3 1 0 2 0 1 0 1 2 0 1 0 2 0 3 2 0 0 2 0 1 0 1 3 2 3 3 3 1 1 2 3 3 1 2
#c 3 1 1 3 0 0 0 3 0 2 2 3 0 0 0 1 0 3 1 2 3 2 2 3 3 2 3 1 0 2 0 1 0 1 2 0 1 0 2 0 3 2 0 0 2 0 1 0 1 3 2 3 3 3 1 1 2 3 3 1 2
4 4 50 34 44 22 1 48 46 31
10 9 10 60 41 9 25 56 38 29 21 19 55 33 59 2 18 27 15 54 36
#c 3 1 1 3 0 0 0 3 0 2 2 3 0 0 0 1 0 3 1 2 3 2 2 3 3 2 3 1 0 2 0 1 0 1 2 0 1 0 2 0 3 2 0 0 2 0 1 0 1 3 2 3 3 3 1 1 2 3 3 1 2
8 8 57 52 26 11 7 20 49 58 16 4 42 14 28 5 47 13
8 10 51 0 23 3 24 17 53 40 8 32 30 45 43 12 35 37 39 6
#c 3 1 1 3 0 0 0 3 0 2 2 3 0 0 0 1 0 3 1 2 3 2 2 3 3 2 3 1 0 2 0 1 0 1 2 0 1 0 2 0 3 2 0 0 2 0 1 0 1 3 2 3 3 3 1 1 2 3 3 1 2
5 5 4 45 47 28 30 57 20 0 58 3
13 11 8 16 32 14 42 43 12 35 13 37 39 5 6 11 51 23 7 24 17 49 52 26 53 40
#c 3 1 1 3 0 0 0 3 0 2 2 3 0 0 0 1 0 3 1 2 3 2 2 3 3 2 3 1 0 2 0 1 0 1 2 0 1 0 2 0 3 2 0 0 2 0 1 0 1 3 2 3 3 3 1 1 2 3 3 1 2
2 3 27 31 29 41 10
11 11 55 33 59 46 2 18 1 15 54 48 36 22 60 44 9 25 56 38 21 50 34 19
#c 3 1 1 3 0 0 0 3 0 2 2 3 0 0 0 1 0 3 1 2 3 2 2 3 3 2 3 1 0 2 0 1 0 1 2 0 1 0 2 0 3 2 0 0 2 0 1 0 1 3 2 3 3 3 1 1 2 3 3 1 2
#c 3 1 1 3 0 0 0 3 0 2 2 3 0 0 0 1 0 3 1 2 3 2 2 3 3 2 3 1 0 2 0 1 0 1 2 0 1 0 2 0 3 2 0 0 2 0 1 0 1 3 2 3 3 3 1 1 2 3 3 1 2
7 9 49 57 20 51 52 24 17 43 13 45 37 47 4 39 14 32
3 1 1 3 0 0 0 3 0 2 2 3 0 0 0 1 0 3 1 2 3 2 2 3 3 2 3 1 0 2 0 1 0 1 2 0 1 0 2 0 3 2 0 0 2 0 1 0 1 3 2 3 3 3 1 1 2 3 3 1 2
