#c 0 1 2 3 4 0 1 2 3 4 0 1 2 3 4 0 1 2 3 4 0 1 2 3 4 0 1 2 3 4 0 1 2 3 4 0 1 2 3 4 0 1
1 1 31 39
8 7 1 6 11 16 21 26 36 41 4 9 14 19 24 29 34
#c 0 1 2 3 4 0 1 2 3 4 0 1 2 3 4 0 1 2 3 4 0 1 2 3 4 0 1 2 3 4 0 1 2 3 4 0 1 2 3 4 0 1
4 4 37 2 7 27 5 35 0 40
4 5 12 17 22 32 10 15 20 25 30
#c 2 1 0 3 4 2 1 0 3 4 0 1 2 3 4 0 1 2 3 4 0 1 2 3 4 0 1 0 3 4 0 1 2 3 4 2 1 0 3 4 2 1
3 1 3 8 28 26
5 8 13 18 23 33 38 1 6 11 16 21 31 36 41
#c 2 1 0 3 4 2 1 0 3 4 0 1 2 3 4 0 1 2 3 4 0 1 2 3 4 0 1 0 3 4 0 1 2 3 4 2 1 0 3 4 2 1
4 4 34 9 19 39 3 33 23 38
4 4 4 14 24 29 8 13 18 28
#c 2 1 0 3 4 2 1 0 3 4 0 1 2 3 4 0 1 2 3 4 0 1 2 3 4 0 1 0 3 4 0 1 2 3 4 2 1 0 3 4 2 1
#c 2 1 0 3 4 2 1 0 3 4 0 1 2 3 4 0 1 2 3 4 0 1 2 3 4 0 1 0 3 4 0 1 2 3 4 2 1 0 3 4 2 1
2 2 1 41 13 33
7 6 6 11 16 21 26 31 36 3 8 18 23 28 38
#c 2 1 0 3 4 2 1 0 3 4 0 1 2 3 4 0 1 2 3 4 0 1 2 3 4 0 1 0 3 4 0 1 2 3 4 2 1 0 3 4 2 1
2 3 17 12 8 33 28
6 5 22 32 5 35 0 40 3 13 18 23 38
#c 2 1 0 3 4 2 1 0 3 4 0 1 2 3 4 0 1 2 3 4 0 1 2 3 4 0 1 0 3 4 0 1 2 3 4 2 1 0 3 4 2 1
1 1 33 16
7 8 3 8 13 18 23 28 38 1 6 11 21 26 31 36 41
#c 2 1 0 3 4 2 1 0 3 4 0 1 2 3 4 0 1 2 3 4 0 1 2 3 4 0 1 0 3 4 0 1 2 3 4 2 1 0 3 4 2 1
1 1 19 8
7 7 4 9 14 24 29 34 39 3 13 18 23 28 33 38
#c 2 1 0 3 4 2 1 0 3 4 0 1 2 3 4 0 1 2 3 4 0 1 2 3 4 0 1 0 3 4 0 1 2 3 4 2 1 0 3 4 2 1
4 4 25 15 27 37 8 18 33 28
5 4 10 20 30 2 7 3 13 23 38
#c 2 1 0 3 4 2 1 0 3 4 0 1 2 3 4 0 1 2 3 4 0 1 2 3 4 0 1 0 3 4 0 1 2 3 4 2 1 0 3 4 2 1
2 2 6 1 19 34
7 6 11 16 21 26 31 36 41 4 9 14 24 29 39
#c 2 4 0 3 4 2 4 0 3 4 0 1 2 3 4 0 1 2 3 1 0 1 2 3 4 0 1 0 3 4 0 1 2 3 1 2 1 0 3 4 2 1
#c 2 4 0 3 4 2 4 0 3 4 0 1 2 3 4 0 1 2 3 1 0 1 2 3 4 0 1 0 3 4 0 1 2 3 1 2 1 0 3 4 2 1
3 3 13 33 18 16 31 34
5 6 3 8 23 28 38 11 21 26 36 41 19
#c 2 4 0 3 4 2 4 0 3 4 0 1 2 3 4 0 1 2 3 1 0 1 2 3 4 0 1 0 3 4 0 1 2 3 1 2 1 0 3 4 2 1
3 3 14 1 24 12 40 5
5 5 4 9 29 39 6 17 22 32 35 0
#c 2 2 0 3 4 4 4 0 3 4 0 1 4 3 2 0 1 2 3 1 0 1 2 3 2 0 1 0 3 4 0 1 2 3 1 2 1 0 3 4 4 1
4 4 15 37 25 10 36 41 11 16
5 5 20 30 2 7 27 21 26 31 19 34
#c 2 2 0 3 4 4 4 0 3 4 1 0 4 3 2 1 0 2 3 1 0 1 2 3 2 1 1 0 3 4 0 1 2 3 1 2 0 1 3 4 4 0
2 2 31 21 30 20
7 7 26 19 34 15 37 25 10 2 7 27 36 41 11 16
#c 2 2 0 3 4 4 4 0 3 4 1 0 4 3 2 1 0 2 3 1 0 1 2 3 2 1 1 0 3 4 0 1 2 3 1 2 0 1 3 4 4 0
2 2 17 14 33 23
6 6 22 32 35 0 1 24 3 8 13 18 28 38
#c 2 2 0 3 4 4 4 0 3 4 1 0 4 3 3 1 0 3 3 1 0 1 2 2 2 1 1 0 3 4 0 1 2 2 1 2 0 1 3 4 4 0
1 1 3 31
7 8 8 13 18 28 38 17 14 21 26 19 34 15 37 25 10
#c 2 2 0 3 4 4 4 0 3 4 1 0 4 3 3 1 0 3 3 1 0 1 2 2 2 1 1 0 3 4 0 1 2 2 1 2 0 1 3 4 4 0
3 2 6 12 4 20 30
5 7 9 29 39 40 5 2 7 27 36 41 11 16
#c 2 2 0 3 4 4 4 0 3 4 1 0 4 3 3 1 0 3 3 1 0 1 2 2 2 1 1 0 3 4 0 1 2 2 1 2 0 1 3 4 4 0
2 2 30 7 18 38
7 6 20 2 27 36 41 11 16 3 8 13 28 17 14
#c 2 2 0 3 4 4 4 3 3 4 1 0 4 3 3 1 0 3 0 1 0 1 2 2 2 1 1 0 3 4 3 1 2 2 1 2 0 1 0 4 4 0
1 1 26 30
8 7 21 31 19 34 15 37 25 10 3 8 13 28 17 14 7
#c 2 2 0 3 4 4 4 3 3 4 1 0 4 3 3 1 0 3 0 1 0 1 2 2 2 1 1 0 3 4 3 1 2 2 1 2 0 1 0 4 4 0
3 3 24 1 32 39 29 5
5 5 22 35 0 33 23 4 9 6 12 40
#c 2 2 0 3 4 4 4 3 3 4 1 0 4 3 3 1 0 3 0 1 0 1 2 2 2 1 1 0 3 4 3 1 2 2 1 2 0 1 0 4 4 0
2 2 17 30 34 26
6 7 3 8 13 28 14 7 21 31 19 15 37 25 10
#c 2 2 0 3 4 4 4 3 3 4 1 0 4 3 3 1 0 3 0 1 0 1 2 2 2 1 1 0 3 4 3 1 2 2 1 2 0 1 0 4 4 0
3 4 4 5 12 33 23 0 35
5 4 9 29 39 6 40 22 32 1 24
#c 2 2 0 3 4 4 4 3 3 4 1 0 4 3 3 1 0 3 0 1 0 1 2 2 2 1 1 0 3 4 3 1 2 2 1 2 0 1 0 4 4 0
4 4 38 41 20 36 31 26 19 21
5 5 2 27 11 16 18 34 15 37 25 10
#c 2 2 0 3 4 4 4 3 3 4 1 0 4 3 3 1 0 3 0 0 1 0 2 2 2 1 0 0 3 4 3 0 2 2 1 2 1 1 1 4 4 1
1 1 37 8
8 7 34 15 25 10 38 41 20 36 3 13 28 17 14 30 7
#c 2 2 0 3 4 4 4 3 3 4 1 0 4 3 3 1 0 3 0 0 1 0 2 2 2 1 0 0 3 4 3 0 2 2 1 2 1 1 1 4 4 1
3 3 32 23 33 31 26 16
5 6 22 35 0 1 24 2 27 11 18 19 21
#c 2 2 0 3 4 4 4 3 3 4 1 0 4 3 3 1 2 3 0 0 1 0 2 0 2 1 2 0 3 4 3 2 0 0 1 2 1 1 1 4 4 1
#c 2 2 0 3 4 4 4 3 3 4 1 0 4 3 3 1 2 3 0 0 1 0 2 0 2 1 2 0 3 4 3 2 0 0 1 2 1 1 1 4 4 1
#c 2 2 0 3 4 4 4 3 3 4 1 0 4 3 3 1 2 3 0 0 1 0 2 0 2 1 2 0 3 4 3 2 0 0 1 2 1 1 1 4 4 1
2 3 19 2 8 14 28
7 5 27 11 18 21 32 23 33 3 13 17 30 7
#c 2 2 0 3 4 4 4 3 3 4 1 0 4 3 3 1 2 3 0 0 1 0 2 0 2 1 2 0 3 4 3 2 0 0 1 2 1 1 1 4 4 1
1 1 15 12
8 7 34 37 25 10 38 41 20 36 4 9 29 39 6 40 5
#c 2 2 0 3 4 4 4 3 3 4 1 0 4 3 3 1 2 3 0 0 1 0 2 0 2 1 2 0 3 4 3 2 0 0 1 2 1 1 1 4 4 1
1 1 26 40
7 7 22 35 0 1 24 31 16 4 9 29 39 6 12 5
#c 2 2 0 3 4 4 4 3 3 4 1 0 4 3 3 1 2 3 0 0 1 0 2 0 2 1 2 0 3 4 3 2 0 0 1 2 1 1 1 4 4 1
#c 2 2 0 3 4 4 4 3 3 4 1 0 4 3 3 1 2 3 0 0 1 0 2 0 2 1 2 0 3 4 3 2 0 0 1 2 1 1 1 4 4 1
1 1 29 16
7 7 4 9 39 6 12 40 5 22 35 0 1 24 31 26
#c 2 2 0 3 4 4 4 3 3 4 1 0 4 3 3 1 2 3 0 0 1 0 2 0 2 1 2 0 3 4 3 2 0 0 1 2 1 1 1 4 4 1
1 1 21 22
8 7 2 27 11 18 19 32 23 33 35 0 1 24 31 26 16
#c 2 2 0 3 4 4 4 3 3 4 1 0 4 3 3 1 2 3 0 0 1 0 2 0 2 1 2 0 3 4 3 2 0 0 1 2 1 1 1 4 4 1
1 1 41 31
8 7 34 15 37 25 10 38 20 36 22 35 0 1 24 26 16
#c 2 2 0 3 4 4 4 3 3 4 1 0 4 3 3 1 2 3 0 0 1 0 2 0 2 1 2 0 3 4 3 1 0 0 1 2 1 1 1 4 4 2
1 1 22 14
7 7 35 0 1 24 26 16 41 3 8 13 28 17 30 7
#c 2 2 0 3 4 4 4 3 3 4 1 0 4 3 3 1 2 3 0 0 1 0 2 0 2 1 2 0 3 4 3 1 0 0 1 2 1 1 1 4 4 2
#c 2 2 0 3 4 4 4 3 3 4 1 0 4 3 3 1 2 3 0 0 1 0 2 0 2 1 2 0 3 4 3 1 0 0 1 2 1 1 1 4 4 2
#c 2 2 0 3 4 4 4 3 3 4 1 0 4 3 3 1 2 3 0 0 1 0 2 0 2 1 2 0 3 4 3 1 0 0 1 2 1 1 1 4 4 2
2 3 11 27 20 10 38
7 6 2 18 19 21 32 23 33 34 15 37 25 36 31
#c 2 2 0 3 4 4 4 3 3 4 1 0 4 3 3 1 2 3 0 0 1 0 2 0 2 1 2 0 3 4 3 1 0 0 1 2 1 1 1 4 4 2
1 1 31 26
8 7 34 15 37 25 10 38 20 36 22 35 0 1 24 16 41
#c 2 2 0 3 4 4 4 3 3 4 1 0 4 3 3 1 2 3 0 0 1 0 2 0 2 1 2 0 3 4 3 1 0 0 1 2 1 1 1 4 4 2
#c 2 2 0 3 4 4 4 3 3 4 1 0 4 3 3 1 2 3 0 0 1 0 2 0 2 1 2 0 3 4 3 1 0 0 1 2 1 1 1 4 4 2
3 4 30 8 14 34 10 37 38
5 5 3 13 28 17 7 15 25 20 36 31
#c 2 2 0 3 4 4 4 3 3 4 1 0 4 3 3 1 2 3 0 0 1 0 2 0 2 1 2 0 3 4 3 1 0 0 1 2 1 1 1 4 4 2
3 3 12 5 9 41 1 22
5 5 4 29 39 6 40 35 0 24 26 16
#c 2 2 0 3 4 4 4 3 3 4 1 0 4 3 3 1 2 3 0 0 1 0 2 0 2 1 2 0 3 4 3 1 0 0 1 2 1 1 1 4 4 2
3 3 23 32 19 10 31 20
6 6 2 27 11 18 21 33 34 15 37 25 38 36
#c 2 2 0 3 4 4 4 3 3 4 1 0 4 3 3 1 2 3 0 0 1 0 2 0 2 1 2 0 3 4 3 1 0 0 1 2 1 1 1 4 4 2
1 1 10 40
8 7 34 15 37 25 38 20 36 31 4 9 29 39 6 12 5
#c 2 2 0 3 4 4 4 3 3 4 1 0 4 3 3 1 2 3 0 0 1 0 2 0 2 1 2 0 3 4 3 1 0 0 1 2 1 1 1 4 4 2
4 2 22 1 35 41 31 36
4 7 0 24 26 16 34 15 37 25 10 38 20
#c 2 2 0 3 4 4 4 3 3 4 1 0 4 3 3 1 2 3 0 0 1 0 2 0 2 1 2 0 3 4 3 1 0 0 1 2 1 1 1 4 4 2
1 1 30 23
7 8 3 8 13 28 17 14 7 2 27 11 18 19 21 32 33
#c 2 2 0 3 4 4 4 3 3 4 1 0 4 3 3 1 2 3 0 0 1 0 2 0 2 1 2 0 3 4 3 1 0 0 1 2 1 1 1 4 4 2
4 5 9 5 39 29 33 19 18 11 27
4 4 4 6 12 40 2 21 32 23
#c 2 2 0 3 4 4 4 3 3 4 1 0 4 3 3 1 2 3 0 0 1 0 2 0 2 1 2 0 3 4 3 1 0 0 1 2 1 1 1 4 4 2
1 1 19 15
8 8 2 27 11 18 21 32 23 33 34 37 25 10 38 20 36 31
#c 2 2 0 3 4 4 4 3 3 4 1 0 4 3 3 0 2 3 0 1 1 0 2 0 2 1 2 0 3 4 3 1 0 0 1 2 1 1 1 4 4 2
4 4 20 31 36 37 16 0 24 22
5 4 34 25 10 38 19 35 1 26 41
#c 2 2 0 3 4 4 4 3 3 4 1 0 4 3 3 0 2 3 0 1 1 0 2 0 2 1 2 0 3 4 3 1 0 0 1 2 1 1 1 4 4 2
2 2 16 0 25 36
6 7 22 35 1 24 26 41 34 37 10 38 20 31 19
#c 2 2 0 3 4 4 4 3 3 4 1 0 4 3 3 0 2 3 0 1 1 0 2 0 2 1 2 0 3 4 3 1 0 0 1 2 1 1 1 4 4 2
2 2 7 3 22 35
6 6 8 13 28 17 14 30 0 1 24 26 16 41
#c 2 2 0 3 4 4 4 3 3 4 1 0 4 3 3 0 2 3 0 1 1 0 2 0 2 1 2 0 3 4 3 1 0 0 1 2 1 1 1 4 4 2
1 1 40 3
7 7 4 9 29 39 6 12 5 8 13 28 17 14 30 7
#c 2 2 0 4 4 4 4 3 3 4 1 0 4 3 3 0 2 3 0 1 1 0 2 0 2 1 2 0 3 4 3 1 0 0 1 2 1 1 1 4 3 2
2 2 27 15 5 39
7 6 2 11 18 21 32 23 33 4 9 29 6 12 3
#c 2 2 0 4 4 4 4 3 3 4 1 0 4 3 3 0 2 3 0 1 1 0 2 0 2 1 2 0 3 4 3 1 0 0 1 2 1 1 1 4 3 2
3 3 34 20 37 35 41 22
6 5 25 10 38 36 31 19 0 1 24 26 16
#c 2 2 0 4 4 4 4 3 3 4 1 0 4 3 3 0 2 3 0 1 2 0 1 0 2 1 2 0 3 4 3 1 0 0 2 1 1 2 1 4 3 1
1 1 16 27
7 8 0 1 24 26 34 20 37 2 11 18 21 32 23 33 15
#c 2 2 0 4 4 4 4 3 3 4 1 0 4 3 3 0 2 3 0 1 2 0 1 0 2 1 2 0 3 4 3 1 0 0 2 1 1 2 1 4 3 1
2 2 14 13 1 34
6 6 8 28 17 30 7 40 0 24 26 16 20 37
#c 2 2 0 4 4 4 4 3 3 4 1 0 4 3 3 0 2 3 0 1 2 0 1 0 2 1 2 0 3 4 3 1 0 0 2 1 1 2 1 4 3 1
4 4 12 9 29 5 13 30 17 40
4 4 4 39 6 3 8 28 14 7
#c 2 2 0 4 4 4 4 3 3 4 1 0 4 3 3 0 2 3 0 1 2 0 1 0 2 1 2 0 3 4 3 1 0 0 2 1 1 2 1 4 3 1
2 2 27 2 1 37
7 6 11 18 21 32 23 33 15 0 24 26 16 34 20
#c 2 2 0 4 4 4 4 3 3 4 1 0 4 3 3 0 2 3 0 1 2 0 1 0 2 1 2 0 3 4 3 1 0 0 2 1 1 2 1 4 3 1
#c 2 2 0 4 4 4 4 3 3 4 1 0 4 3 3 0 2 3 0 1 2 0 1 0 2 1 2 0 3 4 3 1 0 0 2 1 1 2 1 4 3 1
#c 2 2 0 4 4 4 4 3 3 4 1 0 4 3 3 0 2 3 0 1 2 0 1 0 2 1 2 0 3 4 3 1 0 0 2 1 1 2 1 4 3 1
4 4 8 13 28 40 0 1 34 20
4 4 17 14 30 7 24 26 16 37
#c 2 2 0 4 4 4 4 3 3 4 1 0 4 3 3 0 2 3 0 1 2 0 1 0 2 1 2 0 3 4 3 1 0 0 2 1 1 2 1 4 3 1
3 3 39 4 29 20 34 0
5 5 9 6 12 5 3 1 24 26 16 37
#c 2 2 0 4 4 4 4 3 3 4 1 0 4 3 3 0 2 3 0 1 2 0 1 0 2 1 2 0 3 4 3 1 0 0 2 1 1 2 1 4 3 1
2 2 23 33 10 25
7 7 2 27 11 18 21 32 15 38 36 31 19 35 41 22
#c 2 2 0 4 4 4 4 3 3 4 1 0 4 3 3 0 2 3 0 1 2 0 1 0 2 1 2 0 3 4 3 1 0 0 2 1 1 2 1 4 3 1
3 1 35 38 41 17
6 7 25 10 36 31 19 22 8 13 28 14 30 7 40
#c 2 2 0 4 4 4 4 3 3 4 1 0 4 3 3 0 2 3 0 1 2 0 1 0 2 1 2 0 3 4 3 1 0 0 2 1 1 2 1 4 3 1
4 5 16 1 20 0 39 9 3 5 12
4 3 24 26 34 37 4 29 6
#c 2 2 0 4 4 4 4 3 3 4 1 0 4 3 3 0 2 3 0 1 2 0 1 0 2 1 2 0 3 4 3 1 0 0 2 1 1 2 1 4 3 1
4 4 17 40 13 30 24 34 37 16
4 4 8 28 14 7 0 1 26 20
#c 2 2 0 4 4 4 4 3 3 4 1 0 4 3 3 0 2 3 0 1 2 0 1 0 2 1 2 0 3 4 3 1 0 0 2 1 1 2 1 4 3 1
2 2 6 5 20 16
6 6 4 9 29 39 12 3 0 1 24 26 34 37
#c 2 2 0 4 4 2 2 3 3 4 1 0 4 3 3 0 4 3 0 1 4 0 1 0 2 1 2 0 3 4 3 1 0 0 2 1 1 2 1 4 3 1
#c 2 2 0 4 4 2 2 3 3 4 1 0 4 3 3 0 4 3 0 1 4 0 1 0 2 1 2 0 3 4 3 1 0 0 2 1 1 2 1 4 3 1
#c 2 2 0 4 4 2 2 3 3 4 1 0 4 3 3 0 4 3 0 1 4 0 1 0 2 1 2 0 3 4 3 1 0 0 2 1 1 2 1 4 3 1
2 2 26 34 28 8
6 6 0 1 24 37 6 5 13 17 14 30 7 40
#c 2 2 0 4 4 2 2 3 3 4 1 0 4 3 3 0 4 3 0 1 4 0 1 0 2 1 2 0 3 4 3 1 0 0 2 1 1 2 1 4 3 1
2 2 30 14 23 15
6 7 8 13 28 17 7 40 2 27 11 18 21 32 33
#c 2 2 0 4 4 2 2 3 3 4 1 0 4 3 3 0 4 3 0 1 4 0 1 0 2 1 2 0 3 4 3 1 0 0 2 1 1 2 1 4 3 1
3 3 20 4 9 8 30 28
5 5 29 39 12 3 16 13 17 14 7 40
#c 2 2 0 4 4 2 2 3 3 4 1 0 4 3 3 0 4 3 0 1 4 0 1 0 2 1 2 0 3 4 3 1 0 0 2 1 1 2 1 4 3 1
2 2 21 23 14 13
7 6 2 27 11 18 32 33 15 8 28 17 30 7 40
#c 2 2 0 4 4 2 2 3 3 4 1 0 4 3 3 0 4 3 0 1 4 0 1 0 2 1 2 0 3 4 3 1 0 0 2 1 1 2 1 4 3 1
4 4 41 25 10 19 24 1 6 0
5 4 38 36 31 35 22 26 34 37 5
#c 2 2 0 4 4 2 2 3 3 4 1 0 4 3 3 0 4 3 0 1 4 0 1 0 2 1 2 0 3 4 3 1 0 0 2 1 1 2 1 4 3 1
2 1 26 5 4
6 7 0 1 24 34 37 6 9 29 39 12 3 20 16
#c 2 2 0 4 4 2 2 3 3 4 1 0 4 3 3 0 4 3 0 1 4 0 1 0 2 1 2 0 3 4 3 1 0 0 2 1 1 2 1 4 3 1
2 2 40 17 24 26
6 6 8 13 28 14 30 7 0 1 34 37 6 5
#c 2 2 0 4 4 2 2 3 3 4 1 0 4 3 3 0 4 3 0 1 4 0 1 0 2 1 2 0 3 4 3 1 0 0 2 1 1 2 1 4 3 1
4 4 16 9 29 12 11 33 2 15
4 5 4 39 3 20 27 18 21 32 23
#c 2 2 0 4 4 2 2 3 3 4 1 0 4 3 3 0 4 3 0 1 4 0 1 0 2 1 2 0 3 4 3 1 0 0 2 1 1 2 1 4 3 1
2 2 27 11 30 17
7 6 2 18 21 32 23 33 15 8 13 28 14 7 40
#c 2 2 0 4 4 2 2 3 3 4 1 0 4 3 3 0 4 3 0 1 4 0 1 0 2 1 2 0 3 4 3 1 0 0 2 1 1 2 1 4 3 1
1 1 41 26
8 7 25 10 38 36 31 19 35 22 0 1 24 34 37 6 5
#c 2 2 0 4 4 2 2 3 3 4 1 0 4 3 3 0 4 3 0 1 4 0 1 0 2 1 2 0 3 4 3 1 0 0 2 1 1 2 1 4 3 1
1 1 26 11
7 8 0 1 24 34 37 6 5 2 27 18 21 32 23 33 15
#c 2 2 0 4 4 2 2 3 3 4 1 0 4 3 3 0 4 3 0 1 4 0 1 0 2 1 2 0 3 4 3 1 0 0 2 1 1 2 1 4 3 1
2 2 17 14 21 18
6 7 8 13 28 30 7 40 2 27 11 32 23 33 15
#c 2 2 0 4 4 2 2 3 3 4 1 0 4 3 3 0 4 3 0 1 4 0 1 0 2 1 2 0 3 4 3 1 0 0 2 1 1 2 1 4 3 1
3 3 9 12 20 34 0 6
5 5 4 29 39 3 16 1 24 26 37 5
#c 2 2 0 4 4 2 2 3 3 4 1 0 4 3 3 0 4 3 0 1 4 0 1 0 2 1 2 0 3 4 3 1 0 0 2 1 1 2 1 4 3 1
1 1 21 0
8 7 2 27 11 18 32 23 33 15 1 24 26 34 37 6 5
#c 2 2 0 4 4 2 2 3 3 4 1 0 4 3 3 0 4 3 0 1 4 0 1 0 2 1 2 0 3 4 3 1 0 0 2 1 1 2 1 4 3 1
3 3 36 10 19 4 20 39
6 5 25 38 31 35 41 22 9 29 12 3 16
#c 2 2 0 4 4 2 2 3 3 4 1 0 4 3 3 0 4 3 0 1 4 0 1 0 2 1 2 0 3 4 3 1 0 0 2 1 1 2 1 4 3 1
4 4 0 1 37 26 4 20 29 12
4 4 24 34 6 5 9 39 3 16
#c 2 2 0 4 4 2 2 3 3 4 1 0 4 3 3 0 4 3 0 1 4 0 1 0 2 1 2 0 3 4 3 1 0 0 2 1 1 2 1 4 3 1
#c 2 2 0 4 4 2 2 3 3 4 1 0 4 3 3 0 4 3 0 1 4 0 1 0 2 1 2 0 3 4 3 1 0 0 2 1 1 2 1 4 3 1
4 2 9 39 12 4 33 32
4 7 29 3 20 16 2 27 11 18 21 23 15
#c 2 2 0 4 4 2 2 3 3 4 1 0 4 3 3 0 4 3 0 1 4 0 1 0 2 1 2 0 3 4 3 1 0 0 2 1 1 2 1 4 3 1
2 2 27 21 35 36
7 7 2 11 18 32 23 33 15 25 10 38 31 19 41 22
#c 2 2 0 4 4 2 2 3 3 4 1 0 4 3 3 0 4 3 0 1 4 0 1 0 2 1 2 0 3 4 3 1 0 0 2 1 1 2 1 4 3 1
2 3 41 36 33 27 32
7 6 25 10 38 31 19 35 22 2 11 18 21 23 15
#c 2 2 0 4 4 2 2 3 3 4 1 0 4 3 3 0 4 3 0 1 4 0 1 0 2 1 2 1 3 4 3 1 1 1 2 1 0 2 1 4 3 0
#c 2 2 0 4 4 2 2 3 3 4 1 0 4 3 3 0 4 3 0 1 4 0 1 0 2 1 2 1 3 4 3 1 1 1 2 1 0 2 1 4 3 0
2 2 13 14 2 15
6 6 8 28 17 30 7 40 11 18 21 23 41 36
#c 2 2 0 4 4 2 2 3 3 4 1 0 4 3 3 0 4 3 0 1 4 0 1 0 2 1 2 1 3 4 3 1 1 1 2 1 0 2 1 4 3 0
3 3 39 20 12 24 5 0
5 5 4 9 29 3 16 1 26 34 37 6
#c 2 2 0 4 4 2 2 3 3 4 1 0 4 3 3 0 4 3 0 1 4 0 1 0 2 1 2 1 3 4 3 1 1 1 2 1 0 2 1 4 3 0
3 3 2 41 23 9 39 20
5 5 11 18 21 15 36 4 29 12 3 16
#c 2 2 0 4 4 2 2 3 3 4 1 0 4 3 3 0 4 3 0 1 4 0 1 0 2 1 2 1 3 4 3 1 1 1 2 1 0 2 1 4 3 0
2 2 25 32 8 14
8 6 10 38 31 19 35 22 33 27 13 28 17 30 7 40
#c 2 2 0 4 4 2 2 3 3 4 1 0 4 3 3 0 4 3 0 1 4 0 1 0 2 1 2 1 3 4 3 1 1 1 2 1 0 2 1 4 3 0
2 2 1 0 18 2
6 6 24 26 34 37 6 5 11 21 23 15 41 36
#c 2 2 0 4 4 2 2 3 3 4 1 0 4 3 3 0 4 3 0 1 4 0 1 0 2 1 2 1 3 4 3 1 1 1 2 1 0 2 1 4 3 0
3 3 13 7 28 36 21 41
5 5 8 17 14 30 40 2 11 18 23 15
#c 2 2 0 4 4 2 2 3 3 4 1 0 4 3 3 0 4 3 0 1 4 0 1 0 2 1 2 1 3 4 3 1 1 1 2 1 0 2 1 4 3 0
1 1 16 26
7 7 4 9 29 39 12 3 20 0 1 24 34 37 6 5
#c 2 2 0 4 4 2 2 3 3 4 1 0 4 3 3 0 4 3 0 1 4 0 1 0 2 1 2 1 3 4 3 1 1 1 2 1 0 2 1 4 3 0
3 5 15 36 23 12 16 39 9 20
5 3 2 11 18 21 41 4 29 3
#c 2 2 0 4 4 2 2 3 3 4 1 0 4 3 3 0 4 3 0 1 4 0 1 0 2 1 2 1 3 4 3 1 1 1 2 1 0 2 1 4 3 0
1 2 33 39 9
9 6 25 10 38 31 19 35 22 27 32 4 29 12 3 20 16
#c 2 2 0 4 4 2 2 3 3 4 1 0 4 3 3 0 4 3 0 1 4 0 1 0 2 1 2 1 3 4 3 1 1 1 2 1 0 2 1 4 3 0
4 5 34 5 24 37 23 18 2 15 41
4 3 0 1 26 6 11 21 36
#c 2 2 0 4 4 2 2 3 3 4 1 0 4 3 3 0 4 3 0 1 4 0 1 0 2 1 2 1 3 4 3 1 1 1 2 1 0 2 1 4 3 0
3 4 40 28 14 5 26 24 37
5 4 8 13 17 30 7 0 1 34 6
#c 2 2 0 4 4 2 2 3 3 4 1 0 4 3 3 0 4 3 0 1 4 0 1 0 2 1 2 1 3 4 3 1 1 1 2 1 0 2 1 4 3 0
3 3 20 29 9 10 22 19
5 7 4 39 12 3 16 25 38 31 35 33 27 32
#c 2 2 0 4 4 2 2 3 3 4 1 0 4 3 3 0 4 3 0 1 4 0 1 0 2 1 2 1 3 4 3 1 1 1 2 1 0 2 1 4 3 0
1 1 11 40
7 7 2 18 21 23 15 41 36 8 13 28 17 14 30 7
#c 2 2 0 4 4 2 2 3 3 4 1 0 4 3 3 0 4 3 0 1 4 0 1 0 2 1 2 1 3 4 3 1 1 1 2 1 0 2 1 4 3 0
5 5 22 35 10 38 19 21 23 41 18 2
5 3 25 31 33 27 32 11 15 36
#c 2 2 0 4 4 2 2 3 3 4 1 0 4 3 3 0 4 3 0 1 4 0 1 0 2 1 2 1 3 4 3 1 1 1 2 1 0 2 1 4 3 0
2 2 34 0 9 29
6 6 1 24 26 37 6 5 4 39 12 3 20 16
#c 2 2 0 4 4 2 2 3 3 4 1 0 4 3 3 0 4 3 0 1 4 0 1 0 2 1 2 1 3 4 3 1 1 1 2 1 0 2 1 4 3 0
2 2 17 28 15 2
6 6 8 13 14 30 7 40 11 18 21 23 41 36
#c 2 2 0 4 4 2 2 3 3 4 1 0 4 3 3 0 4 3 0 1 4 0 1 0 2 1 2 1 3 4 3 1 1 1 2 1 0 2 1 4 3 0
#c 2 2 0 4 4 2 2 3 3 4 1 0 4 3 3 0 4 3 0 1 4 0 1 0 2 1 2 1 3 4 3 1 1 1 2 1 0 2 1 4 3 0
3 3 21 18 23 4 9 29
5 5 2 11 15 41 36 39 12 3 20 16
#c 2 2 0 4 4 2 2 3 3 4 1 0 4 3 3 0 4 3 0 1 4 0 1 0 2 1 2 1 3 4 3 1 1 1 2 1 0 2 1 4 3 0
5 5 25 31 33 35 38 37 24 26 1 6
5 3 10 19 22 27 32 0 34 5
#c 2 2 0 4 4 2 2 3 3 4 1 0 4 3 3 0 4 3 0 1 4 0 1 0 2 1 2 1 3 4 3 1 1 1 2 1 0 2 1 4 3 0
3 3 34 1 6 12 29 4
5 5 0 24 26 37 5 9 39 3 20 16
#c 2 2 0 4 4 2 2 3 3 4 1 0 4 3 3 0 4 3 0 1 4 0 1 0 2 1 2 1 3 4 3 1 1 1 2 1 0 2 1 4 3 0
1 1 14 20
7 7 8 13 28 17 30 7 40 4 9 29 39 12 3 16
#c 2 2 0 4 4 2 2 3 3 4 1 0 4 3 4 0 4 3 0 1 3 0 1 0 2 1 2 1 3 4 3 1 1 1 2 1 0 2 1 4 3 0
4 4 14 16 39 3 25 35 33 32
4 6 4 9 29 12 10 38 31 19 22 27
#c 2 2 0 4 4 2 2 3 3 4 1 0 4 3 4 0 4 3 0 1 3 0 1 0 2 1 2 1 3 4 3 1 1 1 2 1 0 2 1 4 3 0
2 1 41 23 20
6 7 2 11 18 21 15 36 8 13 28 17 30 7 40
#c 2 2 0 4 4 2 2 3 3 4 1 0 4 3 4 0 4 3 0 1 0 0 1 3 2 1 2 1 3 4 3 1 1 1 2 1 0 2 1 4 3 3
5 5 38 32 10 22 19 2 18 11 15 20
5 2 25 31 35 33 27 21 36
#c 2 2 0 4 4 2 2 3 3 4 1 0 4 3 4 0 4 3 0 1 0 0 1 3 2 1 2 1 3 4 3 1 1 1 2 1 0 2 1 4 3 3
#c 2 2 0 4 4 2 2 3 3 4 1 0 4 3 4 0 4 3 0 1 0 0 1 3 2 1 2 1 3 4 3 1 1 1 2 1 0 2 1 4 3 3
4 4 28 30 41 40 10 32 38 25
5 6 8 13 17 7 23 31 19 35 22 33 27
#c 2 2 0 4 4 2 2 3 3 4 1 0 4 3 4 0 4 3 0 1 0 0 1 3 2 1 2 1 3 4 3 1 1 1 2 1 0 2 1 4 3 3
4 4 29 4 16 12 8 23 40 41
4 5 9 39 3 14 13 28 17 30 7
#c 2 2 0 4 4 2 2 3 3 4 1 0 4 3 4 0 4 3 0 1 0 0 1 3 2 1 2 1 3 4 3 1 1 1 2 1 0 2 1 4 3 3
2 2 15 21 12 9
5 6 2 11 18 36 20 4 29 39 3 16 14
#c 2 2 0 4 4 2 2 3 3 4 1 0 4 3 4 0 4 3 0 1 0 0 1 3 2 1 2 1 3 4 3 1 1 1 2 1 0 2 1 4 3 3
2 2 33 10 26 6
8 6 25 38 31 19 35 22 27 32 0 1 24 34 37 5
#c 2 2 0 4 4 2 2 3 3 4 1 0 4 3 4 0 4 3 0 1 0 0 1 3 2 1 2 1 3 4 3 1 1 1 2 1 0 2 1 4 3 3
2 1 34 0 20
6 6 1 24 26 37 6 5 2 11 18 21 15 36
#c 2 2 0 4 4 2 2 3 3 4 1 0 4 3 4 0 4 3 0 1 0 0 1 3 2 1 2 1 3 4 3 1 1 1 2 1 0 2 1 4 3 3
#c 2 2 0 4 4 2 2 3 3 4 1 0 4 3 4 0 4 3 0 1 0 0 1 3 2 1 2 1 3 4 3 1 1 1 2 1 0 2 1 4 3 3
3 3 12 29 39 25 32 35
5 7 4 9 3 16 14 10 38 31 19 22 33 27
#c 2 2 0 4 4 2 2 3 3 4 1 0 4 3 4 0 4 3 0 1 0 0 1 3 2 1 2 1 3 4 3 1 1 1 2 1 0 2 1 4 3 3
2 2 36 20 6 1
5 6 2 11 18 21 15 0 24 26 34 37 5
#c 2 2 0 4 4 2 2 3 3 4 1 0 4 3 4 0 4 3 0 1 0 0 1 3 2 1 2 1 3 4 3 1 1 1 2 1 0 2 1 4 3 3
#c 2 2 0 4 4 2 2 3 3 4 1 0 4 3 4 0 4 3 0 1 0 0 1 3 2 1 2 1 3 4 3 1 1 1 2 1 0 2 1 4 3 3
4 4 6 26 24 34 21 15 2 18
4 3 0 1 37 5 11 36 20
#c 2 2 0 4 4 2 2 3 3 4 1 0 4 3 4 0 4 3 0 1 0 0 1 3 2 1 2 1 3 4 3 1 1 1 2 1 0 2 1 4 3 3
3 4 8 41 23 36 20 15 2
6 3 13 28 17 30 7 40 11 18 21
#c 2 2 0 4 4 2 2 3 3 4 1 0 4 3 4 0 4 3 0 1 0 0 1 3 2 1 2 1 3 4 3 1 1 1 2 1 0 2 1 4 3 3
#c 2 2 0 4 4 2 2 3 3 4 1 0 4 3 4 0 4 3 0 1 0 0 1 3 2 1 2 1 3 4 3 1 1 1 2 1 0 2 1 4 3 3
3 3 2 15 18 3 4 16
4 5 11 21 36 20 9 29 39 12 14
#c 2 2 0 4 4 2 2 3 3 4 1 0 4 3 4 0 4 3 0 1 0 0 1 3 2 1 2 1 3 4 3 1 1 1 2 1 0 2 1 4 3 3
5 5 22 38 35 10 33 23 13 30 28 40
5 4 25 31 19 27 32 8 17 7 41
#c 2 2 0 4 4 2 2 3 3 4 3 0 4 1 4 0 4 3 0 1 0 0 3 1 2 1 2 1 1 4 1 1 1 3 2 3 0 2 3 4 1 3
1 1 37 32
7 9 0 1 24 26 34 6 5 25 31 19 27 23 13 30 28 40
#c 2 2 0 4 4 2 2 3 3 4 3 0 4 1 4 0 4 3 0 1 0 0 3 1 2 1 2 1 1 4 1 1 1 3 2 3 0 2 3 4 1 3
2 2 33 41 20 18
7 5 8 17 7 22 38 35 10 2 11 21 15 36
#c 2 2 0 4 4 2 2 3 3 4 3 0 4 1 4 0 4 3 0 1 0 0 3 1 2 1 2 1 1 4 1 1 1 3 2 3 0 2 3 4 1 3
4 2 16 3 39 14 33 35
4 7 4 9 29 12 8 17 7 41 22 38 10
#c 2 2 0 4 4 2 2 3 3 4 3 0 4 1 4 0 4 3 0 1 0 0 3 1 2 1 2 1 1 4 1 1 1 3 2 3 0 2 3 4 1 3
2 2 21 36 1 26
5 6 2 11 18 15 20 0 24 34 37 6 5
#c 2 2 0 4 4 2 2 3 3 4 3 0 4 1 4 0 4 3 0 1 0 0 3 1 2 1 2 1 1 4 1 1 1 3 2 3 0 2 3 4 1 3
#c 2 2 0 4 4 2 2 3 3 4 3 0 4 1 4 0 4 3 0 1 0 0 3 1 2 1 2 1 1 4 1 1 1 3 2 3 0 2 3 4 1 3
3 3 24 26 34 21 2 36
5 4 0 1 37 6 5 11 18 15 20
#c 2 2 2 4 4 2 2 3 3 4 3 0 4 1 4 0 4 3 0 1 0 2 3 1 0 1 0 1 1 4 1 1 1 3 0 3 2 2 3 4 1 3
3 3 33 17 22 1 6 21
6 5 8 7 41 38 35 10 0 37 5 2 36
#c 2 2 2 4 4 2 2 3 3 4 3 0 4 1 4 0 4 3 0 1 0 2 3 1 0 1 0 1 1 4 1 1 1 3 0 3 2 2 3 4 1 3
4 4 39 4 14 29 0 6 37 21
4 4 9 12 3 16 1 5 2 36
#c 2 2 2 4 4 2 2 3 3 4 3 0 4 1 4 0 4 3 0 1 0 2 3 1 0 1 0 1 1 4 1 1 1 3 0 3 2 2 3 4 1 3
#c 2 2 2 4 4 2 2 3 3 4 3 0 4 1 4 0 4 3 0 1 0 2 3 1 0 1 0 1 1 4 1 1 1 3 0 3 2 2 3 4 1 3
4 3 31 28 30 23 41 10 22
6 6 25 19 27 32 13 40 8 17 7 38 35 33
#c 2 2 2 4 4 2 2 3 3 4 3 0 4 1 4 0 4 3 0 1 0 2 3 1 0 1 0 1 1 4 1 1 1 3 0 3 2 2 3 4 1 3
2 2 1 5 26 20
6 5 0 37 6 21 2 36 11 18 15 24 34
#c 2 2 2 4 4 2 2 3 3 4 3 0 4 1 4 0 4 3 0 1 0 2 3 1 0 1 0 1 1 4 1 1 1 3 0 3 2 2 3 4 1 3
#c 2 2 2 4 4 2 2 3 3 4 3 0 4 1 4 0 4 3 0 1 0 2 3 1 0 1 0 1 1 4 1 1 1 3 0 3 2 2 3 4 1 3
#c 2 2 2 4 4 2 2 3 3 4 3 0 4 1 4 0 4 3 0 1 0 2 3 1 0 1 0 1 1 4 1 1 1 3 0 3 2 2 3 4 1 3
3 3 20 24 34 38 33 41
4 6 11 18 15 26 8 17 7 22 35 10
#c 2 2 2 4 4 2 2 3 3 4 3 0 4 1 4 0 4 3 0 1 0 2 3 1 0 1 0 1 1 4 1 1 1 3 0 3 2 2 3 4 1 3
1 1 40 4
9 7 25 31 19 27 32 23 13 30 28 9 29 39 12 3 16 14
#c 2 2 2 4 4 2 2 3 3 4 3 0 4 1 4 0 4 3 0 1 0 2 3 1 0 1 0 1 1 4 1 1 1 3 0 3 2 2 3 4 1 3
#c 2 2 2 4 4 2 2 3 3 4 3 0 4 1 4 0 4 3 0 1 0 2 3 1 0 1 0 1 1 4 1 1 1 3 0 3 2 2 3 4 1 3
#c 2 2 2 4 4 2 2 3 3 4 3 0 4 1 4 0 4 3 0 1 0 2 3 1 0 1 0 1 1 4 1 1 1 3 0 3 2 2 3 4 1 3
2 2 14 39 26 18
6 5 4 9 29 12 3 16 11 15 20 24 34
#c 2 2 2 4 4 2 2 3 3 4 3 0 4 1 4 0 4 3 0 1 0 2 3 1 0 1 0 1 1 4 1 1 1 3 0 3 2 2 3 4 1 3
3 4 15 26 18 21 5 37 0
4 4 11 20 24 34 1 6 2 36
#c 2 2 2 4 4 2 2 3 3 4 3 0 4 1 4 0 4 3 0 1 0 2 3 1 0 1 0 1 1 4 1 1 1 3 0 3 2 2 3 4 1 3
5 6 23 40 19 27 30 9 4 29 14 3 16
5 2 25 31 32 13 28 39 12
#c 2 2 2 4 4 2 2 3 3 4 3 0 4 1 4 0 4 3 0 1 0 2 3 1 0 1 0 1 1 4 1 1 1 3 0 3 2 2 3 4 1 3
4 4 36 0 37 2 18 15 24 34
4 3 1 6 5 21 11 20 26
#c 2 2 2 4 4 2 2 3 3 4 3 0 4 1 4 0 4 3 0 1 0 2 3 1 0 1 0 1 1 4 1 1 1 3 0 3 2 2 3 4 1 3
3 5 10 38 35 27 23 32 19 25
6 5 8 17 7 41 22 33 31 13 30 28 40
#c 2 2 2 4 4 2 2 3 3 4 3 0 4 1 4 0 4 3 0 1 0 2 3 1 0 1 0 1 1 4 1 1 1 3 0 3 2 2 3 4 1 3
#c 2 2 2 4 4 2 2 3 3 4 3 0 4 1 4 0 4 3 0 1 0 2 3 1 0 1 0 1 1 4 1 1 1 3 0 3 2 2 3 4 1 3
2 2 18 34 36 21
5 6 11 15 20 24 26 0 1 37 6 5 2
#c 2 2 2 4 4 2 2 3 3 4 3 0 4 1 4 0 4 3 0 1 0 2 3 1 0 1 0 1 1 4 1 1 1 3 0 3 2 2 3 4 1 3
1 1 32 22
9 8 25 31 19 27 23 13 30 28 40 8 17 7 41 38 35 10 33
#c 2 2 2 4 4 2 2 3 3 4 3 0 4 1 4 0 4 3 0 1 0 2 1 1 0 1 0 1 1 4 1 1 3 3 0 3 2 2 3 4 1 3
1 1 1 13
7 9 0 37 6 5 21 2 36 25 31 19 27 23 30 28 40 22
#c 2 2 2 4 4 2 2 3 3 4 3 0 4 1 4 0 4 3 0 1 0 2 1 1 0 1 0 1 1 4 1 1 3 3 0 3 2 2 3 4 1 3
4 4 41 10 7 33 28 19 27 13
5 6 8 17 38 35 32 25 31 23 30 40 22
#c 2 2 2 4 4 2 2 3 3 4 3 0 4 1 4 0 4 3 0 1 0 2 1 1 0 1 0 1 1 4 1 1 3 3 0 3 2 2 3 4 1 3
3 3 14 29 39 30 25 19
5 7 4 9 12 3 16 31 27 23 13 28 40 22
#c 2 2 2 4 4 2 2 3 3 4 3 0 4 1 4 0 4 3 0 1 0 2 1 1 0 1 0 1 1 4 1 1 3 3 0 3 2 2 3 4 1 3
3 3 15 18 26 32 33 35
4 6 11 20 24 34 8 17 7 41 38 10
#c 2 2 2 4 4 2 2 3 3 4 3 0 4 1 4 0 4 3 0 1 0 2 1 1 0 1 0 1 1 4 1 1 3 3 0 3 2 2 3 4 1 3
4 4 25 23 22 28 34 18 11 15
6 3 31 19 27 13 30 40 20 24 26
#c 2 2 2 4 4 2 2 3 3 4 3 0 4 1 4 0 4 3 0 1 0 2 1 1 0 1 0 1 1 4 1 1 3 3 0 3 2 2 3 4 1 3
3 3 1 37 0 18 26 24
5 4 6 5 21 2 36 11 15 20 34
#c 2 2 2 4 4 2 2 3 3 4 3 0 4 1 4 0 4 3 0 1 0 2 1 1 0 1 0 1 1 4 1 1 3 3 0 3 2 2 3 4 1 3
8 7 17 7 41 38 35 10 33 32 0 1 6 5 21 2 36
#c 2 2 2 4 4 2 2 3 3 4 3 0 4 1 4 0 4 3 0 1 0 2 1 1 0 1 0 1 1 4 1 1 3 3 0 3 2 2 3 4 1 3
1 1 39 15
7 6 4 9 29 12 3 16 14 11 18 20 24 26 34
#c 2 2 2 4 4 2 2 3 3 4 3 0 4 1 4 0 4 3 0 1 0 2 1 1 0 1 0 1 1 4 1 1 3 3 0 3 2 2 3 4 1 3
2 2 24 18 19 31
5 8 11 15 20 26 34 25 27 23 13 30 28 40 22
#c 2 2 2 4 4 2 2 3 3 4 3 0 4 1 4 0 4 3 0 1 0 2 1 1 0 1 0 1 1 4 1 1 3 3 0 3 2 2 3 4 1 3
3 3 28 13 23 17 32 8
7 6 25 31 19 27 30 40 22 7 41 38 35 10 33
#c 2 2 2 4 4 2 2 3 3 4 3 0 4 1 4 0 4 3 0 1 0 2 1 1 0 1 0 1 1 4 1 1 3 3 0 3 2 2 3 4 1 3
#c 2 2 2 4 4 2 2 3 3 4 3 0 4 1 4 0 4 3 0 1 0 2 1 1 0 1 0 1 1 4 1 1 3 3 0 3 2 2 3 4 1 3
#c 2 2 2 4 4 2 2 3 3 4 3 0 4 1 4 0 4 3 0 1 0 2 1 1 0 1 0 1 1 4 1 1 3 3 0 3 2 2 3 4 1 3
2 2 14 12 32 17
6 7 4 9 29 39 3 16 8 7 41 38 35 10 33
#c 2 2 2 4 4 2 2 3 3 4 3 0 4 1 4 0 4 3 0 1 0 2 1 1 0 1 0 1 1 4 1 1 3 3 0 3 2 2 3 4 1 3
1 1 20 39
6 7 11 18 15 24 26 34 4 9 29 12 3 16 14
#c 2 2 2 4 4 2 2 3 3 4 3 0 4 1 4 0 4 3 0 1 0 2 1 1 0 1 0 1 1 4 1 1 3 3 0 3 2 2 3 4 1 3
#c 2 2 2 4 4 2 2 3 3 4 3 0 4 1 4 0 4 3 0 1 0 2 1 1 0 1 0 1 1 4 1 1 3 3 0 3 2 2 3 4 1 3
2 2 6 36 34 26
6 5 0 1 37 5 21 2 11 18 15 20 24
#c 2 2 2 4 4 2 2 3 3 4 3 0 4 1 4 0 4 3 0 1 0 2 1 1 0 1 0 1 1 4 1 1 3 3 0 3 2 2 3 4 1 3
4 3 33 41 7 8 37 36 21
5 5 17 38 35 10 32 0 1 6 5 2
#c 2 2 2 4 4 2 2 3 3 4 3 0 4 1 4 0 4 3 0 1 0 2 1 1 0 1 0 1 1 4 1 1 3 3 0 3 2 2 3 4 1 3
2 2 12 16 17 32
6 7 4 9 29 39 3 14 8 7 41 38 35 10 33
#c 2 2 2 4 4 2 2 3 3 4 3 0 4 1 4 0 4 3 0 1 0 2 1 1 0 1 0 1 1 4 1 1 3 3 0 3 2 2 3 4 1 3
1 1 26 8
6 8 11 18 15 20 24 34 17 7 41 38 35 10 33 32
#c 2 2 2 4 4 2 2 3 3 4 3 0 4 1 4 0 4 3 0 1 0 2 1 1 0 1 0 1 1 4 1 1 3 3 0 3 2 2 3 4 1 3
3 2 19 28 40 37 6
7 6 25 31 27 23 13 30 22 0 1 5 21 2 36
#c 2 2 2 4 4 2 2 3 3 4 3 0 4 1 4 0 4 3 0 1 0 2 1 1 0 1 0 1 1 4 1 1 3 3 0 3 2 2 3 4 1 3
#c 2 2 2 4 4 2 2 3 3 4 3 0 4 1 4 0 4 3 0 1 0 2 1 1 0 1 0 1 1 4 1 1 3 3 0 3 2 2 3 4 1 3
#c 2 2 2 4 4 2 2 3 3 4 3 0 4 1 4 0 4 3 0 1 0 2 1 1 0 1 0 1 1 4 1 1 3 3 0 3 2 2 3 4 1 3
#c 2 2 2 4 4 2 2 3 3 4 3 0 4 1 4 0 4 3 0 1 0 2 1 1 0 1 0 1 1 4 1 1 3 3 0 3 2 2 3 4 1 3
1 1 15 13
6 9 11 18 20 24 26 34 25 31 19 27 23 30 28 40 22
#c 2 2 2 4 4 2 2 3 3 4 3 0 4 1 4 0 4 3 0 1 0 2 1 1 0 1 0 1 1 4 1 1 3 3 0 3 2 2 3 4 1 3
5 5 25 13 30 28 40 2 6 0 5 1
5 3 31 19 27 23 22 37 21 36
#c 2 2 2 4 4 2 2 3 3 4 3 0 4 1 4 0 4 3 0 1 0 2 1 1 0 1 0 1 1 4 1 1 3 3 0 3 2 2 3 4 1 3
4 4 37 6 0 5 22 40 27 28
4 6 1 21 2 36 25 31 19 23 13 30
#c 2 2 2 4 4 2 2 3 3 4 3 0 4 1 4 0 4 3 0 1 0 2 1 1 0 1 0 1 1 4 1 1 3 3 0 3 2 2 3 4 1 3
1 1 10 1
8 7 8 17 7 41 38 35 33 32 0 37 6 5 21 2 36
#c 2 2 2 4 4 2 2 3 3 4 3 0 4 1 4 0 4 3 0 1 0 2 1 1 0 1 0 1 1 4 1 1 3 3 0 3 2 2 3 4 1 3
1 1 29 20
7 6 4 9 39 12 3 16 14 11 18 15 24 26 34
#c 2 2 2 4 4 2 2 3 3 4 3 0 4 1 4 0 4 3 0 1 0 2 1 1 0 1 0 1 1 4 1 1 3 3 0 3 2 2 3 4 1 3
2 3 11 24 36 37 21
5 5 18 15 20 26 34 0 1 6 5 2
#c 2 2 2 4 4 2 2 3 3 4 3 0 4 1 4 0 4 3 0 1 0 2 1 1 0 1 0 1 1 4 1 1 3 3 0 3 2 2 3 4 1 3
#c 2 2 2 4 4 2 2 3 3 4 3 0 4 1 4 0 4 3 0 1 0 2 1 1 0 1 0 1 1 4 1 1 3 3 0 3 2 2 3 4 1 3
3 3 21 37 2 40 25 27
5 7 0 1 6 5 36 31 19 23 13 30 28 22
#c 2 2 2 4 4 2 2 3 3 4 3 0 4 1 4 0 4 3 0 1 0 2 1 1 0 1 0 1 1 4 1 1 3 3 0 3 2 2 3 4 1 3
#c 2 2 2 4 4 2 2 3 3 4 3 0 4 1 4 0 4 3 0 1 0 2 1 1 0 1 0 1 1 4 1 1 3 3 0 3 2 2 3 4 1 3
2 2 16 3 20 11
6 5 4 9 29 39 12 14 18 15 24 26 34
#c 2 2 2 4 4 2 2 3 3 4 3 0 4 1 4 0 4 3 0 1 0 2 1 1 0 1 0 1 1 4 1 1 3 3 0 3 2 2 3 4 1 3
1 1 11 2
6 7 18 15 20 24 26 34 0 1 37 6 5 21 36
#c 2 2 2 4 4 2 2 3 3 4 3 0 4 1 4 0 4 3 0 1 0 2 1 1 0 1 0 1 1 4 1 1 3 3 0 3 2 2 3 4 1 3
#c 2 2 2 4 4 2 2 3 3 4 3 0 4 1 4 0 4 3 0 1 0 2 1 1 0 1 0 1 1 4 1 1 3 3 0 3 2 2 3 4 1 3
4 6 36 6 1 0 18 26 20 24 11 15
4 1 37 5 21 2 34
#c 2 2 2 4 4 2 2 3 3 4 3 0 4 1 4 0 4 3 0 1 0 2 1 1 0 1 0 1 1 4 1 1 3 3 0 3 2 2 3 4 1 3
#c 2 2 2 4 4 2 2 3 3 4 3 0 4 1 4 0 4 3 0 1 0 2 1 1 0 1 0 1 1 4 1 1 3 3 0 3 2 2 3 4 1 3
#c 2 2 2 4 4 2 2 3 3 4 3 0 4 1 4 0 4 3 0 1 0 2 1 1 0 1 0 1 1 4 1 1 3 3 0 3 2 2 3 4 1 3
1 1 18 4
6 7 11 15 20 24 26 34 9 29 39 12 3 16 14
#c 2 2 2 4 4 2 2 3 3 4 3 0 4 1 4 0 4 3 0 1 0 2 1 1 0 1 0 1 1 4 1 1 3 3 0 3 2 2 3 4 1 3
#c 2 2 2 4 4 2 2 3 3 4 3 0 4 1 4 0 4 3 0 1 0 2 1 1 0 1 0 1 1 4 1 1 3 3 0 3 2 2 3 4 1 3
#c 2 2 2 4 4 2 2 3 3 4 3 0 4 1 4 0 4 3 0 1 0 2 1 1 0 1 0 1 1 4 1 1 3 3 0 3 2 2 3 4 1 3
3 3 38 10 32 29 4 9
6 5 8 17 7 41 35 33 39 12 3 16 14
#c 2 2 2 4 4 2 2 3 3 4 3 0 4 1 4 0 4 3 0 1 0 2 1 1 0 1 0 1 1 4 1 1 3 3 0 3 2 2 3 4 1 3
2 2 14 4 17 35
6 7 9 29 39 12 3 16 8 7 41 38 10 33 32
#c 2 2 2 4 4 2 2 3 3 4 3 0 4 1 4 0 4 3 0 1 0 2 1 1 0 1 0 1 1 4 1 1 3 3 0 3 2 2 3 4 1 3
1 1 15 1
6 7 11 18 20 24 26 34 0 37 6 5 21 2 36
#c 2 2 2 4 4 2 2 3 3 4 3 0 4 1 4 0 4 3 0 1 0 2 1 1 0 1 0 1 1 4 1 1 3 3 0 3 2 2 3 4 1 3
#c 2 2 2 4 4 2 2 3 3 4 3 0 4 1 4 0 4 3 0 1 0 2 1 1 0 1 0 1 1 4 1 1 3 3 0 3 2 2 3 4 1 3
#c 2 2 2 4 4 2 2 3 3 4 3 0 4 1 4 0 4 3 0 1 0 2 1 1 0 1 0 1 1 4 1 1 3 3 0 3 2 2 3 4 1 3
#c 2 2 2 4 4 2 2 3 3 4 3 0 4 1 4 0 4 3 0 1 0 2 1 1 0 1 0 1 1 4 1 1 3 3 0 3 2 2 3 4 1 3
2 2 16 14 10 32
6 7 4 9 29 39 12 3 8 17 7 41 38 35 33
#c 2 2 2 4 4 2 2 3 3 4 3 0 4 1 4 0 4 3 0 1 0 2 1 1 0 1 0 1 1 4 1 1 3 3 0 3 2 2 3 4 1 3
3 2 18 26 34 21 2
4 6 11 15 20 24 0 1 37 6 5 36
#c 2 2 2 4 4 2 2 3 3 4 3 0 4 1 4 0 4 3 0 1 0 2 1 1 0 1 0 1 1 4 1 1 3 3 0 3 2 2 3 4 1 3
2 4 28 19 0 6 5 37
8 4 25 31 27 23 13 30 40 22 1 21 2 36
#c 2 2 2 4 4 2 2 3 3 4 3 0 4 1 4 0 4 3 0 1 0 2 1 1 0 1 0 1 1 4 1 1 3 3 0 3 2 2 3 4 1 3
1 1 5 11
7 6 0 1 37 6 21 2 36 18 15 20 24 26 34
#c 2 2 2 4 4 2 2 3 3 4 3 0 4 1 4 0 4 3 0 1 0 2 1 1 0 1 0 1 1 4 1 1 3 3 0 3 2 2 3 4 1 3
#c 2 2 2 4 4 2 2 3 3 4 3 0 4 1 4 0 4 3 0 1 0 2 1 1 0 1 0 1 1 4 1 1 3 3 0 3 2 2 3 4 1 3
3 5 4 16 9 37 0 36 6 1
5 3 29 39 12 3 14 5 21 2
#c 2 2 2 4 4 2 2 3 3 4 3 0 4 1 4 0 4 3 0 1 0 2 1 1 0 1 0 1 1 4 1 1 3 3 0 3 2 2 3 4 1 3
1 1 24 41
6 8 11 18 15 20 26 34 8 17 7 38 35 10 33 32
#c 2 2 2 4 4 2 2 3 3 4 3 0 4 1 4 0 4 3 0 1 0 2 1 1 0 1 0 1 1 4 1 1 3 3 0 3 2 2 3 4 1 3
#c 2 2 2 4 4 2 2 3 3 4 3 0 4 1 4 0 4 3 0 1 0 2 1 1 0 1 0 1 1 4 1 1 3 3 0 3 2 2 3 4 1 3
#c 2 2 2 4 4 2 2 3 3 4 3 0 4 1 4 0 4 3 0 1 0 2 1 1 0 1 0 1 1 4 1 1 3 3 0 3 2 2 3 4 1 3
1 1 38 19
8 9 8 17 7 41 35 10 33 32 25 31 27 23 13 30 28 40 22
#c 2 2 2 4 4 2 2 3 3 4 3 0 4 1 4 0 4 3 0 1 0 2 1 1 0 1 0 1 1 4 1 1 3 3 0 3 2 2 3 4 1 3
1 1 14 32
7 8 4 9 29 39 12 3 16 8 17 7 41 38 35 10 33
#c 2 2 2 4 4 2 2 3 3 4 3 0 4 1 4 0 4 3 0 1 0 2 1 1 0 1 0 1 1 4 1 1 3 3 0 3 2 2 3 4 1 3
1 1 24 10
6 8 11 18 15 20 26 34 8 17 7 41 38 35 33 32
#c 2 2 2 4 4 2 2 3 3 4 3 0 4 1 4 0 4 3 0 1 0 2 1 1 0 1 0 1 1 4 1 1 3 3 0 3 2 2 3 4 1 3
3 3 28 40 25 4 12 14
7 5 31 19 27 23 13 30 22 9 29 39 3 16
#c 2 2 2 4 4 2 2 3 3 4 3 0 4 1 4 0 4 3 0 1 0 2 1 1 0 1 0 1 1 4 1 1 3 3 0 3 2 2 3 4 1 3
3 3 36 0 5 19 25 40
5 7 1 37 6 21 2 31 27 23 13 30 28 22
#c 2 2 2 4 4 2 2 3 3 4 3 0 4 1 4 0 4 3 0 1 0 2 1 1 0 1 0 1 1 4 1 1 3 3 0 3 2 2 3 4 1 3
4 4 33 17 7 32 23 13 30 40
5 6 8 41 38 35 10 25 31 19 27 28 22
#c 2 2 2 4 4 2 2 3 3 4 3 0 4 1 4 0 4 3 0 1 0 2 1 1 0 1 0 1 1 4 1 1 3 3 0 3 2 2 3 4 1 3
2 2 16 12 17 8
6 7 4 9 29 39 3 14 7 41 38 35 10 33 32
#c 2 2 2 4 4 2 2 3 3 4 3 0 4 1 4 0 4 3 0 1 0 2 1 1 0 1 0 1 1 4 1 1 3 3 0 3 2 2 3 4 1 3
2 2 34 24 39 3
5 6 11 18 15 20 26 4 9 29 12 16 14
#c 2 2 2 4 4 2 2 3 3 4 3 0 4 1 4 0 4 3 0 1 0 2 1 1 0 1 0 1 1 4 1 1 3 3 0 3 2 2 3 4 1 3
4 4 22 23 30 13 32 38 35 33
6 5 25 31 19 27 28 40 8 17 7 41 10
#c 2 2 2 4 4 2 2 3 3 4 3 0 4 1 4 0 4 3 0 1 0 2 1 1 0 1 0 1 1 4 1 1 3 3 0 3 2 2 3 4 1 3
3 4 36 0 6 10 8 33 41
5 5 1 37 5 21 2 17 7 38 35 32
#c 2 2 2 4 4 2 2 3 3 4 3 0 4 1 4 0 4 3 0 1 0 2 1 1 0 1 0 1 1 4 1 1 3 3 0 3 2 2 3 4 1 3
2 1 41 35 0
7 7 8 17 7 38 10 33 32 1 37 6 5 21 2 36
#c 2 2 2 4 4 2 2 3 3 4 3 0 4 1 4 0 4 3 0 1 0 2 1 1 0 1 0 1 1 4 1 1 3 3 0 3 2 2 3 4 1 3
#c 2 2 2 4 4 2 2 3 3 4 3 0 4 1 4 0 4 3 0 1 0 2 1 1 0 1 0 1 1 4 1 1 3 3 0 3 2 2 3 4 1 3
2 2 24 26 40 22
5 8 11 18 15 20 34 25 31 19 27 23 13 30 28
#c 2 2 2 4 4 2 2 3 3 4 3 0 4 1 4 0 4 3 0 1 0 2 1 1 0 1 0 1 1 4 1 1 3 3 0 3 2 2 3 4 1 3
4 4 13 27 30 28 20 18 34 24
6 3 25 31 19 23 40 22 11 15 26
#c 2 2 2 4 4 2 2 3 3 4 3 0 4 1 4 0 4 3 0 1 0 2 1 1 0 1 0 1 1 4 1 1 3 3 0 3 2 2 3 4 1 3
#c 2 2 2 4 4 2 2 3 3 4 3 0 4 1 4 0 4 3 0 1 0 2 1 1 0 1 0 1 1 4 1 1 3 3 0 3 2 2 3 4 1 3
4 4 10 41 8 38 22 27 30 28
5 6 17 7 35 33 32 25 31 19 23 13 40
#c 2 2 2 4 4 2 2 3 3 4 3 0 4 1 4 0 4 3 0 1 0 2 1 1 0 1 0 1 1 4 1 1 3 3 0 3 2 2 3 4 1 3
3 2 14 12 3 36 1
5 6 4 9 29 39 16 0 37 6 5 21 2
#c 2 2 2 4 4 2 2 3 3 4 3 0 4 1 4 0 4 3 0 1 0 2 1 1 0 1 0 1 1 4 1 1 3 3 0 3 2 2 3 4 1 3
3 3 34 11 15 40 22 27
4 7 18 20 24 26 25 31 19 23 13 30 28
#c 2 2 2 4 4 2 2 3 3 4 3 0 4 1 4 0 4 3 0 1 0 2 1 1 0 1 0 1 1 4 1 1 3 3 0 3 2 2 3 4 1 3
1 1 13 17
9 8 25 31 19 27 23 30 28 40 22 8 7 41 38 35 10 33 32
#c 2 2 2 4 4 2 2 3 3 4 3 0 4 1 4 0 4 3 0 1 0 2 1 1 0 1 0 1 1 4 1 1 3 3 0 3 2 2 3 4 1 3
2 1 2 1 32
6 8 0 37 6 5 21 36 8 17 7 41 38 35 10 33
#c 2 2 2 4 4 2 2 3 3 4 3 0 4 1 4 0 4 3 0 1 0 2 1 1 0 1 0 1 1 4 1 1 3 3 0 3 2 2 3 4 1 3
#c 2 2 2 4 4 2 2 3 3 4 3 0 4 1 4 0 4 3 0 1 0 2 1 1 0 1 0 1 1 4 1 1 3 3 0 3 2 2 3 4 1 3
1 1 29 31
7 9 4 9 39 12 3 16 14 25 19 27 23 13 30 28 40 22
#c 2 2 2 4 4 2 2 3 3 4 3 0 4 1 4 0 4 3 0 1 0 2 1 1 0 1 0 1 1 1 1 4 3 3 0 3 2 2 3 4 1 3
1 1 18 35
6 8 11 15 20 24 26 34 8 17 7 41 38 10 33 32
#c 2 2 2 4 4 2 2 3 3 4 3 0 4 1 4 0 4 3 0 1 0 2 1 1 0 1 0 1 1 1 1 4 3 3 0 3 2 2 3 4 1 3
4 4 27 25 22 13 31 9 3 4
6 4 19 23 30 28 40 29 39 12 16 14
#c 2 2 2 4 4 2 2 3 3 4 3 0 4 1 4 0 4 3 0 1 0 2 1 1 0 1 0 1 1 1 1 4 3 3 0 3 2 2 3 4 1 3
4 4 0 1 21 36 19 27 23 25
4 6 37 6 5 2 13 30 28 40 22 29
#c 2 2 2 4 4 2 2 3 3 4 3 0 4 1 4 0 4 3 0 1 0 2 1 1 0 1 0 1 1 1 1 4 3 3 0 3 2 2 3 4 1 3
#c 2 2 2 4 4 2 2 3 3 4 3 0 4 1 4 0 4 3 0 1 0 2 1 1 0 1 0 1 1 1 1 4 3 3 0 3 2 2 3 4 1 3
3 3 12 16 31 20 11 26
5 4 4 9 39 3 14 18 15 24 34
#c 2 2 2 4 4 2 2 3 3 4 3 0 4 1 4 0 4 3 0 1 0 2 1 1 0 1 0 1 1 1 1 4 3 3 0 3 2 2 3 4 1 3
2 2 24 18 14 12
5 6 11 15 20 26 34 4 9 39 3 16 31
#c 2 2 2 4 4 2 2 3 3 4 3 0 4 1 4 0 4 3 0 1 0 2 1 1 0 1 0 1 1 1 1 4 3 3 0 3 2 2 3 4 1 3
4 5 40 27 30 13 6 5 0 37 1
6 3 25 19 23 28 22 29 21 2 36
#c 2 2 2 4 4 2 2 3 3 4 3 0 4 1 4 0 4 3 0 1 0 2 1 1 0 1 0 1 1 1 1 4 3 3 0 3 2 2 3 4 1 3
4 4 1 21 37 36 17 33 41 7
4 5 0 6 5 2 8 38 35 10 32
#c 2 2 2 4 4 2 2 3 3 4 3 0 4 1 4 0 4 3 0 1 0 2 1 1 0 1 0 1 1 1 1 4 3 3 0 3 2 2 3 4 1 3
1 1 8 13
8 9 17 7 41 38 35 10 33 32 25 19 27 23 30 28 40 22 29
#c 2 2 2 4 4 2 2 3 3 4 3 0 4 1 4 0 4 3 0 1 0 2 1 1 0 1 0 1 1 1 1 4 3 3 0 3 2 2 3 4 1 3
#c 2 2 2 4 4 2 2 3 3 4 3 0 4 1 4 0 4 3 0 1 0 2 1 1 0 1 0 1 1 1 1 4 3 3 0 3 2 2 3 4 1 3
1 1 15 37
6 7 11 18 20 24 26 34 0 1 6 5 21 2 36
#c 2 2 2 4 4 2 2 3 3 4 3 0 4 1 4 0 4 3 0 1 0 2 1 1 0 1 0 1 1 1 1 4 3 3 0 3 2 2 3 4 1 3
5 6 40 30 19 22 29 1 21 2 6 0 36
5 2 25 27 23 13 28 37 5
#c 2 2 2 4 4 2 2 3 3 4 3 0 4 1 4 0 4 3 0 1 0 2 1 1 0 1 0 1 1 1 1 4 3 3 0 3 2 2 3 4 1 3
4 3 37 0 5 1 30 29 23
4 7 6 21 2 36 25 19 27 13 28 40 22
#c 2 2 2 4 4 2 2 3 3 4 3 0 4 1 4 0 4 3 0 1 0 2 1 1 0 1 0 1 1 1 1 4 3 3 0 3 2 2 3 4 1 3
1 1 41 1
8 7 8 17 7 38 35 10 33 32 0 37 6 5 21 2 36
#c 2 2 2 4 4 2 2 3 3 4 3 0 4 1 4 0 4 3 0 1 0 2 1 1 0 1 0 1 1 1 1 4 3 3 0 3 2 2 3 4 1 3
3 3 16 12 14 26 20 15
5 4 4 9 39 3 31 11 18 24 34
#c 2 2 2 4 4 2 2 3 3 4 3 0 4 1 4 0 4 3 0 1 0 2 1 1 0 1 0 1 1 1 1 4 3 3 0 3 2 2 3 4 1 3
2 1 11 34 3
5 7 18 15 20 24 26 4 9 39 12 16 14 31
#c 2 2 2 4 4 2 2 3 3 4 3 0 4 1 4 0 4 3 0 1 0 2 1 1 0 1 0 1 1 1 1 4 3 3 0 3 2 2 3 4 1 3
#c 2 2 2 4 4 2 2 3 3 4 3 0 4 1 4 0 4 3 0 1 0 2 1 1 0 1 0 1 1 1 1 4 3 3 0 3 2 2 3 4 1 3
4 4 6 37 5 2 11 26 24 34
4 3 0 1 21 36 18 15 20
#c 2 2 2 4 4 2 2 3 3 4 3 0 4 1 4 0 4 3 0 1 0 2 1 1 0 1 0 1 1 1 1 4 3 3 0 3 2 2 3 4 1 3
1 1 38 9
8 7 8 17 7 41 35 10 33 32 4 39 12 3 16 14 31
#c 2 2 2 4 4 2 2 3 3 4 3 0 4 1 4 0 4 3 0 1 0 2 1 1 0 1 0 1 1 1 1 4 3 3 0 3 2 2 3 4 1 3
4 6 31 39 12 4 29 40 22 28 19 25
4 4 9 3 16 14 27 23 13 30
#c 2 2 2 4 4 2 2 3 3 4 3 0 4 1 4 0 4 3 0 1 0 2 1 1 0 1 0 1 1 1 1 4 3 3 0 3 2 2 3 4 1 3
3 3 26 18 15 30 13 27
4 7 11 20 24 34 25 19 23 28 40 22 29
#c 2 2 2 4 4 2 2 3 3 4 3 0 4 1 4 0 4 3 0 1 0 2 1 1 0 1 0 1 1 1 1 4 3 3 0 3 2 2 3 4 1 3
#c 2 2 2 4 4 2 2 3 3 4 3 0 4 1 4 0 4 3 0 1 0 2 1 1 0 1 0 1 1 1 1 4 3 3 0 3 2 2 3 4 1 3
1 1 5 26
7 6 0 1 37 6 21 2 36 11 18 15 20 24 34
#c 2 2 2 4 4 2 2 3 3 4 3 0 4 1 4 0 4 3 0 1 0 2 1 1 0 1 0 1 1 1 1 4 3 3 0 3 2 2 3 4 1 3
3 4 10 8 32 9 16 3 39
2 2 2 4 4 2 2 3 3 4 3 0 4 1 4 0 4 3 0 1 0 2 1 1 0 1 0 1 1 1 1 4 3 3 0 3 2 2 3 4 1 3
