#c 0 1 2 3 4 5 6 7 8 0 1 2 3 4 5 6 7 8 0 1 2 3 4 5 6 7 8 0 1 2 3 4 5 6 7 8
1 1 19 24
3 3 1 10 28 6 15 33
#c 0 1 2 3 4 5 6 7 8 0 1 2 3 4 5 6 7 8 0 6 2 3 4 5 1 7 8 0 1 2 3 4 5 6 7 8
#c 0 1 2 3 4 5 6 7 8 0 1 2 3 4 5 6 7 8 0 6 2 3 4 5 1 7 8 0 1 2 3 4 5 6 7 8
2 2 30 12 23 5
2 2 3 21 14 32
#c 0 1 2 3 4 3 6 7 8 0 1 2 5 4 5 6 7 8 0 6 2 3 4 3 1 7 8 0 1 2 5 4 5 6 7 8
1 1 13 27
3 3 4 22 31 0 9 18
#c 0 1 2 3 4 3 6 7 8 0 1 2 5 4 5 6 7 8 0 6 2 3 4 3 1 7 8 0 1 2 5 4 5 6 7 8
1 1 12 10
3 3 14 32 30 1 28 24
#c 0 1 2 3 4 3 6 7 8 0 5 2 1 4 5 6 7 8 0 6 2 3 4 3 1 7 8 0 1 2 5 4 5 6 7 8
2 2 33 19 0 9
2 2 6 15 18 27
#c 0 1 2 3 4 3 6 7 8 0 5 2 1 4 5 6 7 8 0 6 2 3 4 3 1 7 8 0 1 2 5 4 5 6 7 8
2 2 25 7 27 9
2 2 16 34 0 18
#c 0 1 2 3 4 3 6 7 8 0 5 2 1 4 5 6 7 8 0 6 2 3 4 3 1 7 8 0 1 2 5 4 5 6 7 8
2 2 26 8 9 18
2 2 17 35 0 27
#c 0 1 2 3 4 3 6 7 0 8 5 2 1 4 5 6 7 8 8 6 2 3 4 3 1 7 0 0 1 2 5 4 5 6 7 8
2 2 8 27 11 2
2 2 0 26 20 29
#c 0 1 2 3 4 3 6 7 0 8 5 2 1 4 5 6 7 8 8 6 2 3 4 3 1 7 0 0 1 2 5 4 5 6 7 8
2 2 24 12 27 0
2 2 1 28 26 8
#c 0 1 2 3 4 3 6 7 0 8 5 2 1 4 5 6 7 8 8 6 2 3 4 3 1 7 0 0 1 2 5 4 5 6 7 8
1 2 29 3 23
3 2 2 11 20 21 5
#c 0 1 2 3 4 3 6 7 0 8 5 2 1 4 5 6 7 8 8 6 2 3 4 3 1 7 0 0 1 2 5 4 5 6 7 8
#c 0 1 2 3 4 3 6 7 0 8 5 2 1 4 5 6 7 8 8 6 2 3 4 3 1 7 0 0 1 2 5 4 5 6 7 8
1 1 4 30
3 3 13 22 31 14 32 10
#c 0 1 2 3 4 3 6 7 0 8 5 2 1 4 5 6 7 8 8 6 2 3 4 3 1 7 0 0 1 2 5 4 5 6 7 8
2 2 14 30 5 23
2 2 32 10 3 21
#c 0 1 2 3 4 3 6 7 0 8 5 2 1 4 5 6 7 8 8 6 2 3 4 3 1 7 0 0 1 2 5 4 5 6 7 8
#c 0 1 2 3 4 3 6 7 0 8 5 2 1 4 5 6 7 8 8 6 2 3 4 3 1 7 0 0 1 2 5 4 5 6 7 8
1 3 25 4 22 13
3 1 7 16 34 31
#c 0 1 2 3 4 3 6 7 0 8 5 2 1 4 5 6 7 8 8 6 2 3 4 3 1 7 0 0 1 2 5 4 5 6 7 8
2 2 9 17 24 28
2 2 35 18 1 12
#c 0 1 2 3 4 3 6 7 0 1 5 2 1 4 5 6 7 1 8 6 2 3 4 3 8 7 0 0 8 2 5 4 5 6 7 8
1 1 26 14
3 3 0 27 8 32 30 10
#c 0 1 2 3 4 3 6 7 0 1 5 2 1 4 0 6 7 1 8 6 2 3 4 3 8 7 5 0 8 2 5 4 5 6 7 8
2 2 17 9 16 7
2 2 1 12 25 34
#c 0 1 2 3 4 3 6 1 0 7 5 2 1 4 0 6 1 7 8 6 2 3 4 3 8 7 5 0 8 2 5 4 5 6 7 8
2 2 11 29 28 18
2 2 2 20 35 24
#c 0 1 2 3 4 3 6 1 0 7 5 2 1 4 0 6 1 7 8 6 2 3 4 3 8 7 5 0 8 2 5 4 5 6 7 8
1 1 21 28
3 3 3 23 5 35 18 24
#c 0 1 2 3 4 3 6 1 0 7 5 2 1 4 0 6 1 7 8 6 2 8 4 3 8 7 5 0 3 2 5 4 5 6 7 8
2 2 4 13 25 34
2 2 22 31 17 9
#c 0 1 2 3 4 3 6 1 0 7 5 2 1 4 0 6 1 7 8 6 2 8 4 3 8 7 5 0 3 2 5 4 5 6 7 8
#c 0 1 2 3 4 3 6 1 0 7 5 2 1 4 0 6 1 7 8 6 2 8 4 3 8 7 5 0 3 2 5 4 5 6 7 8
1 1 15 26
3 3 6 33 19 32 30 10
#c 0 1 2 3 4 3 6 1 0 7 5 2 1 4 0 6 1 7 8 6 2 8 4 3 8 7 5 0 3 2 5 4 5 6 7 8
1 1 25 20
3 3 34 17 9 2 11 29
#c 0 1 2 3 4 3 6 1 0 7 5 2 1 4 0 6 1 7 8 6 7 8 4 3 8 2 5 0 3 2 5 4 5 6 7 8
2 2 35 18 4 31
2 2 24 21 13 22
#c 0 1 2 3 8 3 6 1 0 7 5 2 1 4 0 6 1 7 4 6 7 8 4 3 8 2 5 0 3 2 5 8 5 6 7 4
1 1 8 19
3 3 0 27 14 6 15 33
#c 0 1 2 3 8 3 6 1 0 7 5 2 1 4 0 6 1 7 4 6 7 8 4 3 8 2 5 0 3 2 5 8 5 6 7 4
2 2 12 1 26 32
2 2 16 7 30 10
#c 0 1 2 3 8 3 6 1 0 7 5 2 1 4 0 6 1 7 4 6 7 8 4 3 8 2 5 0 3 2 5 8 5 6 7 4
2 2 11 29 4 21
2 2 2 25 24 31
#c 0 1 2 3 8 3 6 1 0 7 5 2 1 4 0 6 1 7 4 6 7 8 4 3 8 2 5 0 3 2 5 8 5 6 7 4
#c 0 1 2 3 8 3 6 1 0 7 5 2 1 4 0 6 1 7 4 6 7 8 4 3 8 2 5 0 3 2 5 8 5 6 7 4
2 1 18 13 25
2 3 22 35 2 11 29
#c 0 1 2 3 8 3 6 1 0 7 5 2 1 4 0 6 1 7 4 6 7 8 4 3 8 2 5 0 3 2 5 8 5 6 7 4
2 2 30 10 4 21
2 2 32 26 24 31
#c 0 1 2 3 8 3 6 1 0 7 5 2 1 4 0 6 1 7 4 6 7 8 4 3 8 2 5 0 3 2 5 8 5 6 7 4
1 2 19 24 21
3 2 6 15 33 4 31
#c 0 1 2 3 8 3 6 1 0 7 5 2 1 4 0 6 1 7 4 6 7 8 4 3 8 2 5 0 3 2 5 8 5 6 7 4
1 1 17 10
3 3 34 9 20 32 30 26
#c 0 1 2 3 8 3 6 1 0 7 5 2 1 4 0 6 1 7 4 6 7 8 4 3 8 2 5 0 3 2 5 8 5 6 7 4
#c 0 1 2 3 8 3 6 1 0 7 5 2 1 4 0 6 1 7 4 6 7 8 4 3 8 2 5 0 3 2 5 8 5 6 7 4
1 1 8 6
3 3 0 27 14 15 33 19
#c 0 1 2 3 8 3 0 1 6 7 5 2 1 4 0 6 1 7 4 6 7 8 4 3 8 2 5 0 3 2 5 8 5 6 7 4
2 2 12 16 25 11
2 2 1 7 2 29
#c 0 1 2 3 8 3 0 1 6 7 5 2 1 4 0 6 1 7 4 6 7 8 4 3 8 2 5 0 3 2 5 8 5 6 7 4
2 2 29 11 22 18
2 2 2 25 13 35
#c 0 1 2 3 8 3 0 1 6 7 5 2 1 4 0 6 1 7 4 6 7 8 4 3 8 2 5 0 3 2 5 8 5 6 7 4
2 1 23 28 1
2 3 3 5 12 16 7
#c 0 3 2 3 8 3 0 1 6 7 5 2 1 4 0 6 1 7 4 6 7 8 4 1 8 2 5 0 1 2 5 8 5 6 7 4
2 2 35 13 1 5
2 1 22 18 3
#c 0 4 2 3 8 4 0 1 6 7 5 2 1 3 0 6 1 7 4 6 7 8 4 1 8 2 5 0 1 2 5 8 5 6 7 3
2 2 30 10 34 20
2 2 32 26 17 9
#c 0 4 2 3 8 4 0 1 6 7 5 2 1 3 0 6 1 7 4 6 7 8 4 1 8 2 5 0 1 2 5 8 5 6 7 3
#c 0 4 2 3 8 4 0 1 6 7 5 2 1 3 0 6 1 7 4 6 7 8 4 1 8 2 5 0 1 2 5 8 5 6 7 3
2 2 17 20 35 13
2 1 34 9 3
#c 0 4 2 3 8 4 0 1 6 7 5 2 1 3 0 6 1 7 4 6 7 8 4 1 8 2 5 0 1 2 5 8 5 6 7 3
2 2 31 21 22 18
2 2 24 4 1 5
#c 0 4 2 3 8 4 0 1 6 7 5 2 1 3 0 6 1 7 4 6 7 8 4 1 8 2 5 0 1 2 5 8 5 6 7 3
1 1 14 28
3 4 0 27 6 12 16 7 23
#c 0 4 2 3 8 4 0 1 6 7 5 2 1 3 0 6 1 7 4 6 7 8 4 1 8 2 5 0 1 2 5 8 5 6 7 3
1 1 12 35
4 2 16 7 23 28 3 13
#c 0 4 2 3 8 4 0 1 6 7 5 2 3 3 0 6 1 7 4 6 7 8 4 1 8 2 5 0 1 2 5 8 5 6 7 1
2 2 2 11 31 24
2 2 29 25 21 4
#c 0 4 8 3 8 4 0 1 6 7 5 8 3 3 0 6 1 7 4 6 7 8 4 1 2 2 5 0 1 2 5 2 5 6 7 1
1 1 12 34
2 3 3 13 17 9 20
#c 0 4 8 3 8 4 0 1 6 7 5 8 3 3 0 6 1 7 4 6 7 8 4 1 2 2 5 0 1 2 5 2 5 6 7 1
2 3 5 22 32 10 30
2 1 18 1 26
#c 0 4 8 3 8 4 0 1 6 7 5 8 3 3 0 6 1 7 4 6 7 8 4 1 2 2 5 0 1 2 5 2 5 6 7 1
2 2 26 30 9 34
2 2 32 10 17 20
#c 0 4 8 3 8 4 0 1 6 7 5 8 3 3 0 6 1 7 4 6 7 8 4 1 2 2 5 0 1 2 5 2 5 6 7 1
2 2 15 33 34 20
2 2 19 8 17 9
#c 0 4 8 3 8 4 0 1 6 7 5 8 3 3 0 6 1 7 4 6 7 8 4 1 2 2 5 0 1 2 5 2 5 6 7 1
1 1 9 30
3 3 34 17 20 32 10 26
#c 0 4 8 3 8 4 0 1 6 7 5 8 3 3 0 6 1 7 4 6 7 8 4 1 2 2 5 0 1 2 5 2 5 6 7 1
1 1 11 29
3 3 21 4 2 25 31 24
#c 0 4 8 3 8 4 0 1 6 7 5 8 3 3 0 6 1 7 4 6 7 8 4 1 2 2 5 0 1 2 5 2 5 6 7 1
#c 0 4 8 3 8 4 0 1 6 7 5 8 3 3 0 6 1 7 4 6 7 8 4 1 2 2 5 0 1 2 5 2 5 6 7 1
#c 0 4 8 3 8 4 0 1 6 7 5 8 3 3 0 6 1 7 4 6 7 8 4 1 2 2 5 0 1 2 5 2 5 6 7 1
1 1 31 20
3 3 29 25 24 34 17 9
#c 0 4 8 3 8 4 0 1 6 7 5 8 3 3 0 6 1 7 4 6 2 8 4 1 2 2 5 0 1 2 5 7 5 6 7 1
1 1 12 28
2 4 3 13 16 7 23 35
#c 0 4 8 3 8 4 0 1 6 7 5 8 3 3 0 6 1 7 4 6 2 8 4 1 2 2 5 0 1 2 5 7 5 6 7 1
2 2 1 5 17 9
2 2 22 18 34 31
#c 0 4 8 3 8 4 0 1 6 7 5 8 3 3 0 6 1 7 4 6 2 8 4 1 2 2 5 0 1 2 5 7 5 6 7 1
1 1 32 34
3 3 30 10 26 17 9 31
#c 0 4 8 3 8 4 0 1 6 7 5 8 3 3 0 6 1 7 4 6 2 8 4 1 2 2 5 0 1 2 5 7 5 6 7 1
2 2 19 15 13 3
2 1 33 8 12
#c 0 4 8 3 8 4 0 1 6 7 5 8 3 3 0 6 1 7 4 6 2 8 4 1 2 2 5 0 1 2 5 7 5 6 7 1
1 1 31 22
3 3 34 17 9 18 1 5
#c 0 4 8 3 8 4 0 1 6 7 5 8 3 3 0 6 1 7 4 6 2 8 4 1 2 2 5 0 1 2 5 7 5 6 7 1
3 3 21 2 11 32 10 26
#c 0 4 8 3 8 4 0 1 6 7 5 8 3 3 0 6 1 7 4 6 2 8 4 1 2 2 5 0 1 2 5 7 5 6 7 1
1 1 6 31
3 3 0 27 14 34 17 9
#c 0 4 8 3 8 4 7 1 6 7 5 8 3 3 0 6 1 7 4 6 2 8 4 1 2 2 5 0 1 2 5 0 5 6 7 1
1 1 7 27
4 3 16 23 28 35 0 14 31
#c 0 4 8 3 8 4 7 1 6 7 5 8 3 3 0 6 1 7 4 6 2 8 4 1 2 2 5 0 1 2 5 0 5 6 7 1
1 1 20 4
3 3 29 25 24 21 2 11
#c 0 4 8 3 8 4 7 1 6 7 5 8 3 3 0 6 1 7 4 6 2 8 4 1 2 2 5 0 1 2 5 0 5 6 7 1
1 1 3 33
2 3 13 12 15 19 8
#c 0 4 8 3 8 4 7 1 6 7 5 8 3 3 0 6 1 7 4 6 2 8 4 1 2 2 5 0 1 2 5 0 5 6 7 1
2 1 1 5 12
2 2 22 18 3 13
#c 0 4 8 3 8 4 7 1 6 7 5 8 3 3 0 6 1 7 4 6 2 8 4 1 2 2 5 0 1 2 5 0 5 6 7 1
1 1 26 20
3 3 32 30 10 29 25 24
#c 0 4 8 3 8 4 7 1 6 7 5 8 3 3 0 6 1 7 4 6 5 8 4 1 2 2 2 0 1 2 5 0 5 6 7 1
0 4 8 3 8 4 7 1 6 7 5 8 3 3 0 6 1 7 4 6 5 8 4 1 2 2 2 0 1 2 5 0 5 6 7 1
