#c 0 1 2 3 4 5 6 7 8 9 10 11 12 13 14 15 16 0 1 2 3 4 5 6 7 8 9 10 11 12 13 14 15 16 0 1 2 3 4 5 6 7 8 9 10 11 12 13 14 15 16 0 1 2 3 4 5 6 7 8 9 10 11 12 13 14 15 16 0 1 2 3 4 5 6 7 8 9 10 11 12 13 14 15 16 0 1 2
3 3 86 52 35 28 45 62
3 2 1 18 69 11 79
#c 0 1 2 3 4 5 6 7 8 9 10 11 12 13 14 15 16 0 1 2 3 4 5 6 7 8 9 10 11 12 13 14 15 16 0 1 2 3 4 5 6 7 8 9 10 11 12 13 14 15 16 0 1 2 3 4 5 6 7 8 9 10 11 12 13 14 15 16 0 1 2 3 4 5 6 7 8 9 10 11 12 13 14 15 16 0 1 2
2 2 87 53 72 38
4 3 2 19 36 70 4 21 55
#c 0 1 2 3 4 5 6 7 8 9 10 11 12 13 14 15 16 0 1 2 3 4 5 6 7 8 9 10 11 12 13 14 15 16 0 1 2 3 2 5 6 7 8 9 10 11 12 13 14 15 16 0 1 4 3 4 5 6 7 8 9 10 11 12 13 14 15 16 0 1 2 3 2 5 6 7 8 9 10 11 12 13 14 15 16 0 1 4
1 1 37 15
4 4 3 20 54 71 32 49 66 83
#c 0 1 2 3 4 5 6 7 8 9 10 11 12 13 14 15 16 0 1 2 3 4 5 6 7 8 9 10 11 12 13 14 15 16 0 1 2 3 2 5 6 7 8 9 10 11 12 13 14 15 16 0 1 4 3 4 5 6 7 8 9 10 11 12 13 14 15 16 0 1 2 3 2 5 6 7 8 9 10 11 12 13 14 15 16 0 1 4
2 2 55 53 59 8
3 3 4 21 87 25 42 76
#c 0 1 2 3 4 5 6 7 8 9 10 11 12 13 14 15 16 0 1 2 3 4 5 6 7 8 9 10 11 12 13 14 15 16 0 1 2 3 2 5 6 7 8 9 10 11 12 13 14 15 16 0 1 4 3 4 5 6 7 8 9 10 11 12 13 14 15 16 0 1 2 3 2 5 6 7 8 9 10 11 12 13 14 15 16 0 1 4
2 2 73 56 19 38
3 4 5 22 39 2 36 70 72
#c 0 1 2 3 4 5 6 7 8 9 10 11 12 13 14 15 16 0 1 2 3 4 5 6 7 8 9 10 11 12 13 14 15 16 0 1 2 3 2 5 6 7 8 9 10 11 12 13 14 15 16 0 1 4 3 4 5 6 7 8 9 10 11 12 13 14 15 16 0 1 2 3 2 5 6 7 8 9 10 11 12 13 14 15 16 0 1 4
1 1 74 18
4 5 6 23 40 57 1 35 52 69 86
#c 0 1 2 3 4 5 6 7 8 9 10 11 12 13 14 15 16 0 1 2 3 4 5 6 7 8 9 10 11 12 13 14 15 16 0 1 2 3 2 5 6 7 8 9 10 11 12 13 14 15 16 0 1 4 3 4 5 6 7 8 9 10 11 12 13 14 15 16 0 1 2 3 2 5 6 7 8 9 10 11 12 13 14 15 16 0 1 4
1 1 41 23
4 4 7 24 58 75 6 40 57 74
#c 0 1 2 3 4 5 6 7 8 9 10 11 12 13 14 15 16 0 1 2 3 4 5 6 7 8 9 10 11 12 13 14 15 16 0 1 2 3 2 5 6 7 8 9 10 11 12 13 14 15 16 0 1 4 3 4 5 6 7 8 9 10 11 12 13 14 15 16 0 1 2 3 2 5 6 7 8 9 10 11 12 13 14 15 16 0 1 4
2 3 59 25 48 65 14
3 2 8 42 76 31 82
#c 0 1 2 3 4 5 6 7 8 9 10 11 12 13 8 15 16 0 1 2 3 4 5 6 7 14 9 10 11 12 13 14 15 16 0 1 2 3 2 5 6 7 8 9 10 11 12 13 8 15 16 0 1 4 3 4 5 6 7 14 9 10 11 12 13 8 15 16 0 1 2 3 2 5 6 7 8 9 10 11 12 13 14 15 16 0 1 4
1 1 77 47
4 4 9 26 43 60 13 30 64 81
#c 0 1 2 3 4 5 6 7 8 9 10 11 12 13 8 15 16 0 1 2 3 4 5 6 7 14 9 10 11 12 13 14 15 16 0 1 2 3 2 5 6 7 8 9 10 11 12 9 8 15 16 0 1 4 3 4 5 6 7 14 9 10 11 12 13 8 15 16 0 1 2 3 2 5 6 7 8 13 10 11 12 13 14 15 16 0 1 4
2 2 10 27 41 24
3 3 44 61 78 7 58 75
#c 0 1 2 3 4 5 6 7 8 9 7 11 12 13 8 15 16 0 1 2 3 4 5 6 10 14 9 7 11 12 13 14 15 16 0 1 2 3 2 5 6 10 8 9 10 11 12 9 8 15 16 0 1 4 3 4 5 6 7 14 9 10 11 12 13 8 15 16 0 1 2 3 2 5 6 7 8 13 10 11 12 13 14 15 16 0 1 4
2 2 28 11 60 47
3 3 45 62 79 9 26 43
#c 0 1 2 3 4 5 6 7 8 9 7 9 12 13 8 15 16 0 1 2 3 4 5 6 10 14 9 7 9 12 13 14 15 16 0 1 2 3 2 5 6 10 8 9 10 11 12 11 8 15 16 0 1 4 3 4 5 6 7 14 11 10 11 12 13 8 15 16 0 1 2 3 2 5 6 7 8 13 10 11 12 13 14 15 16 0 1 4
2 3 63 29 3 54 37
3 2 12 46 80 20 71
#c 0 1 2 12 4 5 6 7 8 9 7 9 12 13 8 15 16 0 1 2 3 4 5 6 10 14 9 7 9 3 13 14 15 16 0 1 2 12 2 5 6 10 8 9 10 11 12 11 8 15 16 0 1 4 12 4 5 6 7 14 11 10 11 3 13 8 15 16 0 1 2 3 2 5 6 7 8 13 10 11 12 13 14 15 16 0 1 4
1 1 81 60
4 4 13 30 64 77 45 62 79 47
#c 0 1 2 12 4 5 6 7 8 9 7 9 12 13 8 15 16 0 1 2 3 4 5 6 10 14 9 7 9 3 13 14 15 16 0 1 2 12 2 5 6 10 8 9 10 11 12 11 8 15 16 0 1 4 12 4 5 6 7 14 11 10 11 3 13 8 15 16 0 1 2 3 2 5 6 7 8 13 10 11 12 13 14 15 16 0 1 4
2 2 25 31 28 26
2 3 82 59 9 43 11
#c 0 1 2 12 4 5 6 7 8 9 7 9 12 13 8 15 16 0 1 2 3 4 5 6 10 14 9 7 9 3 13 14 15 16 0 1 2 12 2 5 6 10 8 9 10 11 12 11 8 15 16 0 1 4 12 4 5 6 7 14 11 10 11 3 13 8 15 16 0 1 2 3 2 5 6 7 8 13 10 11 12 13 14 15 16 0 1 4
2 2 49 32 20 29
3 2 15 66 83 71 63
#c 0 1 2 12 4 5 6 7 8 9 7 9 12 13 8 15 16 0 1 2 3 4 5 6 10 14 9 7 9 3 13 14 15 16 0 1 2 12 2 5 6 10 8 9 10 11 12 11 8 15 16 0 1 4 12 4 5 6 7 14 11 10 11 3 13 8 15 16 0 1 2 3 2 5 6 7 8 13 10 11 12 13 14 15 16 0 1 4
2 2 16 50 9 26
3 3 33 67 84 43 28 11
#c 0 1 2 12 4 5 6 7 8 9 7 9 12 13 8 15 16 0 1 2 3 4 5 6 10 14 9 7 9 3 13 14 15 16 0 1 2 12 2 5 6 10 8 9 10 11 12 11 8 15 16 0 1 4 12 4 5 6 7 14 11 10 11 3 13 8 15 16 0 1 2 3 2 5 6 7 8 13 10 11 12 13 14 15 16 0 1 4
2 2 51 34 81 13
4 3 0 17 68 85 30 64 77
#c 0 1 2 12 4 5 6 7 8 9 7 9 12 0 8 15 16 0 1 2 3 4 5 6 10 14 9 7 9 3 13 14 15 16 13 1 2 12 2 5 6 10 8 9 10 11 12 11 8 15 16 13 1 4 12 4 5 6 7 14 11 10 11 3 13 8 15 16 0 1 2 3 2 5 6 7 8 13 10 11 12 0 14 15 16 0 1 4
2 2 1 86 68 85
4 4 18 35 52 69 0 17 81 13
#c 0 1 2 12 4 5 6 7 8 9 7 9 12 0 8 15 16 0 1 2 3 4 5 6 10 14 9 7 9 3 13 14 15 16 13 1 2 12 2 5 6 10 8 9 10 11 12 11 8 15 16 13 1 4 12 4 5 6 7 14 11 10 11 3 13 8 15 16 0 1 2 3 2 5 6 7 8 13 10 11 12 0 14 15 16 0 1 4
3 3 2 36 19 33 16 84
3 2 70 72 38 50 67
#c 0 1 2 12 4 5 6 7 8 9 7 9 12 0 8 15 16 0 1 2 3 4 5 6 10 14 9 7 9 3 13 14 15 16 13 1 2 12 2 5 6 10 8 9 10 11 12 11 8 15 16 13 1 4 12 4 5 6 7 14 11 10 11 3 13 8 15 16 0 1 2 3 2 5 6 7 8 13 10 11 12 0 14 15 16 0 1 4
1 2 71 38 2
3 4 20 63 29 19 36 70 72
#c 0 1 2 12 4 5 6 7 8 9 7 9 12 0 8 15 16 0 1 2 3 4 5 6 10 14 9 7 9 3 13 14 15 16 13 1 2 12 2 5 6 10 8 9 10 11 12 11 8 15 16 13 1 4 12 4 5 6 7 14 11 10 11 3 13 8 15 16 0 1 2 3 2 5 6 7 8 13 10 11 12 0 14 15 16 0 1 4
1 1 87 47
4 4 4 21 55 53 45 62 79 60
#c 0 1 2 12 4 5 6 7 8 9 7 9 12 0 8 15 16 0 1 2 3 4 5 6 10 14 9 7 9 3 13 14 15 16 13 1 2 12 2 5 6 10 8 9 10 11 12 4 8 15 16 13 1 4 12 4 5 6 7 14 11 10 11 3 13 8 15 16 0 1 2 3 2 5 6 7 8 13 10 11 12 0 14 15 16 0 1 11
1 1 73 50
4 4 5 22 39 56 16 33 67 84
#c 0 1 2 12 4 5 6 7 8 9 7 9 12 0 8 15 16 0 1 2 3 4 5 6 10 14 9 7 9 3 13 14 15 16 13 1 2 12 2 5 6 10 8 9 10 11 12 4 8 15 16 13 1 4 12 4 5 6 7 14 11 10 11 3 13 8 15 16 0 1 2 3 2 5 6 7 8 13 10 11 12 0 14 15 16 0 1 11
1 1 23 56
4 4 6 40 57 74 5 22 39 73
#c 0 1 2 12 4 5 6 7 8 9 7 9 12 0 8 15 16 0 1 2 3 4 5 6 10 14 9 7 9 3 13 14 15 16 13 1 2 12 2 5 6 10 8 9 10 11 12 4 8 15 16 13 1 4 12 4 5 6 7 14 11 10 11 3 13 8 15 16 0 1 2 3 2 5 6 7 8 13 10 11 12 0 14 15 16 0 1 11
#c 0 1 2 12 4 5 6 7 8 9 7 9 12 0 8 15 16 0 1 2 3 4 5 6 10 14 9 7 9 3 13 14 15 16 13 1 2 12 2 5 6 10 8 9 10 11 12 4 8 15 16 13 1 4 12 4 5 6 7 14 11 10 11 3 13 8 15 16 0 1 2 3 2 5 6 7 8 13 10 11 12 0 14 15 16 0 1 11
1 1 8 73
5 4 42 76 48 65 14 5 22 39 56
#c 0 1 2 12 4 5 6 7 5 9 7 9 12 0 8 15 16 0 1 2 3 4 5 6 10 14 9 7 9 3 13 14 15 16 13 1 2 12 2 5 6 10 8 9 10 11 12 4 8 15 16 13 1 4 12 4 5 6 7 14 11 10 11 3 13 8 15 16 0 1 2 3 2 8 6 7 8 13 10 11 12 0 14 15 16 0 1 11
1 1 9 82
4 3 26 43 28 11 31 59 25
#c 0 1 2 12 4 5 6 7 5 9 7 9 12 0 8 15 16 0 1 2 3 4 5 6 10 14 9 7 9 3 13 14 15 16 13 1 2 12 2 5 6 10 8 9 10 11 12 4 8 15 16 13 1 4 12 4 5 6 7 14 11 10 11 3 13 8 15 16 0 1 2 3 2 8 6 7 8 13 10 11 12 0 14 15 16 0 1 11
#c 0 1 2 12 4 5 6 7 5 9 7 9 12 0 8 15 16 0 1 2 3 4 5 6 10 14 9 7 9 3 13 14 15 16 13 1 2 12 2 5 6 10 8 9 10 11 12 4 8 15 16 13 1 4 12 4 5 6 7 14 11 10 11 3 13 8 15 16 0 1 2 3 2 8 6 7 8 13 10 11 12 0 14 15 16 0 1 11
1 1 45 35
4 5 62 79 60 87 1 18 52 69 86
#c 0 1 2 12 4 5 6 7 5 9 7 9 12 0 8 15 16 0 1 2 3 4 5 6 10 14 9 7 9 3 13 14 15 16 13 1 2 12 2 5 6 10 8 9 10 11 12 4 8 15 16 13 1 4 12 4 5 6 7 14 11 10 11 3 13 8 15 16 0 1 2 3 2 8 6 7 8 13 10 11 12 0 14 15 16 0 1 11
1 1 12 22
5 4 46 80 3 54 37 5 39 56 8
#c 0 1 2 12 4 5 6 7 5 9 7 9 5 0 8 15 16 0 1 2 3 4 12 6 10 14 9 7 9 3 13 14 15 16 13 1 2 12 2 5 6 10 8 9 10 11 12 4 8 15 16 13 1 4 12 4 5 6 7 14 11 10 11 3 13 8 15 16 0 1 2 3 2 8 6 7 8 13 10 11 12 0 14 15 16 0 1 11
1 1 34 56
4 4 30 64 77 51 5 39 8 12
#c 0 1 2 12 4 5 6 7 5 9 7 9 5 0 8 15 16 0 1 2 3 4 12 6 10 14 9 7 9 3 13 14 15 16 13 1 2 12 2 5 6 10 8 9 10 11 12 4 8 15 16 13 1 4 12 4 5 6 7 14 11 10 11 3 13 8 15 16 0 1 2 3 2 8 6 7 8 13 10 11 12 0 14 15 16 0 1 11
2 2 25 82 36 2
2 4 31 59 19 70 72 38
#c 0 1 14 12 4 5 6 7 5 9 7 9 5 0 8 15 16 0 1 2 3 4 12 6 10 2 9 7 9 3 13 14 15 16 13 1 14 12 2 5 6 10 8 9 10 11 12 4 8 15 16 13 1 4 12 4 5 6 7 14 11 10 11 3 13 8 15 16 0 1 2 3 2 8 6 7 8 13 10 11 12 0 2 15 16 0 1 11
1 1 32 73
4 5 15 49 66 83 42 76 48 65 14
#c 0 1 14 12 4 5 6 7 5 9 7 9 5 0 8 15 16 0 1 2 3 4 12 6 10 2 9 7 9 3 13 14 15 16 13 1 14 12 2 5 6 10 8 9 10 11 12 4 8 15 16 13 1 4 12 4 5 6 7 14 11 10 11 3 13 8 15 16 0 1 2 3 2 8 6 7 8 13 10 11 12 0 2 15 16 0 1 11
2 2 84 33 3 54
3 4 16 50 67 46 80 37 22
#c 0 1 14 12 4 5 6 7 5 9 7 9 5 0 8 15 16 0 1 2 3 4 12 6 10 2 9 7 9 3 13 14 15 16 13 1 14 12 2 5 6 10 8 9 10 11 12 4 8 15 16 13 1 4 12 4 5 6 7 14 11 10 11 3 13 8 15 16 0 1 2 3 2 8 6 7 8 13 10 11 12 0 2 15 16 0 1 11
3 3 0 13 17 48 14 42
3 3 68 85 81 76 65 73
#c 8 1 14 12 4 5 6 7 5 9 7 9 5 8 0 15 16 8 1 2 3 4 12 6 10 2 9 7 9 3 13 14 15 16 13 1 14 12 2 5 6 10 0 9 10 11 12 4 0 15 16 13 1 4 12 4 5 6 7 14 11 10 11 3 13 8 15 16 0 1 2 3 2 8 6 7 8 13 10 11 12 0 2 15 16 0 1 11
#c 8 1 14 12 4 5 6 7 5 9 7 9 5 8 0 15 16 8 1 2 3 4 12 6 10 2 9 7 9 3 13 14 15 16 13 1 14 12 2 5 6 10 0 9 10 11 12 4 0 15 16 13 1 4 12 4 5 6 7 14 11 10 11 3 13 8 15 16 0 1 2 3 2 8 6 7 8 13 10 11 12 0 2 15 16 0 1 11
1 1 70 1
5 5 19 72 38 25 82 18 35 52 69 86
#c 8 1 14 12 4 5 6 7 5 9 7 9 5 8 0 15 16 8 1 2 3 4 12 6 10 2 9 7 9 3 13 14 15 16 13 1 14 12 2 5 6 10 0 9 10 11 12 4 0 15 16 13 1 4 12 4 5 6 7 14 11 10 11 3 13 8 15 16 0 1 2 3 2 8 6 7 8 13 10 11 12 0 2 15 16 0 1 11
2 2 29 63 3 46
2 4 20 71 80 54 37 22
#c 8 1 14 12 4 5 6 7 5 9 7 9 5 8 0 15 16 8 1 2 3 4 12 6 10 2 9 7 9 3 13 14 15 16 13 1 14 12 2 5 6 10 0 9 10 11 12 4 0 15 16 13 1 4 12 4 5 6 7 14 11 10 11 3 13 8 15 16 0 1 2 3 2 8 6 7 8 13 10 11 12 0 2 15 16 0 1 11
2 3 4 55 64 77 51
3 2 21 53 47 30 34
#c 8 1 14 12 4 5 6 7 5 9 7 9 5 8 0 15 16 8 1 2 3 4 12 6 10 2 9 7 9 3 13 14 15 16 13 1 14 12 2 5 6 10 0 9 10 11 12 4 0 15 16 13 1 4 12 4 5 6 7 14 11 10 11 3 13 8 15 16 0 1 2 3 2 8 6 7 8 13 10 11 12 0 2 15 16 0 1 11
#c 8 1 14 12 4 5 6 7 5 9 7 9 5 8 0 15 16 8 1 2 3 4 12 6 10 2 9 7 9 3 13 14 15 16 13 1 14 12 2 5 6 10 0 9 10 11 12 4 0 15 16 13 1 4 12 4 5 6 7 14 11 10 11 3 13 8 15 16 0 1 2 3 2 8 6 7 8 13 10 11 12 0 2 15 16 0 1 11
1 1 6 2
4 3 23 40 57 74 31 59 36
#c 8 1 14 12 4 5 6 7 5 9 7 9 5 8 0 15 16 8 1 2 3 4 12 6 10 2 9 7 9 3 13 14 15 16 13 1 14 12 2 5 6 10 0 9 10 11 12 4 0 15 16 13 1 4 12 4 5 6 7 14 11 10 11 3 13 8 15 16 0 1 2 3 2 8 6 7 8 13 10 11 12 0 2 15 16 0 1 11
1 1 75 72
4 5 7 58 10 27 19 70 38 25 82
#c 8 1 14 12 4 5 6 7 5 9 7 9 5 8 0 15 16 8 1 2 3 4 12 6 10 2 9 7 9 3 13 14 15 16 13 1 14 12 2 5 6 10 0 9 10 11 12 4 0 15 16 13 1 4 12 4 5 6 7 14 11 10 11 3 13 8 15 16 0 1 2 3 7 8 6 2 8 13 10 11 12 0 2 15 16 0 1 11
2 2 13 76 21 4
4 3 65 73 0 17 55 53 47
#c 8 1 14 12 4 5 6 7 5 9 7 9 5 8 0 15 16 8 1 2 3 4 12 6 10 2 9 7 9 3 13 14 15 16 13 1 14 12 2 5 6 10 0 9 10 11 12 4 0 15 16 13 1 4 12 4 5 6 7 14 11 10 11 3 13 8 15 16 0 1 2 3 7 8 6 2 8 13 10 11 12 0 2 15 16 0 1 11
2 2 28 26 16 33
3 3 9 43 11 50 67 84
#c 8 1 14 12 4 5 6 7 5 9 7 9 5 8 0 15 16 8 1 2 3 4 12 6 10 2 9 7 9 3 13 14 15 16 13 1 14 12 2 5 6 10 0 9 10 11 12 4 0 15 16 13 1 4 12 4 5 6 7 14 11 10 11 3 13 8 15 16 0 1 2 3 7 8 6 2 8 13 10 11 12 0 2 15 16 0 1 11
2 2 41 24 9 28
3 3 44 61 78 26 43 11
#c 8 1 14 12 4 5 6 7 5 10 7 9 5 8 0 15 16 8 1 2 3 4 12 6 9 2 9 7 10 3 13 14 15 16 13 1 14 12 2 5 6 9 0 9 10 11 12 4 0 15 16 13 1 4 12 4 5 6 7 14 11 10 11 3 13 8 15 16 0 1 2 3 7 8 6 2 8 13 10 11 12 0 2 15 16 0 1 11
1 1 60 11
4 4 45 62 79 87 26 43 41 24
#c 8 1 14 12 4 5 6 7 5 10 7 9 5 8 0 15 16 8 1 2 3 4 12 6 9 2 9 7 10 3 13 14 15 16 13 1 14 12 2 5 6 9 0 9 10 11 12 4 0 15 16 13 1 4 12 4 5 6 7 14 11 10 11 3 13 8 15 16 0 1 2 3 7 8 6 2 8 13 10 11 12 0 2 15 16 0 1 11
1 1 54 6
5 4 46 80 3 37 22 23 40 57 74
#c 8 1 14 12 4 5 6 7 5 10 7 9 5 8 0 15 16 8 1 2 3 4 12 6 9 2 9 7 10 3 13 14 15 16 13 1 14 12 2 5 6 9 0 9 10 11 12 4 0 15 16 13 1 4 12 4 5 6 7 14 11 10 11 3 13 8 15 16 0 1 2 3 7 8 6 2 8 13 10 11 12 0 2 15 16 0 1 11
1 1 34 74
4 4 30 64 77 51 6 23 40 57
#c 8 1 14 12 4 5 6 7 5 10 7 9 5 8 0 15 16 8 1 2 3 4 12 6 9 2 9 7 10 3 13 14 15 16 13 1 14 12 2 5 6 9 0 9 10 11 12 4 0 15 16 13 1 4 12 4 5 6 7 14 11 10 11 3 13 8 15 16 0 1 2 3 7 8 6 2 8 13 10 11 12 0 2 15 16 0 1 11
#c 8 1 14 12 4 5 6 7 5 10 7 9 5 8 0 15 16 8 1 2 3 4 12 6 9 2 9 7 10 3 13 14 15 16 13 1 14 12 2 5 6 9 0 9 10 11 12 4 0 15 16 13 1 4 12 4 5 6 7 14 11 10 11 3 13 8 15 16 0 1 2 3 7 8 6 2 8 13 10 11 12 0 2 15 16 0 1 11
1 1 32 29
4 3 15 49 66 83 20 71 63
#c 8 1 14 12 4 5 6 7 5 10 7 9 5 8 0 15 16 8 1 2 3 4 12 6 9 2 9 7 10 3 13 14 15 16 13 1 14 12 2 5 6 9 0 9 10 11 12 4 0 15 16 13 1 4 12 4 5 6 7 14 11 10 11 3 13 8 15 16 0 1 2 3 7 8 6 2 8 13 10 11 12 0 2 15 16 0 1 11
2 1 50 84 62
3 4 16 33 67 45 79 60 87
#c 8 1 14 12 4 5 6 7 5 10 7 9 5 8 0 15 16 8 1 2 3 4 12 6 9 2 9 7 10 3 13 14 15 16 13 1 14 12 2 5 6 9 0 9 10 11 12 4 0 15 16 13 1 4 12 4 5 6 7 14 11 10 11 3 13 8 15 16 0 1 2 3 7 8 6 2 8 13 10 11 12 0 2 15 16 0 1 11
3 3 85 81 68 27 7 58
3 2 48 14 42 10 72
#c 8 1 14 12 4 5 6 0 5 10 7 9 5 8 0 15 16 8 1 2 3 4 12 6 9 2 9 0 10 3 13 14 15 16 13 1 14 12 2 5 6 9 0 9 10 11 12 4 0 15 16 13 1 4 12 4 5 6 0 14 11 10 11 3 13 8 15 16 7 1 2 3 7 8 6 2 8 13 10 11 12 7 2 15 16 7 1 11
1 1 1 8
5 4 18 35 52 69 86 5 39 56 12
#c 8 1 14 12 4 5 6 0 5 10 7 9 5 8 0 15 16 8 1 2 3 4 12 6 9 2 9 0 10 3 13 14 15 16 13 1 14 12 2 5 6 9 0 9 10 11 12 4 0 15 16 13 1 4 12 4 5 6 0 14 11 10 11 3 13 8 15 16 7 1 2 3 7 8 6 2 8 13 10 11 12 7 2 15 16 7 1 11
3 3 82 75 25 22 46 80
3 3 19 70 38 3 54 37
#c 8 1 14 12 4 5 6 0 5 10 7 9 5 8 0 15 16 8 1 2 3 4 2 6 9 12 9 0 10 3 13 14 15 16 13 1 14 12 2 5 6 9 0 9 10 11 2 4 0 15 16 13 1 4 12 4 5 6 0 14 11 10 11 3 13 8 15 16 7 1 2 3 7 8 6 12 8 13 10 11 2 7 12 15 16 7 1 11
1 1 29 78
3 4 20 71 63 44 61 9 28
#c 8 1 14 12 4 5 6 0 5 10 7 9 5 8 0 15 16 8 1 2 3 4 2 6 9 12 9 0 10 3 13 14 15 16 13 1 14 12 2 5 6 9 0 9 10 11 2 4 0 15 16 13 1 4 12 4 5 6 0 14 11 10 11 3 13 8 15 16 7 1 2 3 7 8 6 12 8 13 10 11 2 7 12 15 16 7 1 11
2 2 55 53 69 18
3 4 4 21 47 1 35 52 86
#c 8 1 14 12 4 5 6 0 5 10 7 9 5 8 0 15 16 8 1 2 3 4 2 6 9 12 9 0 10 3 13 14 15 16 13 1 14 12 2 5 6 9 0 9 10 11 2 4 0 15 16 13 1 4 12 4 5 6 0 14 11 10 11 3 13 8 15 16 7 1 2 3 7 8 6 12 8 13 10 11 2 7 12 15 16 7 1 11
2 2 8 39 10 85
3 3 5 56 12 72 81 68
#c 8 1 14 12 4 5 6 0 5 10 7 9 5 8 0 15 16 8 1 2 3 4 2 6 9 12 9 0 10 3 13 14 15 16 13 1 14 12 2 5 6 9 0 9 10 11 2 4 0 15 16 13 1 4 12 4 5 6 0 14 11 10 11 3 13 8 15 16 7 1 2 3 7 8 6 12 8 13 10 11 2 7 12 15 16 7 1 11
2 2 57 40 4 53
3 3 6 23 74 21 55 47
#c 8 1 14 12 6 5 6 0 5 10 7 9 5 8 0 15 16 8 1 2 3 4 2 6 9 12 9 0 10 3 13 14 15 16 13 1 14 12 2 5 4 9 0 9 10 11 2 4 0 15 16 13 1 6 12 4 5 4 0 14 11 10 11 3 13 8 15 16 7 1 2 3 7 8 6 12 8 13 10 11 2 7 12 15 16 7 1 11
2 2 68 81 3 37
3 4 10 72 85 54 82 75 25
#c 8 1 14 7 6 5 6 0 5 10 7 9 5 8 0 15 16 8 1 2 3 4 2 6 9 12 9 0 10 3 13 14 15 16 13 1 14 7 2 5 4 9 0 9 10 11 2 4 0 15 16 13 1 6 12 4 5 4 0 14 11 10 11 3 13 8 15 16 12 1 2 3 7 8 6 12 8 13 10 11 2 12 12 15 16 7 1 11
2 4 76 0 47 21 40 55
4 1 65 73 13 17 57
#c 8 1 14 7 6 5 6 0 5 10 7 9 5 8 0 15 16 8 1 2 3 4 2 6 9 12 9 0 10 3 13 14 15 16 13 1 14 7 2 5 4 9 0 9 10 11 2 4 0 15 16 13 1 6 12 4 5 4 0 14 11 10 11 3 13 8 15 16 12 1 2 3 7 8 6 12 8 13 10 11 2 12 12 15 16 7 1 11
#c 8 1 14 7 6 5 6 0 5 10 7 9 5 8 0 15 16 8 1 2 3 4 2 6 9 12 9 0 10 3 13 14 15 16 13 1 14 7 2 5 4 9 0 9 10 11 2 4 0 15 16 13 1 6 12 4 5 4 0 14 11 10 11 3 13 8 15 16 12 1 2 3 7 8 6 12 8 13 10 11 2 12 12 15 16 7 1 11
2 3 44 28 20 63 29
3 1 61 78 9 71
#c 8 1 14 7 6 5 6 0 5 10 7 9 5 8 0 15 16 8 1 2 3 4 2 6 9 12 9 0 10 3 13 14 15 16 13 1 14 7 2 5 4 9 0 9 10 11 2 4 0 15 16 13 1 6 12 4 5 4 0 14 11 10 11 3 13 8 15 16 12 1 2 3 7 8 6 12 8 13 10 11 2 12 12 15 16 7 1 11
1 1 79 39
4 4 45 62 60 87 5 56 8 12
#c 8 1 14 7 6 5 6 0 5 10 7 9 5 8 0 15 16 8 1 2 3 4 2 6 9 12 9 0 10 3 13 14 15 16 13 1 14 7 2 5 4 9 0 9 10 11 2 4 0 15 16 13 1 6 12 4 5 4 0 14 11 10 11 3 13 8 15 16 12 1 2 3 7 8 6 12 8 13 10 11 2 12 12 15 16 7 1 11
3 3 68 81 25 73 76 0
3 3 54 82 75 65 13 17
#c 8 1 14 7 6 5 6 0 5 10 7 9 5 8 0 15 16 8 1 2 3 4 2 6 9 12 9 0 10 3 13 14 15 16 13 1 14 7 2 5 4 9 0 9 10 11 2 4 0 15 16 13 1 6 12 4 5 4 0 14 11 10 11 3 13 8 15 16 12 1 2 3 7 8 6 12 8 13 10 11 2 12 12 15 16 7 1 11
2 2 51 34 32 83
3 3 30 64 77 15 49 66
#c 8 1 14 7 6 5 6 0 5 10 7 9 5 8 0 15 16 8 1 2 3 4 2 6 9 12 9 0 10 3 13 14 15 16 13 1 14 7 2 5 4 9 0 9 10 11 2 4 0 15 16 13 1 6 12 4 5 4 0 14 11 10 11 3 13 8 15 16 12 1 2 3 7 8 6 12 8 13 10 11 2 12 12 15 16 7 1 11
2 2 2 59 14 42
2 4 31 36 48 27 7 58
#c 8 1 14 7 6 5 6 0 5 10 7 9 5 8 0 15 16 8 1 2 3 4 2 6 9 12 9 0 10 3 13 14 15 16 13 1 14 7 2 5 4 9 0 9 10 11 2 4 0 15 16 13 1 6 12 4 5 4 0 14 11 10 11 3 13 8 15 16 12 1 2 3 7 8 6 12 8 13 10 11 2 12 12 15 16 7 1 11
2 1 32 15 81
3 5 49 66 83 54 82 75 25 68
#c 8 1 14 7 6 5 6 0 5 10 7 9 5 8 0 15 16 8 1 2 3 4 2 6 9 12 9 0 10 3 13 14 15 16 13 1 14 7 2 5 4 9 0 9 10 11 2 4 0 15 16 13 1 6 12 4 5 4 0 14 11 10 11 3 13 8 15 16 12 1 2 3 7 8 6 12 8 13 10 11 2 12 12 15 16 7 1 11
2 2 84 33 4 74
3 3 16 50 67 6 23 53
#c 8 1 14 7 6 5 6 0 5 10 7 9 5 8 0 15 16 8 1 2 3 4 2 6 9 12 9 0 10 3 13 14 15 16 13 1 14 7 2 5 4 9 0 9 10 11 2 4 0 15 16 13 1 6 12 4 5 4 0 14 11 10 11 3 13 8 15 16 12 1 2 3 7 8 6 12 8 13 10 11 2 12 12 15 16 7 1 11
2 1 58 7 21
4 4 48 14 42 27 55 47 57 40
#c 8 1 14 7 6 5 6 0 5 10 7 9 5 8 0 15 16 8 1 2 3 4 2 6 9 12 9 0 10 3 13 14 15 16 13 1 14 7 2 5 4 9 0 9 10 11 2 4 0 15 16 13 1 6 12 4 5 4 0 14 11 10 11 3 13 8 15 16 12 1 2 3 7 8 6 12 8 13 10 11 2 12 12 15 16 7 1 11
1 1 86 62
5 4 1 18 35 52 69 45 79 60 87
#c 8 1 14 7 6 5 6 0 5 10 7 9 5 8 0 15 16 8 1 2 3 4 2 6 9 12 9 0 10 3 13 14 15 16 13 1 14 7 2 5 4 9 0 9 10 11 2 4 0 15 16 13 1 6 12 4 5 4 0 14 11 10 1 3 13 8 15 16 12 1 2 3 7 8 6 12 8 13 10 11 2 12 12 15 16 7 11 11
3 2 19 22 46 67 16
3 3 70 38 80 33 50 84
#c 8 1 14 7 6 5 6 0 5 10 7 9 5 8 0 15 16 8 1 2 3 4 2 6 9 12 9 0 10 3 13 14 15 16 13 1 14 7 2 5 4 9 0 9 10 11 2 4 0 15 16 13 1 6 12 4 5 4 0 14 11 10 1 3 13 8 15 16 12 1 2 3 7 8 6 12 8 13 10 11 2 12 12 15 16 7 11 11
2 2 63 29 46 80
2 4 20 71 19 70 38 22
#c 8 1 14 7 6 5 6 0 5 10 7 9 5 8 0 15 16 8 1 2 3 4 2 6 9 12 9 0 10 3 13 14 15 16 13 1 14 7 2 5 4 9 0 9 10 11 2 4 0 15 16 13 1 6 12 4 5 4 0 14 11 10 1 3 13 8 15 16 12 1 2 3 7 8 6 12 8 13 10 11 2 12 12 15 16 7 11 11
1 1 21 25
4 5 55 47 57 40 54 82 75 68 81
#c 8 1 14 7 6 5 6 0 5 10 7 9 5 8 0 15 16 8 1 2 3 4 2 6 9 12 9 0 10 3 13 14 15 16 13 1 14 7 2 5 4 9 0 9 10 11 2 4 0 15 16 13 1 6 12 4 5 4 0 14 11 10 1 3 13 8 15 16 12 1 2 3 7 8 6 12 8 13 10 11 2 12 12 15 16 7 11 11
2 2 8 12 28 44
3 3 5 39 56 61 78 9
#c 8 1 14 7 6 5 6 0 5 10 7 9 5 8 0 15 16 8 1 2 3 4 2 6 9 12 9 0 10 3 13 14 15 16 13 1 14 7 2 5 4 9 0 9 10 11 2 4 0 15 16 13 1 6 12 4 5 4 0 14 11 10 1 3 13 8 15 16 12 1 2 3 7 8 6 12 8 13 10 11 2 12 12 15 16 7 11 11
2 3 4 53 32 15 49
3 2 6 23 74 66 83
#c 8 1 14 7 6 5 6 0 5 10 7 9 5 8 0 15 16 8 1 2 3 4 2 6 9 12 9 0 10 3 13 14 15 16 13 1 14 7 2 5 4 9 0 9 10 11 2 4 0 15 16 13 1 6 12 4 5 4 0 14 11 10 1 3 13 8 15 16 12 1 2 3 7 8 6 12 8 13 10 11 2 12 12 15 16 7 11 11
1 1 3 30
4 4 10 72 85 37 64 77 51 34
#c 8 1 14 7 6 5 6 0 5 10 7 9 5 8 0 15 16 8 1 2 3 4 2 6 9 12 9 0 10 3 13 14 15 16 13 1 14 7 2 5 4 9 0 9 10 11 2 4 0 15 16 13 1 6 12 4 5 4 0 14 11 10 1 3 13 8 15 16 12 1 2 3 7 8 6 12 8 13 10 11 2 12 12 15 16 7 11 11
2 2 0 76 45 79
4 3 65 73 13 17 60 87 86
#c 8 1 14 7 6 5 6 0 5 10 7 9 5 8 0 15 16 8 1 2 3 4 2 6 9 12 9 0 10 3 13 14 15 16 13 1 14 7 2 5 4 9 0 9 10 11 2 4 0 15 16 13 1 6 12 4 5 4 0 14 11 10 1 3 13 8 15 16 12 1 2 3 7 8 6 12 8 13 10 11 2 12 12 15 16 7 11 11
1 1 41 0
4 5 26 43 11 24 76 65 73 13 17
#c 9 1 14 7 6 5 6 0 5 10 7 9 5 8 0 15 16 8 1 2 3 4 2 6 9 12 9 0 10 3 13 14 15 16 13 1 14 7 2 5 4 8 0 9 10 11 2 4 0 15 16 13 1 6 12 4 5 4 0 14 11 10 1 3 13 8 15 16 12 1 2 3 7 8 6 12 8 13 10 11 2 12 12 15 16 7 11 11
1 1 61 34
4 4 44 78 9 28 30 64 77 51
#c 9 1 14 7 6 5 6 0 5 10 7 9 5 8 0 15 16 8 1 2 3 4 2 6 9 12 9 0 10 3 13 14 15 16 13 1 14 7 2 5 4 8 0 9 10 11 2 4 0 15 16 13 1 6 12 4 5 4 0 14 11 10 1 3 13 8 15 16 12 1 2 3 7 8 6 12 8 13 10 11 2 12 12 15 16 7 11 11
2 3 45 86 58 48 27
3 3 79 60 87 14 42 7
#c 9 1 14 7 6 5 6 0 5 10 7 9 5 8 0 15 16 8 1 2 3 4 2 6 9 12 9 0 10 3 13 14 15 16 13 1 14 7 2 5 4 8 0 9 10 11 2 4 0 15 16 13 1 6 12 4 5 4 0 14 11 10 1 3 13 8 15 16 12 1 2 3 7 8 6 12 8 13 10 11 2 12 12 15 16 7 11 11
#c 9 1 14 7 6 5 6 0 5 10 7 9 5 8 0 15 16 8 1 2 3 4 2 6 9 12 9 0 10 3 13 14 15 16 13 1 14 7 2 5 4 8 0 9 10 11 2 4 0 15 16 13 1 6 12 4 5 4 0 14 11 10 1 3 13 8 15 16 12 1 2 3 7 8 6 12 8 13 10 11 2 12 12 15 16 7 11 11
2 2 34 30 63 71
3 2 64 77 51 20 29
#c 9 1 14 7 6 5 6 0 5 10 7 9 5 8 0 15 16 8 1 2 3 4 2 6 9 12 9 0 10 3 13 14 15 16 13 1 14 7 2 5 4 8 0 9 10 11 2 4 0 15 16 13 1 6 12 4 5 4 0 14 11 10 1 3 13 8 15 16 12 1 2 3 7 8 6 12 8 13 10 11 2 12 12 15 16 7 11 11
1 1 2 39
3 4 31 59 36 5 56 8 12
#c 9 1 14 7 6 5 6 0 5 10 7 9 5 8 0 15 16 8 1 2 3 4 2 6 9 12 9 0 10 3 13 14 15 16 13 1 14 7 2 5 4 8 0 9 10 11 2 4 0 15 16 13 1 6 12 4 5 4 0 14 11 10 1 3 13 8 15 16 12 1 2 3 7 8 6 12 8 13 10 11 2 12 12 15 16 7 11 11
2 2 49 83 6 53
3 3 15 32 66 23 74 4
#c 9 1 14 7 6 5 6 0 5 10 7 9 5 8 0 15 16 8 1 2 3 4 2 6 9 12 9 0 10 3 13 14 15 16 13 1 14 7 2 5 4 8 0 9 10 11 2 4 0 15 16 13 1 6 12 4 5 4 0 14 11 10 1 3 13 8 15 16 12 1 2 3 7 8 6 12 8 13 10 11 2 12 12 15 16 7 11 11
2 2 33 67 36 2
3 2 16 50 84 31 59
#c 9 1 16 7 6 5 6 0 5 10 7 9 5 8 0 15 16 8 1 2 3 4 2 6 9 12 9 0 10 3 13 14 15 14 13 1 16 7 2 5 4 8 0 9 10 11 2 4 0 15 16 13 1 6 12 4 5 4 0 14 11 10 1 3 13 8 15 14 12 1 2 3 7 8 6 12 8 13 10 11 2 12 12 15 16 7 11 11
1 1 58 74
5 4 48 14 42 27 7 6 23 4 53
#c 9 1 16 7 6 5 6 0 5 10 7 9 5 8 0 15 16 8 1 2 3 4 2 6 9 12 9 0 10 3 13 14 15 14 13 1 16 7 2 5 4 8 0 9 10 11 2 4 0 15 16 13 1 6 12 4 5 4 6 14 11 10 1 3 13 8 15 14 12 1 2 3 7 8 0 12 8 13 10 11 2 12 12 15 16 7 11 11
1 1 1 60
5 4 18 35 52 69 62 45 79 87 86
#c 9 1 16 7 6 5 6 0 5 10 7 9 5 8 0 15 16 8 1 2 3 4 2 6 9 12 9 0 10 3 13 14 15 14 13 1 16 7 2 5 4 8 0 9 10 11 2 4 0 15 16 13 1 6 12 4 5 4 6 14 11 10 1 3 13 8 15 14 12 1 2 3 7 8 0 12 8 13 10 11 2 12 12 15 16 7 11 11
3 3 80 22 38 85 72 3
3 2 19 70 46 10 37
#c 9 1 16 7 6 5 6 0 5 10 7 9 5 8 0 15 16 8 1 2 3 4 2 6 9 12 9 0 10 3 13 14 15 14 13 1 16 7 2 5 4 8 0 9 10 11 2 4 0 15 16 13 1 6 12 4 5 4 6 14 11 10 1 3 13 8 15 14 12 1 2 3 7 8 0 12 8 13 10 11 2 12 12 15 16 7 11 11
1 3 20 62 1 52
3 3 71 63 29 18 35 69
#c 9 3 16 7 6 5 6 0 5 10 7 9 5 8 0 15 16 8 1 2 1 4 2 6 9 12 9 0 10 3 13 14 15 14 13 1 16 7 2 5 4 8 0 9 10 11 2 4 0 15 16 13 3 6 12 4 5 4 6 14 11 10 3 3 13 8 15 14 12 1 2 3 7 8 0 12 8 13 10 11 2 12 12 15 16 7 11 11
2 2 47 21 19 80
3 4 55 57 40 70 38 22 46
#c 9 3 16 7 6 5 6 0 5 10 7 9 5 8 0 15 16 8 1 2 1 4 2 6 9 12 9 0 10 3 13 14 15 14 13 1 16 7 2 5 4 8 0 9 10 11 2 4 0 15 16 13 3 6 12 4 5 4 6 14 11 10 3 3 13 8 15 14 12 1 2 3 7 8 0 12 8 13 10 11 2 12 12 15 16 7 11 11
1 1 56 69
4 3 5 39 8 12 18 35 20
#c 9 3 16 7 6 5 6 0 5 10 7 9 5 8 0 15 16 8 1 2 1 4 2 6 9 12 9 0 10 3 13 14 15 14 13 1 16 7 2 5 4 8 0 9 10 11 2 4 0 15 16 13 3 6 12 4 5 4 6 14 11 10 3 3 13 8 15 14 12 1 2 3 7 8 0 12 8 13 10 11 2 12 12 15 16 7 11 11
1 1 58 54
4 5 6 23 4 53 82 75 25 68 81
#c 9 3 16 7 6 5 6 0 5 10 7 9 5 8 0 15 16 8 1 2 1 4 2 6 9 12 9 0 10 3 13 14 15 14 13 1 16 7 2 5 4 8 0 9 10 11 2 4 0 15 16 13 3 6 6 4 5 4 12 14 11 10 3 3 13 8 15 14 12 1 2 3 7 8 0 12 8 13 10 11 2 12 12 15 16 7 11 11
2 2 3 10 36 2
3 3 72 85 37 16 50 84
#c 9 3 16 7 6 5 6 0 5 10 7 9 5 8 0 15 16 8 1 2 1 4 2 6 9 12 9 0 10 3 13 14 15 14 13 1 16 7 2 5 4 8 0 9 10 11 2 4 0 15 16 13 3 6 6 4 5 4 12 14 11 10 3 3 13 8 15 14 12 1 2 3 7 8 0 12 8 13 10 11 2 12 12 15 16 7 11 11
2 2 41 13 50 36
4 3 76 65 73 17 16 84 2
#c 9 3 16 7 6 5 6 0 5 10 7 9 5 8 0 15 16 8 1 2 1 4 2 6 9 12 9 0 10 3 13 14 15 14 13 1 16 7 2 5 4 8 0 9 10 11 2 4 0 15 16 13 3 6 6 4 5 4 12 14 11 10 3 3 13 8 15 14 12 1 2 3 7 8 0 12 8 13 10 11 2 12 12 15 16 7 11 11
1 2 26 30 64
4 3 43 11 24 0 77 51 34
#c 9 3 16 7 6 5 6 0 5 10 7 9 5 8 0 15 16 8 1 2 1 4 2 6 9 12 13 0 10 3 9 14 15 14 13 1 16 7 2 5 4 8 0 9 10 11 2 4 0 15 16 13 3 6 6 4 5 4 12 14 11 10 3 3 9 8 15 14 12 1 2 3 7 8 0 12 8 13 10 11 2 12 12 15 16 7 11 11
2 4 61 44 7 42 27 74
3 2 78 9 28 48 14
#c 9 3 16 7 6 5 6 0 5 10 7 9 5 8 0 15 16 8 1 2 1 4 2 6 9 12 13 0 10 3 9 14 15 14 13 1 16 7 2 5 4 8 0 9 10 11 2 4 0 15 16 13 3 6 6 4 5 4 12 14 11 10 3 3 9 8 15 14 12 1 2 3 7 8 0 12 8 13 10 11 2 12 12 15 16 7 11 11
2 1 87 79 31
3 3 45 60 86 59 33 67
#c 9 3 16 7 6 5 6 0 5 10 7 9 5 8 0 15 16 8 1 2 1 4 2 6 9 12 13 0 10 3 9 14 15 14 13 1 16 7 2 5 4 8 0 9 10 11 2 4 0 15 16 13 3 6 6 4 5 4 12 14 11 10 3 3 9 8 15 14 12 1 2 3 7 8 0 12 8 13 10 11 2 12 12 15 16 7 11 11
3 3 25 68 81 10 37 72
3 2 82 75 58 85 3
#c 9 3 16 7 6 5 6 0 5 10 7 9 5 8 0 15 16 8 1 2 1 4 2 6 9 12 13 0 10 3 9 14 15 14 13 1 16 7 2 5 4 8 0 9 10 11 2 4 0 15 16 13 3 6 6 4 5 4 12 14 11 10 3 3 9 8 15 14 12 1 2 3 7 8 0 12 8 13 10 11 2 12 12 15 16 7 11 11
2 1 77 26 71
2 5 51 34 63 29 62 1 52
#c 9 3 16 7 6 5 6 0 5 10 7 9 5 8 0 15 16 8 1 2 1 4 2 6 9 12 13 0 10 3 9 14 15 14 13 1 16 7 2 5 4 8 0 9 10 11 2 4 0 15 16 13 3 6 6 4 5 4 12 14 11 10 3 3 9 8 15 14 12 1 2 3 7 8 0 12 8 13 10 11 2 12 12 15 16 7 11 11
1 1 59 55
3 4 31 33 67 21 47 57 40
#c 9 3 16 7 6 5 6 0 5 10 7 9 5 8 0 15 16 8 1 2 1 4 2 6 9 12 13 0 10 3 9 14 15 14 13 1 16 7 2 5 4 8 0 9 10 11 2 4 0 15 16 13 3 6 6 4 5 4 12 14 11 10 3 3 9 8 15 14 12 1 2 3 7 8 0 12 8 13 10 11 2 12 12 15 16 7 11 11
#c 9 3 16 7 6 5 6 0 5 10 7 9 5 8 0 15 16 8 1 2 1 4 2 6 9 12 13 0 10 3 9 14 15 14 13 1 16 7 2 5 4 8 0 9 10 11 2 4 0 15 16 13 3 6 6 4 5 4 12 14 11 10 3 3 9 8 15 14 12 1 2 3 7 8 0 12 8 13 10 11 2 12 12 15 16 7 11 11
1 1 84 33
4 3 16 50 36 2 31 59 67
#c 9 3 16 7 6 5 6 0 5 10 7 9 5 8 0 15 16 8 1 2 1 4 2 6 9 12 13 0 10 3 9 14 15 14 13 1 16 7 2 5 4 8 0 9 10 11 2 4 0 15 16 13 3 6 6 4 5 4 12 14 11 10 3 3 9 8 15 14 12 1 2 3 7 8 0 12 8 13 10 11 2 12 12 15 16 7 11 11
2 3 7 27 13 76 17
4 3 48 14 42 74 65 73 41
#c 9 3 16 7 6 5 6 0 5 10 7 9 5 8 0 15 16 8 1 2 1 4 2 6 9 12 13 0 10 3 9 14 15 14 13 1 16 7 2 5 4 8 0 9 10 11 2 4 0 15 16 13 3 6 6 4 5 4 12 14 11 10 3 3 9 8 15 14 12 1 2 3 7 8 0 12 8 13 10 11 2 12 12 15 16 7 11 11
1 1 20 33
3 3 18 35 69 31 59 67
#c 9 3 16 7 6 5 6 0 5 10 7 9 5 8 0 15 16 8 1 2 1 4 2 6 9 12 13 0 10 3 9 14 15 14 13 1 16 7 2 5 4 8 0 9 10 11 2 4 0 15 16 13 3 6 6 4 5 4 12 14 11 10 3 3 9 8 15 14 12 1 2 3 7 8 0 12 8 13 10 11 2 12 12 15 16 7 11 11
2 2 38 19 7 42
4 4 70 22 46 80 48 14 27 74
#c 9 3 16 7 6 5 6 2 5 10 7 9 5 8 0 15 16 8 1 0 1 4 2 6 9 12 13 0 10 3 9 14 15 14 13 1 16 7 0 5 4 8 2 9 10 11 2 4 0 15 16 13 3 6 6 4 5 4 12 14 11 10 3 3 9 8 15 14 12 1 2 3 7 8 0 12 8 13 10 11 2 12 12 15 16 7 11 11
#c 9 3 16 7 6 5 6 2 5 10 7 9 5 8 0 15 16 8 1 0 1 4 2 6 9 12 13 0 10 3 9 14 15 14 13 1 16 7 0 5 4 8 2 9 10 11 2 4 0 15 16 13 3 6 6 4 5 4 12 14 11 10 3 3 9 8 15 14 12 1 2 3 7 8 0 12 8 13 10 11 2 12 12 15 16 7 11 11
2 2 21 47 50 2
3 3 55 57 40 16 84 36
#c 9 3 16 7 6 5 6 2 5 10 7 9 5 8 0 15 16 8 1 0 1 4 2 6 9 12 13 0 10 3 9 14 15 14 13 1 16 7 0 5 4 8 2 9 10 11 2 4 0 15 16 13 3 6 6 4 5 4 12 14 11 10 3 3 9 8 15 14 12 1 2 3 7 8 0 12 8 13 10 11 2 12 12 15 16 7 11 11
2 2 56 39 27 14
3 4 5 8 12 48 74 38 19
#c 9 3 16 7 6 5 6 2 5 10 7 9 5 8 0 15 16 8 1 0 1 4 2 6 9 12 13 0 10 3 9 14 15 14 13 1 16 7 0 5 4 8 2 9 10 11 2 4 0 15 16 13 3 6 6 4 5 4 12 14 11 10 3 3 9 8 15 14 12 1 2 3 7 8 0 12 8 13 10 11 2 12 12 15 16 7 11 11
1 1 53 30
4 5 6 23 4 54 43 11 24 0 64
#c 9 3 16 7 6 5 6 2 5 10 7 9 5 8 0 15 16 8 1 0 1 4 2 6 9 12 13 0 10 3 9 14 15 14 13 1 16 7 0 5 4 8 2 9 10 11 2 4 0 15 16 13 3 6 6 4 5 4 12 14 11 10 3 3 9 8 15 14 12 1 2 3 7 8 0 12 8 13 10 11 2 12 12 15 16 7 11 11
1 1 85 71
9 3 16 7 6 5 6 2 5 10 7 9 5 8 0 15 16 8 1 0 1 4 2 6 9 12 13 0 10 3 9 14 15 14 13 1 16 7 0 5 4 8 2 9 10 11 2 4 0 15 16 13 3 6 6 4 5 4 12 14 11 10 3 3 9 8 15 14 12 1 2 3 7 8 0 12 8 13 10 11 2 12 12 15 16 7 11 11
