#c 0 1 2 3 4 5 6 7 8 9 10 0 1 2 3 4 5 6 7 8 9 10 0 1 2 3 4 5 6 7 8 9 10 0 1 2 3 4 5 6 7 8 9 10 0 1 2 3 4 5 6 7 8 9 10 0 1
1 3 56 11 55 0
5 3 1 12 23 34 45 22 33 44
#c 0 1 2 3 4 5 6 7 8 9 10 0 1 2 3 4 5 6 7 8 9 10 0 1 2 3 4 5 6 7 8 9 10 0 1 2 3 4 5 6 7 8 9 10 0 1 2 3 4 5 6 7 8 9 10 0 1
1 1 2 27
4 4 13 24 35 46 5 16 38 49
#c 0 1 2 3 4 5 6 7 8 9 10 0 1 2 3 4 5 6 7 8 9 10 0 1 2 3 4 5 6 7 8 9 10 0 1 2 3 4 5 6 7 8 9 10 0 1 2 3 4 5 6 7 8 9 10 0 1
1 1 3 23
4 5 14 25 36 47 1 12 34 45 56
#c 0 1 2 3 4 5 6 7 8 9 10 0 1 2 3 4 5 6 7 8 9 10 0 1 2 3 4 5 6 7 8 9 10 0 1 2 3 4 5 6 7 8 9 10 0 1 2 3 4 5 6 7 8 9 10 0 1
1 1 48 25
4 4 4 15 26 37 3 14 36 47
#c 0 1 2 3 4 5 6 7 8 9 10 0 1 2 3 4 5 6 7 8 9 10 0 1 2 4 4 5 6 7 8 9 10 0 1 2 3 4 5 6 7 8 9 10 0 1 2 3 3 5 6 7 8 9 10 0 1
#c 0 1 2 3 4 5 6 7 8 9 10 0 1 2 3 4 5 6 7 8 9 10 0 1 2 4 4 5 6 7 8 9 10 0 1 2 3 4 5 6 7 8 9 10 0 1 2 3 3 5 6 7 8 9 10 0 1
1 1 6 46
4 4 17 28 39 50 2 13 24 35
#c 0 1 2 3 4 5 6 7 8 9 10 0 1 2 3 4 5 6 7 8 9 10 0 1 2 4 4 5 6 7 8 9 10 0 1 2 3 4 5 6 7 8 9 10 0 1 2 3 3 5 6 7 8 9 10 0 1
1 1 18 16
4 4 7 29 40 51 5 27 38 49
#c 0 1 2 3 4 5 6 7 8 9 10 0 1 2 3 4 5 6 7 8 9 10 0 1 2 4 4 5 6 7 8 9 10 0 1 2 3 4 5 6 7 8 9 10 0 1 2 3 3 5 6 7 8 9 10 0 1
1 1 41 38
4 4 8 19 30 52 5 16 27 49
#c 0 1 2 3 4 5 6 7 8 9 10 0 1 2 3 4 5 6 7 8 9 10 0 1 2 4 4 5 6 7 8 9 10 0 1 2 3 4 5 6 7 8 9 10 0 1 2 3 3 5 6 7 8 9 10 0 1
#c 0 1 2 3 4 5 6 7 8 9 10 0 1 2 3 4 5 6 7 8 9 10 0 1 2 4 4 5 6 7 8 9 10 0 1 2 3 4 5 6 7 8 9 10 0 1 2 3 3 5 6 7 8 9 10 0 1
1 1 32 39
4 4 10 21 43 54 6 17 28 50
#c 0 1 2 3 4 5 6 7 8 9 10 0 1 2 3 4 5 6 7 8 9 10 0 1 2 4 4 5 6 7 8 9 6 0 1 2 3 4 5 10 7 8 9 10 0 1 2 3 3 5 6 7 8 9 10 0 1
1 1 22 32
5 4 0 11 33 44 55 6 17 28 50
#c 0 1 2 3 4 5 6 7 8 9 10 0 1 2 3 4 5 6 7 8 9 10 6 1 2 4 4 5 6 7 8 9 0 0 1 2 3 4 5 10 7 8 9 10 0 1 2 3 3 5 6 7 8 9 10 0 1
2 2 34 1 17 28
4 3 12 23 45 56 6 50 22
#c 0 1 2 3 4 5 6 7 8 9 10 0 1 2 3 4 5 6 7 8 9 10 6 1 2 4 4 5 6 7 8 9 0 0 1 2 3 4 5 10 7 8 9 10 0 1 2 3 3 5 6 7 8 9 10 0 1
1 1 13 44
4 5 2 24 35 46 0 11 33 55 32
#c 0 1 2 3 4 5 6 7 8 9 10 0 1 2 3 4 5 6 7 8 9 10 6 1 2 4 4 5 6 7 8 9 0 0 1 2 3 4 5 10 7 8 9 10 0 1 2 3 3 5 6 7 8 9 10 0 1
2 2 36 14 18 7
3 3 3 47 48 29 40 51
#c 0 1 2 3 4 5 6 7 8 9 10 0 1 2 3 4 5 6 7 8 9 10 6 1 2 4 4 5 6 7 8 9 0 0 1 2 3 4 5 10 7 8 9 10 0 1 2 3 3 5 6 7 8 9 10 0 1
2 2 4 26 41 52
3 3 15 37 25 8 19 30
#c 0 1 2 3 8 5 6 7 8 9 10 0 1 2 3 4 5 6 7 8 9 10 6 1 2 4 8 5 6 7 8 9 0 0 1 2 3 4 5 10 7 4 9 10 0 1 2 3 3 5 6 7 4 9 10 0 1
2 2 16 49 34 23
3 4 5 27 38 1 12 45 56
#c 0 1 2 3 8 5 6 7 8 9 10 0 1 2 3 4 1 6 7 8 9 10 6 5 2 4 8 5 6 7 8 9 0 0 5 2 3 4 5 10 7 4 9 10 0 1 2 3 3 1 6 7 4 9 10 0 1
2 2 28 50 24 13
3 3 6 17 22 2 35 46
#c 0 1 2 3 8 5 6 7 8 9 10 0 1 2 3 4 1 6 7 8 9 10 6 5 2 4 8 5 6 7 8 9 0 0 5 2 3 4 5 10 7 4 9 10 0 1 2 3 3 1 6 7 4 9 10 0 1
2 2 7 51 53 20
3 3 18 29 40 9 31 42
#c 0 1 2 3 8 5 6 7 8 9 10 0 1 2 3 4 1 6 7 8 9 10 6 5 2 4 8 5 6 7 8 9 0 0 5 2 3 4 5 10 7 4 9 10 0 1 2 3 3 1 6 7 4 9 10 0 1
1 1 30 49
4 5 8 19 4 26 1 12 45 56 16
#c 0 1 2 3 8 5 6 7 8 9 10 0 1 2 3 4 1 6 7 8 9 10 6 5 2 4 8 5 6 7 1 9 0 0 5 2 3 4 5 10 7 4 9 10 0 1 2 3 3 8 6 7 4 9 10 0 1
1 1 31 3
4 4 9 20 42 53 14 36 47 48
#c 0 1 2 3 8 5 6 7 8 9 10 0 1 2 3 4 1 6 7 8 9 10 6 5 2 4 8 5 6 7 1 9 0 0 5 2 3 4 5 10 7 4 9 10 0 1 2 3 3 8 6 7 4 9 10 0 1
1 1 43 16
4 5 10 21 54 39 1 12 45 56 30
#c 0 1 2 3 8 5 6 7 8 9 10 0 1 2 3 4 10 6 7 8 9 10 6 5 2 4 8 5 6 7 1 9 0 0 5 2 3 4 5 10 7 4 9 1 0 1 2 3 3 8 6 7 4 9 10 0 1
#c 0 1 2 3 8 5 6 7 8 9 10 0 1 2 3 4 10 6 7 8 9 10 6 5 2 4 8 5 6 7 1 9 0 0 5 2 3 4 5 10 7 4 9 1 0 1 2 3 3 8 6 7 4 9 10 0 1
1 1 1 2
5 4 12 45 56 30 43 13 24 35 46
#c 0 1 2 3 8 5 6 7 8 9 10 0 1 2 3 4 10 6 7 8 9 10 6 5 2 4 8 5 6 7 1 9 0 0 5 2 3 4 5 10 7 4 9 1 0 1 2 3 3 8 6 7 4 9 10 0 1
2 2 35 13 54 21
3 3 2 24 46 10 39 16
#c 0 1 2 3 8 5 6 7 8 9 10 0 1 2 3 4 10 6 7 8 9 10 6 5 2 4 8 5 6 7 1 9 0 0 5 2 3 4 5 10 7 4 9 1 0 1 2 3 3 8 6 7 4 9 10 0 1
1 1 47 53
4 4 3 14 36 48 9 20 31 42
#c 0 1 2 3 8 5 6 7 8 9 10 0 1 2 3 4 10 6 7 8 9 10 6 5 2 4 8 5 6 7 1 9 0 0 5 2 3 4 5 10 7 4 9 1 0 1 2 3 3 8 6 7 4 9 10 0 1
2 2 25 37 38 34
3 3 15 41 52 5 27 23
#c 0 1 2 3 8 5 6 7 8 9 10 0 1 2 3 4 10 6 7 8 9 10 6 5 2 4 8 5 6 7 1 9 0 0 5 2 3 4 5 10 7 4 9 1 0 1 2 3 3 8 6 7 4 9 10 0 1
2 2 5 38 30 45
3 4 27 34 23 1 12 56 43
#c 0 1 2 3 8 5 6 7 8 9 10 0 1 2 3 4 10 6 7 8 9 10 6 5 2 4 8 5 6 7 1 9 0 0 5 2 3 4 5 10 7 4 9 1 0 1 2 3 3 8 6 7 4 9 10 0 1
1 1 28 26
4 4 6 17 50 22 8 19 4 49
#c 0 1 2 3 8 5 6 7 8 9 10 0 1 2 3 4 10 6 7 8 9 10 6 5 2 4 8 5 6 7 1 9 0 0 5 2 3 4 5 10 7 4 9 1 0 1 2 3 3 8 6 7 4 9 10 0 1
1 1 18 41
4 4 7 29 40 51 15 37 25 52
#c 0 1 2 3 8 5 6 7 8 9 10 0 1 2 3 4 10 6 4 8 9 10 6 5 2 4 8 5 6 7 1 9 0 0 5 2 3 4 5 10 7 7 9 1 0 1 2 3 3 8 6 7 4 9 10 0 1
1 1 8 20
4 4 19 4 26 49 9 31 42 53
#c 0 1 2 3 8 5 6 7 8 9 10 0 1 2 3 4 10 6 4 8 9 10 6 5 2 4 8 5 6 7 1 9 0 0 5 2 3 4 5 10 7 7 9 1 0 1 2 3 3 8 6 7 4 9 10 0 1
1 1 31 21
4 4 9 20 42 53 10 54 39 16
#c 0 1 2 3 8 5 6 7 8 9 10 0 1 2 3 4 10 6 4 8 9 9 6 5 2 4 8 5 6 7 1 10 0 0 5 2 3 4 5 10 7 7 9 1 0 1 2 3 3 8 6 7 4 9 10 0 1
2 2 10 54 40 29
3 3 39 16 31 7 51 41
#c 0 1 2 3 8 5 6 7 8 9 7 0 1 2 3 4 10 6 4 8 9 9 6 5 2 4 8 5 6 10 1 10 0 0 5 2 3 4 5 10 10 7 9 1 0 1 2 3 3 8 6 7 4 9 7 0 1
3 3 11 55 44 23 27 38
3 2 0 33 32 5 34
#c 0 1 2 3 8 5 6 7 8 9 7 0 1 2 3 4 10 6 4 8 9 9 6 5 2 4 8 5 6 10 1 10 0 0 5 2 3 4 5 10 10 7 9 1 0 1 2 3 3 8 6 7 4 9 7 0 1
3 2 12 45 1 19 4
3 3 56 30 43 8 26 49
#c 0 1 2 3 8 5 6 7 8 9 7 0 1 2 3 4 10 6 4 8 9 9 6 5 2 4 8 5 6 10 1 10 0 0 5 2 3 4 5 10 10 7 9 1 0 1 2 3 3 8 6 7 4 9 7 0 1
2 2 35 24 34 27
3 3 2 13 46 5 38 23
#c 0 1 2 3 8 5 6 7 8 9 7 0 1 2 3 4 10 6 4 8 9 9 6 5 2 4 8 5 6 10 1 10 0 0 5 2 3 4 5 10 10 7 9 1 0 1 2 3 3 8 6 7 4 9 7 0 1
2 2 36 47 53 20
3 3 3 14 48 9 42 21
#c 0 1 2 3 8 5 6 7 8 9 7 0 1 2 3 4 10 6 4 8 3 9 6 5 2 4 8 5 6 10 1 10 0 0 5 2 9 4 5 10 10 7 9 1 0 1 2 9 3 8 6 7 4 3 7 0 1
#c 0 1 2 3 8 5 6 7 8 9 7 0 1 2 3 4 10 6 4 8 3 9 6 5 2 4 8 5 6 10 1 10 0 0 5 2 9 4 5 10 10 7 9 1 0 1 2 9 3 8 6 7 4 3 7 0 1
1 2 23 45 30
4 4 5 27 38 34 1 12 56 43
#c 0 1 2 3 8 5 6 7 8 9 7 0 1 2 3 4 10 6 4 8 3 9 6 5 2 4 8 5 6 10 1 10 0 0 5 2 9 4 5 10 10 7 9 1 0 1 2 9 3 8 6 7 4 3 7 0 1
1 2 28 35 2
4 3 6 17 50 22 13 24 46
#c 0 1 2 3 8 5 6 7 8 9 7 0 1 2 3 4 10 6 4 8 3 9 6 5 2 4 8 5 6 10 1 10 0 0 5 2 9 4 5 10 10 7 9 1 0 1 2 9 3 8 6 7 4 3 7 0 1
2 2 7 51 23 5
3 3 41 10 54 27 38 34
#c 0 1 2 3 8 5 6 7 8 9 7 0 1 2 3 4 10 6 4 8 3 9 6 5 2 4 8 5 6 10 1 10 0 0 5 2 9 4 5 10 10 7 9 1 0 1 2 9 3 8 6 7 4 3 7 0 1
2 2 8 49 20 3
3 3 19 4 26 14 48 53
#c 0 1 2 3 8 5 6 7 8 9 7 0 1 2 3 4 10 6 4 8 3 9 6 5 2 4 8 5 6 10 1 10 0 0 5 2 9 4 5 10 10 7 9 1 0 1 2 9 3 8 6 7 4 3 7 0 1
2 2 42 9 48 53
3 3 21 36 47 3 14 20
#c 0 1 2 3 8 5 6 7 8 9 7 0 1 2 3 4 10 6 4 8 3 9 6 5 2 4 8 5 6 10 1 10 0 0 5 2 9 4 5 10 10 7 9 1 0 1 2 9 3 8 6 7 4 3 7 0 1
1 1 39 51
4 4 16 31 40 29 7 41 10 54
#c 0 1 2 3 8 5 6 7 8 9 7 0 1 2 3 4 10 6 4 8 3 9 6 5 2 4 8 5 6 10 1 10 0 0 5 2 9 4 5 10 10 7 9 1 0 1 2 9 3 8 6 7 4 3 7 0 1
3 3 0 55 33 56 1 45
3 3 11 44 32 12 30 43
#c 0 1 2 3 8 5 6 7 8 9 7 0 1 2 3 4 10 6 4 8 3 9 6 5 2 4 8 5 6 10 1 10 0 0 5 2 9 4 5 10 10 7 9 1 0 1 2 9 3 8 6 7 4 3 7 0 1
3 3 56 30 1 4 49 26
3 2 12 45 43 8 19
#c 0 1 2 3 8 5 6 7 8 9 7 0 1 2 3 4 10 6 4 8 3 9 6 5 2 4 8 5 6 10 1 10 0 0 5 2 9 4 5 10 10 7 9 1 0 1 2 9 3 8 6 7 4 3 7 0 1
2 2 2 24 19 4
3 3 13 35 46 8 26 49
#c 0 1 8 3 2 5 6 7 8 9 7 0 1 2 3 4 10 6 4 2 3 9 6 5 8 4 8 5 6 10 1 10 0 0 5 2 9 4 5 10 10 7 9 1 0 1 2 9 3 8 6 7 4 3 7 0 1
1 1 53 38
4 4 3 14 48 20 5 27 34 23
#c 0 1 8 3 2 5 6 7 8 9 7 0 1 2 3 4 10 6 4 2 3 9 6 5 8 4 8 5 6 10 1 10 0 0 5 2 9 4 3 10 10 7 9 1 0 1 2 9 3 8 6 7 4 5 7 0 1
1 1 37 13
4 4 15 25 52 18 35 46 19 4
#c 0 1 8 3 2 5 6 7 8 9 7 0 1 4 3 4 10 6 4 2 3 9 6 5 8 4 8 5 6 10 1 10 0 0 5 2 9 2 3 10 10 7 9 1 0 1 2 9 3 8 6 7 4 5 7 0 1
1 1 27 19
4 4 5 34 23 53 35 46 4 37
#c 0 1 8 3 2 5 6 7 8 9 7 0 1 4 3 4 10 6 4 5 3 9 6 5 8 4 8 2 6 10 1 10 0 0 5 2 9 2 3 10 10 7 9 1 0 1 2 9 3 8 6 7 4 5 7 0 1
1 2 17 36 42
4 3 6 28 50 22 9 21 47
#c 0 1 8 3 2 5 6 7 8 9 7 0 1 4 3 4 10 6 4 5 3 9 6 5 8 4 8 2 6 10 1 10 0 0 5 2 9 2 3 10 10 7 9 1 0 1 2 9 3 8 6 7 4 5 7 0 1
1 1 51 50
4 4 7 41 10 54 6 17 28 22
#c 0 1 8 3 2 5 6 7 8 9 7 0 1 4 3 4 10 6 4 5 3 9 6 5 8 4 8 2 6 10 1 10 0 0 5 2 9 2 3 10 10 7 9 1 0 1 2 9 3 8 6 7 4 5 7 0 1
2 2 8 49 4 37
3 3 26 2 24 35 46 27
#c 0 1 8 3 2 5 6 7 8 9 7 0 1 4 3 4 10 6 4 5 3 9 6 5 8 4 8 2 6 10 1 10 0 0 5 2 9 2 3 10 10 7 9 1 0 1 2 9 3 8 6 7 4 5 7 0 1
1 1 36 18
4 4 9 42 21 47 15 25 52 13
#c 0 1 8 3 2 5 6 7 8 9 7 0 1 4 3 4 10 6 9 5 3 9 6 5 8 4 8 2 6 10 1 10 0 0 5 2 4 2 3 10 10 7 9 1 0 1 2 9 3 8 6 7 4 5 7 0 1
2 4 29 40 11 0 55 33
3 2 39 16 31 44 32
#c 0 1 8 3 2 5 6 7 8 9 7 0 1 4 3 4 10 6 9 5 3 9 6 5 8 4 8 2 6 10 1 10 0 0 5 2 4 2 3 10 10 7 9 1 0 1 2 9 3 8 6 7 4 5 7 0 1
1 1 32 3
5 4 0 11 33 44 55 14 48 20 38
#c 0 1 8 3 2 5 6 7 8 9 7 0 1 4 3 4 10 6 9 5 3 9 6 5 8 4 8 2 6 10 1 10 0 0 5 2 4 2 3 10 10 7 9 1 0 1 2 9 3 8 6 7 4 5 7 0 1
3 3 30 1 45 6 17 28
3 2 12 56 43 50 22
#c 0 1 8 3 2 5 6 7 8 9 7 0 1 4 3 4 10 6 9 5 3 9 6 5 8 4 8 2 6 10 1 10 0 0 5 2 4 2 3 10 10 7 9 1 0 1 2 9 3 8 6 7 4 5 7 0 1
#c 0 1 8 3 2 5 6 7 8 9 7 0 1 4 3 4 10 6 9 5 3 9 6 5 8 4 8 2 6 10 1 10 0 0 5 2 4 2 3 10 10 7 9 1 0 1 2 9 3 8 6 7 4 5 7 0 1
2 2 14 38 0 32
3 4 3 48 20 11 33 44 55
#c 0 1 8 3 2 5 6 7 8 9 7 0 1 4 3 4 10 6 9 5 3 9 6 5 8 4 8 2 6 10 1 10 0 0 5 2 4 2 3 10 10 7 9 1 0 1 2 9 3 8 6 7 4 5 7 0 1
2 2 15 52 18 21
3 3 25 13 36 9 42 47
#c 0 1 8 3 2 5 6 7 8 9 7 0 1 4 3 4 10 6 9 5 3 9 6 5 8 4 8 2 6 10 1 10 0 0 5 2 4 2 3 10 10 7 9 1 0 1 2 9 3 8 6 7 4 5 7 0 1
2 3 53 5 39 40 31
3 2 34 23 19 16 29
#c 0 1 8 3 2 10 6 7 8 9 7 0 1 4 3 4 10 6 9 5 3 9 6 5 8 4 8 2 6 10 1 5 0 0 5 2 4 2 3 5 5 7 9 1 0 1 2 9 3 8 6 7 4 10 7 0 1
1 1 17 13
4 4 6 28 50 22 15 25 52 36
#c 0 1 8 3 2 10 6 7 8 9 7 0 1 6 3 4 10 4 9 5 3 9 6 5 8 4 8 2 6 10 1 5 0 0 5 2 4 2 3 5 5 7 9 1 0 1 2 9 3 8 6 7 4 10 7 0 1
1 1 10 44
4 5 7 51 41 54 0 11 33 55 32
#c 0 1 8 3 2 10 6 7 8 9 7 0 1 6 3 4 10 4 9 5 3 9 6 5 8 4 8 2 6 10 1 5 0 0 5 2 4 2 3 5 5 7 9 1 0 1 2 9 3 8 6 7 4 10 7 0 1
2 1 26 49 14
3 4 8 2 24 3 48 20 38
#c 0 1 8 3 2 10 6 7 8 9 7 0 1 6 3 4 10 4 9 5 3 9 6 5 8 4 8 2 6 10 1 5 0 0 5 2 4 2 3 5 5 7 9 1 0 1 2 9 3 8 6 7 4 10 7 0 1
#c 0 1 8 3 2 10 6 7 8 9 7 0 1 6 3 4 10 4 9 5 3 9 6 5 8 4 8 2 6 10 1 5 0 0 5 2 4 2 3 5 5 7 9 1 0 1 2 9 3 8 6 7 4 10 7 0 1
2 2 53 5 40 34
2 4 16 29 23 19 39 31
#c 0 1 8 3 2 10 6 7 8 9 7 0 1 6 3 4 10 4 9 5 3 9 6 5 8 4 8 2 6 10 1 5 0 0 5 2 4 2 3 5 5 7 9 1 0 1 2 9 3 8 6 7 4 10 7 0 1
3 2 55 11 44 23 19
3 4 0 33 32 34 39 40 31
#c 0 1 8 3 2 10 6 7 8 9 7 0 1 6 3 4 10 4 9 5 3 9 6 5 8 4 8 2 6 10 1 5 0 0 5 2 4 2 3 5 5 7 9 1 0 1 2 9 3 8 6 7 4 10 7 0 1
2 4 1 43 0 44 32 11
4 2 12 45 56 30 33 55
#c 0 1 8 3 2 10 6 7 8 9 7 0 1 6 3 4 10 4 9 5 3 9 6 5 8 4 8 2 6 10 1 5 0 0 5 2 4 2 3 5 5 7 9 1 0 1 2 9 3 8 6 7 4 10 7 0 1
1 1 27 28
4 4 35 46 4 37 6 50 22 13
#c 0 1 8 3 2 10 6 7 8 9 7 0 1 6 3 4 10 4 9 5 3 9 6 5 8 4 8 2 6 10 1 5 0 0 5 2 4 2 3 5 5 7 9 1 0 1 2 9 3 8 6 7 4 10 7 0 1
2 4 48 20 2 26 8 49
3 1 3 14 38 24
#c 0 1 8 3 2 10 6 7 8 9 7 0 1 6 3 4 10 4 9 5 3 9 6 5 8 4 8 2 6 10 1 5 0 0 5 2 4 2 3 5 5 7 9 1 0 1 2 9 3 8 6 7 4 10 7 0 1
1 1 17 38
4 4 15 25 52 36 3 14 48 20
#c 0 1 8 3 2 10 6 7 8 9 7 0 1 6 3 4 10 4 9 5 3 9 6 5 8 4 8 2 6 10 1 5 0 0 5 2 4 2 3 5 5 7 9 1 0 1 2 9 3 8 6 7 4 10 7 0 1
2 2 39 23 3 14
4 3 34 19 40 31 48 20 38
#c 0 1 8 5 2 10 6 7 8 9 7 0 1 6 5 4 10 4 9 5 3 9 6 3 8 4 8 2 6 10 1 5 0 0 5 2 4 2 3 3 5 7 9 1 0 1 2 9 3 8 6 7 4 10 7 0 1
1 1 6 15
4 4 28 50 22 13 25 52 36 17
#c 0 1 8 5 2 10 6 7 8 9 7 0 1 6 5 4 10 4 9 5 3 9 6 3 8 4 8 2 6 10 1 5 0 0 5 2 4 2 3 3 5 7 9 1 0 1 2 9 3 8 6 7 4 10 7 0 1
2 2 54 51 33 44
3 4 7 41 10 0 11 55 32
#c 0 1 8 5 2 10 6 7 8 9 7 0 1 6 5 4 10 4 9 5 3 9 6 3 8 4 8 2 6 10 1 5 0 0 5 2 4 2 3 3 5 7 9 1 0 1 2 9 3 8 6 7 4 10 7 0 1
1 1 2 41
4 4 8 26 49 24 7 51 10 54
#c 0 1 8 5 2 10 6 7 8 9 7 0 1 6 5 4 10 4 9 5 3 9 6 3 8 4 8 2 6 10 1 5 0 0 5 2 4 2 3 3 5 7 9 1 0 1 2 9 3 8 6 7 4 10 7 0 1
2 2 42 21 31 3
3 4 9 47 18 34 19 40 14
#c 0 1 8 5 2 10 6 7 8 9 7 0 1 6 5 4 10 4 9 5 3 9 6 3 8 4 8 2 6 10 1 5 0 0 5 2 4 2 3 3 5 7 9 1 0 1 2 9 3 8 6 7 4 10 7 0 1
2 2 29 5 46 4
2 3 16 53 35 37 27
#c 0 1 8 5 2 10 6 7 8 9 7 0 1 6 5 4 10 4 9 5 3 9 6 3 8 4 8 2 6 10 1 5 0 0 5 2 4 2 3 3 5 7 9 1 0 1 2 9 3 8 6 7 4 10 7 0 1
1 1 11 13
5 4 0 33 44 55 32 6 28 50 22
#c 0 1 8 5 2 10 6 7 8 9 7 0 1 6 5 4 10 4 9 5 3 9 6 3 8 4 8 2 6 10 1 5 0 0 5 2 4 2 3 3 5 7 9 1 0 1 2 9 3 8 6 7 4 10 7 0 1
1 1 1 54
5 4 12 45 56 30 43 7 51 41 10
#c 0 1 8 5 2 10 6 7 8 9 7 0 1 6 5 4 10 4 9 5 3 9 6 3 8 4 8 2 6 10 1 5 0 0 5 2 4 2 3 3 5 7 9 1 0 1 2 9 3 8 6 7 4 10 7 0 1
2 1 35 37 19
3 5 46 4 27 34 40 31 3 14
#c 0 1 8 5 2 10 6 7 8 9 7 0 1 6 5 4 10 4 9 5 3 9 6 3 8 4 8 2 6 10 1 5 0 0 5 2 4 2 3 3 5 7 9 1 0 1 2 9 3 8 6 7 4 10 7 0 1
1 1 20 54
4 4 48 38 39 23 7 51 41 10
#c 0 1 8 5 2 10 6 7 8 9 7 0 1 6 5 4 10 4 9 5 3 9 6 3 8 4 8 2 6 10 1 5 0 0 5 2 4 2 3 3 5 7 9 1 0 1 2 9 3 8 6 7 4 10 7 0 1
1 1 15 38
4 4 25 52 36 17 48 20 39 23
#c 0 1 8 5 2 10 6 7 8 9 7 0 1 6 5 4 10 4 9 5 3 9 6 3 8 4 8 2 6 10 1 5 0 0 5 2 4 2 3 3 5 7 9 1 0 1 2 9 3 8 6 7 4 10 7 0 1
1 1 34 5
5 3 19 40 31 3 14 16 29 53
#c 0 1 8 5 2 10 6 7 8 9 7 0 1 6 5 4 10 4 9 5 3 9 6 3 8 4 8 2 6 10 1 5 0 0 5 2 4 2 3 3 5 7 9 1 0 1 2 9 3 8 6 7 4 10 7 0 1
1 1 22 24
4 4 6 28 50 13 8 26 49 2
#c 0 1 8 5 2 10 6 7 8 9 7 0 1 6 5 4 10 4 9 5 3 9 6 3 8 4 8 2 6 10 1 5 0 0 5 2 4 2 3 3 5 7 9 1 0 1 2 9 3 8 6 7 4 10 7 0 1
1 1 10 37
4 4 7 51 41 54 35 46 4 27
#c 0 1 8 5 2 10 6 7 8 9 7 0 1 6 5 4 10 4 9 5 3 9 6 3 8 4 8 2 6 10 1 5 0 0 5 2 4 2 3 3 5 7 9 1 0 1 2 9 3 8 6 7 4 10 7 0 1
2 3 26 49 33 55 11
3 3 8 2 24 0 44 32
#c 0 1 8 5 2 10 6 7 8 9 7 0 1 6 5 4 10 4 9 5 3 9 6 3 8 4 8 2 6 10 1 5 0 0 5 2 4 2 3 3 5 7 9 1 0 1 2 9 3 8 6 7 4 10 7 0 1
1 1 42 4
4 4 9 21 47 18 35 46 37 27
#c 0 1 8 5 2 10 6 7 8 9 7 0 1 6 5 4 10 4 9 5 3 9 6 3 8 4 8 2 6 10 1 5 0 0 5 2 4 2 3 3 5 7 9 1 0 1 2 9 3 8 6 7 4 10 7 0 1
2 2 16 29 39 23
2 3 53 5 48 20 38
#c 0 1 8 5 2 10 6 7 8 9 7 0 1 6 5 4 10 4 9 5 3 9 6 3 8 4 8 2 6 10 1 5 0 0 5 2 4 2 3 3 5 7 9 1 0 1 2 9 3 8 6 7 4 10 7 0 1
1 1 55 6
5 4 0 11 33 44 32 28 50 22 13
#c 0 1 8 5 2 10 6 7 8 9 7 0 1 6 5 4 10 4 9 5 3 9 6 3 8 4 8 2 6 10 1 5 0 0 5 2 4 2 3 3 5 7 9 1 0 1 2 9 3 8 6 7 4 10 7 0 1
1 1 43 33
5 5 1 12 45 56 30 0 11 44 55 32
#c 0 1 8 5 2 10 6 7 8 9 7 0 1 6 5 4 10 4 9 5 3 9 6 3 8 4 8 2 6 10 1 5 0 0 5 2 4 2 3 3 5 7 9 1 0 1 2 9 3 8 6 7 4 10 7 0 1
1 1 4 10
4 4 35 46 37 27 7 51 41 54
#c 0 1 8 5 2 10 6 7 8 9 7 0 1 6 5 4 10 4 9 5 3 9 6 3 8 4 8 2 6 10 1 5 0 0 5 2 4 2 3 3 5 7 9 1 0 1 2 9 3 8 6 7 4 10 7 0 1
1 1 48 16
4 3 20 38 39 23 29 53 5
#c 0 1 8 5 2 10 6 7 8 9 7 0 1 6 5 4 3 4 9 5 3 9 6 3 8 4 8 2 6 10 1 5 0 0 5 2 4 2 3 3 5 7 9 1 0 1 2 9 10 8 6 7 4 10 7 0 1
2 2 52 25 18 9
3 3 15 36 17 42 21 47
#c 0 1 8 5 2 10 6 7 8 4 7 0 1 6 5 4 3 4 4 5 3 9 6 3 8 9 8 2 6 10 1 5 0 0 5 2 4 2 3 3 5 7 9 1 0 1 2 9 10 8 6 7 9 10 7 0 1
2 2 40 19 25 21
4 3 34 31 3 14 42 47 52
#c 0 1 8 5 2 10 6 7 8 4 7 0 1 6 5 4 3 4 4 5 3 9 6 3 8 9 8 2 6 10 1 5 0 0 5 2 4 2 3 3 5 7 9 1 0 1 2 9 10 8 6 7 9 10 7 0 1
2 2 6 50 40 34
3 4 28 22 13 19 31 3 14
#c 0 1 8 5 2 10 6 7 8 4 7 0 1 6 5 4 3 4 4 5 3 9 6 3 8 9 8 2 6 10 1 5 0 0 5 2 4 2 3 3 5 7 9 1 0 1 2 9 10 8 6 7 9 10 7 0 1
2 4 51 54 33 55 44 32
3 2 7 41 10 0 11
#c 0 1 8 5 2 10 6 7 8 4 7 0 1 6 5 4 3 4 4 5 3 9 6 3 8 9 8 2 6 10 1 5 0 0 5 2 4 2 3 3 5 7 9 1 0 1 2 9 10 8 6 7 9 10 7 0 1
2 3 8 26 48 29 5
3 1 49 2 24 53
#c 0 1 8 5 2 10 6 7 8 4 7 0 1 6 5 4 3 4 4 5 3 9 6 3 8 9 8 2 6 10 1 5 0 0 5 2 4 2 3 3 5 7 9 1 0 1 2 9 10 8 6 7 9 10 7 0 1
1 1 52 48
4 3 42 21 47 25 29 53 5
#c 0 1 8 5 2 10 6 7 8 4 7 0 1 6 5 4 3 4 4 5 3 9 6 3 8 9 8 2 6 10 1 5 0 0 5 2 4 2 3 3 5 7 9 1 0 1 2 9 10 8 6 7 9 10 7 0 1
1 1 29 25
3 4 53 5 48 42 21 47 52
#c 0 1 8 5 2 10 6 7 8 4 7 0 1 6 5 4 3 4 4 5 3 9 6 3 8 9 8 2 6 10 1 5 0 0 5 2 4 2 3 3 5 7 9 1 0 1 2 9 10 8 6 7 9 10 7 0 1
1 1 32 28
5 4 0 11 33 44 55 6 50 22 13
#c 0 1 8 5 2 10 6 7 8 4 7 0 1 6 5 4 3 4 4 5 3 9 6 3 8 9 8 2 0 10 1 5 6 0 5 2 4 2 3 3 5 7 9 1 0 1 2 9 10 8 6 7 9 10 7 0 1
2 2 43 45 41 51
4 3 1 12 56 30 7 10 54
#c 0 1 8 5 2 10 6 7 8 4 7 0 1 6 5 4 3 4 4 5 3 9 6 3 8 9 8 2 0 10 1 5 6 0 5 2 4 2 3 3 5 7 9 1 0 1 2 9 10 8 6 7 9 10 7 0 1
2 2 27 4 56 12
3 4 35 46 37 1 45 30 43
#c 0 1 8 5 2 10 6 7 8 4 7 0 1 6 5 4 3 4 4 5 3 9 6 3 8 9 8 2 0 10 1 5 6 0 5 2 4 2 3 3 5 7 9 1 0 1 2 9 10 8 6 7 9 10 7 0 1
4 4 20 38 23 16 6 50 22 13
#c 0 1 8 5 2 10 6 7 8 4 7 0 1 6 5 4 3 4 4 5 3 9 6 3 8 9 8 2 0 10 1 5 3 0 5 2 4 2 3 6 5 7 9 1 0 1 2 9 10 8 6 7 9 10 7 0 1
1 1 36 51
4 4 15 17 18 9 7 41 10 54
#c 0 1 8 5 2 10 6 7 8 4 7 0 1 6 5 4 3 4 4 5 3 9 6 3 8 9 8 2 0 10 1 5 3 0 5 2 4 2 3 6 5 7 9 1 0 1 2 9 10 8 6 7 9 10 7 0 1
1 1 19 0
5 5 34 40 31 3 14 11 33 44 55 28
#c 0 1 8 5 2 10 6 7 8 4 7 0 1 6 5 4 3 4 4 5 3 9 6 3 8 9 8 2 0 10 1 5 3 0 5 2 4 2 3 6 5 7 9 1 0 1 2 9 10 8 6 7 9 10 7 0 1
1 2 22 45 56
4 4 6 50 13 39 1 12 30 43
#c 0 1 8 5 2 10 6 7 8 4 7 0 1 6 5 4 3 4 4 5 3 9 6 3 8 9 8 2 0 10 1 5 3 0 5 2 4 2 3 6 5 7 9 1 0 1 2 9 10 8 6 7 9 10 7 0 1
1 1 54 53
4 3 7 51 41 10 29 5 48
#c 0 1 8 5 2 10 6 7 8 4 7 0 1 6 5 4 3 4 4 5 3 9 6 3 8 9 8 2 0 10 1 5 3 0 5 2 4 2 3 6 5 7 9 1 0 1 2 9 10 8 6 7 9 10 7 0 1
1 1 24 46
4 4 8 26 49 2 35 4 37 27
#c 0 1 8 5 2 10 6 7 8 4 7 0 1 6 5 4 3 4 4 5 3 9 6 3 8 9 8 2 0 10 1 5 3 0 5 2 4 2 3 6 5 7 9 1 0 1 2 9 10 8 6 7 9 10 7 0 1
1 1 42 2
4 4 21 47 52 25 8 26 49 24
#c 0 1 8 5 2 10 6 7 8 4 7 0 1 6 5 4 3 4 4 5 3 9 6 3 8 9 8 2 0 10 1 5 3 0 5 2 4 2 3 6 5 7 9 1 0 1 2 9 10 8 6 7 9 10 7 0 1
1 1 53 55
3 5 29 5 48 0 11 33 44 28
#c 0 1 8 5 2 10 6 7 8 4 7 0 1 6 5 4 3 4 4 5 3 9 6 3 8 9 8 2 0 10 1 5 3 0 5 2 4 2 3 6 5 7 9 1 0 1 2 9 10 8 6 7 9 10 7 0 1
3 2 0 55 44 17 9
3 3 11 33 28 15 36 18
#c 0 1 8 5 2 10 6 7 8 4 7 0 1 6 5 4 3 4 4 5 3 9 6 3 8 9 8 2 0 10 1 5 3 0 5 2 4 2 3 6 5 7 9 1 0 1 2 9 10 8 6 7 9 10 7 0 1
#c 0 1 8 5 2 10 6 7 8 4 7 0 1 6 5 4 3 4 4 5 3 9 6 3 8 9 8 2 0 10 1 5 3 0 5 2 4 2 3 6 5 7 9 1 0 1 2 9 10 8 6 7 9 10 7 0 1
1 1 46 15
4 4 35 4 37 27 36 17 18 9
#c 0 1 8 5 2 10 6 7 8 4 7 0 1 6 5 2 3 4 4 5 3 9 6 3 8 9 8 2 0 10 1 5 3 0 5 2 4 2 3 6 5 7 9 1 0 1 4 9 10 8 6 7 9 10 7 0 1
4 4 38 23 16 32 7 51 41 10
#c 0 1 8 5 2 10 6 7 8 4 7 0 1 6 5 2 3 4 4 5 3 9 6 3 8 9 8 2 0 10 1 5 3 0 5 2 4 2 3 6 5 7 9 1 0 1 4 9 10 8 6 7 9 10 7 0 1
1 1 9 20
4 4 36 17 18 46 38 23 16 32
#c 0 1 8 5 2 10 6 7 8 4 7 0 1 6 5 2 3 4 4 5 3 9 6 3 8 9 8 2 0 10 1 5 3 0 5 2 4 2 3 6 5 7 9 1 0 1 4 9 10 8 6 7 9 10 7 0 1
3 3 14 31 3 4 27 37
3 2 34 19 40 35 15
#c 0 1 8 5 2 10 6 7 8 4 7 0 1 6 5 2 3 4 4 5 3 9 6 3 8 9 8 2 0 10 1 5 3 0 5 2 4 2 3 6 5 7 9 1 0 1 4 9 10 8 6 7 9 10 7 0 1
#c 0 1 8 5 2 10 6 7 8 4 7 0 1 6 5 2 3 4 4 5 3 9 6 3 8 9 8 2 0 10 1 5 3 0 5 2 4 2 3 6 5 7 9 1 0 1 4 9 10 8 6 7 9 10 7 0 1
2 2 41 54 39 22
3 3 7 51 10 6 50 13
#c 0 1 8 5 2 10 6 7 8 4 7 0 1 6 5 2 3 4 4 5 3 9 6 3 8 9 8 2 0 10 1 5 3 0 5 2 4 2 3 6 5 7 9 1 0 1 4 9 10 8 6 7 9 10 7 0 1
1 1 8 41
4 4 26 49 2 24 7 51 10 54
#c 0 1 8 5 2 10 6 7 8 4 7 0 1 6 5 2 3 4 4 5 3 9 6 3 8 9 8 2 0 10 1 5 3 0 5 2 4 2 3 6 5 7 9 1 0 1 4 9 10 8 6 7 9 10 7 0 1
2 1 21 42 13
3 4 47 52 25 6 50 22 39
#c 0 1 8 5 2 10 6 7 8 4 7 0 1 6 5 2 3 4 4 5 3 9 6 3 8 9 8 2 0 10 1 5 3 0 5 2 4 2 3 6 5 7 9 1 0 1 4 9 10 8 6 7 9 10 7 0 1
2 2 29 5 18 36
2 3 53 48 17 9 46
#c 0 1 8 5 2 10 6 7 8 4 7 0 1 6 5 2 3 4 4 5 3 9 6 3 8 9 8 2 0 10 1 5 3 0 5 2 4 2 3 6 5 7 9 1 0 1 4 9 10 8 6 7 9 10 7 0 1
2 3 55 28 34 40 14
4 3 0 11 33 44 19 31 3
#c 0 1 8 5 2 10 6 7 8 4 7 0 1 6 5 2 3 4 4 5 3 9 6 3 8 9 8 2 0 10 1 5 3 0 5 2 4 2 3 6 5 7 9 1 0 1 4 9 10 8 6 7 9 10 7 0 1
1 1 43 2
5 4 1 12 45 56 30 8 26 49 24
#c 0 1 8 5 2 10 6 7 8 4 7 0 1 6 5 2 3 4 4 5 3 9 6 3 8 9 8 2 0 10 1 5 3 0 5 2 4 2 3 6 5 7 9 1 0 1 4 9 10 8 6 7 9 10 7 0 1
1 1 37 54
4 4 35 4 27 15 7 51 41 10
#c 0 1 8 5 2 10 6 7 8 4 7 0 1 6 5 2 3 4 4 5 3 9 6 3 8 9 8 2 0 10 1 5 3 0 5 2 4 2 3 6 5 7 9 1 0 1 4 9 10 8 6 7 9 10 7 0 1
1 3 23 51 41 54
4 2 20 38 16 32 7 10
#c 0 1 8 5 2 10 6 7 8 4 7 0 1 6 5 2 3 4 4 5 3 9 6 3 8 9 8 2 0 10 1 5 3 0 5 2 4 2 3 6 5 7 9 1 0 1 4 9 10 8 6 7 9 10 7 0 1
#c 0 1 8 5 2 10 6 7 8 4 7 0 1 6 5 2 3 4 4 5 3 9 6 3 8 9 8 2 0 10 1 5 3 0 5 2 4 2 3 6 5 7 9 1 0 1 4 9 10 8 6 7 9 10 7 0 1
1 1 3 36
5 4 34 19 40 31 14 17 18 9 46
#c 0 1 8 5 2 10 6 7 8 4 7 0 1 6 5 2 3 4 4 5 3 9 6 3 8 9 8 2 0 10 1 5 3 0 5 2 4 2 3 6 5 7 9 1 0 1 4 9 10 8 6 7 9 10 7 0 1
2 2 22 6 16 23
3 3 50 13 39 20 38 32
#c 0 1 8 5 2 10 6 7 8 4 7 0 1 6 5 2 3 4 4 5 3 9 6 3 8 9 8 2 0 10 1 5 3 0 5 2 4 2 3 6 5 7 9 1 0 1 4 9 10 8 6 7 9 10 7 0 1
1 1 7 17
4 4 51 41 10 54 36 18 9 46
#c 0 1 8 5 2 10 6 7 8 4 7 0 1 6 5 2 3 4 4 5 3 9 6 3 8 9 8 2 0 10 1 5 3 0 5 2 4 2 3 6 5 7 9 1 0 1 4 9 10 8 6 7 9 10 7 0 1
1 2 49 28 33
4 4 8 26 2 24 0 11 44 55
#c 0 1 8 5 2 10 6 7 8 4 7 0 1 6 5 2 3 4 4 5 3 9 6 3 8 9 8 2 0 10 1 5 3 0 5 2 4 2 3 6 5 7 9 1 0 1 4 9 10 8 6 7 9 10 7 0 1
1 1 52 53
4 3 42 21 47 25 29 5 48
#c 0 1 8 5 2 10 6 7 8 4 7 0 1 6 5 2 3 4 4 5 3 9 6 3 8 9 8 2 0 10 1 5 3 0 5 2 4 2 3 6 5 7 9 1 0 1 4 9 10 8 6 7 9 10 7 0 1
2 2 5 29 19 40
2 4 53 48 34 31 3 14
#c 0 1 8 5 2 5 6 7 8 4 7 0 1 6 5 2 3 4 4 10 3 9 6 3 8 9 8 2 0 5 1 5 3 0 5 2 4 2 3 6 10 7 9 1 0 1 4 9 10 8 6 7 9 10 7 0 1
3 1 55 33 44 48
3 3 0 11 28 53 19 40
#c 0 1 8 5 2 5 6 7 8 4 7 0 1 6 5 2 3 4 4 10 3 9 6 3 8 9 8 2 0 5 1 5 3 0 5 2 4 2 3 6 10 7 9 1 0 1 4 9 10 8 6 7 9 10 7 0 1
2 3 56 12 48 40 53
4 1 1 45 30 43 19
#c 0 1 8 5 2 5 6 7 8 4 7 0 1 6 5 2 3 4 4 10 3 9 6 3 8 9 8 2 0 5 1 5 3 0 5 2 4 2 3 6 10 7 9 1 0 1 4 9 10 8 6 7 9 10 7 0 1
#c 0 1 8 5 2 5 6 7 8 4 7 0 1 6 5 2 3 4 4 10 3 9 6 3 8 9 8 2 0 5 1 5 3 0 5 2 4 2 3 6 10 7 9 1 0 1 4 9 10 8 6 7 9 10 7 0 1
1 3 32 55 28 44
4 3 20 38 23 16 0 11 33
#c 0 1 8 5 2 5 6 7 8 4 7 0 1 6 5 2 3 4 4 10 3 9 6 3 8 9 8 2 0 5 1 5 3 0 5 2 4 2 3 6 10 7 9 1 0 1 4 9 10 8 6 7 9 10 7 0 1
1 1 17 52
4 4 36 18 9 46 42 21 47 25
#c 0 1 8 5 2 5 6 7 8 4 7 0 1 6 5 2 3 4 4 10 3 9 6 3 8 9 8 2 0 5 1 5 3 0 5 2 4 2 3 6 10 7 9 1 0 1 4 9 10 8 6 7 9 10 7 0 1
1 1 14 10
5 4 34 31 3 5 29 7 51 41 54
#c 0 1 8 5 2 5 6 7 8 4 7 0 1 6 5 2 3 4 4 10 3 9 6 3 8 9 8 2 0 5 1 5 3 0 5 2 4 2 3 6 10 7 9 1 0 1 4 9 10 8 6 7 9 10 7 0 1
1 1 6 21
4 4 50 22 13 39 42 47 52 25
#c 0 1 8 5 2 5 6 7 8 4 7 0 1 6 5 2 3 4 4 10 3 9 6 3 8 9 8 2 0 5 1 5 3 0 5 2 4 2 3 6 10 7 9 1 0 1 4 9 10 8 6 7 9 10 7 0 1
2 2 51 10 12 30
3 4 7 41 54 1 45 56 43
#c 0 1 8 5 2 5 6 7 8 4 7 0 1 6 5 2 3 4 4 10 3 9 6 3 8 9 8 2 0 5 1 5 3 0 5 2 4 2 3 6 10 7 9 1 0 1 4 9 10 8 6 7 9 10 7 0 1
2 2 24 26 7 54
3 3 8 49 2 51 41 10
#c 0 1 8 5 2 5 6 7 8 4 7 0 1 6 5 2 3 4 4 10 3 9 6 3 8 9 8 2 0 5 1 5 3 0 5 2 4 2 3 6 10 7 9 1 0 1 4 9 10 8 6 7 9 10 7 0 1
1 1 21 43
4 5 42 47 52 25 1 12 45 56 30
#c 0 1 8 5 2 5 6 7 8 4 7 0 1 6 5 2 3 4 4 10 3 9 6 3 8 9 8 2 0 5 1 5 3 0 5 2 4 2 3 6 10 7 9 1 0 1 4 9 10 8 6 7 9 10 7 0 1
1 3 19 25 42 52
3 2 53 48 40 21 47
#c 0 1 8 5 2 5 6 7 8 4 7 0 1 6 5 2 3 4 4 10 3 9 6 3 8 9 8 2 0 5 1 5 3 0 5 2 4 2 3 6 10 7 9 1 0 1 4 9 10 8 6 7 9 10 7 0 1
3 3 0 55 44 51 10 41
3 2 11 33 28 7 54
#c 0 1 8 5 2 5 6 7 8 4 7 0 1 6 5 2 3 4 4 10 3 9 6 3 8 9 8 2 0 5 1 5 3 0 5 2 4 2 3 6 10 7 9 1 0 1 4 9 10 8 6 7 9 10 7 0 1
1 1 12 40
5 3 1 45 56 30 43 53 48 19
#c 0 1 8 5 2 5 6 7 8 4 7 0 1 6 5 2 3 4 4 10 3 9 6 3 8 9 8 2 0 5 1 5 3 0 5 2 4 2 3 6 10 7 9 1 0 1 4 9 10 8 6 7 9 10 7 0 1
2 2 27 37 48 40
3 2 35 4 15 53 19
#c 0 1 8 5 2 5 6 7 8 4 7 0 1 6 5 2 3 4 4 10 3 9 6 3 8 9 8 2 0 5 1 5 3 0 5 2 4 2 3 6 10 7 9 1 0 1 4 9 10 8 6 7 9 10 7 0 1
1 1 20 31
4 5 38 23 16 32 34 3 14 5 29
#c 0 1 8 5 2 5 6 7 8 4 7 0 1 6 5 2 3 4 4 10 3 9 6 3 8 9 8 2 0 5 1 5 3 0 5 2 4 2 3 6 10 7 9 1 0 1 4 9 10 8 6 7 9 10 7 0 1
#c 0 1 8 5 2 5 6 7 8 4 7 0 1 6 5 2 3 4 4 10 3 9 6 3 8 9 8 2 0 5 1 5 3 0 5 2 4 2 3 6 10 7 9 1 0 1 4 9 10 8 6 7 9 10 7 0 1
3 3 3 31 5 17 9 18
3 2 34 14 29 36 46
#c 0 1 8 5 2 5 6 7 8 4 7 0 1 6 5 2 3 4 4 10 3 9 6 3 8 9 8 2 0 5 1 5 3 0 5 2 4 2 3 6 10 7 9 1 0 1 4 9 10 8 6 7 9 10 7 0 1
2 2 39 13 0 28
3 4 6 50 22 11 33 44 55
#c 0 1 8 5 2 5 6 7 8 4 7 0 1 6 5 2 3 4 4 10 3 9 6 3 8 9 8 2 0 5 1 5 3 0 5 2 4 2 3 6 10 7 9 1 0 1 4 9 10 8 6 7 9 10 7 0 1
1 1 41 28
4 5 7 51 10 54 0 11 33 44 55
#c 0 1 8 5 2 5 6 7 8 4 7 0 1 6 5 2 3 4 4 10 3 9 6 3 8 9 8 2 0 5 1 5 3 0 5 2 4 2 3 6 10 7 9 1 0 1 4 9 10 8 6 7 9 10 7 0 1
1 1 26 37
4 4 8 49 2 24 35 4 27 15
#c 0 1 8 5 2 5 6 7 8 4 7 0 1 6 5 2 3 4 4 10 3 9 6 3 8 9 8 2 0 5 1 5 3 0 5 2 4 2 3 6 10 7 9 1 0 1 4 9 10 8 6 7 9 10 7 0 1
2 2 42 25 13 6
3 3 21 47 52 50 22 39
#c 0 1 8 5 2 5 6 7 8 4 7 0 1 6 5 2 3 4 4 10 3 9 6 3 8 9 8 2 0 5 1 5 3 0 5 2 4 2 3 6 10 7 9 1 0 1 4 9 10 8 6 7 9 10 7 0 1
1 1 53 35
3 4 48 19 40 4 37 27 15
#c 0 1 8 5 2 5 6 7 8 4 7 0 1 6 5 2 3 4 4 10 3 9 6 3 8 9 8 2 0 5 1 5 3 0 5 2 4 2 3 6 10 7 9 1 0 1 4 9 10 8 6 7 9 10 7 0 1
5 3 11 33 44 55 28 53 48 40
#c 0 1 8 5 2 5 6 7 8 4 7 0 1 6 5 2 3 4 4 10 3 9 6 3 8 9 8 2 0 5 1 5 3 0 5 2 4 2 3 6 10 7 9 1 0 1 4 9 10 8 6 7 9 10 7 0 1
2 2 56 30 23 38
4 3 1 12 45 43 20 16 32
#c 0 1 8 5 2 5 6 7 8 4 7 0 1 6 5 2 3 4 4 10 3 9 6 3 8 9 8 2 0 5 1 5 3 0 5 2 4 2 3 6 10 7 9 1 0 1 4 9 10 8 6 7 9 10 7 0 1
1 1 27 45
4 5 35 4 37 15 1 12 56 30 43
#c 0 1 8 5 2 5 6 7 8 4 7 0 1 6 5 2 3 4 4 10 3 9 6 3 8 9 8 2 0 5 1 5 3 0 5 2 4 2 3 6 10 7 9 1 0 1 4 9 10 8 6 7 9 10 7 0 1
1 1 16 31
4 5 20 38 23 32 34 3 14 5 29
#c 0 1 8 5 2 5 6 7 8 4 7 0 1 6 5 2 3 4 4 10 3 9 6 3 8 9 8 2 0 5 1 5 3 0 5 2 4 2 3 6 10 7 9 1 0 1 4 9 10 8 6 7 9 10 7 0 1
#c 0 1 8 5 2 5 6 7 8 4 7 0 1 6 5 2 3 4 4 10 3 9 6 3 8 9 8 2 0 5 1 5 3 0 5 2 4 2 3 6 10 7 9 1 0 1 4 9 10 8 6 7 9 10 7 0 1
3 4 34 5 31 42 52 47 25
3 1 3 14 29 21
#c 0 1 8 5 2 5 6 7 8 4 7 0 1 6 5 2 3 4 4 10 3 9 6 3 8 9 8 2 0 5 1 5 3 0 5 2 4 2 3 6 10 7 9 1 0 1 4 9 10 8 6 7 9 10 7 0 1
1 1 22 27
4 4 6 50 13 39 35 4 37 15
#c 0 1 8 5 2 5 6 7 8 4 7 0 1 6 5 2 3 4 4 10 3 9 6 3 8 9 8 2 0 5 1 5 3 0 5 2 4 2 3 6 10 7 9 1 0 1 4 9 10 8 6 7 9 10 7 0 1
2 2 41 51 26 49
3 3 7 10 54 8 2 24
#c 0 1 8 5 2 5 6 7 8 4 7 0 1 6 5 2 3 4 4 10 3 9 6 3 8 9 8 2 0 5 1 5 3 0 5 2 4 2 3 6 10 7 9 1 0 1 4 9 10 8 6 7 9 10 7 0 1
1 1 8 40
4 3 26 49 2 24 53 48 19
#c 0 1 8 5 2 5 6 7 8 4 7 0 1 6 5 2 3 4 4 10 3 9 6 3 8 9 8 2 0 5 1 5 3 0 5 2 4 2 3 6 10 7 9 1 0 1 4 9 10 8 6 7 9 10 7 0 1
1 1 25 44
4 5 42 21 47 52 0 11 33 55 28
#c 0 1 8 5 2 5 6 7 8 4 7 0 1 6 5 2 3 4 4 10 3 9 6 3 8 9 8 2 0 5 1 5 3 0 5 2 4 2 3 6 10 7 9 1 0 1 4 9 10 8 6 7 9 10 7 0 1
1 1 40 15
3 4 53 48 19 35 4 37 27
#c 0 1 8 5 2 5 6 7 8 4 7 0 1 6 5 2 3 4 4 10 3 9 6 3 8 9 8 2 0 5 1 5 3 0 5 2 4 2 3 6 10 7 9 1 0 1 4 9 10 8 6 7 9 10 7 0 1
2 2 33 55 29 31
4 4 0 11 44 28 34 3 14 5
#c 0 1 8 5 2 5 6 7 8 4 7 0 1 6 5 2 3 4 4 10 3 9 6 3 8 9 8 2 0 5 1 5 3 0 5 2 4 2 3 6 10 7 9 1 0 1 4 9 10 8 6 7 9 10 7 0 1
2 2 12 56 32 23
4 3 1 45 30 43 20 38 16
#c 0 1 8 5 2 5 6 7 8 4 7 0 1 6 5 2 3 4 4 10 3 9 6 3 8 9 8 2 0 5 1 5 3 0 5 2 4 2 3 6 10 7 9 1 0 1 4 9 10 8 6 7 9 10 7 0 1
2 1 37 27 32
3 4 35 4 15 20 38 23 16
#c 0 1 8 5 2 5 6 7 8 4 7 0 1 6 5 2 3 4 4 10 3 9 6 3 8 9 8 2 0 5 1 5 3 0 5 2 4 2 3 6 10 7 9 1 0 1 4 9 10 8 6 7 9 10 7 0 1
1 2 16 12 30
4 4 20 38 23 32 1 45 56 43
#c 0 1 8 5 2 5 6 7 8 4 7 0 1 6 5 2 3 4 4 10 3 9 6 3 8 9 8 2 0 5 1 5 3 0 5 2 4 2 3 6 10 7 9 1 0 1 4 9 10 8 6 7 9 10 7 0 1
2 1 17 36 24
3 4 18 9 46 8 26 49 2
#c 0 1 8 5 2 5 6 7 8 4 7 0 1 6 5 2 3 4 4 10 3 9 6 3 8 9 8 2 0 5 1 5 3 0 5 2 4 2 3 6 10 7 9 1 0 1 4 9 10 8 6 7 9 10 7 0 1
3 3 34 31 29 46 17 18
3 2 3 14 5 36 9
#c 0 1 8 5 2 5 6 7 8 4 7 0 1 6 5 2 3 5 5 10 3 9 6 3 8 9 8 2 0 4 1 4 3 0 4 2 4 2 3 6 10 7 9 1 0 1 5 9 10 8 6 7 9 10 7 0 1
2 2 50 6 11 55
3 4 22 13 39 0 33 44 28
#c 0 1 8 5 2 5 6 7 8 4 7 0 1 6 5 2 3 5 5 10 3 9 6 3 8 9 8 2 0 4 1 4 3 0 4 2 4 2 3 6 10 7 9 1 0 1 5 9 10 8 6 7 9 10 7 0 1
2 2 41 51 46 18
3 4 7 10 54 3 14 5 17
#c 0 1 8 5 2 5 6 7 8 4 7 0 1 6 5 2 3 5 5 10 3 9 6 3 8 9 8 2 0 4 1 4 3 0 4 2 4 2 3 6 10 7 9 1 0 1 5 9 10 8 6 7 9 10 7 0 1
1 1 24 41
4 4 8 26 49 2 7 51 10 54
#c 0 1 8 5 2 5 6 7 8 4 7 0 1 6 5 2 3 5 5 10 3 9 6 3 8 9 8 2 0 4 1 4 3 0 4 2 4 2 3 6 10 7 9 1 0 1 5 9 10 8 6 7 9 10 7 0 1
1 1 52 4
4 4 42 21 47 25 35 37 27 15
#c 0 1 8 5 2 5 6 7 8 4 7 0 1 6 5 2 3 5 5 10 3 9 6 3 8 9 8 2 0 4 1 4 3 0 4 2 4 2 3 6 10 7 9 1 0 1 5 9 10 8 6 7 9 10 7 0 1
1 1 48 6
3 4 53 19 40 50 22 13 39
#c 0 1 8 5 2 5 10 7 8 4 7 0 1 6 5 2 3 5 5 10 3 9 6 3 8 9 8 2 0 4 1 4 3 0 4 2 4 2 3 6 10 7 9 1 0 1 5 9 6 8 6 7 9 10 7 0 1
3 3 55 0 33 40 6 53
3 1 11 44 28 19
#c 0 1 8 5 2 5 10 7 8 4 7 0 1 6 5 2 3 5 5 10 3 9 6 3 8 9 8 2 0 4 1 4 3 0 4 2 4 2 3 6 10 7 9 1 0 1 5 9 6 8 6 7 9 10 7 0 1
1 2 45 21 47
5 3 1 12 56 30 43 42 52 25
#c 0 1 8 5 2 5 10 7 8 4 7 0 1 6 5 2 3 5 5 10 3 9 6 3 8 9 8 2 0 4 1 4 3 0 4 2 4 2 3 6 10 7 9 1 0 1 5 9 6 8 6 7 9 10 7 0 1
2 2 4 37 20 32
3 3 35 27 15 38 23 16
#c 0 1 8 5 2 5 10 7 8 4 7 0 1 6 5 2 3 5 5 10 3 9 6 3 8 9 8 2 0 4 1 4 3 0 4 2 4 2 3 6 10 7 9 1 0 1 5 9 6 8 6 7 9 10 7 0 1
1 1 23 40
4 3 20 38 16 32 53 19 6
#c 0 1 8 5 2 5 10 7 8 4 7 0 1 6 5 2 3 5 5 10 3 9 6 3 8 9 8 2 0 4 1 4 3 0 4 2 4 2 3 6 10 7 9 1 0 1 5 9 6 8 6 7 9 10 7 0 1
2 2 36 29 19 6
3 2 9 34 31 53 40
#c 0 1 8 5 2 5 10 7 8 4 7 0 1 6 5 2 3 5 5 10 3 9 6 3 8 9 8 2 0 4 1 4 3 0 4 2 4 2 3 6 10 7 9 1 0 1 5 9 6 8 6 7 9 10 7 0 1
#c 0 1 8 5 2 5 10 7 8 4 7 0 1 6 5 2 3 5 5 10 3 9 6 3 8 9 8 2 0 4 1 4 3 0 4 2 4 2 3 6 10 7 9 1 0 1 5 9 6 8 6 7 9 10 7 0 1
1 1 48 49
4 4 50 22 13 39 8 26 2 24
#c 0 1 8 5 2 5 10 7 8 4 7 0 1 6 5 2 3 5 5 10 3 9 6 3 8 9 8 2 0 4 1 4 3 0 4 2 4 2 3 6 10 7 9 1 0 1 5 9 8 6 6 7 9 10 7 0 1
#c 0 1 8 5 2 5 10 7 8 4 7 0 1 6 5 2 3 5 5 10 3 9 6 3 8 9 8 2 0 4 1 4 3 0 4 2 4 2 3 6 10 7 9 1 0 1 5 9 8 6 6 7 9 10 7 0 1
2 2 48 2 25 47
3 3 8 26 24 42 21 52
#c 0 1 8 5 2 5 10 7 8 4 7 0 1 6 5 2 3 5 5 10 3 9 6 3 8 9 8 2 0 4 1 4 3 0 4 2 4 2 3 6 10 7 9 1 0 1 5 9 8 6 6 7 9 10 7 0 1
2 2 47 52 5 14
3 4 42 21 25 3 46 17 18
#c 0 1 8 5 2 5 10 7 8 4 7 0 1 6 5 2 3 5 5 10 3 9 6 3 8 9 8 2 0 4 1 4 3 0 4 2 4 2 3 6 10 7 9 1 0 1 5 9 8 6 6 7 9 10 7 0 1
1 1 40 4
3 4 53 19 6 35 37 27 15
#c 0 1 8 5 2 5 10 7 8 4 7 0 1 6 5 2 3 5 5 10 3 9 6 3 8 9 8 2 0 4 1 4 3 0 4 2 4 2 3 6 10 7 9 1 0 1 5 9 8 6 6 7 9 10 7 0 1
#c 0 1 8 5 2 5 10 7 8 4 7 0 1 6 5 2 3 5 5 10 3 9 6 3 8 9 8 2 0 4 1 4 3 0 4 2 4 2 3 6 10 7 9 1 0 1 5 9 8 6 6 7 9 10 7 0 1
2 2 30 45 36 29
4 3 1 12 56 43 9 34 31
#c 0 1 8 5 2 5 10 7 8 4 7 0 1 6 5 2 3 5 5 10 3 9 6 3 8 9 8 2 0 4 1 4 3 0 4 2 4 2 3 6 10 7 9 1 0 1 5 9 8 6 6 7 9 10 7 0 1
2 2 35 27 6 19
3 2 4 37 15 53 40
#c 0 1 8 5 2 5 10 7 8 4 7 0 1 6 5 2 3 5 5 10 3 9 6 3 8 9 8 2 0 4 1 4 3 0 4 2 4 2 3 6 10 7 9 1 0 1 5 9 8 6 6 7 9 10 7 0 1
#c 0 1 8 5 2 5 10 7 8 4 7 0 1 6 5 2 3 5 5 10 3 9 6 3 8 9 8 2 0 4 1 4 3 0 4 2 4 2 3 6 10 7 9 1 0 1 5 9 8 6 6 7 9 10 7 0 1
2 2 34 31 5 14
3 4 36 9 29 3 46 17 18
#c 0 1 8 5 2 5 10 7 8 4 7 0 1 6 5 2 3 5 5 10 3 9 6 3 8 9 8 2 0 4 1 4 3 0 4 2 4 2 3 6 10 7 9 1 0 1 5 9 8 6 6 7 9 10 7 0 1
3 3 14 46 3 21 42 52
3 2 5 17 18 47 25
#c 0 1 8 5 2 5 10 7 8 4 7 0 1 6 5 2 3 5 5 10 3 9 6 3 8 9 8 2 0 4 1 4 3 0 4 2 4 2 3 6 10 7 9 1 0 1 5 9 8 6 6 7 9 10 7 0 1
1 1 49 51
4 4 50 22 13 39 7 41 10 54
#c 0 1 8 5 2 5 10 7 8 4 7 0 1 6 5 2 3 5 5 10 3 9 6 3 8 9 8 2 0 4 1 4 3 0 4 2 4 2 3 6 10 7 9 1 0 1 5 9 8 6 6 7 9 10 7 0 1
1 1 51 3
4 5 7 41 10 54 14 5 46 17 18
#c 0 1 8 5 2 5 10 7 8 4 7 0 1 6 5 2 3 5 5 10 3 9 6 3 8 9 8 2 0 4 1 4 3 0 4 2 4 2 3 6 10 7 9 1 0 1 5 9 8 6 6 7 9 10 7 0 1
1 1 48 23
4 4 8 26 2 24 20 38 16 32
#c 0 1 8 5 2 5 10 7 8 4 7 0 1 6 5 2 3 5 5 10 3 9 6 3 8 9 8 2 0 4 1 4 3 0 4 2 4 2 3 6 10 7 9 1 0 1 5 9 8 6 6 7 9 10 7 0 1
0 1 8 5 2 5 10 7 8 4 7 0 1 6 5 2 3 5 5 10 3 9 6 3 8 9 8 2 0 4 1 4 3 0 4 2 4 2 3 6 10 7 9 1 0 1 5 9 8 6 6 7 9 10 7 0 1
