#c 0 1 2 3 4 5 6 7 8 9 10 11 0 1 2 3 4 5 6 7 8 9 10 11 0 1 2 3 4 5 6 7 8 9 10 11 0 1 2 3 4 5 6 7 8 9 10 11 0 1 2 3 4 5 6 7 8 9 10
#c 0 1 2 3 4 5 6 7 8 9 10 11 0 1 2 3 4 5 6 7 8 9 10 11 0 1 2 3 4 5 6 7 8 9 10 11 0 1 2 3 4 5 6 7 8 9 10 11 0 1 2 3 4 5 6 7 8 9 10
2 2 2 14 22 58
3 3 26 38 50 10 34 46
#c 0 1 2 3 4 5 6 7 8 9 10 11 0 1 2 3 4 5 6 7 8 9 10 11 0 1 2 3 4 5 6 7 8 9 10 11 0 1 2 3 4 5 6 7 8 9 10 11 0 1 2 3 4 5 6 7 8 9 10
2 2 15 39 37 49
3 3 3 27 51 1 13 25
#c 0 1 2 3 4 5 6 7 8 9 10 11 0 1 2 3 4 5 6 7 8 9 10 11 0 1 2 3 4 5 6 7 8 9 10 11 0 1 2 3 4 5 6 7 8 9 10 11 0 1 2 3 4 5 6 7 8 9 10
1 2 28 39 27
4 3 4 16 40 52 3 15 51
#c 0 1 2 3 4 5 6 7 8 9 10 11 0 1 2 3 4 5 6 7 8 9 10 11 0 1 2 3 4 5 6 7 8 9 10 11 0 1 2 3 4 5 6 7 8 9 10 11 0 1 2 3 4 5 6 7 8 9 10
1 2 29 50 14
4 3 5 17 41 53 2 26 38
#c 0 1 2 3 4 5 6 7 8 9 10 11 0 1 2 3 4 5 6 7 8 9 10 11 0 1 2 3 4 5 6 7 8 9 10 11 0 1 2 3 4 5 6 7 8 9 10 11 0 1 2 3 4 5 6 7 8 9 10
1 1 30 56
4 4 6 18 42 54 8 20 32 44
#c 0 1 2 3 4 5 6 7 8 9 10 11 0 1 2 3 4 5 6 7 8 9 10 11 0 1 2 3 4 5 8 7 8 9 10 11 0 1 2 3 4 5 6 7 8 9 10 11 0 1 2 3 4 5 6 7 6 9 10
1 1 43 36
4 4 7 19 31 55 0 12 24 48
#c 0 1 2 3 4 5 6 7 8 9 10 11 0 1 2 3 4 5 6 7 8 9 10 11 0 1 2 3 4 5 8 7 8 9 10 11 7 1 2 3 4 5 6 0 8 9 10 11 0 1 2 3 4 5 6 7 6 9 10
2 3 8 20 50 26 14
3 2 32 44 30 2 38
#c 0 1 2 3 4 5 6 7 8 9 10 11 0 1 2 3 4 5 6 7 8 9 10 11 0 1 2 3 4 5 8 7 8 9 10 11 7 1 2 3 4 5 6 0 8 9 10 11 0 1 2 3 4 5 6 7 6 9 10
2 2 9 21 3 51
3 3 33 45 57 15 27 39
#c 0 1 2 3 4 5 6 7 8 9 10 11 0 1 2 3 4 5 6 7 8 9 10 11 0 1 2 3 4 5 8 7 8 9 10 11 7 1 2 3 4 5 6 0 8 9 10 11 0 1 2 3 4 5 6 7 6 9 10
#c 0 1 2 3 4 5 6 7 8 9 10 11 0 1 2 3 4 5 6 7 8 9 10 11 0 1 2 3 4 5 8 7 8 9 10 11 7 1 2 3 4 5 6 0 8 9 10 11 0 1 2 3 4 5 6 7 6 9 10
2 2 11 35 54 6
2 3 23 47 18 42 56
#c 0 1 2 3 4 5 6 7 8 9 10 11 0 1 2 3 4 5 6 7 8 9 10 11 0 1 2 3 4 5 8 7 8 9 10 11 7 1 2 3 4 5 6 0 8 9 10 11 0 1 2 3 4 5 6 7 6 9 10
1 1 0 16
4 4 12 24 48 43 4 28 40 52
#c 0 1 2 3 4 5 6 7 8 9 10 11 0 1 2 3 4 5 6 7 8 9 10 11 0 1 2 3 4 5 8 7 8 9 10 11 7 1 2 3 4 5 6 0 8 9 10 11 0 1 2 3 4 5 6 7 6 9 10
1 1 37 57
4 4 1 13 25 49 9 21 33 45
#c 0 1 2 3 4 5 6 7 8 9 10 11 0 1 2 3 4 5 6 7 8 9 10 11 0 1 2 3 4 5 8 7 8 9 10 11 7 1 2 3 4 5 6 0 8 9 10 11 0 1 2 3 4 5 6 7 6 9 10
1 2 14 0 43
4 3 2 26 38 50 12 24 48
#c 0 1 2 3 4 5 6 7 8 9 10 11 0 1 2 3 4 5 6 7 8 9 10 11 0 1 2 3 4 5 8 7 8 9 10 11 7 1 2 3 4 5 6 0 8 9 10 11 0 1 2 3 4 5 6 7 6 9 10
1 1 51 48
4 4 3 15 27 39 0 12 24 43
#c 0 1 2 3 4 5 6 7 8 9 10 11 0 1 2 3 4 5 6 7 8 9 10 11 0 1 2 3 4 5 8 7 8 9 10 11 7 1 2 3 4 5 6 0 8 9 10 11 3 1 2 0 4 5 6 7 6 9 10
2 2 28 4 45 21
3 3 16 40 52 9 33 57
#c 0 1 2 3 9 5 6 7 8 9 10 11 0 1 2 3 4 5 6 7 8 4 10 11 0 1 2 3 9 5 8 7 8 9 10 11 7 1 2 3 4 5 6 0 8 4 10 11 3 1 2 0 4 5 6 7 6 9 10
2 2 5 17 9 28
3 3 29 41 53 33 57 4
#c 0 1 2 3 9 5 6 7 8 9 10 11 0 1 2 3 4 5 6 7 8 4 10 11 0 1 2 3 9 5 8 7 8 9 10 11 7 1 2 3 4 5 6 0 8 4 10 11 3 1 2 0 4 5 6 7 6 9 10
#c 0 1 2 3 9 5 6 7 8 9 10 11 0 1 2 3 4 5 6 7 8 4 10 11 0 1 2 3 9 5 8 7 8 9 10 11 7 1 2 3 4 5 6 0 8 4 10 11 3 1 2 0 4 5 6 7 6 9 10
2 1 7 55 11
3 3 19 31 36 23 35 47
#c 0 1 2 3 9 5 6 7 8 9 10 11 0 1 2 3 4 5 6 7 8 4 10 11 0 1 2 3 9 5 8 7 8 9 10 11 7 1 2 3 4 5 6 0 8 4 10 11 3 1 2 0 4 5 6 7 6 9 10
2 2 8 32 9 57
3 3 20 44 30 33 28 4
#c 0 1 2 3 9 5 6 7 8 9 10 11 0 1 2 3 4 5 6 7 8 4 10 11 0 1 2 3 9 5 8 7 8 9 10 11 7 1 2 3 4 5 6 0 8 4 10 11 3 1 2 0 4 5 6 7 6 9 10
2 2 57 33 34 58
3 3 9 28 4 10 22 46
#c 0 1 2 3 9 5 6 7 8 9 10 11 0 1 2 3 4 5 6 7 8 4 10 11 0 1 2 3 9 5 8 7 8 9 10 11 7 1 2 3 4 5 6 0 8 4 10 11 3 1 2 0 4 5 6 7 6 9 10
2 3 10 46 6 42 56
3 2 22 34 58 18 54
#c 0 1 2 3 9 5 6 7 8 9 10 11 0 1 2 3 4 5 6 7 8 4 10 11 0 1 2 3 9 5 8 7 8 9 10 11 7 1 2 3 4 5 6 0 8 4 10 11 3 1 2 0 4 5 6 7 6 9 10
2 2 47 11 19 36
2 3 23 35 7 31 55
#c 0 1 2 3 9 5 6 7 8 9 10 11 0 1 2 3 4 5 6 7 8 4 10 11 0 1 2 3 9 5 8 7 8 9 10 11 7 1 2 3 4 5 6 0 8 4 10 11 3 1 2 0 4 5 6 7 6 9 10
2 2 0 51 49 37
3 3 12 24 43 1 13 25
#c 0 1 2 3 9 5 6 7 8 9 10 11 0 1 2 3 4 5 6 7 8 4 10 11 0 1 2 3 9 5 8 7 8 9 10 11 7 1 2 3 4 5 6 0 8 4 10 11 3 1 2 0 4 5 6 7 6 9 10
2 2 1 37 8 30
3 3 13 25 49 20 32 44
#c 0 1 2 3 9 5 6 7 8 9 10 11 0 1 2 3 4 5 6 7 8 4 10 11 0 1 2 3 9 5 8 7 8 9 10 11 7 1 2 3 4 5 6 0 8 4 10 11 3 1 2 0 4 5 6 7 6 9 10
2 2 38 14 27 39
3 3 2 26 50 3 15 48
#c 0 1 2 3 9 5 6 7 8 9 10 11 0 1 2 3 4 5 6 7 8 4 10 11 0 1 2 3 9 5 8 7 8 9 10 11 7 1 2 3 4 5 6 0 8 4 10 11 3 1 2 0 4 5 6 7 6 9 10
2 4 48 27 16 40 45 52
3 1 3 15 39 21
#c 0 1 2 3 9 5 6 7 8 9 10 11 0 1 2 3 4 5 6 7 8 4 10 11 0 1 2 3 9 5 8 7 8 9 10 11 7 1 2 3 4 5 6 0 8 4 10 11 3 1 2 0 4 5 6 7 6 9 10
1 1 40 56
4 4 16 52 45 21 6 18 42 54
#c 0 1 2 3 9 5 6 7 8 9 10 11 0 1 2 3 4 5 6 7 8 4 10 11 0 1 2 3 9 5 8 7 8 9 10 11 7 1 2 3 4 5 6 0 8 4 10 11 3 1 2 0 4 5 6 7 6 9 10
2 2 17 53 54 42
3 3 5 29 41 6 18 56
#c 0 1 2 3 9 5 6 7 8 9 10 11 0 1 2 3 4 5 6 7 8 4 10 11 0 1 2 3 9 5 8 7 8 9 10 11 7 1 2 3 4 5 6 0 8 4 10 11 3 1 2 0 4 5 6 7 6 9 10
2 1 56 42 33
3 4 6 18 54 9 57 28 4
#c 0 1 2 3 9 5 6 7 8 9 10 11 0 1 2 3 4 5 6 7 8 4 10 11 0 1 2 3 9 5 8 7 8 9 10 11 7 1 2 3 4 5 6 0 8 4 10 11 3 1 2 0 4 5 6 7 6 9 10
1 1 36 32
4 4 7 19 31 55 8 20 44 30
#c 0 1 2 3 9 5 6 7 8 9 10 11 0 1 2 3 4 5 6 7 8 4 10 11 0 1 2 3 9 5 8 7 7 9 10 11 8 1 2 3 4 5 6 0 8 4 10 11 3 1 2 0 4 5 6 7 6 9 10
#c 0 1 2 3 9 5 6 7 8 9 10 11 0 1 2 3 4 5 6 7 8 4 10 11 0 1 2 3 9 5 8 7 7 9 10 11 8 1 2 3 4 5 6 0 8 4 10 11 3 1 2 0 4 5 6 7 6 9 10
1 1 33 13
4 4 9 57 28 4 1 25 37 49
#c 0 1 2 3 9 5 6 7 8 9 10 11 0 1 2 3 4 5 6 7 8 4 10 11 0 1 2 3 9 5 8 7 7 9 10 11 8 1 2 3 4 5 6 0 8 4 10 11 3 1 2 0 4 5 6 7 6 9 10
2 1 34 58 26
3 4 10 22 46 2 14 38 50
#c 0 1 2 3 9 5 6 7 8 9 10 11 0 1 2 3 4 5 6 7 8 4 10 11 0 1 2 3 9 5 8 7 7 9 10 11 8 1 2 3 4 5 6 0 8 4 10 11 3 1 2 0 4 5 6 7 6 9 10
1 3 11 19 32 31
3 2 23 35 47 7 55
#c 0 1 2 3 9 5 6 7 8 9 10 11 0 1 2 3 4 5 6 7 8 4 10 11 0 1 2 3 9 5 8 7 7 9 10 11 8 1 2 3 4 5 6 0 8 4 10 11 3 1 2 0 4 5 6 7 6 9 10
1 1 12 58
4 4 0 24 43 51 10 22 34 46
#c 0 1 2 3 9 5 6 7 8 9 10 11 0 1 2 3 4 5 6 7 8 4 10 11 0 1 2 3 9 5 8 7 7 9 10 11 8 1 2 3 4 5 6 0 8 4 10 11 3 1 2 0 4 5 6 7 6 9 10
1 1 37 24
4 4 1 13 25 49 0 12 43 51
#c 0 1 2 3 9 5 6 7 8 9 10 11 0 1 2 3 4 5 6 7 8 4 10 11 0 1 2 3 9 5 8 7 7 9 10 11 8 1 2 3 4 5 6 0 8 4 10 11 3 1 2 0 4 5 6 7 6 9 10
2 1 14 2 24
3 4 26 38 50 0 12 43 51
#c 0 1 2 3 9 5 6 7 8 9 10 11 0 1 2 3 4 5 6 7 8 4 10 11 0 1 2 3 9 5 8 7 7 9 10 11 8 1 2 3 4 5 6 0 8 4 10 11 3 1 2 0 4 5 6 7 6 9 10
1 1 48 18
4 4 3 15 27 39 6 42 54 56
#c 0 1 2 3 9 5 6 7 8 9 10 11 0 1 2 3 4 5 6 7 8 4 10 11 0 1 2 3 9 5 8 7 7 9 10 11 8 1 2 3 4 5 6 0 8 4 10 11 3 1 2 0 4 5 6 7 6 9 10
1 1 21 50
4 4 16 40 52 45 2 14 26 38
#c 0 1 2 3 9 5 6 7 8 9 10 11 0 1 2 3 4 5 6 7 8 4 10 11 0 1 2 3 9 5 8 7 7 9 10 11 8 1 2 3 4 5 6 0 8 4 10 11 3 1 2 0 4 5 6 7 6 9 10
1 1 5 57
4 4 17 29 41 53 9 33 28 4
#c 0 1 2 3 9 9 6 7 8 9 10 11 0 1 2 3 4 5 6 7 8 4 10 11 0 1 2 3 9 5 8 7 7 9 10 11 8 1 2 3 4 5 6 0 8 4 10 11 3 1 2 0 4 5 6 7 6 5 10
2 2 18 6 19 32
3 3 42 54 56 7 31 55
#c 0 1 2 3 9 9 6 7 8 9 10 11 0 1 2 3 4 5 6 7 8 4 10 11 0 1 2 3 9 5 8 7 7 9 10 11 8 1 2 3 4 5 6 0 8 4 10 11 3 1 2 0 4 5 6 7 6 5 10
2 2 31 7 33 9
3 3 19 55 32 28 4 5
#c 0 1 2 3 9 9 6 7 8 9 10 11 0 1 2 3 4 5 6 7 8 4 10 11 0 1 2 3 9 5 8 7 7 9 10 11 8 1 2 3 4 5 6 0 8 4 10 11 3 1 2 0 4 5 6 7 6 5 10
1 1 20 10
4 4 8 44 30 36 22 34 46 58
#c 0 1 2 3 9 9 6 7 8 9 10 11 0 1 2 3 4 5 6 7 8 4 10 11 0 1 2 3 9 5 8 7 7 9 10 11 8 1 2 3 4 5 6 0 8 4 10 11 3 1 2 0 4 5 6 7 6 5 10
2 1 33 5 34
3 4 9 28 4 10 22 46 58
#c 0 1 2 3 9 10 6 7 8 9 10 11 0 1 2 3 4 5 6 7 8 4 10 11 0 1 2 3 9 5 8 7 7 10 9 11 8 1 2 3 4 5 6 0 8 4 10 11 3 1 2 0 4 5 6 7 6 5 10
3 4 46 5 10 0 24 12 43
3 1 22 58 33 51
#c 0 1 2 3 9 10 6 7 8 9 10 11 0 1 2 3 4 5 6 7 8 4 10 11 0 1 2 3 9 5 8 7 7 10 9 11 8 1 2 3 4 5 6 0 8 4 10 11 3 1 2 0 4 5 6 7 6 5 10
2 2 23 35 34 28
2 2 11 47 9 4
#c 0 1 2 3 9 10 6 7 8 9 10 11 0 1 2 3 4 5 6 7 8 4 10 11 0 1 2 3 9 5 8 7 7 10 9 11 8 1 2 3 4 5 6 0 8 4 10 11 3 1 2 0 4 5 6 7 6 5 10
2 2 24 12 38 26
3 3 0 43 51 2 14 50
#c 0 1 2 3 9 10 6 7 8 9 10 11 0 1 2 3 4 5 6 7 8 4 10 11 0 1 2 3 9 5 8 7 7 10 9 11 8 1 2 3 4 5 6 0 8 4 10 11 3 1 2 0 4 5 6 7 6 5 10
2 2 25 49 17 53
3 3 1 13 37 29 41 57
#c 0 1 2 3 9 10 6 7 8 9 10 11 0 1 2 3 4 5 6 7 8 4 10 11 0 1 2 3 9 5 8 7 7 10 9 11 8 1 2 3 4 5 6 0 8 4 10 11 3 1 2 0 4 5 6 7 6 5 10
1 1 14 49
4 4 2 26 38 50 1 13 25 37
#c 0 1 2 3 9 10 6 7 8 9 10 11 0 1 2 3 4 5 6 7 8 4 10 11 0 1 2 3 9 5 8 7 7 10 9 11 8 1 2 3 4 5 6 0 8 4 10 11 3 1 2 0 4 5 6 7 6 5 10
1 1 27 11
4 3 3 15 39 48 23 35 47
#c 0 1 2 3 9 10 6 7 8 9 10 3 0 1 2 3 4 5 6 7 8 4 10 11 0 1 2 11 9 5 8 7 7 10 9 11 8 1 2 3 4 5 6 0 8 4 10 11 3 1 2 0 4 5 6 7 6 5 10
2 2 52 40 26 2
3 3 16 45 21 14 38 50
#c 0 1 4 3 9 10 6 7 8 9 10 3 0 1 2 3 4 5 6 7 8 4 10 11 0 1 4 11 9 5 8 7 7 10 9 11 8 1 2 3 2 5 6 0 8 4 10 11 3 1 2 0 2 5 6 7 6 5 10
2 2 41 53 5 22
3 4 17 29 57 10 46 58 33
#c 0 1 4 3 9 10 6 7 8 9 10 3 0 1 2 3 4 5 6 7 8 4 10 11 0 1 4 11 9 5 8 7 7 10 9 11 8 1 2 3 2 5 6 0 8 4 10 11 3 1 2 0 2 5 6 7 6 5 10
1 1 18 53
4 4 6 42 54 56 17 29 41 57
#c 0 1 4 3 9 10 6 7 8 9 10 3 0 1 2 3 4 5 6 7 8 4 10 11 0 1 4 11 9 5 8 7 7 10 9 11 8 1 2 3 2 5 6 0 8 4 10 11 3 1 2 0 2 5 6 7 6 5 10
1 1 55 40
4 4 7 19 31 32 14 38 50 52
#c 0 1 4 3 9 10 6 7 8 9 10 3 0 1 2 3 4 5 6 7 8 4 10 11 0 1 4 11 9 5 8 7 7 10 9 11 8 1 2 3 2 5 6 0 8 4 10 11 3 1 2 0 2 5 6 7 6 5 10
2 2 30 20 41 53
3 3 8 44 36 17 29 57
#c 0 1 4 3 9 10 6 7 8 9 10 3 0 1 2 3 4 5 6 7 5 4 10 11 0 1 4 11 9 5 5 7 7 10 9 11 8 1 2 3 2 8 6 0 8 4 10 11 3 1 2 0 2 8 6 7 6 5 10
#c 0 1 4 3 9 10 6 7 8 9 10 3 0 1 2 3 4 5 6 7 5 4 10 11 0 1 4 11 9 5 5 7 7 10 9 11 8 1 2 3 2 8 6 0 8 4 10 11 3 1 2 0 2 8 6 7 6 5 10
#c 0 1 4 3 9 10 6 7 8 9 10 3 0 1 2 3 4 5 6 7 5 4 10 11 0 1 4 11 9 5 5 7 7 10 9 11 8 1 2 3 2 8 6 0 8 4 10 11 3 1 2 0 2 8 6 7 6 5 10
1 1 47 11
3 4 23 35 27 3 15 39 48
#c 0 1 4 3 9 10 6 7 8 9 10 3 0 1 2 3 4 5 6 7 5 4 10 11 0 1 4 11 9 5 5 7 7 10 9 11 8 1 2 3 2 8 6 0 8 4 10 11 3 1 2 0 2 8 6 7 6 5 10
1 1 43 35
4 3 0 12 24 51 23 47 27
#c 0 1 4 3 9 10 6 7 8 9 10 3 0 1 2 3 4 5 6 7 5 4 10 11 0 1 4 11 9 5 5 7 7 10 9 11 8 1 2 3 2 8 6 0 8 4 10 11 3 1 2 0 2 8 6 7 6 5 10
1 1 49 22
4 5 1 13 25 37 10 46 58 33 5
#c 0 1 4 3 9 10 6 7 8 9 10 3 0 1 2 3 4 5 6 7 5 4 10 11 0 1 4 11 9 5 5 7 7 10 9 11 8 1 2 3 2 8 6 0 8 4 10 11 3 1 2 0 2 8 6 7 6 5 10
2 2 50 52 51 43
3 3 14 38 40 0 12 24
#c 0 1 4 3 9 10 6 7 8 9 10 3 0 1 2 3 4 5 6 7 5 4 10 11 0 1 4 11 9 5 5 7 7 10 9 11 8 1 2 3 2 8 6 0 8 4 10 11 3 1 2 0 2 8 6 7 6 5 10
2 2 11 3 53 44
3 3 15 39 48 8 36 41
#c 0 1 4 3 9 10 6 7 8 9 10 3 0 1 2 3 4 5 6 7 5 4 10 11 0 1 4 11 9 5 5 7 7 10 9 11 8 1 2 3 2 8 6 0 8 4 10 11 3 1 2 0 2 8 6 7 6 5 10
1 1 26 47
4 3 16 45 21 2 23 35 27
#c 0 1 4 3 9 10 6 7 8 9 10 3 0 1 2 3 4 5 6 7 5 4 10 11 0 1 11 11 9 5 5 7 7 10 9 11 8 1 2 3 2 8 6 0 8 4 10 4 3 1 2 0 2 8 6 7 6 5 10
2 2 17 29 18 56
3 3 57 30 20 6 42 54
#c 0 1 4 3 9 10 6 7 8 9 10 3 0 1 2 3 4 5 6 7 5 4 10 11 0 1 11 11 9 5 5 7 7 10 9 11 8 1 2 3 2 8 6 0 8 4 10 4 3 1 2 0 2 8 6 7 6 5 10
1 1 42 26
4 3 6 18 54 56 23 35 27
#c 0 1 4 3 9 10 6 7 8 9 10 3 0 1 2 3 4 5 6 7 5 4 10 11 0 1 11 11 9 5 5 7 7 10 9 11 8 1 2 3 2 8 6 0 8 4 10 4 3 1 2 0 2 8 6 7 6 5 10
#c 0 1 4 3 9 10 6 7 8 9 10 3 0 1 2 3 4 5 6 7 5 4 10 11 0 1 11 11 9 5 5 7 7 10 9 11 8 1 2 3 2 8 6 0 8 4 10 4 3 1 2 0 2 8 6 7 6 5 10
2 2 8 36 11 3
3 3 44 41 53 15 39 48
#c 0 1 4 8 9 10 6 7 3 9 10 8 0 1 2 3 4 5 6 7 5 4 10 11 0 1 11 11 9 5 5 7 7 10 9 11 3 1 2 3 2 8 6 0 8 4 10 4 3 1 2 0 2 8 6 7 6 5 10
2 1 4 9 26
2 3 28 34 23 35 27
#c 0 1 4 8 9 10 6 7 3 9 10 8 0 1 2 3 4 5 6 7 5 4 10 11 0 1 11 11 9 5 5 7 7 10 9 11 3 1 2 3 2 8 6 0 8 4 10 4 3 1 2 0 2 8 6 7 6 5 10
1 3 5 4 28 9
5 1 10 22 46 58 33 34
#c 0 1 4 8 9 10 6 7 3 9 10 8 0 1 2 3 4 5 6 7 5 4 10 11 0 1 11 11 9 5 5 7 7 10 9 11 3 1 2 3 2 8 6 0 8 4 10 4 3 1 2 0 2 8 6 7 6 5 10
2 2 23 26 53 3
2 3 35 27 44 41 11
#c 0 1 4 8 9 10 6 7 3 9 10 8 0 1 2 3 4 5 6 7 5 4 10 11 0 1 11 11 9 5 5 7 7 10 9 11 3 1 2 3 2 8 6 0 8 4 10 4 3 1 2 0 2 8 6 7 6 5 10
2 2 43 12 19 7
3 3 0 24 51 31 55 32
#c 0 1 4 8 9 10 6 7 3 9 10 8 0 1 2 3 4 5 6 7 5 4 10 11 0 1 11 11 9 5 5 7 7 10 9 11 3 1 2 3 2 8 6 0 8 4 10 4 3 1 2 0 2 8 6 7 6 5 10
1 1 49 18
4 4 1 13 25 37 6 42 54 56
#c 0 1 4 8 9 10 6 7 3 9 10 8 0 1 2 3 4 5 6 7 5 4 10 11 0 1 11 11 9 5 5 7 7 10 9 11 3 1 2 3 2 8 6 0 8 4 10 4 3 1 2 0 2 8 6 7 6 5 10
2 2 40 52 54 18
3 3 14 38 50 6 42 56
#c 0 1 4 8 9 10 6 7 3 9 10 8 0 1 2 3 4 5 6 7 5 4 10 11 0 1 11 11 9 5 5 7 7 10 9 11 3 1 2 3 2 8 6 0 8 4 10 4 3 1 2 0 2 8 6 7 6 5 10
2 2 8 39 54 42
3 3 15 48 36 6 18 56
#c 0 1 4 8 9 10 6 7 3 9 10 8 0 1 2 3 4 5 6 7 5 4 10 11 0 1 11 11 9 5 5 7 7 10 9 11 3 1 2 3 2 8 6 0 8 4 10 4 3 1 2 0 2 8 6 7 6 5 10
1 1 16 14
4 4 45 21 2 47 38 50 52 40
#c 0 1 4 8 9 10 6 7 3 9 10 8 0 1 2 3 4 5 6 7 5 4 10 11 0 1 11 11 9 5 5 7 7 10 9 11 3 1 2 3 2 8 6 0 8 4 10 4 3 1 2 0 2 8 6 7 6 5 10
2 2 17 29 48 36
3 3 57 30 20 15 39 8
#c 0 1 4 8 9 10 6 7 3 9 10 8 0 1 2 3 4 5 6 7 5 4 10 11 0 1 11 11 9 5 5 7 7 10 9 11 3 1 2 3 2 8 6 0 8 4 10 4 3 1 2 0 2 8 6 7 6 5 10
2 2 54 18 40 38
3 3 6 42 56 14 50 52
#c 0 1 4 8 9 10 6 7 3 9 10 8 0 1 2 3 4 5 6 7 5 4 10 11 0 1 11 11 9 5 5 7 7 10 9 11 3 1 2 3 2 8 6 0 8 4 10 4 3 1 2 0 2 8 6 7 6 5 10
#c 0 1 4 8 9 10 6 7 3 9 10 8 0 1 2 3 4 5 6 7 5 4 10 11 0 1 11 11 9 5 5 7 7 10 9 11 3 1 2 3 2 8 6 0 8 4 10 4 3 1 2 0 2 8 6 7 6 5 10
2 2 41 44 13 37
3 3 53 11 3 1 25 49
#c 0 1 4 8 9 10 6 7 3 9 10 8 0 8 2 3 4 5 6 7 5 4 10 11 0 1 11 11 9 5 5 7 7 10 9 11 3 8 2 3 2 1 6 0 1 4 10 4 3 1 2 0 2 8 6 7 6 5 10
1 1 4 8
3 4 9 28 34 15 39 48 36
#c 0 1 4 8 9 10 6 7 3 9 10 8 0 8 2 3 4 5 6 7 5 4 10 11 0 1 11 11 9 5 5 7 7 10 9 11 3 8 2 3 2 1 6 0 1 4 10 4 3 1 2 0 2 8 6 7 6 5 10
1 1 33 28
5 3 10 22 46 58 5 9 4 34
#c 0 1 4 8 9 10 6 7 3 9 10 8 0 8 2 3 4 5 6 7 5 4 10 11 0 1 11 11 9 5 5 7 7 10 9 11 3 8 2 3 2 1 6 0 1 4 10 4 3 1 2 0 2 8 6 7 6 5 10
1 1 35 24
3 4 23 27 26 0 12 43 51
#c 0 1 4 8 9 10 6 7 3 9 10 8 0 8 2 3 4 5 6 7 5 4 10 11 0 1 11 11 9 5 5 7 7 10 9 11 3 8 2 3 2 1 6 0 1 4 10 4 3 1 2 0 2 8 6 7 6 5 10
2 2 24 51 49 25
3 3 0 12 43 1 41 44
#c 0 1 4 8 9 10 6 7 3 9 10 8 0 8 2 3 4 5 6 7 5 4 10 11 0 1 11 11 9 5 5 7 7 10 9 11 3 8 2 3 2 1 6 0 1 4 10 4 3 1 2 0 2 8 6 7 6 5 10
2 2 49 1 20 29
3 3 25 41 44 17 57 30
#c 0 1 4 8 9 10 6 7 3 9 10 8 0 8 2 3 4 5 6 7 5 4 10 11 0 1 11 11 9 5 5 7 7 10 9 11 3 8 2 3 2 1 6 0 1 4 10 4 3 1 2 0 2 8 6 7 6 5 10
#c 0 1 4 8 9 10 6 7 3 9 10 8 0 8 2 3 4 5 6 7 5 4 10 11 0 1 11 11 9 5 5 7 7 10 9 11 3 8 2 3 2 1 6 0 1 4 10 4 3 1 2 0 2 8 6 7 6 5 10
1 3 36 21 47 2
4 2 15 39 48 8 16 45
#c 0 1 4 8 9 10 6 7 3 9 10 8 0 8 2 3 4 5 6 7 5 4 10 11 0 1 11 11 9 5 5 7 7 10 9 11 3 8 2 3 2 1 6 0 1 4 10 4 3 1 2 0 2 8 6 7 6 5 10
2 2 21 16 52 40
3 3 45 2 47 14 38 50
#c 0 1 4 8 9 10 6 7 3 9 10 8 0 8 2 3 4 5 6 7 5 4 10 11 0 1 11 11 9 5 5 7 7 10 9 11 3 8 2 3 2 1 6 0 1 4 10 4 3 1 2 0 2 8 6 7 6 5 10
2 2 17 30 45 2
3 3 29 57 20 16 21 47
#c 0 1 5 8 9 10 6 7 3 9 10 8 0 8 2 3 4 4 6 7 5 4 10 11 0 1 11 11 9 5 4 7 7 10 9 11 3 8 2 3 2 1 6 0 1 5 10 4 3 1 2 0 2 8 6 7 6 5 10
2 2 6 18 32 31
3 3 42 54 56 7 19 55
#c 0 1 5 8 9 10 6 7 3 9 10 8 0 8 2 3 4 4 6 7 5 4 10 11 0 1 11 11 9 5 4 7 7 10 9 11 3 8 2 3 2 1 6 0 1 5 10 4 3 1 2 0 2 8 6 7 6 5 10
1 1 7 48
4 4 19 31 55 32 15 39 8 36
#c 0 1 5 8 9 10 6 7 3 9 10 8 0 8 2 3 4 4 6 7 5 4 10 11 0 1 11 11 9 5 4 7 7 10 9 11 3 8 2 3 2 1 6 0 1 5 10 4 3 1 2 0 2 8 6 7 6 5 10
1 1 13 20
4 4 53 11 3 37 29 57 45 2
#c 0 1 5 8 9 10 6 7 3 9 10 8 0 8 2 3 4 4 6 7 5 4 10 11 0 1 11 11 9 5 4 7 7 10 9 11 3 8 2 3 2 1 6 0 1 5 10 4 3 1 2 0 2 8 6 7 6 5 10
1 1 28 7
3 4 9 4 34 19 31 55 32
#c 0 1 5 8 9 10 6 9 3 9 10 8 0 8 2 3 4 4 6 7 5 4 10 11 0 1 11 11 7 5 4 7 7 10 9 11 3 8 2 3 2 1 6 0 1 5 10 4 3 1 2 0 2 8 6 7 6 5 10
2 2 22 58 48 8
4 3 10 46 33 5 15 39 36
#c 0 1 5 8 9 10 6 9 3 9 10 8 0 8 2 3 4 4 6 7 5 4 10 11 0 1 11 11 7 5 4 7 7 10 9 11 3 8 2 3 2 1 6 0 1 5 10 4 3 1 2 0 2 8 6 7 6 5 10
2 2 35 27 40 52
2 3 23 26 14 38 50
#c 0 1 5 8 9 10 6 9 3 9 10 8 0 8 2 3 4 4 6 7 5 4 10 11 0 1 11 11 7 5 4 7 7 10 9 11 3 8 2 3 2 1 6 0 1 5 10 4 3 1 2 0 2 8 6 7 6 5 10
2 1 43 0 16
3 4 12 24 51 21 47 17 30
#c 0 1 5 8 9 10 6 9 3 9 10 8 0 8 2 3 4 4 6 7 5 4 10 11 0 1 11 11 7 5 4 7 7 10 9 11 3 8 2 3 2 1 6 0 1 5 10 4 3 1 2 0 2 8 6 7 6 5 10
1 2 41 40 14
4 3 1 25 49 44 38 50 52
#c 0 1 5 8 9 10 6 9 3 9 10 8 0 8 2 3 4 4 6 7 5 4 10 11 0 1 11 11 7 5 4 7 7 10 9 11 3 8 2 3 2 1 6 0 1 5 10 4 3 1 2 0 2 8 6 7 6 5 10
#c 0 1 5 8 9 10 6 9 3 9 10 8 0 8 2 3 4 4 6 7 5 4 10 11 0 1 11 11 7 5 4 7 7 10 9 11 3 8 2 3 2 1 6 0 1 5 10 4 3 1 2 0 2 8 6 7 6 5 10
#c 0 1 5 8 9 10 6 9 3 9 10 8 0 8 2 3 4 4 6 7 5 4 10 11 0 1 11 11 7 5 4 7 7 10 9 11 3 8 2 3 2 1 6 0 1 5 10 4 3 1 2 0 2 8 6 7 6 5 10
2 2 30 16 4 7
3 2 21 47 17 9 34
#c 0 1 5 8 9 10 6 9 3 9 10 8 0 8 2 3 4 4 6 7 5 4 10 11 0 1 11 11 7 5 4 7 7 10 9 11 3 8 2 3 2 1 6 0 1 5 10 4 3 1 2 0 2 8 6 7 6 5 10
2 1 57 20 34
3 3 29 45 2 9 4 7
#c 0 1 5 8 9 10 6 9 3 9 10 8 0 8 2 3 4 4 6 7 9 4 10 11 0 1 11 11 7 5 4 7 7 10 5 11 3 8 2 3 2 1 6 0 1 5 10 4 3 1 2 0 2 8 6 7 6 9 10
1 1 54 24
4 4 6 18 42 56 0 12 43 51
#c 0 1 5 8 9 10 6 9 3 9 10 8 0 8 2 3 4 4 6 7 9 4 10 11 0 1 11 11 7 5 4 7 7 10 5 11 3 8 2 3 2 1 6 0 1 5 10 4 3 1 2 0 2 8 6 7 6 9 10
1 1 19 10
4 5 31 55 32 28 22 46 58 33 5
#c 0 1 5 8 9 10 6 9 3 9 10 8 0 8 2 3 4 4 6 7 9 4 10 11 0 1 11 11 7 5 4 7 7 10 5 11 3 8 2 3 2 1 6 0 1 5 10 4 3 1 2 0 2 8 6 7 6 9 10
2 2 13 37 52 40
3 3 53 11 3 14 38 50
#c 0 1 5 8 9 10 6 9 3 9 10 8 0 8 2 3 4 4 6 7 9 4 10 11 0 1 11 11 7 5 4 7 7 10 5 11 3 8 2 3 2 1 6 0 1 5 10 4 3 1 2 0 2 8 6 7 6 9 10
2 2 4 7 28 55
3 3 9 57 20 19 31 32
#c 0 1 5 8 9 10 6 9 3 9 10 8 0 8 2 3 4 4 6 7 9 4 10 11 0 1 11 11 7 5 4 7 7 10 5 11 3 8 2 3 2 1 6 0 1 5 10 4 3 1 2 0 2 8 6 7 6 9 10
2 2 22 33 15 36
4 3 10 46 58 5 39 48 8
#c 0 1 5 8 9 10 6 9 3 9 10 8 0 8 2 3 4 4 6 7 9 4 10 11 0 1 11 11 7 5 4 7 7 10 5 11 3 8 2 3 2 1 6 0 1 5 10 4 3 1 2 0 2 8 6 7 6 9 10
2 2 26 23 30 16
2 3 35 27 21 47 17
#c 0 1 5 8 9 10 6 9 3 9 10 8 0 8 2 3 4 4 6 7 9 4 10 11 0 1 11 11 7 5 4 7 7 10 5 11 3 8 2 3 2 1 6 0 1 5 10 4 3 1 2 0 2 8 6 7 6 9 10
2 4 43 24 8 48 39 15
3 1 0 12 51 36
#c 0 1 5 8 9 10 6 9 0 9 10 8 0 8 2 0 4 4 6 7 9 4 10 11 3 1 11 11 7 5 4 7 7 10 5 11 3 8 2 0 2 1 6 3 1 5 10 4 0 1 2 0 2 8 6 7 6 9 10
2 1 41 44 46
3 5 1 25 49 10 22 58 33 5
#c 0 1 5 8 9 10 6 9 0 9 10 8 0 8 2 0 4 4 6 7 9 4 10 11 3 1 11 11 7 5 4 7 7 10 5 11 3 8 2 0 2 1 6 3 1 5 10 4 0 1 2 0 2 8 6 7 6 9 10
1 2 38 57 9
4 3 14 50 52 40 4 7 20
#c 0 1 5 8 9 10 6 9 0 2 10 8 0 8 2 0 4 4 6 7 9 4 10 11 3 1 11 11 7 5 4 7 7 10 5 11 3 8 9 0 2 1 6 3 1 5 10 4 0 1 2 0 2 8 6 7 6 2 10
1 1 43 34
2 3 36 24 29 45 2
#c 0 1 5 8 9 10 6 9 0 2 10 8 0 8 2 0 4 4 6 7 9 4 10 11 3 1 11 11 7 5 4 7 7 10 5 11 3 8 9 0 2 1 6 3 1 5 10 4 0 1 2 0 2 8 6 7 6 2 10
1 2 17 8 0
4 5 16 21 47 30 12 51 48 39 15
#c 0 1 5 8 9 10 6 9 0 2 10 8 0 8 2 0 4 4 6 7 9 4 10 11 3 1 11 11 7 5 4 7 7 10 5 11 3 8 9 0 2 1 6 3 1 5 10 4 0 1 2 0 2 8 6 7 6 2 10
1 1 29 21
3 4 45 2 34 16 47 17 30
#c 0 1 5 8 9 10 6 9 0 2 10 8 0 8 2 0 4 4 6 7 9 4 10 11 3 1 11 11 7 5 4 7 7 10 5 11 3 8 9 0 2 1 6 3 1 5 10 4 0 1 2 0 2 8 6 7 6 2 10
1 1 42 37
4 4 6 18 54 56 53 11 3 13
#c 0 1 5 8 9 10 6 9 0 2 10 8 0 8 2 0 4 4 6 7 9 4 10 11 3 1 11 11 7 5 4 7 7 10 5 11 3 6 9 0 2 1 8 3 1 5 10 4 0 1 2 0 2 8 6 7 6 2 10
2 2 31 19 2 34
3 2 55 32 28 29 45
#c 0 1 5 8 9 10 6 9 0 2 10 8 0 8 2 0 4 4 6 7 9 4 10 11 3 1 11 11 7 5 4 7 7 10 5 11 3 6 9 0 2 1 8 3 1 5 10 4 0 1 2 0 2 8 6 7 6 2 10
1 3 53 39 0 8
4 4 11 3 13 42 12 51 48 15
#c 0 1 5 8 9 10 6 9 0 2 10 8 0 8 2 0 4 4 6 7 9 4 10 11 3 1 11 11 7 5 4 7 7 10 5 11 3 6 9 0 2 1 8 3 1 5 10 4 0 1 2 0 2 8 6 7 6 2 10
1 1 20 2
3 3 4 7 38 29 45 34
#c 0 1 5 8 9 10 6 9 0 2 10 8 0 8 2 0 4 4 6 7 9 4 10 11 3 1 11 11 7 5 4 7 7 10 5 11 3 6 9 0 2 1 8 3 1 5 10 4 0 1 2 0 2 8 6 7 6 2 10
2 2 22 5 11 53
4 3 10 46 58 33 3 13 42
#c 0 1 5 8 9 8 6 9 0 2 10 10 0 8 2 0 4 4 6 7 9 4 8 11 3 1 11 11 7 5 4 7 7 10 5 11 3 6 9 0 2 1 8 3 1 5 10 4 0 1 2 0 2 10 6 7 6 2 10
2 2 35 26 34 29
2 2 23 27 45 2
#c 0 1 5 8 9 8 6 9 0 2 10 10 0 8 2 0 4 4 6 7 9 4 8 11 3 1 11 11 7 5 4 7 7 10 5 11 3 6 9 0 2 1 8 3 1 5 10 4 0 1 2 0 2 10 6 7 6 2 10
3 3 15 51 39 38 7 20
4 1 0 12 8 48 4
#c 0 1 5 8 9 8 6 9 0 2 10 10 0 8 2 0 4 4 6 7 9 4 8 11 3 1 11 11 7 5 4 7 7 10 5 11 3 6 9 0 2 1 8 3 1 5 10 4 0 1 2 0 2 10 6 7 6 2 10
2 2 44 25 9 40
3 4 1 49 41 14 50 52 57
#c 0 1 5 8 9 8 6 9 0 2 10 10 0 8 2 0 4 4 6 7 9 4 8 11 3 1 11 11 7 5 4 7 7 10 5 11 3 6 9 0 2 1 8 3 1 5 10 4 0 1 2 0 2 10 6 7 6 2 10
1 1 14 42
5 4 50 52 40 57 9 3 13 22 5
#c 0 1 5 8 9 8 6 9 0 2 10 10 0 8 8 0 4 4 6 7 9 4 8 11 3 1 11 11 7 5 4 7 7 10 5 11 3 6 9 0 2 1 2 3 1 5 10 4 0 1 2 0 2 10 6 7 6 2 10
1 1 36 55
2 4 43 24 19 31 32 28
#c 0 1 5 8 9 8 6 9 0 2 10 10 0 8 8 0 4 4 6 7 9 4 8 11 3 1 11 11 7 5 4 7 7 10 5 11 3 6 9 0 2 1 2 3 1 5 10 4 0 1 2 0 2 10 6 7 6 2 10
1 1 21 43
4 2 16 47 17 30 36 24
#c 0 1 5 8 9 8 6 9 0 2 10 10 0 8 8 0 4 4 6 7 9 4 8 11 3 1 11 11 7 5 4 7 7 10 5 11 3 6 9 0 2 1 2 3 1 5 10 4 0 1 2 0 2 10 6 7 6 2 10
1 1 34 25
3 4 29 45 2 1 49 41 44
#c 0 1 5 8 9 8 6 9 0 2 10 10 0 8 8 0 4 4 6 7 9 4 8 11 3 1 11 11 7 5 4 7 7 10 5 11 3 6 9 0 2 1 2 3 1 5 10 4 0 1 2 0 2 10 6 7 6 2 10
1 1 6 45
4 3 18 54 56 37 29 2 34
#c 0 1 5 8 9 8 6 9 0 2 10 10 0 8 8 0 4 4 6 7 9 4 8 11 3 1 11 11 7 5 4 7 7 10 5 11 3 6 9 0 2 1 2 3 1 5 10 4 0 1 2 0 2 10 6 7 6 2 10
#c 0 1 5 8 9 8 6 9 0 2 10 10 0 8 8 0 4 4 6 7 9 4 8 11 3 1 11 11 7 5 4 7 7 10 5 11 3 6 9 0 2 1 2 3 1 5 10 4 0 1 2 0 2 10 6 7 6 2 10
1 1 14 27
4 3 3 13 22 5 23 35 26
#c 0 1 5 8 9 8 6 9 0 2 10 10 0 8 11 0 4 4 6 7 9 4 8 11 3 1 11 8 7 5 4 7 7 10 5 11 3 6 9 0 2 1 2 3 1 5 10 4 0 1 2 0 2 10 6 7 6 2 10
2 2 4 7 43 24
2 1 20 38 36
#c 0 1 5 8 9 8 6 9 0 2 10 10 0 8 11 0 4 4 6 7 9 4 8 11 3 1 11 8 7 5 4 7 7 10 5 11 3 6 9 0 2 1 2 3 1 5 10 4 0 1 2 0 2 10 6 7 6 2 10
1 1 46 5
5 4 10 58 33 11 53 3 13 22 27
#c 0 1 5 8 9 10 6 9 0 2 10 10 0 8 11 0 4 4 6 7 9 4 8 11 3 1 11 8 7 5 4 7 7 10 5 11 3 6 9 0 2 1 2 3 1 5 8 4 0 1 2 0 2 10 6 7 6 2 10
2 2 14 26 52 50
2 4 23 35 40 57 9 42
#c 0 1 5 8 9 10 6 9 0 2 10 10 0 8 11 0 4 4 6 7 9 4 8 11 3 1 11 8 7 5 4 7 7 10 5 11 3 6 9 0 2 1 2 3 1 5 8 4 0 1 2 0 2 10 6 7 6 2 10
2 2 51 8 26 14
5 2 0 12 48 39 15 23 35
#c 0 1 5 8 9 10 6 9 0 2 10 10 0 8 11 0 4 4 6 7 9 4 8 11 3 1 11 8 7 5 4 7 7 10 5 11 3 6 9 0 2 1 2 3 1 5 8 4 0 1 2 0 2 10 6 7 6 2 10
1 2 44 38 7
4 2 1 25 49 41 4 20
#c 0 1 5 8 9 10 6 9 0 2 10 10 0 8 11 0 4 4 6 7 9 4 8 11 3 1 11 8 7 5 4 7 7 10 5 11 3 6 9 0 2 1 2 3 1 5 8 4 0 1 2 0 2 10 6 7 6 2 10
2 2 40 50 39 8
4 5 52 57 9 42 0 12 51 48 15
#c 0 1 5 8 9 10 6 9 0 2 10 10 0 8 11 0 4 4 6 7 9 4 8 11 3 1 11 8 7 5 4 7 7 10 5 11 3 6 9 0 2 1 2 3 1 5 8 4 0 1 2 0 2 10 6 7 6 2 10
1 1 24 4
2 3 36 43 7 20 38
#c 0 1 5 8 9 10 6 9 0 2 10 10 0 8 11 0 4 4 6 7 9 4 8 11 3 1 11 8 7 5 4 7 7 10 5 11 3 6 9 0 2 1 2 3 1 5 8 4 0 1 2 0 2 10 6 7 6 2 10
2 2 17 30 9 40
3 4 16 21 47 50 52 57 42
#c 0 1 5 8 9 10 6 9 0 2 10 10 0 8 11 0 4 4 6 7 9 4 8 11 3 1 11 8 7 5 4 7 7 10 5 11 3 6 9 0 2 1 2 3 1 5 8 4 0 1 2 0 2 10 6 7 6 2 10
2 2 34 2 56 37
2 3 29 45 6 18 54
#c 0 1 5 8 9 10 6 9 0 2 10 10 0 8 11 0 4 4 6 7 9 4 8 11 3 1 11 8 7 5 4 7 7 10 5 11 3 6 9 0 2 1 2 3 1 5 8 4 0 1 2 0 2 10 6 7 6 2 10
1 1 54 32
4 4 6 18 56 37 19 31 55 28
#c 0 1 5 8 9 10 6 9 0 2 10 10 0 8 11 0 4 4 6 7 9 4 8 11 3 1 11 8 7 5 4 7 7 10 5 11 3 6 9 0 2 1 2 3 1 5 8 4 0 1 2 0 2 10 6 7 6 2 10
2 2 55 31 24 43
3 1 19 32 28 36
#c 0 1 5 8 9 10 6 9 0 2 10 10 0 8 11 0 4 4 6 7 9 4 8 11 3 1 11 8 7 5 4 7 7 10 5 11 3 6 9 0 2 1 2 3 1 5 8 4 0 1 2 0 2 10 6 7 6 2 10
#c 0 1 5 8 9 10 6 9 0 2 10 10 0 8 11 0 4 4 6 7 9 4 8 11 3 1 11 8 7 5 4 7 7 10 5 11 3 6 9 0 2 1 2 3 1 5 8 4 0 1 2 0 2 10 6 7 6 2 10
1 2 20 30 21
3 3 4 7 38 16 47 17
#c 0 1 5 8 9 10 6 9 0 2 10 10 0 8 11 0 4 4 6 7 9 4 8 11 3 1 11 8 7 5 4 7 7 10 5 11 3 6 9 0 2 1 2 3 1 5 8 4 0 1 2 0 2 10 6 7 6 2 10
3 4 5 10 11 30 16 21 17
3 1 58 33 53 47
#c 0 1 5 8 9 10 6 9 0 2 10 10 0 8 11 0 4 4 6 7 9 4 8 11 3 1 11 8 7 5 4 7 7 10 5 11 3 6 9 0 2 1 2 3 1 5 8 4 0 1 2 0 2 10 6 7 6 2 10
#c 0 1 5 8 9 10 6 9 0 2 10 10 0 8 11 0 4 4 6 7 9 4 8 11 3 1 11 8 7 5 4 7 7 10 5 11 3 6 9 0 2 1 2 3 1 5 8 4 0 1 2 0 2 10 6 7 6 2 10
2 2 51 0 38 7
5 2 12 8 48 39 15 4 20
#c 0 1 5 8 9 10 6 9 0 2 10 10 0 8 11 0 4 4 6 7 9 4 8 11 3 1 11 8 7 5 4 7 7 10 5 11 3 6 9 0 2 1 2 3 1 5 8 4 0 1 2 0 2 10 6 7 6 2 10
2 2 41 44 38 7
3 2 1 25 49 4 20
#c 0 1 5 8 9 10 6 9 0 2 10 10 0 8 11 0 4 4 6 7 9 4 8 11 3 1 11 8 7 5 4 7 7 10 5 11 3 6 9 0 2 1 2 3 1 5 8 4 0 1 2 0 2 10 6 7 6 2 10
2 1 40 57 0
4 6 50 52 9 42 12 51 8 48 39 15
#c 0 1 5 8 9 10 6 9 0 2 10 10 0 8 11 0 4 4 6 7 9 4 8 11 3 1 11 8 7 5 4 7 7 10 5 11 3 6 9 0 2 1 2 3 1 5 8 4 0 1 2 0 2 10 6 7 6 2 10
1 1 36 47
2 4 43 24 16 21 17 30
#c 0 1 5 8 9 10 6 9 0 2 10 10 0 8 11 0 4 4 6 7 9 4 8 11 3 1 11 8 7 5 4 7 7 10 5 11 3 6 9 0 2 1 2 3 1 5 8 4 0 1 2 0 2 10 6 7 6 2 10
4 4 16 21 47 17 6 18 54 37
#c 0 1 5 8 9 10 6 9 0 2 10 10 0 8 11 0 4 4 6 7 9 4 8 11 3 1 11 8 7 5 4 7 7 10 5 11 3 6 9 0 2 1 2 3 1 5 8 4 0 1 2 0 2 10 6 7 6 2 10
2 2 34 29 5 58
2 4 45 2 10 33 11 53
#c 0 1 5 8 9 10 6 9 0 2 10 10 0 8 11 0 4 4 6 7 9 4 8 11 3 1 11 8 7 5 4 7 7 10 5 11 3 6 9 0 2 1 2 3 1 5 8 4 0 1 2 0 2 10 6 7 6 2 10
2 2 18 56 11 5
3 4 6 54 37 10 58 33 53
#c 0 1 5 8 9 10 6 9 0 2 10 10 0 8 11 0 4 4 6 7 9 4 8 11 3 1 11 8 7 5 4 7 7 10 5 11 3 6 9 0 2 1 2 3 1 5 8 4 0 1 2 0 2 10 6 7 6 2 10
2 2 32 31 5 53
3 4 19 55 28 10 58 33 11
#c 0 1 5 8 9 10 6 9 0 2 10 10 0 8 11 0 4 4 6 7 9 4 8 11 3 1 11 8 7 5 4 7 7 10 5 11 3 6 9 0 2 1 2 3 1 5 8 4 0 1 2 0 2 10 6 7 6 2 10
2 2 27 22 28 31
3 3 3 13 46 19 55 32
#c 0 1 5 8 9 10 6 9 0 2 10 10 0 8 11 0 4 4 6 7 9 4 8 11 3 1 11 8 7 5 4 7 7 10 5 11 3 6 9 0 2 1 2 3 1 5 8 4 0 1 2 0 2 10 6 7 6 2 10
1 1 7 31
3 4 4 20 38 19 55 32 28
#c 0 1 5 8 9 10 6 9 0 2 10 10 0 8 11 0 4 4 6 7 9 4 8 11 3 1 11 8 7 5 4 7 7 10 5 11 3 6 9 0 2 1 2 3 1 5 8 4 0 1 2 0 2 10 6 7 6 2 10
3 2 58 33 11 47 17
3 3 10 53 5 16 21 30
#c 0 1 5 8 9 10 6 9 0 2 10 10 0 8 11 0 4 4 6 7 9 4 8 11 3 1 11 8 7 5 4 7 7 10 5 11 3 6 9 0 2 1 2 3 1 5 8 4 0 1 2 0 2 10 6 7 6 2 10
1 1 35 36
3 2 23 26 14 43 24
#c 0 1 5 8 9 10 6 9 0 2 10 10 0 8 11 0 4 4 6 7 9 4 8 11 3 1 11 8 7 5 4 7 7 10 5 11 3 6 9 0 2 1 2 3 1 5 8 4 0 1 2 0 2 10 6 7 6 2 10
2 2 39 12 22 13
5 3 0 51 8 48 15 3 27 46
#c 0 1 5 8 9 10 6 9 0 2 10 10 0 8 11 0 4 4 6 7 9 4 8 11 3 1 11 8 7 5 4 7 7 10 5 11 3 6 9 0 2 1 2 3 1 5 8 4 0 1 2 0 2 10 6 7 6 2 10
2 1 1 49 30
3 4 25 41 44 16 21 47 17
#c 0 1 5 8 9 10 6 9 0 2 10 10 0 8 11 0 4 4 6 7 9 4 8 11 3 1 11 8 7 5 4 7 7 10 5 11 3 6 9 0 2 1 2 3 1 5 8 4 0 1 2 0 2 10 6 7 6 2 10
2 2 57 9 44 49
4 3 50 52 40 42 1 25 41
#c 0 1 5 8 9 10 6 9 0 1 10 10 0 8 11 0 4 4 6 7 9 4 8 11 3 1 11 8 7 5 4 7 7 10 5 11 3 6 9 0 2 1 2 3 2 5 8 4 0 2 2 0 2 10 6 7 6 1 10
1 1 36 3
2 4 43 24 13 22 27 46
#c 0 1 5 8 9 10 6 9 0 1 10 10 0 8 11 0 4 4 6 7 9 4 8 11 3 1 11 8 7 5 4 7 7 10 5 11 3 6 9 0 2 1 2 3 2 5 8 4 0 2 2 0 2 10 6 7 6 1 10
#c 0 1 5 8 9 10 6 9 0 1 10 10 0 8 11 0 4 4 6 7 9 4 8 11 3 1 11 8 7 5 4 7 7 10 5 11 3 6 9 0 2 1 2 3 2 5 8 4 0 2 2 0 2 10 6 7 6 1 10
2 2 29 2 13 3
2 3 45 34 22 27 46
#c 0 1 5 8 9 10 6 9 0 1 10 10 0 8 11 0 4 4 6 7 9 4 8 11 3 1 11 8 7 5 4 7 7 10 5 11 3 6 9 0 2 1 2 3 2 5 8 4 0 2 2 0 2 10 6 7 6 1 10
1 1 6 3
4 4 18 54 56 37 13 22 27 46
#c 0 1 5 8 9 10 6 9 0 1 10 10 0 8 11 0 4 4 6 7 9 4 8 11 3 1 11 8 7 5 4 7 7 10 5 11 3 6 9 0 2 1 2 3 2 5 8 4 0 2 2 0 2 10 6 7 6 1 10
1 1 19 24
4 2 31 55 32 28 36 43
#c 0 1 5 8 9 10 6 9 0 1 10 10 0 8 11 0 4 4 6 7 9 4 8 11 3 1 11 8 7 5 4 7 7 10 5 11 3 6 9 0 2 1 2 3 2 5 8 4 0 2 2 0 2 10 6 7 6 1 10
#c 0 1 5 8 9 10 6 9 0 1 10 10 0 8 11 0 4 4 6 7 9 4 8 11 3 1 11 8 7 5 4 7 7 10 5 11 3 6 9 0 2 1 2 3 2 5 8 4 0 2 2 0 2 10 6 7 6 1 10
2 2 20 4 55 28
2 3 7 38 19 31 32
#c 0 1 5 8 9 10 6 9 0 1 10 10 0 8 11 0 4 4 6 7 9 4 8 11 3 1 11 8 7 5 4 7 7 10 5 11 3 6 9 0 2 1 2 3 2 5 8 4 0 2 2 0 2 10 6 7 6 1 10
#c 0 1 5 8 9 10 6 9 0 1 10 10 0 8 11 0 4 4 6 7 9 4 8 11 3 1 11 8 7 5 4 7 7 10 5 11 3 6 9 0 2 1 2 3 2 5 8 4 0 2 2 0 2 10 6 7 6 1 10
#c 0 1 5 8 9 10 6 9 0 1 10 10 0 8 11 0 4 4 6 7 9 4 8 11 3 1 11 8 7 5 4 7 7 10 5 11 3 6 9 0 2 1 2 3 2 5 8 4 0 2 2 0 2 10 6 7 6 1 10
2 2 51 48 41 9
5 3 0 12 8 39 15 1 25 57
#c 0 1 5 8 9 10 6 9 0 1 10 10 0 8 11 0 4 4 6 7 9 4 8 11 3 1 11 8 7 5 4 7 7 10 5 11 3 6 9 0 2 1 2 3 2 5 8 4 0 2 2 0 2 10 6 7 6 1 10
2 2 25 9 35 26
3 2 1 41 57 23 14
#c 0 1 5 8 9 10 6 9 0 11 10 10 0 8 11 0 4 4 6 7 9 4 8 11 3 11 1 8 7 5 4 7 7 10 5 1 3 6 9 0 2 1 2 3 2 5 8 4 0 2 2 0 2 10 6 7 6 1 10
#c 0 1 5 8 9 10 6 9 0 11 10 10 0 8 11 0 4 4 6 7 9 4 8 11 3 11 1 8 7 5 4 7 7 10 5 1 3 6 9 0 2 1 2 3 2 5 8 4 0 2 2 0 2 10 6 7 6 1 10
1 1 24 7
2 3 36 43 4 20 38
#c 0 1 5 8 9 10 6 9 0 11 10 10 0 8 11 0 4 4 6 7 9 4 8 11 3 11 1 8 7 5 4 7 7 10 5 1 3 6 9 0 2 1 2 3 2 5 8 4 0 2 2 0 2 10 6 7 6 1 10
1 1 21 8
4 6 16 47 17 30 0 12 51 48 39 15
#c 0 1 5 8 9 10 6 9 0 11 10 10 0 8 11 0 4 4 6 7 9 4 8 11 3 11 1 8 7 5 4 7 7 10 5 1 3 6 9 0 2 1 2 3 2 5 8 4 0 2 2 0 2 10 6 7 6 1 10
1 1 34 51
3 6 29 45 2 0 12 8 48 39 15
#c 0 1 5 8 9 10 6 9 0 11 10 10 0 8 11 0 4 4 6 7 9 4 8 11 3 11 1 8 7 5 4 7 7 10 5 1 3 6 9 0 2 1 2 3 2 5 8 4 0 2 2 0 2 10 6 7 6 1 10
2 2 54 37 43 36
3 1 6 18 56 24
#c 0 1 5 8 9 10 6 9 0 11 10 10 0 8 11 0 4 4 6 7 9 4 8 11 3 11 1 8 7 5 4 7 7 10 5 1 3 6 9 0 2 1 2 3 2 5 8 4 0 2 2 0 2 10 6 7 6 1 10
2 2 31 28 33 58
3 4 19 55 32 10 11 53 5
#c 0 1 5 8 9 10 6 9 0 11 10 10 0 8 11 0 4 4 6 7 9 4 8 11 3 11 1 8 7 5 4 7 7 10 5 1 3 6 9 0 2 1 2 3 2 5 8 4 0 2 2 0 2 10 6 7 6 1 10
2 2 27 22 2 34
3 2 3 13 46 29 45
#c 0 1 5 8 9 10 6 9 0 11 10 10 0 8 11 0 4 4 6 7 9 4 8 11 3 11 1 8 7 5 4 7 7 10 5 1 3 6 9 0 2 1 2 3 2 5 8 4 0 2 2 0 2 10 6 7 6 1 10
1 1 7 37
3 4 4 20 38 6 18 54 56
#c 0 1 5 8 9 10 6 6 0 11 10 10 0 8 11 0 4 4 6 7 9 4 8 11 3 11 1 8 7 5 4 7 7 10 5 1 3 9 9 0 2 1 2 3 2 5 8 4 0 2 2 0 2 10 6 7 6 1 10
2 2 53 11 34 2
4 2 10 58 33 5 29 45
#c 0 1 5 8 9 10 6 6 0 11 10 10 0 8 11 0 4 4 6 7 9 4 8 11 3 11 1 8 7 5 4 7 7 10 5 1 3 9 9 0 2 1 2 3 2 5 8 4 0 2 2 0 2 10 6 7 6 1 10
2 2 23 25 31 32
2 3 14 9 19 55 28
#c 0 1 5 8 9 10 6 6 0 11 10 10 0 8 11 0 4 4 6 7 9 4 8 11 3 11 1 8 7 5 4 7 7 10 5 1 3 9 9 0 2 1 2 3 2 5 8 4 0 2 2 0 2 10 6 7 6 1 10
#c 0 1 5 8 9 10 6 6 0 11 10 10 0 8 11 0 4 4 6 7 9 4 8 11 3 11 1 8 7 5 4 7 7 10 5 1 3 9 9 0 2 1 2 3 2 5 8 4 0 2 2 0 2 10 6 7 6 1 10
2 2 41 35 45 29
3 2 1 57 26 2 34
#c 0 1 5 8 9 10 6 6 0 11 10 10 0 8 11 0 4 4 6 7 9 4 8 11 3 11 1 8 7 5 4 7 7 10 5 1 3 9 9 0 2 1 2 3 2 5 8 4 0 2 2 0 2 10 6 7 6 1 10
1 1 50 19
5 4 52 40 42 44 49 31 55 32 28
#c 0 1 5 8 9 10 6 6 0 11 10 10 0 8 11 0 4 4 6 2 9 4 8 11 3 11 1 8 7 5 4 7 7 10 5 1 3 9 9 0 2 1 2 3 2 5 8 4 0 2 7 0 2 10 6 7 6 1 10
1 1 36 0
2 6 43 24 12 51 8 48 39 15
#c 0 1 5 8 9 10 6 6 0 11 10 10 0 8 11 0 4 4 6 2 9 4 8 11 3 11 1 8 7 5 4 7 7 10 5 1 3 9 9 0 2 1 2 3 2 5 8 4 0 2 7 0 2 10 6 7 6 1 10
#c 0 1 5 8 9 10 6 6 0 11 10 10 0 8 11 0 4 4 6 2 9 4 8 11 3 11 1 8 7 5 4 7 7 10 5 1 3 9 9 0 2 1 2 3 2 5 8 4 0 2 7 0 2 10 6 7 6 1 10
1 1 29 27
3 4 45 2 34 3 13 22 46
#c 0 1 5 8 9 10 6 6 0 11 10 10 0 8 11 0 4 4 6 2 9 4 8 11 3 11 1 8 7 5 4 7 7 10 5 1 3 9 9 0 2 1 2 3 2 5 8 4 0 2 7 0 2 10 6 7 6 1 10
1 1 54 35
0 1 5 8 9 10 6 6 0 11 10 10 0 8 11 0 4 4 6 2 9 4 8 11 3 11 1 8 7 5 4 7 7 10 5 1 3 9 9 0 2 1 2 3 2 5 8 4 0 2 7 0 2 10 6 7 6 1 10
