#c 0 1 2 3 4 5 6 7 8 9 10 11 0 1 2 3 4 5 6 7 8 9 10 11 0 1 2 3 4 5 6 7 8 9 10 11 0 1 2 3 4 5 6 7 8 9 10 11 0 1 2 3 4 5 6 7 8 9 10 11 0 1 2 3 4 5 6 7 8 9 10 11 0 1 2 3 4 5 6 7 8 9 10 11 0 1 2 3 4 5 6 7 8
3 3 1 25 73 50 26 74
5 5 13 37 49 61 85 2 14 38 62 86
#c 0 1 2 3 4 5 6 7 8 9 10 11 0 1 2 3 4 5 6 7 8 9 10 11 0 1 2 3 4 5 6 7 8 9 10 11 0 1 2 3 4 5 6 7 8 9 10 11 0 1 2 3 4 5 6 7 8 9 10 11 0 1 2 3 4 5 6 7 8 9 10 11 0 1 2 3 4 5 6 7 8 9 10 11 0 1 2 3 4 5 6 7 8
4 4 62 14 86 26 30 78 42 6
4 4 2 38 50 74 18 54 66 90
#c 0 1 2 3 4 5 6 7 8 9 10 11 0 1 2 3 4 5 6 7 8 9 10 11 0 1 2 3 4 5 6 7 8 9 10 11 0 1 2 3 4 5 6 7 8 9 10 11 0 1 2 3 4 5 6 7 8 9 10 11 0 1 2 3 4 5 6 7 8 9 10 11 0 1 2 3 4 5 6 7 8 9 10 11 0 1 2 3 4 5 6 7 8
4 4 63 27 15 51 43 31 79 19
4 4 3 39 75 87 7 55 67 91
#c 0 1 2 3 4 5 6 7 8 9 10 11 0 1 2 7 4 5 6 3 8 9 10 11 0 1 2 7 4 5 6 3 8 9 10 11 0 1 2 3 4 5 6 3 8 9 10 11 0 1 2 7 4 5 6 7 8 9 10 11 0 1 2 7 4 5 6 7 8 9 10 11 0 1 2 3 4 5 6 3 8 9 10 11 0 1 2 3 4 5 6 7 8
4 4 52 4 16 40 22 58 82 34
4 3 28 64 76 88 10 46 70
#c 0 1 2 3 10 5 6 7 8 9 10 11 0 1 2 7 10 5 6 3 8 9 4 11 0 1 2 7 4 5 6 3 8 9 4 11 0 1 2 3 10 5 6 3 8 9 10 11 0 1 2 7 10 5 6 7 8 9 4 11 0 1 2 7 4 5 6 7 8 9 10 11 0 1 2 3 4 5 6 3 8 9 4 11 0 1 2 3 4 5 6 7 8
2 2 29 77 38 14
6 6 5 17 41 53 65 89 2 26 50 62 74 86
#c 0 1 2 3 10 5 6 7 8 9 10 11 0 1 5 7 10 5 6 3 8 9 4 11 0 1 2 7 4 2 6 3 8 9 4 11 0 1 5 3 10 5 6 3 8 9 10 11 0 1 2 7 10 5 6 7 8 9 4 11 0 1 2 7 4 5 6 7 8 9 10 11 0 1 2 3 4 2 6 3 8 9 4 11 0 1 2 3 4 5 6 7 8
4 4 18 30 66 54 25 85 37 73
4 4 6 42 78 90 1 13 49 61
#c 0 1 2 3 10 5 6 7 8 9 10 11 0 1 5 7 10 5 6 3 8 9 4 11 0 1 2 7 4 2 6 3 8 9 4 11 0 1 5 3 10 5 6 3 8 9 10 11 0 1 2 7 10 5 6 7 8 9 4 11 0 1 2 7 4 5 6 7 8 9 10 11 0 1 2 3 4 2 6 3 8 9 4 11 0 1 2 3 4 5 6 7 8
#c 0 1 2 3 10 5 6 7 8 9 10 11 0 1 5 7 10 5 6 3 8 9 4 11 0 1 2 7 4 2 6 3 8 9 4 11 0 1 5 3 10 5 6 3 8 9 10 11 0 1 2 7 10 5 6 7 8 9 4 11 0 1 2 7 4 5 6 7 8 9 10 11 0 1 2 3 4 2 6 3 8 9 4 11 0 1 2 3 4 5 6 7 8
2 3 68 44 16 52 10
6 4 8 20 32 56 80 92 46 70 4 40
#c 0 1 2 3 10 5 6 7 8 9 10 11 0 1 5 7 10 5 6 3 8 9 4 11 0 1 2 7 4 2 6 3 8 9 4 11 0 1 5 3 10 5 6 3 8 9 10 11 0 1 2 7 10 5 6 7 8 9 4 11 0 1 2 7 4 5 6 7 8 9 10 11 0 1 2 3 4 2 6 3 8 9 4 11 0 1 2 3 4 5 6 7 8
3 3 21 33 57 87 79 39
4 5 9 45 69 81 3 75 43 31 19
#c 0 1 2 3 10 5 6 7 8 9 10 11 0 1 5 7 10 5 6 3 8 9 4 11 0 1 2 7 4 2 6 3 8 9 4 11 0 1 5 3 10 5 6 3 8 9 10 11 0 1 2 7 10 5 6 7 8 9 4 11 0 1 2 7 4 5 6 7 8 9 10 11 0 1 2 3 4 2 6 3 8 9 4 11 0 1 2 3 4 5 6 7 8
2 2 4 46 20 44
5 6 10 70 52 16 40 8 32 56 68 80 92
#c 0 1 2 3 10 5 6 7 8 9 10 11 0 1 5 7 10 5 6 3 8 9 4 11 0 1 2 7 4 2 6 3 8 9 4 11 0 1 5 3 10 5 6 3 8 9 10 11 0 1 2 7 10 5 6 7 8 9 4 11 0 1 2 7 4 5 6 7 8 9 10 11 0 1 2 3 4 2 6 3 8 9 4 11 0 1 2 3 4 5 6 7 8
3 2 23 47 71 26 74
4 6 11 35 59 83 2 50 62 86 29 77
#c 0 1 2 3 10 5 6 7 8 9 10 11 0 1 5 7 10 5 6 3 8 9 4 11 0 1 2 7 4 2 6 3 8 9 4 11 0 1 5 3 10 5 6 3 8 9 10 11 0 1 2 7 10 5 6 7 8 9 4 11 0 1 2 7 4 5 6 7 8 9 10 11 0 1 2 3 4 2 6 3 8 9 4 11 0 1 2 3 4 5 6 7 8
2 2 84 60 77 74
6 6 0 12 24 36 48 72 2 26 50 62 86 29
#c 0 1 2 3 10 5 6 7 8 9 10 11 0 1 5 7 10 5 6 3 8 9 4 11 0 1 2 7 4 2 6 3 8 9 4 11 0 1 5 3 10 5 6 3 8 9 10 11 0 1 2 7 10 5 6 7 8 9 4 11 0 1 2 7 4 5 6 7 8 9 10 11 0 1 2 3 4 2 6 3 8 9 4 11 0 1 2 3 4 5 6 7 8
3 3 61 13 85 28 64 22
5 5 1 25 37 49 73 76 88 58 82 34
#c 0 1 2 3 10 5 6 7 8 9 10 11 0 4 5 7 10 5 6 3 8 9 1 11 0 1 2 7 1 2 6 3 8 9 4 11 0 1 5 3 10 5 6 3 8 9 10 11 0 1 2 7 10 5 6 7 8 9 4 11 0 4 2 7 1 5 6 7 8 9 10 11 0 1 2 3 4 2 6 3 8 9 4 11 0 4 2 3 4 5 6 7 8
1 1 86 56
7 7 2 26 50 62 74 29 77 8 20 32 44 68 80 92
#c 0 1 2 3 10 5 6 7 8 9 10 11 0 4 5 7 10 5 6 3 8 9 1 11 0 1 2 7 1 2 6 3 8 9 4 11 0 1 5 3 10 5 6 3 8 9 10 11 0 1 2 7 10 5 6 7 2 9 4 11 0 4 2 7 1 5 6 7 8 9 10 11 0 1 2 3 4 2 6 3 8 9 4 11 0 4 8 3 4 5 6 7 8
#c 0 1 2 3 10 5 6 7 8 9 10 11 0 4 5 7 10 5 6 3 8 9 1 11 0 1 2 7 1 2 6 3 8 9 4 11 0 1 5 3 10 5 6 3 8 9 10 11 0 1 2 7 10 5 6 7 2 9 4 11 0 4 2 7 1 5 6 7 8 9 10 11 0 1 2 3 4 2 6 3 8 9 4 11 0 4 8 3 4 5 6 7 8
1 1 88 80
7 7 76 58 82 34 61 13 85 8 20 32 44 68 92 86
#c 0 1 2 3 10 5 6 7 8 9 10 11 0 4 5 7 10 5 6 3 8 9 1 11 0 1 2 7 1 2 6 3 8 9 4 11 0 1 5 3 10 5 6 3 8 9 10 11 0 1 2 7 10 5 6 7 2 9 4 11 0 4 2 7 1 5 6 7 8 9 10 11 0 1 2 3 4 2 6 3 8 9 4 11 0 4 8 3 4 5 6 7 8
1 1 17 59
7 6 5 41 53 65 89 38 14 11 23 35 47 71 83
#c 0 1 2 3 10 5 6 7 8 9 10 11 0 4 5 7 10 11 6 3 8 9 1 11 0 1 2 7 1 2 6 3 8 9 4 11 0 1 5 3 10 5 6 3 8 9 10 11 0 1 2 7 10 5 6 7 2 9 4 5 0 4 2 7 1 5 6 7 8 9 10 11 0 1 2 3 4 2 6 3 8 9 4 11 0 4 8 3 4 5 6 7 8
2 2 90 6 53 14
6 6 18 30 42 54 66 78 5 41 65 89 38 59
#c 0 1 2 3 10 5 6 7 8 9 10 11 0 4 5 7 10 11 6 3 8 9 1 11 0 1 2 7 1 2 6 3 8 9 4 11 0 1 5 3 10 5 6 3 8 9 10 11 0 1 2 7 10 5 6 7 2 9 4 5 0 4 2 7 1 5 6 7 8 9 10 11 0 1 2 3 4 2 6 3 8 9 4 11 0 4 8 3 4 5 6 7 8
4 4 55 15 63 51 59 41 65 38
4 4 7 67 91 27 5 53 89 14
#c 0 1 2 3 10 5 6 7 8 9 10 11 0 4 5 7 10 11 6 3 8 9 1 11 0 1 2 7 1 2 6 3 8 9 4 11 0 1 5 3 10 5 6 3 8 9 10 11 0 1 2 7 10 5 6 7 2 9 4 5 0 4 2 7 1 5 6 7 8 9 10 11 0 1 2 3 4 2 6 3 8 9 4 11 0 4 8 3 4 5 6 7 8
3 3 32 86 80 14 41 65
5 5 8 20 44 68 92 5 53 89 38 59
#c 0 1 2 3 10 5 6 7 8 9 10 11 0 4 5 7 10 11 6 3 8 9 1 11 0 1 2 7 1 2 6 3 8 9 4 11 0 1 5 3 10 5 6 3 8 9 10 11 0 1 2 7 10 5 6 7 2 9 4 5 0 4 2 7 1 5 6 7 8 9 10 11 0 1 2 3 4 2 6 3 8 9 4 11 0 4 8 3 4 5 6 7 8
1 1 69 71
6 6 9 21 33 45 57 81 11 23 35 47 83 17
#c 0 1 2 3 10 5 6 7 8 9 10 11 0 4 5 7 10 11 6 3 8 9 1 11 0 1 2 7 1 2 6 3 8 9 4 11 0 1 5 3 10 5 6 3 8 9 10 11 0 1 2 7 10 5 6 7 2 9 4 5 0 4 2 7 1 5 6 7 8 9 10 11 0 1 2 3 4 2 6 3 8 9 4 11 0 4 8 3 4 5 6 7 8
1 1 4 0
6 7 10 46 70 52 16 40 12 24 36 48 60 72 84
#c 0 1 2 3 10 5 6 7 8 9 10 11 0 4 5 7 10 11 6 3 8 9 1 11 0 1 2 7 1 2 6 3 8 9 4 11 0 1 5 3 10 5 6 3 8 9 10 11 0 1 2 7 10 5 6 7 2 9 4 5 0 4 2 7 1 5 6 7 8 9 10 11 0 1 2 3 4 2 6 3 8 9 4 11 0 4 8 3 4 5 6 7 8
2 1 35 23 7
5 7 11 47 71 83 17 55 67 91 63 27 15 51
#c 0 1 2 3 10 5 6 11 8 9 10 11 0 4 5 7 10 11 6 3 8 9 1 7 0 1 2 7 1 2 6 3 8 9 4 7 0 1 5 3 10 5 6 3 8 9 10 11 0 1 2 7 10 5 6 7 2 9 4 5 0 4 2 7 1 5 6 7 8 9 10 11 0 1 2 3 4 2 6 3 8 9 4 11 0 4 8 3 4 5 6 7 8
3 3 84 24 60 81 9 45
5 4 0 12 36 48 72 21 33 57 69
#c 0 1 2 3 10 5 6 11 8 9 10 11 0 4 5 7 10 11 6 3 8 9 1 7 0 1 2 7 1 2 6 3 8 9 4 7 0 1 5 3 10 5 6 3 8 9 10 11 0 1 2 7 10 5 6 7 2 9 4 5 0 4 2 7 1 5 6 7 8 9 10 11 0 1 2 3 4 2 6 3 8 9 4 11 0 4 8 3 4 5 6 7 8
1 1 1 18
7 7 25 37 49 73 28 64 22 6 30 42 54 66 78 90
#c 0 1 2 3 10 5 6 11 8 9 10 11 0 4 5 7 10 11 6 3 8 9 1 7 0 1 2 7 1 2 6 3 8 9 4 7 0 1 5 3 10 5 6 3 8 9 10 11 0 1 2 7 10 5 6 7 2 9 4 5 0 4 2 7 1 5 6 7 8 9 10 11 0 1 2 3 4 2 6 3 8 9 4 11 0 4 8 3 4 5 6 7 8
4 4 74 50 77 29 82 34 58 76
4 4 2 26 62 56 88 61 13 85
#c 0 1 2 3 10 5 6 11 8 9 10 11 0 4 5 7 10 11 6 3 8 9 1 7 0 1 2 7 1 4 6 3 8 9 2 7 0 1 5 3 10 5 6 3 8 9 10 11 0 1 4 7 10 5 6 7 2 9 2 5 0 4 2 7 1 5 6 7 8 9 10 11 0 1 4 3 2 4 6 3 8 9 2 11 0 4 8 3 4 5 6 7 8
4 4 87 19 39 75 81 33 57 9
4 3 3 43 31 79 21 45 69
#c 0 1 2 3 10 5 6 11 8 9 10 11 0 4 5 7 10 11 6 3 8 9 1 7 0 1 2 7 1 4 6 3 8 9 2 7 0 1 5 3 10 5 6 3 8 9 10 11 0 1 4 7 10 5 6 7 2 9 2 5 0 4 2 7 1 5 6 7 8 9 10 11 0 1 4 3 2 4 6 3 8 9 2 11 0 4 8 3 4 5 6 7 8
1 1 29 40
7 6 88 61 13 85 74 50 77 10 46 70 52 4 16
#c 0 1 2 3 10 5 6 11 8 9 10 11 0 4 5 7 10 11 6 3 8 9 1 7 0 1 2 7 1 4 6 3 8 9 2 7 0 1 5 3 10 5 6 3 8 9 10 11 0 1 4 7 10 5 6 7 2 9 2 5 0 4 2 7 1 5 6 7 8 9 10 11 0 1 4 3 2 4 6 3 8 9 2 11 0 4 8 3 4 5 6 7 8
1 1 41 27
7 8 5 53 65 89 38 14 59 55 67 91 63 15 51 35 23
#c 0 1 2 3 10 5 6 11 8 9 10 11 0 4 5 7 10 11 6 3 8 9 1 7 0 1 2 7 1 4 6 3 8 9 2 7 0 1 5 3 10 5 6 3 8 9 10 11 0 1 4 7 10 5 6 7 2 9 2 5 0 4 2 7 1 5 6 7 8 9 10 11 0 1 4 3 2 4 6 3 8 9 2 11 0 4 8 3 4 5 6 7 8
2 3 30 54 69 57 9
6 4 6 18 42 66 78 90 21 33 45 81
#c 0 1 2 3 10 5 6 11 8 9 10 11 0 4 5 7 10 11 6 3 8 9 1 7 0 1 2 7 1 4 6 3 8 9 2 7 0 1 5 3 10 5 6 3 8 9 10 11 0 1 4 7 10 5 6 7 2 9 2 5 0 4 2 7 1 5 6 7 8 9 10 11 0 1 4 3 2 4 6 3 8 9 2 11 0 4 8 3 4 5 6 7 8
4 4 27 23 55 91 80 44 68 8
5 4 67 63 15 51 35 20 32 92 86
#c 0 1 2 3 10 5 6 11 8 9 10 11 0 4 5 7 10 11 6 3 8 9 1 7 0 1 2 7 1 4 6 3 8 9 2 7 0 1 5 3 10 5 6 3 8 9 10 11 0 1 4 7 10 5 6 7 2 9 2 5 0 4 2 7 1 5 6 7 8 9 10 11 0 1 4 3 2 4 6 3 8 9 2 11 0 4 8 3 4 5 6 7 8
4 4 32 80 44 8 87 43 3 79
4 4 20 68 92 86 39 75 31 19
#c 0 1 2 3 10 5 6 11 8 9 10 11 0 4 5 7 10 11 6 3 8 9 1 7 0 1 2 7 1 4 6 3 8 9 2 7 0 1 5 3 10 5 6 3 8 9 10 11 0 1 4 7 10 5 6 7 2 9 2 5 0 4 2 7 1 5 6 7 8 9 10 11 0 1 4 3 2 4 6 3 8 9 2 11 0 4 8 3 4 5 6 7 8
#c 0 1 2 3 10 5 6 11 8 9 10 11 0 4 5 7 10 11 6 3 8 9 1 7 0 1 2 7 1 4 6 3 8 9 2 7 0 1 5 3 10 5 6 3 8 9 10 11 0 1 4 7 10 5 6 7 2 9 2 5 0 4 2 7 1 5 6 7 8 9 10 11 0 1 4 3 2 4 6 3 8 9 2 11 0 4 8 3 4 5 6 7 8
2 2 16 70 65 53
5 6 10 46 52 4 40 5 41 89 38 14 59
#c 0 1 2 3 10 5 6 11 8 9 10 11 0 4 5 7 10 11 6 3 8 9 1 7 0 1 2 7 1 4 6 3 8 9 2 7 0 1 5 3 10 5 6 3 8 9 10 11 0 1 4 7 10 5 6 7 2 9 2 5 0 4 2 7 1 5 6 7 8 9 10 11 0 1 4 3 2 4 6 3 8 9 2 11 0 4 8 3 4 5 6 7 8
1 3 11 91 63 51
5 6 47 71 83 17 7 55 67 27 15 35 23
#c 0 1 2 3 10 5 6 11 8 9 10 11 0 4 5 7 10 11 6 3 8 9 1 7 0 1 2 7 1 4 6 3 8 9 2 7 0 1 5 3 10 5 6 3 8 9 10 11 0 1 4 7 10 5 6 7 2 9 2 5 0 4 2 7 1 5 6 7 8 9 10 11 0 1 4 3 2 4 6 3 8 9 2 11 0 4 8 3 4 5 6 7 8
4 4 36 0 84 48 5 14 38 65
4 4 12 24 60 72 41 53 89 59
#c 0 1 2 3 10 5 6 11 8 9 10 11 0 4 5 7 10 11 6 3 8 9 1 7 0 1 2 7 1 4 6 3 8 9 2 7 0 1 5 3 10 5 6 3 8 9 10 11 0 1 4 7 10 5 6 7 2 9 2 5 0 4 2 7 1 5 6 7 8 9 10 11 0 1 4 3 2 4 6 3 8 9 2 11 0 4 8 3 4 5 6 7 8
1 1 37 59
7 7 1 25 49 73 28 64 22 5 41 53 65 89 38 14
#c 0 1 2 3 10 5 6 11 8 9 10 11 0 4 5 7 10 11 6 3 8 9 1 7 0 1 2 7 1 4 6 3 8 9 2 7 0 1 5 3 10 5 6 3 8 9 10 11 0 1 4 7 10 5 6 7 2 9 2 5 0 4 2 7 1 5 6 7 8 9 10 11 0 1 4 3 2 4 6 3 8 9 2 11 0 4 8 3 4 5 6 7 8
1 1 2 13
7 7 26 62 56 82 34 58 76 88 61 85 74 50 77 29
#c 0 1 4 3 10 5 6 11 8 9 10 11 0 2 5 7 10 11 6 3 8 9 1 7 0 1 2 7 1 4 6 3 8 9 2 7 0 1 5 3 10 5 6 3 8 9 10 11 0 1 4 7 10 5 6 7 2 9 2 5 0 4 2 7 1 5 6 7 8 9 10 11 0 1 4 3 2 4 6 3 8 9 2 11 0 4 8 3 4 5 6 7 8
1 1 39 9
7 6 3 75 87 43 31 79 19 21 33 45 57 69 81
#c 0 1 4 3 10 5 6 11 8 9 10 11 0 2 5 7 10 11 6 3 8 9 1 7 0 1 2 7 1 4 6 3 8 9 2 7 0 1 5 3 10 5 6 3 8 9 10 11 0 1 4 7 10 5 6 7 2 9 2 5 0 4 2 7 1 5 6 7 8 9 10 11 0 1 4 3 2 4 6 3 8 9 2 11 0 4 8 3 4 5 6 7 8
3 2 85 77 61 20 68
5 6 88 74 50 29 2 8 32 44 80 92 86
#c 0 1 4 3 10 5 6 11 8 9 10 11 0 2 5 7 10 11 6 3 8 9 1 7 0 1 2 7 1 4 6 3 8 9 2 7 0 1 5 3 10 5 6 3 8 9 10 11 0 1 4 7 10 5 6 7 2 9 2 5 0 4 2 7 1 5 6 7 8 9 10 11 0 1 4 3 2 4 6 3 8 9 2 11 0 4 8 3 4 5 6 7 8
3 3 53 41 59 30 6 66
5 5 5 65 89 38 14 18 42 54 78 90
#c 0 1 4 3 10 5 6 11 8 9 10 11 0 2 5 7 10 11 6 3 8 9 1 7 0 1 2 7 1 4 6 3 8 9 2 7 0 1 5 3 10 5 6 3 8 9 10 11 0 1 4 7 10 5 6 7 2 9 2 5 0 4 2 7 1 5 6 7 8 9 10 11 0 1 4 3 2 4 6 3 8 9 2 11 0 4 8 3 4 5 6 7 8
2 2 30 66 36 12
6 6 6 18 42 54 78 90 0 24 48 60 72 84
#c 0 1 4 3 10 5 6 11 8 9 10 11 0 2 5 7 10 11 6 3 8 9 1 7 0 1 2 7 1 4 6 3 8 9 2 7 0 1 5 3 10 5 6 3 8 9 10 11 0 1 4 7 10 5 6 7 2 9 2 5 0 4 2 7 1 5 6 7 8 9 10 11 0 1 4 3 2 4 6 3 8 9 2 11 0 4 8 3 4 5 6 7 8
4 4 35 63 51 27 80 32 20 68
5 4 55 67 91 15 23 8 44 92 86
#c 0 1 4 3 10 5 6 11 8 9 10 11 0 2 5 7 10 11 6 3 8 9 1 7 0 1 2 7 1 4 6 3 8 9 2 7 0 1 5 3 10 5 6 3 8 9 10 11 0 1 4 7 10 5 6 7 2 9 2 5 0 4 2 7 1 5 6 7 8 9 10 11 0 1 4 3 2 4 6 3 8 9 2 11 0 4 8 3 4 5 6 7 8
2 2 68 20 25 22
6 6 8 32 44 80 92 86 1 37 49 73 28 64
#c 0 1 4 3 10 5 6 11 8 9 10 11 0 2 5 7 10 11 6 3 8 9 1 7 0 1 2 7 1 4 6 3 8 9 2 7 0 1 5 3 10 5 6 3 8 9 10 11 0 1 4 7 10 5 6 7 2 9 2 5 0 4 2 7 1 5 6 7 8 9 10 11 0 1 4 3 2 4 6 3 8 9 2 11 0 4 8 3 4 5 6 7 8
3 3 69 9 33 71 17 47
4 3 21 45 57 81 11 83 7
#c 0 1 4 3 10 5 6 11 8 9 10 11 0 2 5 7 10 11 6 3 8 9 1 7 0 1 2 7 1 4 6 3 8 9 2 7 0 1 5 3 10 5 6 3 8 9 10 11 0 1 4 7 10 5 6 7 2 9 2 5 0 4 2 7 1 5 6 7 8 9 10 11 0 1 4 3 2 4 6 3 8 9 2 11 0 4 8 3 4 5 6 7 8
#c 0 1 4 3 10 5 6 11 8 9 10 11 0 2 5 7 10 11 6 3 8 9 1 7 0 1 2 7 1 4 6 3 8 9 2 7 0 1 5 3 10 5 6 3 8 9 10 11 0 1 4 7 10 5 6 7 2 9 2 5 0 4 2 7 1 5 6 7 8 9 10 11 0 1 4 3 2 4 6 3 8 9 2 11 0 4 8 3 4 5 6 7 8
1 1 7 14
5 7 11 47 71 83 17 5 41 53 65 89 38 59
#c 0 1 4 3 10 5 6 11 8 9 10 11 0 2 5 7 10 11 6 3 8 9 1 7 0 1 2 7 1 4 6 3 8 9 2 7 0 1 5 3 10 5 6 3 8 9 10 11 0 1 4 7 10 5 6 7 2 9 2 5 0 4 2 7 1 5 6 7 8 9 10 11 0 1 4 3 2 4 6 3 8 9 2 11 0 4 8 3 4 5 6 7 8
4 4 48 24 12 36 30 54 6 90
4 4 0 60 72 84 18 42 66 78
#c 0 1 4 3 10 5 6 11 8 9 10 11 0 2 5 7 10 11 6 3 8 9 1 7 0 1 2 7 1 4 6 3 8 9 2 7 0 1 5 3 10 5 6 3 8 9 10 11 0 1 4 7 10 5 6 7 2 9 2 5 0 4 2 7 1 5 6 7 8 9 10 11 0 1 4 3 2 4 6 3 8 9 2 11 0 4 8 3 4 5 6 7 8
3 3 28 37 49 10 46 4
5 4 1 25 73 64 22 70 52 16 40
#c 0 1 4 3 10 5 6 11 8 9 10 11 0 2 5 7 10 11 6 3 8 9 1 7 0 1 2 7 1 4 6 3 8 9 2 7 0 1 5 3 10 5 6 3 8 9 10 11 0 1 4 7 10 5 6 7 2 9 2 5 0 4 2 7 1 5 6 7 8 9 10 11 0 1 4 3 2 4 6 3 8 9 2 11 0 4 8 3 4 5 6 7 8
4 4 56 62 13 26 30 66 42 90
4 4 82 34 58 76 6 18 54 78
#c 0 1 4 3 10 5 6 11 8 9 10 11 0 2 5 7 10 11 6 3 8 9 1 7 0 1 2 7 1 4 6 3 8 9 2 7 0 1 5 3 10 5 6 3 8 9 10 11 0 1 4 7 10 5 6 7 2 9 2 5 0 4 2 7 1 5 6 7 8 9 10 11 0 1 4 3 2 4 6 3 8 9 2 11 0 4 8 3 4 5 6 7 8
4 5 39 43 75 87 13 34 56 82 58
4 3 3 31 79 19 26 62 76
#c 0 1 4 3 10 5 6 11 8 9 10 11 0 2 5 7 10 11 6 3 8 9 1 7 0 1 2 7 1 4 6 3 8 9 2 7 0 1 5 3 10 5 6 3 8 9 10 11 0 1 4 7 10 5 6 7 2 9 2 5 0 4 2 7 1 5 6 7 8 9 10 11 0 1 4 3 2 4 6 3 8 9 2 11 0 4 8 3 4 5 6 7 8
4 4 88 50 2 61 39 75 3 87
4 4 85 74 77 29 43 31 79 19
#c 0 1 4 3 10 5 6 11 8 9 10 11 0 2 5 7 10 11 6 3 8 9 1 7 0 1 2 7 1 4 6 3 8 9 2 7 0 1 5 3 10 5 6 3 8 9 10 11 0 1 4 7 10 5 6 7 2 9 2 5 0 4 2 7 1 5 6 7 8 9 10 11 0 1 4 3 2 4 6 3 8 9 2 11 0 4 8 3 4 5 6 7 8
3 3 53 14 89 81 69 9
5 4 5 41 65 38 59 21 33 45 57
#c 0 1 4 3 10 5 6 11 8 9 10 11 0 2 5 7 10 11 6 3 8 9 1 7 0 1 2 7 1 4 6 3 8 9 2 7 0 1 5 3 10 5 6 3 8 9 10 11 0 1 4 7 10 5 6 7 2 9 2 5 0 4 2 7 1 5 6 7 8 9 10 11 0 1 4 3 2 4 6 3 8 9 2 11 0 4 8 3 4 5 6 7 8
1 1 54 56
7 7 6 18 30 42 66 78 90 26 62 82 34 58 76 13
#c 0 1 4 3 10 5 6 11 8 9 10 11 0 2 5 7 10 11 6 3 8 9 1 7 0 1 2 7 1 4 6 3 8 9 2 7 0 1 5 3 10 5 6 3 8 9 10 11 0 1 4 7 10 5 2 7 6 9 2 5 0 4 2 7 1 5 6 7 8 9 10 11 0 1 4 3 2 4 6 3 8 9 2 11 0 4 8 3 4 5 6 7 8
4 4 35 15 55 23 18 66 42 30
5 4 67 91 63 27 51 6 78 90 56
#c 0 1 4 3 10 5 6 11 8 9 10 11 0 2 5 7 10 11 6 3 8 9 1 7 0 1 2 7 1 4 6 3 8 9 2 7 0 1 5 3 10 5 6 3 8 9 10 11 0 1 4 7 10 5 2 7 6 9 2 5 0 4 2 7 1 5 6 7 8 9 10 11 0 1 4 3 2 4 6 3 8 9 2 11 0 4 8 3 4 5 6 7 8
1 1 44 46
7 6 8 20 32 68 80 92 86 10 70 52 4 16 40
#c 0 1 4 3 10 5 6 11 8 9 10 11 0 2 5 7 10 11 6 3 8 9 1 7 0 1 2 7 1 4 6 3 8 9 2 7 0 1 5 3 10 5 6 3 8 9 10 11 0 1 4 7 10 5 2 7 6 9 2 5 0 4 2 7 1 5 6 7 8 9 10 11 0 1 4 3 2 4 6 3 8 9 2 11 0 4 8 3 4 5 6 7 8
#c 0 1 4 3 10 5 6 11 8 9 10 11 0 2 5 7 10 11 6 3 8 9 1 7 0 1 2 7 1 4 6 3 8 9 2 7 0 1 5 3 10 5 6 3 8 9 10 11 0 1 4 7 10 5 2 7 6 9 2 5 0 4 2 7 1 5 6 7 8 9 10 11 0 1 4 3 2 4 6 3 8 9 2 11 0 4 8 3 4 5 6 7 8
1 1 10 74
6 7 46 70 52 4 16 40 88 61 85 50 77 29 2
#c 0 1 4 3 10 5 6 11 8 9 10 11 0 2 5 7 10 11 6 3 8 9 1 7 0 1 2 7 1 4 6 3 8 9 2 7 0 1 5 3 10 5 6 3 8 9 10 11 0 1 4 7 10 5 2 7 6 9 2 5 0 4 2 7 1 5 6 7 8 9 10 11 0 1 4 3 2 4 6 3 8 9 2 11 0 4 8 3 4 5 6 7 8
#c 0 1 4 3 10 5 6 11 8 9 10 11 0 2 5 7 10 11 6 3 8 9 1 7 0 1 2 7 1 4 6 3 8 9 2 7 0 1 5 3 10 5 6 3 8 9 10 11 0 1 4 7 10 5 2 7 6 9 2 5 0 4 2 7 1 5 6 7 8 9 10 11 0 1 4 3 2 4 6 3 8 9 2 11 0 4 8 3 4 5 6 7 8
2 2 12 24 9 21
6 5 0 36 48 60 72 84 33 45 57 69 81
#c 0 1 4 3 10 5 6 11 8 0 10 11 9 2 5 7 10 11 6 3 8 0 1 7 9 1 2 7 1 4 6 3 8 9 2 7 0 1 5 3 10 5 6 3 8 9 10 11 0 1 4 7 10 5 2 7 6 9 2 5 0 4 2 7 1 5 6 7 8 9 10 11 0 1 4 3 2 4 6 3 8 9 2 11 0 4 8 3 4 5 6 7 8
2 2 22 28 16 70
6 5 1 25 37 49 73 64 10 46 52 4 40
#c 0 1 4 3 10 5 6 11 8 0 10 11 9 2 5 7 10 11 6 3 8 0 1 7 9 1 2 7 1 4 6 3 8 9 2 7 0 1 5 3 10 5 6 3 8 9 10 11 0 1 4 7 10 5 2 7 6 9 2 5 0 4 2 7 1 5 6 7 8 9 10 11 0 1 4 3 2 4 6 3 8 9 2 11 0 4 8 3 4 5 6 7 8
1 1 82 60
7 7 26 62 34 58 76 13 54 0 36 48 72 84 9 21
#c 0 1 4 3 10 5 6 11 8 0 10 11 9 2 5 7 10 11 6 3 8 0 1 7 9 1 2 7 1 4 6 3 8 9 2 7 0 1 5 3 10 5 6 3 8 9 10 11 0 1 4 7 10 5 2 7 6 9 2 5 0 4 2 7 1 5 6 7 8 9 10 11 0 1 4 3 2 4 6 3 8 9 2 11 0 4 8 3 4 5 6 7 8
2 2 87 3 42 30
6 6 39 75 43 31 79 19 6 18 66 78 90 56
#c 0 1 4 3 10 5 6 11 8 0 10 11 9 2 5 7 10 11 6 3 8 0 1 7 9 1 2 7 1 4 6 3 8 9 2 7 0 1 5 3 10 5 6 3 8 9 10 11 0 1 4 7 10 5 2 7 6 9 2 5 0 4 2 7 1 5 6 7 8 9 10 11 0 1 4 3 2 4 6 3 8 9 2 11 0 4 8 3 4 5 6 7 8
2 2 29 88 82 58
6 6 61 85 74 50 77 2 26 62 34 76 13 54
#c 0 1 4 3 10 5 6 11 8 0 10 11 9 2 5 7 10 11 6 3 8 0 1 7 9 1 2 7 1 4 6 3 8 9 2 7 0 1 5 3 10 5 6 3 8 9 10 11 0 1 4 7 10 5 2 7 6 9 2 5 0 4 2 7 1 5 6 7 8 9 10 11 0 1 4 3 2 4 6 3 8 9 2 11 0 4 8 3 4 5 6 7 8
#c 0 1 4 3 10 5 6 11 8 0 10 11 9 2 5 7 10 11 6 3 8 0 1 7 9 1 2 7 1 4 6 3 8 9 2 7 0 1 5 3 10 5 6 3 8 9 10 11 0 1 4 7 10 5 2 7 6 9 2 5 0 4 2 7 1 5 6 7 8 9 10 11 0 1 4 3 2 4 6 3 8 9 2 11 0 4 8 3 4 5 6 7 8
2 2 56 6 8 92
6 6 18 30 42 66 78 90 20 32 44 68 80 86
#c 0 1 4 3 10 5 6 11 8 0 10 11 9 2 5 7 10 11 6 3 8 0 1 7 9 1 2 7 1 4 6 3 8 9 2 7 0 1 5 3 10 5 6 3 8 9 10 11 0 1 4 7 10 5 2 7 6 9 2 5 0 4 2 7 1 5 6 7 8 9 10 11 0 1 4 3 2 4 6 3 8 9 2 11 0 4 8 3 4 5 6 7 8
4 4 91 67 63 23 1 25 37 28
5 4 55 27 15 51 35 49 73 64 22
#c 0 1 4 3 10 5 6 11 8 0 10 11 9 2 5 7 10 11 6 3 8 0 1 7 9 1 2 7 1 4 6 3 8 9 2 7 0 1 5 3 10 5 6 3 8 9 10 11 0 1 4 7 10 5 2 7 6 9 2 5 0 4 2 7 1 5 6 7 8 9 10 11 0 1 4 3 2 4 6 3 8 9 2 11 0 4 8 3 4 5 6 7 8
1 1 44 16
7 6 8 20 32 68 80 92 86 10 46 70 52 4 40
#c 0 1 4 3 10 5 6 11 8 0 10 11 9 2 5 7 10 11 6 3 8 0 1 7 9 1 2 7 1 4 6 3 8 9 2 7 0 1 5 3 10 5 6 3 8 9 10 11 0 1 4 7 10 5 2 7 6 9 2 5 0 4 2 7 1 5 6 7 8 9 10 11 0 1 4 3 2 4 6 3 8 9 2 11 0 4 8 3 4 5 6 7 8
2 2 24 12 58 54
5 6 33 45 57 69 81 26 62 82 34 76 13
#c 0 1 4 3 10 5 6 11 8 0 10 11 9 2 5 7 10 11 6 3 8 0 1 7 9 1 2 7 1 4 6 3 8 9 2 7 0 1 5 3 10 5 6 3 8 9 10 11 0 1 4 7 10 5 2 7 6 9 2 5 0 4 2 7 1 5 6 7 8 9 10 11 0 1 4 3 2 4 6 3 8 9 2 11 0 4 8 3 4 5 6 7 8
3 5 46 52 40 69 57 81 45 24
4 2 10 70 4 16 33 12
#c 0 1 4 3 10 5 6 11 8 0 10 11 9 2 5 7 10 11 6 3 8 0 1 7 9 1 2 7 1 4 6 3 8 9 2 7 0 1 5 3 10 5 6 3 8 9 10 11 0 1 4 7 10 5 2 7 6 9 2 5 0 4 2 7 1 5 6 7 8 9 10 11 0 1 4 3 2 4 6 3 8 9 2 11 0 4 8 3 4 5 6 7 8
2 2 17 71 79 87
4 6 11 47 83 7 3 39 75 43 31 19
#c 0 1 4 3 10 5 6 11 8 0 10 11 9 2 5 7 10 11 6 3 8 0 1 7 9 1 2 7 1 4 6 3 8 9 2 7 0 1 5 3 10 5 6 3 8 9 10 11 0 1 4 7 10 5 2 7 6 9 2 5 0 4 2 7 1 5 6 7 8 9 10 11 0 1 4 3 2 4 6 3 8 9 2 11 0 4 8 3 4 5 6 7 8
4 3 9 60 36 0 73 28 64
4 5 48 72 84 21 1 25 37 49 22
#c 1 1 4 3 10 5 6 11 8 1 10 11 9 2 5 7 10 11 6 3 8 0 1 7 9 1 2 7 0 4 6 3 8 9 2 7 1 1 5 3 10 5 6 3 8 9 10 11 0 1 4 7 10 5 2 7 6 9 2 5 1 4 2 7 0 5 6 7 8 9 10 11 0 0 4 3 2 4 6 3 8 9 2 11 0 4 8 3 4 5 6 7 8
4 4 49 37 9 0 34 26 76 62
5 4 1 25 22 60 36 82 58 13 54
#c 1 1 4 3 10 5 6 11 8 1 10 11 9 2 5 7 10 11 6 3 8 0 1 7 9 1 2 7 0 4 6 3 8 9 2 7 1 1 5 3 10 5 6 3 8 9 10 11 0 1 4 7 10 5 2 7 6 9 2 5 1 4 2 7 0 5 6 7 8 9 10 11 0 0 4 3 2 4 6 3 8 9 2 11 0 4 8 3 4 5 6 7 8
2 2 26 13 63 55
6 7 62 82 34 58 76 54 67 91 27 15 51 35 23
#c 1 1 4 3 10 5 6 11 8 1 10 11 9 7 5 7 10 11 6 3 8 0 1 7 9 1 7 7 0 4 6 3 8 9 2 7 1 1 5 3 10 5 6 3 8 9 10 11 0 1 4 7 10 5 2 2 6 9 2 5 1 4 2 2 0 5 6 7 8 9 10 11 0 0 4 3 2 4 6 3 8 9 2 11 0 4 8 3 4 5 6 7 8
2 2 31 75 24 69
6 5 3 39 87 43 79 19 33 45 57 81 12
#c 1 1 4 3 10 5 6 11 8 1 10 11 9 7 5 7 10 11 6 3 8 0 1 7 9 1 7 7 0 4 6 3 8 9 2 7 1 1 5 3 10 5 6 3 8 9 10 11 0 1 4 7 10 5 2 2 6 9 2 5 1 4 2 2 0 5 6 7 8 9 10 11 0 0 4 3 2 4 6 3 8 9 2 11 0 4 8 3 4 5 6 7 8
2 2 61 88 12 69
6 5 85 74 50 77 29 2 33 45 57 81 24
#c 1 1 4 3 10 5 6 11 8 1 10 11 9 7 5 7 10 11 6 3 8 0 1 7 9 1 7 7 0 4 6 3 8 9 2 7 1 1 5 3 10 5 6 3 8 9 10 11 0 1 4 7 10 5 2 2 6 9 2 5 1 4 2 2 0 5 6 7 8 9 10 11 0 0 4 3 2 4 6 3 8 9 2 11 0 4 8 3 4 5 6 7 8
2 2 53 89 68 86
6 6 5 41 65 38 14 59 8 20 32 44 80 92
#c 1 1 4 3 10 5 6 11 8 1 10 11 9 7 5 7 10 11 6 3 8 0 1 7 9 1 7 7 0 4 6 3 8 9 2 7 1 1 5 3 10 5 6 3 8 9 10 11 0 1 4 7 10 5 2 2 6 9 2 5 1 4 2 2 0 5 6 7 8 9 10 11 0 0 4 3 2 4 6 3 8 9 2 11 0 4 8 3 4 5 6 7 8
4 4 30 66 6 90 36 60 37 0
4 5 18 42 78 56 1 25 49 22 9
#c 6 1 4 3 10 5 1 11 8 1 10 11 9 7 5 7 10 11 6 3 8 0 1 7 9 1 7 7 0 4 1 3 8 9 2 7 6 6 5 3 10 5 6 3 8 9 10 11 0 1 4 7 10 5 2 2 6 9 2 5 6 4 2 2 0 5 1 7 8 9 10 11 0 0 4 3 2 4 6 3 8 9 2 11 0 4 8 3 4 5 1 7 8
4 4 23 51 15 35 3 75 79 43
5 4 67 91 27 26 13 39 87 31 19
#c 6 1 4 3 10 5 1 11 8 1 10 11 9 7 5 7 10 11 6 3 8 0 1 7 9 1 7 7 0 4 1 3 8 9 2 7 6 6 5 3 10 5 6 3 8 9 10 11 0 1 4 7 10 5 2 2 6 9 2 5 6 4 2 2 0 5 1 7 8 9 10 11 0 0 4 3 2 4 6 3 8 9 2 11 0 4 8 3 4 5 1 7 8
2 2 20 44 89 14
6 6 8 32 68 80 92 86 5 41 53 65 38 59
#c 6 1 4 3 10 5 1 11 8 1 10 11 9 7 5 7 10 11 6 3 8 0 1 7 9 1 7 7 0 4 1 3 8 9 2 7 6 6 5 3 10 5 6 3 8 9 10 11 0 1 4 7 10 5 2 2 6 9 2 5 6 4 2 2 0 5 1 7 8 9 10 11 0 0 4 3 2 4 6 3 8 9 2 11 0 4 8 3 4 5 1 7 8
3 3 57 33 45 11 83 7
4 3 69 81 12 24 47 71 17
#c 6 1 4 3 10 5 1 9 8 1 10 9 9 7 5 7 10 11 6 3 8 0 1 7 9 1 7 7 0 4 1 3 8 11 2 7 6 6 5 3 10 5 6 3 8 11 10 11 0 1 4 7 10 5 2 2 6 11 2 5 6 4 2 2 0 5 1 7 8 9 10 11 0 0 4 3 2 4 6 3 8 9 2 9 0 4 8 3 4 5 1 7 8
1 1 40 45
6 5 10 46 70 52 4 16 47 71 17 57 33
#c 6 1 4 3 10 5 1 9 8 1 10 9 9 7 5 7 10 11 6 3 8 0 1 7 9 1 7 7 0 4 1 3 8 11 2 7 6 6 5 3 10 5 6 3 8 11 10 11 0 1 4 7 10 5 2 2 6 11 2 5 6 4 2 2 0 5 1 7 8 9 10 11 0 0 4 3 2 4 6 3 8 9 2 9 0 4 8 3 4 5 1 7 8
3 3 33 47 17 31 39 75
3 5 71 57 45 3 87 43 79 19
#c 6 1 4 3 10 5 1 9 8 1 10 9 9 7 5 7 10 11 6 3 8 0 1 7 9 1 7 7 0 4 1 3 8 11 2 7 6 6 5 3 10 5 6 3 8 11 10 11 0 1 4 7 10 5 2 2 6 11 2 5 6 4 2 2 0 5 1 7 8 9 10 11 0 0 4 3 2 4 6 3 8 9 2 9 0 4 8 3 4 5 1 7 8
3 3 48 64 73 34 62 54
4 5 72 84 21 28 82 58 76 63 55
#c 6 1 4 3 10 5 1 9 8 1 10 9 9 7 5 7 10 11 6 3 8 0 1 7 9 1 7 7 0 4 1 3 8 11 2 7 6 6 5 3 10 5 6 3 8 11 10 11 0 1 4 7 10 5 2 2 6 11 2 5 6 4 2 2 0 5 1 7 8 9 10 11 0 0 4 3 2 4 6 3 8 9 2 9 0 4 8 3 4 5 1 7 8
1 1 22 45
8 5 1 25 49 9 30 66 6 90 47 71 17 57 33
#c 6 1 4 3 10 5 1 9 8 1 10 9 9 7 5 7 10 11 6 3 8 0 1 7 9 1 7 7 0 4 1 3 8 11 2 7 6 6 5 3 10 5 6 3 8 11 10 11 0 1 4 7 10 5 2 2 6 11 2 5 6 4 2 2 0 5 1 7 8 9 10 11 0 0 4 3 2 4 6 3 8 9 2 9 0 4 8 3 4 5 1 7 8
1 2 63 50 29
7 6 62 82 34 58 76 54 55 88 61 85 74 77 2
#c 6 1 4 3 10 5 1 9 8 1 10 9 9 7 5 7 10 11 6 3 8 0 1 7 9 1 7 7 0 4 1 3 8 11 2 7 6 6 5 3 10 5 6 3 8 11 10 11 0 1 4 7 10 5 2 2 6 11 2 5 6 4 2 2 0 5 1 7 8 9 10 11 0 0 4 3 2 4 6 3 8 9 2 9 0 4 8 3 4 5 1 7 8
#c 6 1 4 3 10 5 1 9 8 1 10 9 9 7 5 7 10 11 6 3 8 0 1 7 9 1 7 7 0 4 1 3 8 11 2 7 6 6 5 3 10 5 6 3 8 11 10 11 0 1 4 7 10 5 2 2 6 11 2 5 6 4 2 2 0 5 1 7 8 9 10 11 0 0 4 3 2 4 6 3 8 9 2 9 0 4 8 3 4 5 1 7 8
#c 6 1 4 3 10 5 1 9 8 1 10 9 9 7 5 7 10 11 6 3 8 0 1 7 9 1 7 7 0 4 1 3 8 11 2 7 6 6 5 3 10 5 6 3 8 11 10 11 0 1 4 7 10 5 2 2 6 11 2 5 6 4 2 2 0 5 1 7 8 9 10 11 0 0 4 3 2 4 6 3 8 9 2 9 0 4 8 3 4 5 1 7 8
2 2 89 59 24 69
6 5 5 41 53 65 38 14 81 12 11 83 7
#c 6 1 4 3 10 5 1 9 8 1 10 9 9 7 5 7 10 11 6 3 8 0 1 7 9 1 7 7 0 4 1 3 8 11 2 7 6 6 5 3 10 5 6 3 8 11 10 11 0 1 4 7 10 5 2 2 6 11 2 5 6 4 2 2 0 5 1 7 8 9 10 11 0 0 4 3 2 4 6 3 8 9 2 9 0 4 8 3 4 5 1 7 8
2 2 60 78 20 44
6 6 18 42 56 36 37 0 8 32 68 80 92 86
#c 6 1 4 3 10 5 1 9 8 1 10 9 9 7 5 7 10 11 6 3 8 0 1 7 9 1 7 7 0 4 1 3 8 11 2 7 6 6 5 3 10 5 6 3 8 11 10 11 0 1 4 7 10 5 2 2 6 11 2 5 6 4 2 2 0 5 1 7 8 9 10 11 0 0 4 3 2 4 6 3 8 9 2 9 0 4 8 3 4 5 1 7 8
#c 6 1 4 3 10 5 1 9 8 1 10 9 9 7 5 7 10 11 6 3 8 0 1 7 9 1 7 7 0 4 1 3 8 11 2 7 6 6 5 3 10 5 6 3 8 11 10 11 0 1 4 7 10 5 2 2 6 11 2 5 6 4 2 2 0 5 1 7 8 9 10 11 0 0 4 3 2 4 6 3 8 9 2 9 0 4 8 3 4 5 1 7 8
2 2 80 44 24 12
6 5 8 20 32 68 92 86 69 81 11 83 7
#c 6 1 4 3 10 5 1 9 8 1 10 9 9 7 5 7 10 11 6 3 8 0 1 7 9 1 7 7 0 4 1 3 8 11 2 7 6 6 5 3 10 5 6 3 8 11 10 11 0 1 4 7 10 5 2 2 6 11 2 5 6 4 2 2 0 5 1 7 8 9 10 11 0 0 4 3 2 4 6 3 8 9 2 9 0 4 8 3 4 5 1 7 8
1 1 83 68
6 7 69 81 12 24 11 7 8 20 32 44 80 92 86
#c 6 1 4 3 10 5 1 9 8 1 10 9 9 7 5 7 10 11 6 3 8 0 1 7 9 1 7 7 0 4 1 3 8 11 2 7 6 6 5 3 10 5 6 3 8 11 10 11 0 1 4 7 10 5 2 2 6 11 2 5 6 4 2 2 0 5 1 7 8 9 10 11 0 0 4 3 2 4 6 3 8 9 2 9 0 4 8 3 4 5 1 7 8
2 2 16 70 34 76
5 6 10 46 52 4 40 62 82 58 54 63 55
#c 6 1 4 3 10 5 1 9 8 1 10 9 9 7 5 7 10 11 6 3 8 0 1 7 9 1 7 7 0 4 1 3 8 11 2 7 6 6 5 3 10 5 6 3 8 11 10 11 0 1 4 7 10 5 2 2 6 11 2 5 6 4 2 2 0 5 1 7 8 9 10 11 0 0 4 3 2 4 6 3 8 9 2 9 0 4 8 3 4 5 1 7 8
1 1 45 4
5 6 47 71 17 57 33 10 46 70 52 16 40
#c 6 1 4 3 10 5 1 9 8 1 10 9 9 7 5 7 10 11 6 3 8 0 1 7 9 1 7 7 0 4 1 3 8 11 2 7 6 6 5 3 10 5 6 3 8 11 10 11 0 1 4 7 10 5 2 2 6 11 2 5 6 4 2 2 0 5 1 7 8 9 10 11 0 0 4 3 2 4 6 3 8 9 2 9 0 4 8 3 4 5 1 7 8
2 2 72 28 12 81
5 5 48 84 21 73 64 69 24 11 83 7
#c 6 1 4 3 10 5 1 9 8 1 10 9 0 7 5 7 10 11 6 3 8 0 1 7 9 1 7 7 9 4 1 3 8 11 2 7 6 6 5 3 10 5 6 3 8 11 10 11 0 1 4 7 10 5 2 2 6 11 2 5 6 4 2 2 0 5 1 7 8 9 10 11 9 0 4 3 2 4 6 3 8 0 2 9 0 4 8 3 4 5 1 7 8
#c 6 1 4 3 10 5 1 9 8 1 10 9 0 7 5 7 10 11 6 3 8 0 1 7 9 1 7 7 9 4 1 3 8 11 2 7 6 6 5 3 10 5 6 3 8 11 10 11 0 1 4 7 10 5 2 2 6 11 2 5 6 4 2 2 0 5 1 7 8 9 10 11 9 0 4 3 2 4 6 3 8 0 2 9 0 4 8 3 4 5 1 7 8
3 3 54 82 58 36 0 56
5 5 62 34 76 63 55 18 42 78 60 37
#c 6 1 4 3 10 5 1 9 8 1 10 9 0 7 5 7 10 11 6 3 8 0 1 7 9 1 7 7 9 4 1 3 8 11 2 7 6 6 5 3 10 5 6 3 8 11 10 11 0 1 4 7 10 5 2 2 6 11 2 5 6 4 2 2 0 5 1 7 8 9 10 11 9 0 4 3 2 4 6 3 8 0 2 9 0 4 8 3 4 5 1 7 8
2 2 87 43 83 11
6 5 3 39 75 31 79 19 69 24 7 72 28
#c 6 1 4 3 10 5 1 9 8 1 10 3 0 7 5 7 10 11 6 3 8 0 1 7 9 1 7 7 9 4 1 3 8 11 2 7 6 6 5 3 10 5 6 9 8 11 10 11 0 1 4 7 10 5 2 2 6 11 2 5 6 4 2 2 0 5 1 7 8 9 10 11 9 0 4 3 2 4 6 3 8 0 2 3 0 4 8 9 4 5 1 7 8
#c 6 1 4 3 10 5 1 9 8 1 10 3 0 7 5 7 10 11 6 3 8 0 1 7 9 1 7 7 9 4 1 3 8 11 2 7 6 6 5 3 10 5 6 9 8 11 10 11 0 1 4 7 10 5 2 2 6 11 2 5 6 4 2 2 0 5 1 7 8 9 10 11 9 0 4 3 2 4 6 3 8 0 2 3 0 4 8 9 4 5 1 7 8
2 2 5 53 71 17
6 4 41 65 89 38 14 59 47 57 33 45
#c 6 1 4 3 10 5 1 9 8 1 10 3 0 7 5 7 10 11 6 3 8 0 1 7 9 1 7 7 9 4 1 3 8 11 2 7 6 6 5 3 10 5 6 9 8 11 10 11 0 1 4 7 10 5 2 2 6 11 2 5 6 4 2 2 0 5 1 7 8 9 10 11 9 0 4 3 2 4 6 3 8 0 2 3 0 4 8 9 4 5 1 7 8
4 4 56 0 36 37 13 26 51 15
4 5 18 42 78 60 67 91 27 35 23
#c 6 1 4 3 10 5 1 9 8 1 10 3 0 7 5 7 10 11 6 3 8 0 1 7 9 1 7 7 9 4 1 3 8 11 2 7 6 6 5 3 10 5 6 9 8 11 10 11 0 1 4 7 10 5 2 2 6 11 2 5 6 4 2 2 0 5 1 7 8 9 10 11 9 0 4 3 2 4 6 3 8 0 2 3 0 4 8 9 4 5 1 7 8
1 1 23 37
8 7 67 91 27 15 51 35 26 13 18 42 78 56 36 60 0
#c 6 1 4 3 10 5 1 9 8 1 10 3 0 7 5 7 10 11 6 3 8 0 1 7 9 1 7 7 9 4 1 3 8 11 2 7 6 6 5 3 10 5 6 9 8 11 10 11 0 1 4 7 10 5 2 2 6 11 2 5 6 4 2 2 0 5 1 7 8 9 10 11 9 0 4 3 2 4 6 3 8 0 2 3 0 4 8 9 4 5 1 7 8
1 1 44 82
7 7 8 20 32 68 80 92 86 62 34 58 76 54 63 55
#c 6 1 4 3 10 5 1 9 8 1 10 3 0 7 5 7 10 11 6 3 8 0 1 7 9 1 7 7 9 4 1 3 8 11 2 7 6 6 5 3 10 5 6 9 8 11 10 11 0 1 4 7 10 5 2 2 6 11 2 5 6 4 2 2 0 5 1 7 8 9 10 11 9 0 4 3 2 4 6 3 8 0 2 3 0 4 8 9 4 5 1 7 8
2 4 43 7 42 18 56 78
5 4 69 24 72 28 87 36 60 37 0
#c 6 1 4 3 10 5 1 9 8 1 10 3 0 7 5 7 10 11 6 3 8 0 1 7 9 1 7 7 9 4 1 3 8 11 2 7 6 6 5 3 10 5 6 9 8 11 10 11 0 1 4 7 10 5 2 2 6 11 2 5 6 4 2 2 0 5 1 7 8 9 10 11 9 0 4 3 2 4 6 3 8 0 2 3 0 4 8 9 4 5 1 7 8
2 2 10 46 76 34
5 6 70 52 4 16 40 62 82 58 54 63 55
#c 6 1 4 3 10 5 1 9 8 1 10 3 0 7 5 7 10 11 6 3 8 0 1 7 9 1 7 7 9 4 1 3 8 11 2 7 6 6 5 3 10 5 6 9 8 11 10 11 0 1 4 7 10 5 2 2 6 11 2 5 6 4 2 2 0 5 1 7 8 9 10 11 9 0 4 3 2 4 6 3 8 0 2 3 0 4 8 9 4 5 1 7 8
3 4 47 33 17 67 26 51 91
3 5 71 57 45 27 15 35 23 13
#c 6 1 4 3 10 5 1 9 8 1 10 3 0 7 5 7 10 11 6 3 8 0 1 7 9 1 7 7 9 4 1 3 8 11 2 7 6 6 5 3 10 5 6 9 8 11 10 11 0 1 4 7 10 5 2 2 6 11 2 5 6 4 2 2 0 5 1 7 8 9 10 11 9 0 4 3 2 4 6 3 8 0 2 3 0 4 8 9 4 5 1 7 8
3 3 21 48 84 10 4 40
4 4 73 64 12 81 46 70 52 16
#c 6 1 4 3 10 5 1 9 8 1 10 3 0 7 5 7 10 11 6 3 8 0 1 7 9 1 7 7 9 4 1 3 8 11 2 7 6 6 5 3 10 5 6 9 8 11 10 11 0 1 4 7 10 5 2 2 6 11 2 5 6 4 2 2 0 5 1 7 8 9 10 11 9 0 4 3 2 4 6 3 8 0 2 3 0 4 8 9 4 5 1 7 8
3 4 6 49 1 43 24 28 72
6 3 25 22 9 30 66 90 69 7 87
#c 6 9 4 3 10 5 9 9 8 1 10 3 0 7 5 7 10 11 6 3 8 0 1 7 1 1 7 7 1 4 1 3 8 11 2 7 6 6 5 3 10 5 6 1 8 11 10 11 0 9 4 7 10 5 2 2 6 11 2 5 6 4 2 2 0 5 1 7 8 9 10 11 1 0 4 3 2 4 6 3 8 0 2 3 0 4 8 9 4 5 1 7 8
3 3 62 55 34 26 51 27
5 6 82 58 76 54 63 67 91 15 35 23 13
#c 6 9 4 3 10 5 9 9 8 1 10 3 0 7 5 7 10 11 6 3 8 0 1 7 1 1 7 7 1 4 1 3 8 11 2 7 6 6 5 3 10 5 6 1 8 11 10 11 0 9 4 7 10 5 2 2 6 11 2 5 6 4 2 2 0 5 1 7 8 9 10 11 1 0 4 3 2 4 6 3 8 0 2 3 0 4 8 9 4 5 1 7 8
#c 6 9 4 3 10 5 9 9 8 1 10 3 0 7 5 7 10 11 6 3 8 0 1 7 1 1 7 7 1 4 1 3 8 11 2 7 6 6 5 3 10 5 6 1 8 11 10 11 0 9 4 7 10 5 2 2 6 11 2 5 6 4 2 2 0 5 1 7 8 9 10 11 1 0 4 3 2 4 6 3 8 0 2 3 0 4 8 9 4 5 1 7 8
3 3 77 61 85 35 51 67
5 6 88 74 50 29 2 91 27 15 23 26 13
#c 6 9 4 3 10 5 9 9 8 1 10 3 0 7 5 7 10 11 6 3 8 0 1 7 1 1 7 7 1 4 1 3 8 11 2 7 6 6 5 3 10 5 6 1 8 11 10 11 0 9 4 7 10 5 2 2 6 11 2 5 6 4 2 2 0 5 1 7 8 9 10 11 1 0 4 3 2 4 6 3 8 0 2 3 0 4 8 9 4 5 1 7 8
4 5 38 59 41 53 20 32 8 86 80
4 3 5 65 89 14 44 68 92
#c 6 9 4 3 10 5 9 9 5 1 10 3 0 7 5 7 10 11 6 3 5 0 1 7 1 1 7 7 1 4 1 3 5 11 2 7 6 6 8 3 10 8 6 1 8 11 10 11 0 9 4 7 10 8 2 2 6 11 2 8 6 4 2 2 0 5 1 7 8 9 10 11 1 0 4 3 2 4 6 3 5 0 2 3 0 4 5 9 4 5 1 7 8
4 4 60 36 78 18 21 81 73 48
4 3 42 56 37 0 84 64 12
#c 6 9 4 3 10 5 9 9 5 1 10 3 0 7 5 7 10 11 6 3 5 0 1 7 1 1 7 7 1 4 1 3 5 11 2 7 6 6 8 3 10 8 6 1 8 11 10 11 0 9 4 7 10 8 2 2 6 11 2 8 6 4 2 2 0 5 1 7 8 9 10 11 1 0 4 3 2 4 6 3 5 0 2 3 0 4 5 9 4 5 1 7 8
3 4 35 13 26 73 81 64 48
6 3 67 91 27 15 51 23 84 21 12
#c 6 9 4 3 10 5 9 9 5 1 10 3 0 7 5 7 10 11 6 3 5 0 1 7 1 1 7 7 1 4 1 3 5 11 2 7 6 6 8 3 10 8 6 1 8 11 10 11 0 9 4 7 10 8 2 2 6 11 2 8 6 4 2 2 0 5 1 7 8 9 10 11 1 0 4 3 2 4 6 3 5 0 2 3 0 4 5 9 4 5 1 7 8
1 1 44 1
6 5 68 92 38 59 41 53 69 7 87 6 49
#c 6 8 4 3 10 5 9 9 5 1 10 3 0 7 5 7 10 11 6 3 5 0 1 7 1 1 7 7 1 4 1 3 5 11 2 7 6 6 8 3 10 8 6 1 9 11 10 11 0 9 4 7 10 8 2 2 6 11 2 8 6 4 2 2 0 5 1 7 8 9 10 11 1 0 4 3 2 4 6 3 5 0 2 3 0 4 5 9 4 5 1 7 8
1 1 7 73
5 6 69 87 6 49 44 48 84 21 64 12 81
#c 6 8 4 3 10 5 9 9 5 1 10 3 0 7 5 7 10 11 6 3 5 0 1 7 1 1 7 7 1 4 1 3 5 11 2 7 6 6 8 3 10 8 6 1 9 11 10 11 0 9 4 7 10 8 2 2 6 11 2 8 6 4 2 2 0 5 1 7 8 9 10 11 1 0 4 3 2 4 6 3 5 0 2 3 0 4 5 9 4 5 1 7 8
2 2 70 40 65 8
5 7 10 46 52 4 16 5 89 14 20 32 86 80
#c 6 8 4 3 10 5 9 9 5 1 10 3 0 7 5 7 10 11 6 3 5 0 1 7 1 1 7 7 1 4 1 3 5 11 2 7 6 6 8 3 10 8 6 1 9 11 10 11 0 9 4 7 10 8 2 2 6 11 2 8 6 4 2 2 0 5 1 7 8 9 10 11 1 0 4 3 2 4 6 3 5 0 2 3 0 4 5 9 4 5 1 7 8
2 1 45 57 37
4 7 47 71 17 33 18 42 78 56 36 60 0
#c 6 8 4 3 10 5 9 9 5 1 10 3 0 7 5 7 10 11 6 3 5 0 1 7 1 1 7 7 1 4 1 3 5 11 2 7 6 6 8 3 10 8 6 1 9 11 10 11 0 9 4 7 10 8 2 2 6 11 2 8 6 4 2 2 0 5 1 7 8 9 10 11 1 0 4 3 2 4 6 3 5 0 2 3 0 4 5 9 4 5 1 7 8
3 5 81 21 73 53 92 59 68 41
4 2 48 84 64 12 38 1
#c 6 8 4 3 10 5 9 9 5 1 10 3 0 7 5 7 10 11 6 3 5 0 1 7 1 1 7 7 1 4 1 3 5 11 2 7 6 6 8 3 10 8 6 1 9 11 10 11 0 9 4 7 10 8 2 2 6 11 2 8 6 4 2 2 0 5 1 7 8 9 10 11 1 0 4 3 2 4 6 3 5 0 2 3 0 4 5 9 4 5 1 7 8
2 2 66 43 57 71
8 4 25 22 9 30 90 24 28 72 47 17 33 45
#c 6 8 4 3 10 5 9 9 5 1 10 3 0 7 5 7 10 11 6 3 5 0 1 7 1 1 7 7 1 4 1 3 5 11 2 7 6 6 8 3 10 8 6 1 9 11 10 11 0 9 4 7 10 8 2 2 6 11 2 8 6 4 2 2 0 5 1 7 8 9 10 11 1 0 4 3 2 4 6 3 5 0 2 3 0 4 5 9 4 5 1 7 8
4 4 55 63 54 34 26 51 91 27
4 5 62 82 58 76 67 15 35 23 13
#c 6 8 4 3 10 5 9 9 5 1 10 3 0 7 5 7 10 11 6 3 5 0 1 7 1 1 7 7 1 4 1 3 5 11 2 7 6 6 8 3 10 8 6 1 9 11 10 11 0 9 4 7 10 8 2 2 6 11 2 8 6 4 2 2 0 5 1 7 8 9 10 11 1 0 4 3 2 4 6 3 5 0 2 3 0 4 5 9 4 5 1 7 8
3 3 75 3 31 80 32 20
5 6 39 79 19 83 11 5 65 89 14 8 86
#c 6 8 4 3 10 5 9 9 5 1 10 3 0 7 5 7 10 11 6 3 5 0 1 7 1 1 7 7 1 4 1 3 5 11 2 7 6 6 8 3 10 8 6 1 9 11 10 11 0 9 4 7 10 8 2 2 6 11 2 8 6 4 2 2 0 5 1 7 8 9 10 11 1 0 4 3 2 4 6 3 5 0 2 3 0 4 5 9 4 5 1 7 8
4 2 2 50 29 88 18 36
4 6 61 85 74 77 42 78 56 60 37 0
#c 6 8 4 3 10 5 9 9 5 1 10 3 0 7 5 7 10 11 6 3 5 0 1 7 1 1 7 7 1 4 1 3 5 11 2 7 6 6 8 3 10 8 6 1 9 11 10 11 0 9 4 7 10 8 2 2 6 11 2 8 6 4 2 2 0 5 1 7 8 9 10 11 1 0 4 3 2 4 6 3 5 0 2 3 0 4 5 9 4 5 1 7 8
2 2 14 86 58 62
7 6 5 65 89 20 32 8 80 82 34 76 54 63 55
#c 6 8 4 3 10 5 9 9 5 1 10 3 0 7 5 7 10 11 6 3 5 0 1 7 1 1 7 7 1 4 1 3 5 11 2 7 6 6 8 3 10 8 6 1 9 11 10 11 0 9 4 7 10 8 2 2 6 11 2 8 6 4 2 2 0 5 1 7 8 9 10 11 1 0 4 3 2 4 6 3 5 0 2 3 0 4 5 9 4 5 1 7 8
1 1 56 79
7 7 18 42 78 36 60 37 0 3 39 75 31 19 83 11
#c 6 8 4 3 10 5 9 9 5 1 10 3 0 7 5 7 10 11 6 3 5 0 1 7 1 1 7 7 1 4 1 3 5 11 2 7 6 6 8 3 10 8 6 1 9 11 10 11 0 9 4 7 10 8 2 2 3 11 2 8 6 4 2 2 0 5 1 7 8 9 10 11 1 0 4 3 2 4 6 6 5 0 2 3 0 4 5 9 4 5 1 7 8
1 1 67 36
8 7 91 27 15 51 35 23 26 13 18 42 78 60 37 0 79
#c 6 8 4 3 10 5 9 9 5 1 10 3 0 7 5 7 10 11 6 3 5 0 1 7 1 1 7 7 1 4 1 3 5 11 2 7 6 6 8 3 10 8 6 1 9 11 10 11 0 9 4 7 10 8 2 2 3 11 2 8 6 4 2 2 0 5 1 7 8 9 10 11 1 0 4 3 2 4 6 6 5 0 2 3 0 4 5 9 4 5 1 7 8
3 3 59 41 53 63 34 62
4 5 68 92 38 1 82 58 76 54 55
#c 6 8 4 3 10 5 9 9 5 1 10 3 0 7 5 7 10 11 6 3 5 0 1 7 1 1 7 7 1 4 1 3 5 11 2 7 6 6 8 3 10 8 6 1 9 11 10 11 0 9 4 7 10 8 2 2 3 11 2 8 6 4 2 2 0 5 1 7 8 9 10 11 1 0 4 3 2 4 6 6 5 0 2 3 0 4 5 9 4 5 1 7 8
3 3 87 49 69 52 70 16
3 4 7 6 44 10 46 4 40
#c 6 8 4 3 10 5 9 9 5 1 10 3 0 7 5 7 10 11 6 3 5 0 1 7 1 1 7 7 1 4 1 3 5 11 2 7 6 6 8 3 10 8 6 1 9 11 10 11 0 9 4 7 10 8 2 2 3 11 2 8 6 4 2 2 0 5 1 7 8 9 10 11 1 0 4 3 2 4 6 6 5 0 2 3 0 4 5 9 4 5 1 7 8
2 1 46 10 37
5 7 70 52 4 16 40 18 42 78 36 60 0 79
#c 6 8 4 3 10 5 9 9 5 1 10 3 0 7 5 7 10 11 6 3 5 0 1 7 1 1 7 7 1 4 1 3 5 11 2 7 6 6 8 3 10 8 6 1 9 11 10 11 0 9 4 7 10 8 2 2 3 11 2 8 6 4 2 2 0 5 1 7 8 9 10 11 1 0 4 3 2 4 6 6 5 0 2 3 0 4 5 9 4 5 1 7 8
1 1 33 6
5 5 47 71 17 57 45 69 7 87 49 44
#c 6 8 4 3 10 5 9 9 5 1 10 3 0 7 5 7 10 11 6 3 5 0 1 7 1 1 7 7 1 4 1 3 5 11 2 7 6 6 8 3 10 8 6 1 9 11 10 11 0 9 4 7 10 8 2 2 3 11 2 8 6 4 2 2 0 5 1 7 8 9 10 11 1 0 4 3 2 4 6 6 5 0 2 3 0 4 5 9 4 5 1 7 8
1 1 84 87
6 5 48 21 73 64 12 81 69 7 6 49 44
#c 6 8 4 3 10 5 9 9 5 1 10 3 0 7 5 7 10 11 6 3 5 0 1 7 1 1 7 7 1 4 1 3 5 11 2 7 6 6 8 3 10 8 6 1 9 11 10 11 0 9 4 7 10 8 2 2 3 11 2 8 6 4 2 2 0 5 1 7 8 9 10 11 1 0 4 3 2 4 6 6 5 0 2 3 0 4 5 9 4 5 1 7 8
3 3 43 9 24 36 18 79
7 5 25 22 30 66 90 28 72 42 78 60 37 0
#c 6 8 4 3 10 5 9 9 5 1 10 3 0 7 5 7 10 11 6 3 5 0 1 7 1 1 7 7 1 4 1 3 5 11 2 7 6 6 8 3 10 8 6 1 9 11 10 11 0 9 4 7 10 8 2 2 3 11 2 8 6 4 2 2 0 5 1 7 8 9 10 11 1 0 4 3 2 4 6 6 5 0 2 3 0 4 5 9 4 5 1 7 8
#c 6 8 4 3 10 5 9 9 5 1 10 3 0 7 5 7 10 11 6 3 5 0 1 7 1 1 7 7 1 4 1 3 5 11 2 7 6 6 8 3 10 8 6 1 9 11 10 11 0 9 4 7 10 8 2 2 3 11 2 8 6 4 2 2 0 5 1 7 8 9 10 11 1 0 4 3 2 4 6 6 5 0 2 3 0 4 5 9 4 5 1 7 8
1 1 83 67
7 8 3 39 75 31 19 11 56 91 27 15 51 35 23 26 13
#c 6 8 4 3 10 5 9 9 5 1 10 3 0 7 5 7 10 11 6 3 5 0 1 7 1 1 7 7 1 4 1 3 5 11 2 7 6 6 8 3 10 8 6 1 9 11 10 11 0 9 4 7 10 8 2 2 3 11 2 8 6 4 2 2 0 5 1 7 8 9 10 11 1 0 4 3 2 4 6 6 5 0 2 3 0 4 5 9 4 5 1 7 8
1 1 74 33
7 5 88 61 85 50 77 29 2 47 71 17 57 45
#c 6 8 4 3 10 5 9 9 5 1 10 3 0 7 5 7 10 11 6 3 5 0 1 7 1 1 7 7 1 4 1 3 5 11 2 7 6 6 8 3 10 8 6 1 9 11 10 11 0 9 4 7 10 8 2 2 3 11 2 8 6 4 2 2 0 5 1 7 8 9 10 11 1 0 4 3 2 4 6 6 5 0 2 3 0 4 5 9 4 5 1 7 8
3 3 32 86 14 72 30 43
6 7 5 65 89 20 8 80 25 22 9 66 90 24 28
#c 6 8 4 3 10 5 9 9 5 1 10 3 0 7 5 7 10 11 6 3 5 0 1 7 1 1 7 7 1 4 1 3 5 11 2 7 6 6 8 3 10 8 6 1 9 11 10 11 0 9 4 7 10 8 2 2 3 11 2 8 6 4 2 2 0 5 1 7 8 9 10 11 1 0 4 3 2 4 6 6 5 0 2 3 0 4 5 9 4 5 1 7 8
1 1 37 80
7 8 18 42 78 36 60 0 79 5 65 89 14 20 32 8 86
#c 6 8 4 3 10 5 9 9 5 1 10 3 0 7 5 7 10 11 6 3 5 0 1 7 1 1 7 7 1 4 1 3 5 11 2 7 6 6 8 3 10 8 6 1 9 11 10 11 0 9 4 7 10 8 2 2 3 11 2 8 6 4 2 2 0 5 1 7 8 9 10 11 1 0 4 3 2 4 6 6 5 0 2 3 0 4 5 9 4 5 1 7 8
2 2 13 35 58 76
7 6 67 91 27 15 51 23 26 62 82 34 54 63 55
#c 6 8 4 3 10 5 9 9 5 1 10 3 0 7 5 7 10 11 6 3 5 0 1 7 1 1 7 7 1 4 1 3 5 11 2 7 6 6 8 3 10 8 6 1 9 11 10 11 0 9 4 7 10 8 2 2 3 11 2 8 6 4 2 2 0 5 1 7 8 9 10 11 1 0 4 3 2 4 6 6 5 0 2 3 0 4 5 9 4 5 1 7 8
3 3 68 38 41 63 54 76
4 5 92 59 53 1 62 82 34 58 55
#c 6 8 4 3 10 5 9 9 5 1 10 3 0 7 5 7 10 11 6 3 5 0 1 7 1 1 7 7 1 4 1 3 5 11 2 7 6 6 8 3 10 8 6 1 9 11 10 11 0 9 4 7 10 8 2 2 3 11 2 8 6 4 2 2 0 5 1 7 8 9 10 11 1 0 4 3 2 4 6 6 5 0 2 3 0 4 5 9 4 5 1 7 8
1 1 7 40
5 6 69 87 6 49 44 10 46 70 52 4 16
#c 6 8 4 3 10 5 9 9 5 1 10 3 0 7 5 7 10 11 6 3 5 0 1 7 1 1 7 7 1 4 1 3 5 11 2 7 6 6 8 3 10 8 6 1 9 11 10 11 0 9 4 7 10 8 2 2 3 11 2 8 6 4 2 2 0 5 1 7 8 9 10 11 1 0 4 3 2 4 6 6 5 0 2 3 0 4 5 9 4 5 1 7 8
2 1 10 52 66
5 9 46 70 4 16 40 25 22 9 30 90 43 24 28 72
#c 6 8 4 3 10 5 9 9 5 1 10 3 0 7 5 7 10 11 6 3 5 0 1 7 1 1 7 7 1 4 1 3 5 11 2 7 6 6 8 3 10 8 6 1 9 11 10 11 0 9 4 7 10 8 2 2 3 11 2 8 6 4 2 2 0 5 1 7 8 9 10 11 1 0 4 3 2 4 6 6 5 0 2 3 0 4 5 9 4 5 1 7 8
1 1 45 10
5 6 47 71 17 57 33 46 70 52 4 16 40
#c 6 8 4 3 10 5 9 9 5 1 10 3 0 7 5 7 10 11 6 3 5 0 1 7 1 1 7 7 1 4 1 3 5 11 2 7 6 6 8 3 10 8 6 1 9 11 10 11 0 9 4 7 10 8 2 2 3 11 2 8 6 4 2 2 0 5 1 7 8 9 10 11 1 0 4 3 2 4 6 6 5 0 2 3 0 4 5 9 4 5 1 7 8
2 2 81 84 0 42
5 6 48 21 73 64 12 18 78 36 60 37 79
#c 6 8 4 3 10 5 9 9 5 1 10 3 0 7 5 7 10 11 6 3 5 0 1 7 1 1 7 7 1 4 1 3 5 11 2 7 6 6 8 3 10 8 6 1 9 11 10 11 0 9 4 7 10 8 2 2 3 11 2 8 6 4 2 2 0 5 1 7 8 9 10 11 1 0 4 3 2 4 6 6 5 0 2 3 0 4 5 9 4 5 1 7 8
4 4 90 25 9 22 33 17 57 71
6 2 30 66 43 24 28 72 47 45
#c 6 8 4 3 10 5 9 9 5 1 10 3 0 7 5 7 10 11 6 3 5 0 1 7 1 1 7 7 1 4 1 3 5 11 2 7 6 6 8 3 10 8 6 1 9 11 10 11 0 9 4 7 10 8 2 2 3 11 2 8 6 4 2 2 0 5 1 7 8 9 10 11 1 0 4 3 2 4 6 6 5 0 2 3 0 4 5 9 4 5 1 7 8
2 2 76 82 41 1
6 5 62 34 58 54 63 55 68 92 38 59 53
#c 6 8 4 3 10 5 9 9 5 1 10 3 0 7 5 7 10 11 6 3 5 0 1 7 1 1 7 7 1 4 1 3 5 11 2 7 6 6 8 3 10 8 6 1 9 11 10 11 0 9 4 7 10 8 2 2 3 11 2 8 6 4 2 2 0 5 1 7 8 9 10 11 1 0 4 3 2 4 6 6 5 0 2 3 0 4 5 9 4 5 1 7 8
1 1 56 47
7 5 3 39 75 31 19 83 11 71 17 57 33 45
#c 6 8 4 3 10 5 9 9 5 1 10 3 0 7 5 7 10 11 6 3 5 0 1 7 1 1 7 7 1 4 1 3 5 11 2 7 6 6 8 3 10 8 6 1 9 11 10 11 0 9 4 7 10 8 2 2 3 11 2 8 6 4 2 2 0 5 1 7 8 9 10 11 1 0 4 3 2 4 6 6 5 0 2 3 0 4 5 9 4 5 1 7 8
2 2 50 88 20 32
6 7 61 85 74 77 29 2 5 65 89 14 8 86 80
#c 6 8 4 3 10 5 9 9 5 1 10 3 0 7 5 7 10 11 6 3 5 0 1 7 1 1 7 7 1 4 1 3 5 11 2 7 6 6 8 3 10 8 6 1 9 11 10 11 0 9 4 7 10 8 2 2 3 11 2 8 6 4 2 2 0 5 1 7 8 9 10 11 1 0 4 3 2 4 6 6 5 0 2 3 0 4 5 9 4 5 1 7 8
2 2 20 80 28 66
7 8 5 65 89 14 32 8 86 25 22 9 30 90 43 24 72
#c 6 8 4 3 10 5 9 9 5 1 10 3 0 7 5 7 10 11 6 3 1 0 1 7 1 1 7 7 5 4 1 3 5 11 2 7 6 6 8 3 10 8 6 1 9 11 10 11 0 9 4 7 10 8 2 2 3 11 2 8 6 4 2 2 0 5 5 7 8 9 10 11 1 0 4 3 2 4 6 6 1 0 2 3 0 4 5 9 4 5 1 7 8
2 1 60 42 54
6 7 18 78 36 37 0 79 62 82 34 58 76 63 55
#c 6 8 4 3 10 5 9 9 5 1 10 3 0 7 5 7 10 11 6 3 1 0 1 7 1 1 7 7 5 4 1 3 5 11 2 7 6 6 8 3 10 8 6 1 9 11 10 11 0 9 4 7 10 8 2 2 3 11 2 8 6 4 2 2 0 5 5 7 8 9 10 11 1 0 4 3 2 4 6 6 1 0 2 3 0 4 5 9 4 5 1 7 8
1 1 13 87
8 5 67 91 27 15 51 35 23 26 69 7 6 49 44
#c 6 8 4 3 10 5 9 9 5 1 10 3 0 9 5 7 10 11 6 3 1 0 1 7 1 1 7 7 5 4 1 3 5 11 2 7 6 6 8 3 10 8 6 1 9 11 10 11 0 9 4 7 10 8 2 2 3 11 2 8 6 4 2 2 0 5 5 7 8 9 10 11 1 0 4 3 2 4 6 6 1 0 2 3 0 4 5 7 4 5 1 7 8
3 3 59 68 1 46 16 4
4 4 92 38 41 53 10 70 52 40
#c 6 8 4 3 10 5 9 9 5 1 10 3 0 9 5 7 10 11 6 3 1 0 1 7 1 1 7 7 5 4 1 3 5 11 2 7 6 6 8 3 10 8 6 1 9 11 10 11 0 9 4 7 10 8 2 2 3 11 2 8 6 4 2 2 0 5 5 7 8 9 10 11 1 0 4 3 2 4 6 6 1 0 2 3 0 4 5 7 4 5 1 7 8
#c 6 8 4 3 10 5 9 9 5 1 10 3 0 9 5 7 10 11 6 3 1 0 1 7 1 1 7 7 5 4 1 3 5 11 2 7 6 6 8 3 10 8 6 1 9 11 10 11 0 9 4 7 10 8 2 2 3 11 2 8 6 4 2 2 0 5 5 7 8 9 10 11 1 0 4 3 2 4 6 6 1 0 2 3 0 4 5 7 4 5 1 7 8
3 3 46 70 40 77 2 61
4 5 10 52 4 16 88 85 74 50 29
#c 6 8 4 3 10 5 9 9 5 1 10 3 0 9 5 7 10 11 6 3 1 0 1 7 1 1 7 7 5 4 1 3 5 11 2 7 6 6 8 3 10 8 6 1 9 11 10 11 0 9 4 7 10 8 2 2 3 11 2 8 6 4 2 2 0 5 5 7 8 9 10 11 1 0 4 3 2 4 6 6 1 0 2 3 0 4 5 7 4 5 1 7 8
3 3 71 17 57 7 69 49
3 3 47 33 45 6 44 13
#c 6 8 4 3 10 5 9 9 5 1 10 3 0 9 5 7 10 11 6 3 1 0 1 7 1 1 7 7 5 4 1 3 5 11 2 7 6 6 8 3 10 8 6 1 9 11 10 11 0 9 4 7 10 8 2 2 3 11 2 8 6 4 2 2 0 5 5 7 8 9 10 11 1 0 4 3 2 4 6 6 1 0 2 3 0 4 5 7 4 5 1 7 8
1 1 21 83
6 7 48 84 73 64 12 81 3 39 75 31 19 11 56
#c 6 8 4 3 10 5 9 9 5 1 10 3 0 9 5 7 10 11 6 3 1 0 1 7 1 1 7 7 5 4 1 3 5 11 2 7 6 6 8 3 10 8 6 1 9 11 10 11 0 9 4 7 10 8 2 2 3 11 2 8 6 4 2 2 0 5 5 7 8 9 10 11 1 0 4 3 2 4 6 6 1 0 2 3 0 4 5 7 4 5 1 7 8
3 4 9 90 25 2 50 61 29
7 4 22 30 43 24 72 20 80 88 85 74 77
#c 6 8 4 3 10 5 9 9 5 1 10 3 0 9 5 7 10 11 6 3 1 0 1 7 1 1 7 7 5 4 1 3 5 11 2 7 6 6 8 3 10 8 6 1 9 11 10 11 0 9 4 7 10 8 2 2 3 11 2 8 6 4 2 2 0 5 5 7 8 9 10 11 1 0 4 3 2 4 6 6 1 0 2 3 0 4 5 7 4 5 1 7 8
3 3 62 34 54 14 32 86
5 6 82 58 76 63 55 5 65 89 8 28 66
#c 6 8 4 3 10 5 9 9 5 1 10 3 0 9 5 7 10 11 6 3 1 0 1 7 1 1 7 7 5 4 1 3 5 11 2 7 6 6 8 3 10 8 6 1 9 11 10 11 0 9 4 7 10 8 2 2 3 11 2 8 6 4 2 2 0 5 5 7 8 9 10 11 1 0 4 3 2 4 6 6 1 0 2 3 0 4 5 7 4 5 1 7 8
1 1 11 61
7 7 3 39 75 31 19 83 56 88 85 74 50 77 29 2
#c 6 8 4 3 10 5 9 9 5 1 10 3 0 9 5 7 10 11 6 3 1 0 1 7 1 1 7 7 5 4 1 3 5 11 2 7 6 6 8 3 10 8 6 1 9 11 10 11 0 9 4 7 10 8 2 2 3 11 2 8 6 4 2 2 0 5 5 7 8 9 10 11 1 0 4 3 2 4 6 6 1 0 2 3 0 4 5 7 4 5 1 7 8
4 4 88 29 85 61 91 26 87 67
4 5 74 50 77 2 27 15 51 35 23
#c 6 8 4 3 10 5 9 9 5 1 10 3 0 9 5 7 10 11 6 3 1 0 1 7 1 1 7 7 5 4 1 3 5 11 2 7 6 6 8 3 10 8 6 1 9 11 10 11 0 9 4 7 10 8 2 2 3 11 2 8 6 4 2 2 0 5 5 7 8 9 10 11 1 0 4 3 2 4 6 6 1 0 2 3 0 4 5 7 4 5 1 7 8
1 1 32 68
8 6 5 65 89 14 8 86 28 66 92 38 59 41 53 1
#c 6 8 4 3 10 5 9 9 5 1 10 3 0 9 5 7 10 11 6 3 1 0 1 7 1 1 7 7 5 4 1 3 8 11 2 7 6 6 8 3 10 8 6 1 9 11 10 11 0 9 4 7 10 8 2 2 3 11 2 8 6 4 2 2 0 5 5 7 5 9 10 11 1 0 4 3 2 4 6 6 1 0 2 3 0 4 5 7 4 5 1 7 8
1 1 42 53
7 6 18 78 36 60 37 0 79 92 38 59 41 1 32
#c 6 8 4 3 10 5 9 9 5 1 10 3 0 9 5 7 10 11 6 3 1 0 1 7 1 1 7 7 5 4 1 3 8 11 2 7 6 6 8 3 10 8 6 1 9 11 10 11 0 9 4 7 10 8 2 2 3 11 2 8 6 4 2 2 0 5 5 7 5 9 10 11 1 0 4 3 2 4 6 6 1 0 2 3 0 4 5 7 4 5 1 7 8
2 1 23 87 66
7 8 67 91 27 15 51 35 26 5 65 89 14 8 86 28 68
#c 6 8 4 3 10 5 9 9 5 1 10 3 0 9 5 7 10 11 6 3 1 0 1 7 1 1 7 7 5 4 1 3 8 11 2 7 6 6 8 3 10 8 6 1 9 11 10 11 0 9 4 7 10 8 2 2 3 11 2 8 6 4 2 2 0 5 5 7 5 9 10 11 1 0 4 3 2 4 6 6 1 0 2 3 0 4 5 7 4 5 1 7 8
2 2 38 32 55 58
5 6 92 59 41 53 1 62 82 34 76 54 63
#c 6 8 4 3 10 5 9 9 5 1 10 3 0 9 5 7 10 11 6 3 1 0 1 7 1 1 7 7 5 4 1 3 8 11 2 7 6 6 8 3 10 8 6 1 9 11 10 11 0 9 4 7 10 8 2 2 3 11 2 8 6 4 2 2 0 5 5 7 5 9 10 11 1 0 4 3 2 4 6 6 1 0 2 3 0 4 5 7 4 5 1 7 8
3 3 7 49 69 81 48 12
3 4 6 44 13 84 21 73 64
#c 6 8 4 3 10 5 9 9 5 1 10 3 0 9 5 7 10 11 6 3 1 0 1 7 1 1 7 7 5 4 1 3 8 11 2 7 6 6 8 3 10 8 6 1 9 11 10 11 0 9 4 7 10 8 2 2 3 11 2 8 6 4 2 2 0 5 5 7 5 9 10 11 1 0 4 3 2 4 6 6 1 0 2 3 0 4 5 7 4 5 1 7 8
2 2 46 40 0 37
5 6 10 70 52 4 16 18 42 78 36 60 79
#c 6 8 4 3 10 5 9 9 5 1 10 3 0 9 5 7 10 11 6 3 1 0 1 7 1 1 7 7 5 4 1 3 8 11 2 7 6 6 8 3 10 8 6 1 9 11 10 11 0 9 4 7 10 8 2 2 3 11 2 8 6 4 2 2 0 5 5 7 5 9 10 11 1 0 4 3 2 4 6 6 1 0 2 3 0 4 5 7 4 5 1 7 8
3 5 17 47 71 44 49 6 69 7
3 1 57 33 45 13
#c 6 8 4 3 10 5 9 9 5 1 10 3 0 9 5 7 10 11 6 3 1 0 1 7 1 1 7 7 5 4 1 3 8 11 2 7 6 6 8 3 10 8 6 1 9 11 10 11 0 9 4 7 10 8 2 2 3 11 2 8 6 4 2 2 0 5 5 7 5 9 10 11 1 0 4 3 2 4 6 6 1 0 2 3 0 4 5 7 4 5 1 7 8
2 1 81 12 63
5 7 48 84 21 73 64 62 82 34 58 76 54 55
#c 6 8 4 3 10 5 9 9 5 1 10 3 0 9 5 7 10 11 6 3 1 0 1 7 1 1 7 7 5 4 1 3 8 11 2 7 6 6 8 3 10 8 6 1 9 11 10 11 0 9 4 7 10 8 2 2 3 11 2 8 6 4 2 2 0 5 5 7 5 9 10 11 1 0 4 3 2 4 6 6 1 0 2 3 0 4 5 7 4 5 1 7 8
3 4 24 22 20 49 44 6 13
7 2 25 9 30 90 43 72 80 69 7
#c 6 8 4 3 10 5 9 9 5 1 10 3 0 9 5 7 10 11 6 3 1 0 1 7 1 1 7 7 5 4 1 3 8 11 2 7 6 6 8 3 10 8 6 1 9 11 10 11 0 9 4 7 10 8 2 2 3 11 2 8 6 4 2 2 0 5 5 7 5 9 10 11 1 0 4 3 2 4 6 6 1 0 2 3 0 4 5 7 4 5 1 7 8
1 1 82 46
7 6 62 34 58 76 54 63 55 10 70 52 4 16 40
#c 6 8 4 3 10 5 9 9 5 1 10 3 0 9 5 7 10 11 6 3 1 0 1 7 1 1 7 7 5 4 1 3 8 11 2 7 6 6 8 3 10 8 6 1 9 11 10 11 0 9 4 7 10 8 2 2 3 11 2 8 6 4 2 2 0 5 5 7 5 9 10 11 1 0 4 3 2 4 6 6 1 0 2 3 0 4 5 7 4 5 1 7 8
2 2 56 83 7 13
6 4 3 39 75 31 19 11 69 6 49 44
#c 6 8 4 3 10 5 9 3 5 1 10 3 0 3 5 7 10 11 6 3 1 0 1 7 1 1 7 7 5 4 1 3 8 11 2 7 6 6 8 3 10 8 6 1 9 11 10 11 0 9 4 7 10 8 2 2 9 11 2 8 6 4 2 2 0 5 5 7 5 9 10 11 1 0 4 3 2 4 6 6 1 0 2 9 0 4 5 7 4 5 1 7 8
2 1 50 29 6
6 5 88 61 85 74 77 2 69 49 44 56 83
#c 6 8 4 3 10 5 4 3 5 1 10 3 0 3 5 7 10 11 6 3 1 0 1 7 1 1 7 7 5 9 1 3 8 11 2 7 6 6 8 3 10 8 6 1 9 11 10 11 0 9 9 7 10 8 2 2 9 11 2 8 6 4 2 2 0 5 5 7 5 9 10 11 1 0 4 3 2 4 6 6 1 0 2 9 0 4 5 7 4 5 1 7 8
1 1 28 85
8 6 5 65 89 14 8 86 66 68 88 61 74 77 2 6
#c 6 8 4 3 10 5 4 3 5 1 10 3 0 3 5 7 10 11 6 3 1 0 1 7 1 1 7 7 5 9 1 3 8 11 2 7 6 6 8 3 10 8 6 1 9 11 10 11 0 9 9 7 10 8 2 2 9 11 2 8 6 4 2 2 0 5 5 7 5 9 10 11 1 0 4 3 2 4 6 6 1 0 2 9 0 4 5 7 4 5 1 7 8
3 3 60 37 42 61 2 74
5 4 18 78 36 0 79 88 85 77 6
#c 6 8 4 3 10 5 4 3 5 1 10 3 0 3 5 7 10 11 6 3 1 0 1 7 1 1 7 7 5 9 1 3 8 11 2 7 6 6 8 3 10 8 6 1 9 11 10 11 0 9 9 7 10 8 2 2 9 11 2 8 6 4 2 2 0 5 5 7 5 9 10 11 1 0 4 3 2 4 6 6 1 0 2 9 0 4 5 7 4 5 1 7 8
2 2 15 67 50 49
7 5 91 27 51 35 23 26 87 69 44 56 83 29
#c 6 8 4 3 10 5 4 3 5 1 10 3 0 3 5 7 10 11 6 3 1 0 1 7 1 1 7 7 5 9 1 3 8 11 2 7 6 6 8 3 10 8 6 1 9 11 10 11 0 9 9 7 10 8 2 2 9 11 2 8 6 4 2 2 0 5 5 7 5 9 10 11 1 0 4 3 2 4 6 6 1 0 2 9 0 4 5 7 4 5 1 7 8
1 1 53 4
6 6 92 38 59 41 1 32 10 46 70 52 16 40
#c 6 8 4 3 10 5 4 3 5 1 10 3 0 3 5 7 10 11 6 3 1 0 1 7 1 1 7 7 5 9 1 3 8 11 2 7 6 6 8 3 10 8 6 1 9 11 10 11 0 9 9 7 10 8 2 2 9 11 2 8 6 4 2 2 0 5 5 7 5 9 10 11 1 0 4 3 2 4 6 6 1 0 2 9 0 4 5 7 4 5 1 7 8
3 3 56 44 49 71 33 57
4 3 69 83 50 29 47 17 45
#c 6 8 4 3 10 5 4 3 5 1 10 3 0 3 5 7 10 11 6 3 1 0 1 7 1 1 7 7 5 9 1 3 8 11 2 7 6 6 8 3 10 8 6 1 9 11 10 11 0 9 9 7 10 8 2 2 9 11 2 8 6 4 2 2 0 5 5 7 5 9 10 11 1 0 4 3 2 4 6 6 1 0 2 9 0 4 5 7 4 5 1 7 8
2 2 46 16 19 39
5 6 10 70 52 4 40 3 75 31 11 7 13
#c 6 8 4 3 10 5 4 3 5 1 10 3 0 3 5 7 10 11 6 3 1 0 1 7 1 1 7 7 5 9 1 3 8 11 2 7 6 6 8 3 10 8 6 1 9 11 10 11 0 9 9 7 10 8 2 2 9 11 2 8 6 4 2 2 0 5 5 7 5 9 10 11 1 0 4 3 2 4 6 6 1 0 2 9 0 4 5 7 4 5 1 7 8
3 3 17 71 45 78 79 60
3 5 47 57 33 18 42 36 37 0
#c 6 8 4 3 10 5 4 3 5 1 10 3 0 3 5 7 10 11 6 3 1 0 1 7 1 1 7 7 5 9 1 3 8 11 2 7 6 6 8 3 10 8 6 1 9 11 10 11 0 9 9 7 10 8 2 2 9 11 2 8 6 4 2 2 0 5 5 7 5 9 10 11 1 0 4 3 2 4 6 6 1 0 2 9 0 4 5 7 4 5 1 7 8
3 3 48 73 84 5 66 28
4 6 21 64 12 81 65 89 14 8 86 68
#c 6 8 4 3 10 5 4 3 5 1 10 3 0 3 5 7 10 11 6 3 1 0 1 7 1 1 7 7 5 9 1 3 8 11 2 7 6 6 8 3 10 8 6 1 9 11 10 11 0 9 9 7 10 8 2 2 9 11 2 8 6 4 2 2 0 5 5 7 5 9 10 11 1 0 4 3 2 4 6 6 1 0 2 9 0 4 5 7 4 5 1 7 8
#c 6 8 4 3 10 5 4 3 5 1 10 3 0 3 5 7 10 11 6 3 1 0 1 7 1 1 7 7 5 9 1 3 8 11 2 7 6 6 8 3 10 8 6 1 9 11 10 11 0 9 9 7 10 8 2 2 9 11 2 8 6 4 2 2 0 5 5 7 5 9 10 11 1 0 4 3 2 4 6 6 1 0 2 9 0 4 5 7 4 5 1 7 8
#c 6 8 4 3 10 5 4 3 5 1 10 3 0 3 5 7 10 11 6 3 1 0 1 7 1 1 7 7 5 9 1 3 8 11 2 7 6 6 8 3 10 8 6 1 9 11 10 11 0 9 9 7 10 8 2 2 9 11 2 8 6 4 2 2 0 5 5 7 5 9 10 11 1 0 4 3 2 4 6 6 1 0 2 9 0 4 5 7 4 5 1 7 8
2 2 19 13 47 57
6 4 3 39 75 31 11 7 71 17 33 45
#c 6 8 4 3 10 5 4 3 5 1 10 3 0 11 5 7 10 11 6 11 1 0 1 7 1 1 7 7 5 9 1 3 8 11 2 7 6 6 8 3 10 8 6 1 9 11 10 3 0 9 9 7 10 8 2 2 9 3 2 8 6 4 2 2 0 5 5 7 5 9 10 11 1 0 4 3 2 4 6 6 1 0 2 9 0 4 5 7 4 5 1 7 8
1 1 6 92
6 6 88 61 85 74 77 2 38 59 41 53 1 32
#c 6 8 4 3 10 5 4 3 5 1 10 3 0 11 5 7 10 11 6 11 1 0 1 7 1 1 7 7 5 9 1 3 8 11 2 7 6 6 8 3 10 8 6 1 9 11 10 3 0 9 9 7 10 8 2 2 9 3 2 8 6 4 2 2 0 5 5 7 5 9 10 11 1 0 4 3 2 4 6 6 1 0 2 9 0 4 5 7 4 5 1 7 8
3 3 28 89 8 48 21 84
6 4 5 65 14 86 66 68 73 64 12 81
#c 6 8 4 3 10 5 4 3 5 1 10 3 0 11 5 7 10 11 6 11 1 0 1 7 1 1 7 7 5 9 1 3 8 11 2 7 6 6 8 3 10 8 6 1 9 11 10 3 0 9 9 7 10 8 2 2 9 3 2 8 6 4 2 2 0 5 5 7 5 9 10 11 1 0 4 3 2 4 6 6 1 0 2 9 0 4 5 7 4 5 1 7 8
4 6 42 18 37 79 64 21 81 48 12 73
4 1 78 36 60 0 84
#c 6 8 4 3 10 5 4 3 5 1 10 3 0 11 5 7 10 11 6 11 1 0 1 7 1 1 7 7 5 9 1 3 8 11 2 7 6 6 8 3 10 8 6 1 9 11 10 3 0 9 9 7 10 8 2 2 9 3 2 8 6 4 2 2 0 5 5 7 5 9 10 11 1 0 4 3 2 4 6 6 1 0 2 9 0 4 5 7 4 5 1 7 8
3 2 27 35 23 9 22
6 8 67 91 15 51 26 87 25 30 90 43 24 72 20 80
#c 6 8 4 3 10 5 4 3 5 1 10 3 0 11 5 7 10 11 6 11 1 0 1 7 1 1 7 7 5 9 1 3 8 11 2 7 6 6 8 3 10 8 6 1 9 11 10 3 0 9 9 7 10 8 2 2 9 3 2 8 6 4 2 2 0 5 5 7 5 9 10 11 1 0 4 3 2 4 6 6 1 0 2 9 0 4 5 7 4 5 1 7 8
1 1 32 79
6 7 92 38 59 41 53 1 18 42 78 36 60 37 0
#c 6 8 4 3 10 5 4 3 5 1 10 3 0 11 5 7 10 11 6 11 1 0 1 7 1 1 7 7 5 9 1 3 8 11 2 7 6 6 8 3 10 8 6 1 9 11 10 3 0 9 9 7 10 8 2 2 9 3 2 8 6 4 2 2 0 5 5 7 5 9 10 11 1 0 4 3 2 4 6 6 1 0 2 9 0 4 5 7 4 5 1 7 8
3 3 56 50 44 7 11 57
4 5 69 49 83 29 3 39 75 31 47
#c 6 8 4 3 10 5 4 9 5 1 10 9 0 11 5 7 10 11 6 11 1 0 1 7 1 1 7 7 5 9 1 3 8 11 2 7 6 6 8 3 10 8 6 1 3 11 10 3 0 9 3 7 10 8 2 2 3 9 2 8 6 4 2 2 0 5 5 7 5 9 10 11 1 0 4 3 2 4 6 6 1 0 2 9 0 4 5 7 4 5 1 7 8
2 1 52 16 35
5 8 10 46 70 4 40 67 91 27 15 51 23 26 87
#c 6 8 4 3 10 5 4 9 5 1 10 9 0 11 5 7 10 11 6 11 1 0 1 7 1 1 7 7 5 9 1 3 8 11 2 7 6 6 8 3 10 8 6 1 3 11 10 3 0 9 3 7 10 8 2 2 3 9 2 8 6 4 2 2 0 5 5 7 5 9 10 11 1 0 4 3 2 4 6 6 1 0 2 9 0 4 5 7 4 5 1 7 8
3 3 33 45 13 24 9 43
3 7 71 17 19 25 22 30 90 72 20 80
#c 6 8 4 3 10 5 4 9 5 1 10 9 0 11 5 7 10 11 6 11 1 0 1 7 1 1 7 7 5 9 1 3 8 11 2 7 6 6 8 3 10 8 6 1 3 11 10 3 0 9 3 7 10 8 2 2 3 9 2 8 6 4 2 2 0 5 5 7 5 9 10 11 1 0 4 3 2 4 6 6 1 0 2 9 0 4 5 7 4 5 1 7 8
1 1 81 87
6 8 48 84 21 73 64 12 67 91 27 15 51 35 23 26
#c 6 8 4 3 10 5 4 9 5 1 10 9 0 11 5 7 10 11 6 11 1 0 1 7 1 1 7 7 5 9 1 3 8 11 2 7 6 6 8 3 10 8 6 1 3 11 10 3 0 9 3 7 10 8 2 2 3 9 2 8 6 4 2 2 0 5 5 7 5 9 10 11 1 0 4 3 2 4 6 6 1 7 2 9 0 4 5 0 4 5 1 7 8
#c 6 8 4 3 10 5 4 9 5 1 10 9 0 11 5 7 10 11 6 11 1 0 1 7 1 1 7 7 5 9 1 3 8 11 2 7 6 6 8 3 10 8 6 1 3 11 10 3 0 9 3 7 10 8 2 2 3 9 2 8 6 4 2 2 0 5 5 7 5 9 10 11 1 0 4 3 2 4 6 6 1 7 2 9 0 4 5 0 4 5 1 7 8
3 3 58 54 34 77 61 2
5 4 62 82 76 63 55 88 85 74 6
#c 6 8 4 3 10 5 4 9 5 1 10 9 0 11 5 7 10 11 6 11 1 0 1 7 1 1 7 7 5 9 1 3 8 11 2 7 6 6 8 3 10 8 6 1 3 11 10 3 0 9 3 7 10 8 2 2 3 9 2 8 6 4 2 2 0 5 5 7 5 9 10 11 1 0 4 3 2 4 6 6 1 7 2 9 0 4 5 0 4 5 1 7 8
4 4 47 31 39 3 77 85 2 88
4 3 75 56 50 44 61 74 6
#c 6 8 4 3 10 5 4 9 5 1 10 9 0 11 5 7 10 11 6 11 1 0 1 7 1 1 7 7 5 9 1 3 8 11 2 7 6 6 8 3 10 8 6 1 3 11 10 3 0 9 3 7 10 8 2 2 3 9 2 8 6 4 2 2 0 5 5 7 5 9 10 11 1 0 4 3 2 4 6 6 1 7 2 9 0 4 5 0 4 5 1 7 8
3 3 85 2 88 55 58 54
4 5 61 74 77 6 62 82 34 76 63
#c 6 8 4 3 10 5 4 9 5 1 10 9 0 11 5 7 10 11 6 11 1 0 1 7 1 1 7 7 5 9 1 3 8 11 2 7 6 6 8 3 10 8 6 1 3 11 10 3 0 9 3 7 10 8 2 2 3 9 2 8 6 4 2 2 0 5 5 7 5 9 10 11 1 0 4 3 2 4 6 6 1 7 2 9 0 4 5 0 4 5 1 7 8
1 1 66 64
8 6 5 65 89 14 8 86 28 68 48 84 21 73 12 87
#c 6 8 4 3 10 5 4 9 5 1 10 9 0 11 5 7 10 11 6 11 1 0 1 7 1 1 7 7 5 9 1 3 8 11 2 7 6 6 8 3 10 8 6 1 3 11 10 3 0 9 3 7 10 8 2 2 3 9 2 8 6 4 2 2 0 5 5 7 5 9 10 11 1 0 4 3 2 4 6 6 1 7 2 9 0 4 5 0 4 5 1 7 8
2 2 36 18 64 73
6 5 42 78 60 37 0 79 48 84 21 12 87
#c 6 8 4 3 10 5 4 9 5 1 10 9 0 11 5 7 10 11 6 11 1 0 1 7 1 1 7 7 5 9 1 3 8 11 2 7 6 6 8 3 10 8 6 1 3 11 10 3 0 9 3 7 10 8 2 2 3 9 2 8 6 4 2 2 0 5 5 7 5 9 10 11 1 0 4 3 2 4 6 6 1 7 2 9 0 4 5 0 4 5 1 7 8
1 1 15 61
8 6 67 91 27 51 35 23 26 81 88 85 74 77 2 6
#c 6 8 4 3 10 5 4 9 5 1 10 9 0 11 5 7 10 11 6 11 1 0 1 7 1 1 7 7 5 9 1 3 8 11 2 7 6 6 8 3 10 8 6 1 3 11 10 3 0 9 3 7 10 8 2 2 3 9 2 8 6 4 2 2 0 5 5 7 5 9 10 11 1 0 4 3 2 4 6 6 1 7 2 9 0 4 5 0 4 5 1 7 8
3 3 32 1 92 56 3 50
4 5 38 59 41 53 39 75 31 47 44
#c 6 8 4 3 10 5 4 9 5 1 10 9 0 11 5 7 10 11 6 11 1 0 1 7 1 1 7 7 5 9 1 3 8 11 2 7 6 6 8 3 10 8 6 1 3 11 10 3 0 9 3 7 10 8 2 2 3 9 2 8 6 4 2 2 0 5 5 7 5 9 10 11 1 0 4 3 2 4 6 6 1 7 2 9 0 4 5 0 4 5 1 7 8
2 2 83 11 0 36
5 6 69 49 29 7 57 18 42 78 60 37 79
#c 6 8 4 3 10 5 4 9 5 1 10 9 0 11 5 7 10 11 6 11 1 0 1 7 1 1 7 7 5 9 1 3 8 11 2 7 6 6 8 3 10 8 6 1 3 11 10 3 0 9 3 7 10 8 2 2 3 9 2 8 6 4 2 2 0 5 5 7 5 9 10 11 1 0 4 3 2 4 6 6 1 7 2 9 0 4 5 0 4 5 1 7 8
2 2 10 70 92 38
5 5 46 52 4 16 40 59 41 53 1 32
#c 6 8 4 3 10 5 4 9 5 1 10 9 0 11 5 7 10 11 6 11 1 0 1 7 1 1 7 7 5 9 1 3 8 11 2 7 6 6 8 3 10 8 6 1 3 11 10 3 0 9 3 7 10 8 2 2 3 9 2 8 6 4 2 2 0 5 5 7 5 9 10 11 1 0 4 3 2 4 6 6 1 7 2 9 0 4 5 0 4 5 1 7 8
#c 6 8 4 3 10 5 4 9 5 1 10 9 0 11 5 7 10 11 6 11 1 0 1 7 1 1 7 7 5 9 1 3 8 11 2 7 6 6 8 3 10 8 6 1 3 11 10 3 0 9 3 7 10 8 2 2 3 9 2 8 6 4 2 2 0 5 5 7 5 9 10 11 1 0 4 3 2 4 6 6 1 7 2 9 0 4 5 0 4 5 1 7 8
1 1 64 29
6 6 48 84 21 73 12 87 69 49 83 7 11 57
#c 6 8 4 3 10 5 4 9 5 1 10 9 0 11 5 7 10 11 6 11 1 0 1 7 1 1 7 7 5 0 1 3 8 11 2 7 6 6 8 3 10 8 6 1 3 11 10 3 0 9 3 7 10 8 2 2 3 9 2 8 6 4 2 2 9 5 5 7 5 9 10 11 1 0 4 3 2 4 6 6 1 7 2 9 0 4 5 0 4 5 1 7 8
2 2 90 80 46 70
8 5 25 22 9 30 43 24 72 20 10 52 4 16 40
#c 6 8 4 3 10 5 4 9 5 1 10 9 0 11 5 7 10 11 6 11 1 0 1 7 1 1 7 7 5 0 1 3 8 11 2 7 6 6 8 3 10 8 6 1 3 11 10 3 0 9 3 7 10 8 2 2 3 9 2 8 6 4 2 2 9 5 5 7 5 9 10 11 1 0 4 3 2 4 6 6 1 7 2 9 0 4 5 0 4 5 1 7 8
#c 6 8 4 3 10 5 4 9 5 1 10 9 0 11 5 7 10 11 6 11 1 0 1 7 1 1 7 7 5 0 1 3 8 11 2 7 6 6 8 3 10 8 6 1 3 11 10 3 0 9 3 7 10 8 2 2 3 9 2 8 6 4 2 2 9 5 5 7 5 9 10 11 1 0 4 3 2 4 6 6 1 7 2 9 0 4 5 0 4 5 1 7 8
4 4 31 50 3 56 51 35 23 81
4 5 39 75 47 44 67 91 27 15 26
#c 6 8 4 3 10 5 4 9 5 1 10 9 0 11 5 7 10 11 6 11 1 0 1 7 1 1 7 7 5 0 1 3 8 11 2 7 6 6 8 3 10 8 6 1 3 11 10 3 0 9 3 7 10 8 2 2 3 9 2 8 6 4 2 2 9 5 5 7 5 9 10 11 1 0 4 3 2 4 6 6 1 7 2 9 0 4 5 0 4 5 1 7 8
3 3 2 77 6 63 34 54
4 5 88 61 85 74 62 82 58 76 55
#c 6 8 4 3 10 5 4 9 5 1 10 9 0 11 5 7 10 11 6 11 1 0 1 7 1 1 7 7 5 0 1 3 8 11 2 7 6 6 8 3 10 8 6 1 3 11 10 3 0 9 3 7 10 8 2 2 3 9 2 8 6 4 2 2 9 5 5 7 5 9 10 11 1 0 4 3 2 4 6 6 1 7 2 9 0 4 5 0 4 5 1 7 8
3 3 65 89 14 72 30 22
6 7 5 8 86 28 66 68 25 9 90 43 24 20 80
#c 6 8 4 3 10 5 4 9 5 1 10 9 0 11 5 7 10 11 6 11 1 0 1 7 1 1 7 7 5 0 1 3 8 11 2 7 6 6 8 3 10 8 6 1 3 11 10 3 0 9 3 7 10 8 2 2 3 9 2 8 6 4 2 2 9 5 5 7 5 9 10 11 1 0 4 3 2 4 6 6 1 7 2 9 0 4 5 0 4 5 1 7 8
4 4 79 0 18 42 56 3 31 50
4 4 78 36 60 37 39 75 47 44
#c 6 8 4 3 10 5 4 9 5 1 10 9 0 11 5 7 10 11 6 11 1 0 1 7 1 1 7 7 5 0 1 3 8 11 2 7 6 6 8 3 10 8 6 1 3 11 10 3 0 9 3 7 10 8 2 2 3 9 2 8 6 4 2 2 9 5 5 7 5 9 10 11 1 0 4 3 2 4 6 6 1 7 2 9 0 4 5 0 4 5 1 7 8
1 3 15 62 55 54
8 5 67 91 27 51 35 23 26 81 82 34 58 76 63
#c 6 8 4 3 10 5 4 9 5 1 10 9 0 11 5 7 10 11 6 11 1 0 1 7 1 1 7 7 5 0 1 3 8 11 2 7 6 6 8 3 10 8 6 1 3 11 10 3 0 9 3 7 10 8 2 2 3 9 2 8 6 4 2 2 9 5 5 7 5 9 10 11 1 0 4 3 2 4 6 6 1 7 2 9 0 4 5 0 4 5 1 7 8
1 1 1 2
6 6 92 38 59 41 53 32 88 61 85 74 77 6
#c 6 8 4 3 10 5 4 9 5 1 10 9 0 11 5 7 10 11 6 11 1 0 1 7 1 1 7 7 5 0 1 3 8 11 2 7 6 6 8 3 10 8 6 1 3 11 10 3 0 9 3 7 10 8 2 2 3 9 2 8 6 4 2 2 9 5 5 7 5 9 10 11 1 0 4 3 2 4 6 6 1 7 2 9 0 4 5 0 4 5 1 7 8
3 4 83 64 49 65 89 68 5
4 5 69 7 11 57 14 8 86 28 66
#c 6 8 4 3 10 5 4 9 5 1 10 9 0 11 5 7 10 11 6 11 1 0 1 7 1 1 7 7 5 0 1 3 8 11 2 7 6 6 8 3 10 8 6 1 3 11 10 3 0 9 3 7 10 8 2 2 3 9 2 8 6 4 2 2 9 5 5 7 5 9 10 11 1 0 4 3 2 4 6 6 1 7 2 9 0 4 5 0 4 5 1 7 8
3 2 10 4 16 74 6
4 5 46 70 52 40 88 61 85 77 2
#c 6 8 4 3 10 5 4 9 5 1 10 9 0 11 5 7 10 11 6 11 1 0 1 7 1 1 7 7 5 0 1 3 8 11 2 7 6 6 8 3 10 8 6 1 3 11 10 3 0 9 3 7 10 8 2 2 3 9 2 8 6 4 2 2 9 5 5 7 5 9 10 11 1 0 4 3 2 4 6 6 1 7 2 9 0 4 5 0 4 5 1 7 8
3 3 33 19 17 15 23 35
3 6 71 45 13 67 91 27 51 26 81
#c 6 8 4 3 10 5 4 9 5 1 10 9 0 11 5 7 10 11 6 11 1 0 1 7 1 1 7 7 5 0 1 3 8 11 2 7 6 6 8 3 10 8 6 1 3 11 10 3 0 9 3 7 10 8 2 2 3 9 2 8 6 4 2 2 9 5 5 7 5 9 10 11 1 0 4 3 2 4 6 6 1 7 2 9 0 4 5 0 4 5 1 7 8
3 4 84 29 12 39 56 50 75
4 4 48 21 73 87 3 31 47 44
#c 6 8 4 3 10 5 4 9 5 1 10 9 0 11 5 7 10 11 6 11 1 0 1 7 1 1 7 7 5 0 1 3 8 11 2 7 6 6 8 3 10 8 6 1 3 11 10 3 0 9 3 7 10 8 2 2 3 9 2 8 6 4 2 2 9 5 5 7 5 9 10 11 1 0 4 3 2 4 6 6 1 7 2 9 0 4 5 0 4 5 1 7 8
4 4 20 25 72 43 8 68 28 89
6 5 22 9 30 90 24 80 5 65 14 86 66
#c 6 8 4 3 10 5 4 9 5 1 10 9 0 11 5 7 10 11 6 11 1 0 1 7 1 1 7 7 5 0 1 3 8 11 2 7 6 6 8 3 10 8 6 1 3 11 10 3 0 9 3 7 10 8 2 2 3 9 2 8 6 4 2 2 9 5 5 7 5 9 10 11 1 0 4 3 2 4 6 6 1 7 2 9 0 4 5 0 4 5 1 7 8
#c 6 8 4 3 10 5 4 9 5 1 10 9 0 11 5 7 10 11 6 11 1 0 1 7 1 1 7 7 5 0 1 3 8 11 2 7 6 6 8 3 10 8 6 1 3 11 10 3 0 9 3 7 10 8 2 2 3 9 2 8 6 4 2 2 9 5 5 7 5 9 10 11 1 0 4 3 2 4 6 6 1 7 2 9 0 4 5 0 4 5 1 7 8
4 4 3 75 56 31 62 58 82 63
4 4 39 47 50 44 34 76 54 55
#c 6 8 4 3 10 5 4 9 5 1 10 9 0 11 5 7 10 11 6 11 1 0 1 7 1 1 7 7 5 0 1 3 8 11 2 7 6 6 8 3 10 8 6 1 3 11 10 3 0 9 3 7 10 8 2 2 3 9 2 8 6 4 2 2 9 5 5 7 5 9 10 11 1 0 4 3 2 4 6 6 1 7 2 9 0 4 5 0 4 5 1 7 8
2 2 77 85 72 24
5 8 88 61 74 2 6 25 22 9 30 90 43 20 80
#c 6 8 4 3 10 5 4 9 5 1 10 9 0 11 5 7 10 11 6 11 1 0 1 7 1 1 7 7 5 0 1 3 8 11 2 7 6 6 8 3 10 8 6 1 3 11 10 3 0 9 3 7 10 8 2 2 3 9 2 8 6 4 2 2 9 5 5 7 5 9 10 11 1 0 4 3 2 4 6 6 1 7 2 9 0 4 5 0 4 5 1 7 8
1 1 86 2
8 6 5 65 89 14 8 28 66 68 88 61 85 74 77 6
#c 6 8 5 3 10 5 4 9 5 1 10 9 0 11 5 7 10 11 6 11 1 0 1 7 1 1 7 7 5 0 1 3 8 11 2 7 6 6 8 3 10 8 6 1 3 11 10 3 0 9 3 7 10 8 2 2 3 9 2 8 6 4 2 2 9 5 5 7 5 9 10 11 1 0 4 3 2 4 6 6 1 7 2 9 0 4 4 0 4 5 1 7 8
3 3 0 78 60 54 76 63
5 5 18 42 36 37 79 62 82 34 58 55
#c 6 8 5 3 10 5 4 9 5 1 10 9 0 11 5 7 10 11 6 11 1 0 1 7 1 1 7 7 5 0 1 3 8 11 2 7 6 6 8 3 10 8 6 1 3 11 10 3 0 9 3 7 10 8 2 2 3 9 2 8 6 4 2 2 9 5 5 7 5 9 10 11 1 0 4 3 2 4 6 6 1 7 2 9 0 4 4 0 4 5 1 7 8
3 3 35 91 27 82 76 63
6 5 67 15 51 23 26 81 62 34 58 54 55
#c 6 8 5 3 10 5 4 9 5 1 10 9 0 11 5 7 10 11 6 11 1 0 1 7 1 1 7 7 5 0 1 3 8 11 2 7 6 6 8 3 10 8 6 1 3 11 10 3 0 9 3 7 10 8 2 2 3 9 2 8 6 4 2 2 9 5 5 7 5 9 10 11 1 0 4 3 2 4 6 6 1 7 2 9 0 4 4 0 4 5 1 7 8
1 1 41 31
6 7 92 38 59 53 1 32 3 39 75 47 56 50 44
#c 6 8 5 3 10 5 4 9 5 1 10 9 0 11 5 7 10 11 6 11 1 0 1 7 1 1 7 7 5 0 1 3 8 11 2 7 6 6 8 3 10 8 6 1 3 11 10 3 0 9 3 7 10 8 2 2 3 9 2 8 6 4 2 2 9 5 5 7 5 9 10 11 1 0 4 3 2 4 6 6 1 7 2 9 0 4 4 0 4 5 1 7 8
3 3 49 83 11 65 28 14
4 6 69 7 57 64 5 89 8 66 68 2
#c 6 8 5 3 10 5 4 9 5 1 10 9 0 11 5 7 10 11 6 11 1 0 1 7 1 1 7 7 5 0 1 3 8 11 2 7 6 6 8 3 10 8 6 1 3 11 10 3 0 9 3 7 10 8 2 2 3 9 2 8 6 4 2 2 9 5 5 7 5 9 10 11 1 0 4 3 2 4 6 6 1 7 2 9 0 4 4 0 4 5 1 7 8
3 3 46 52 4 18 78 37
4 5 10 70 16 40 42 36 60 0 79
#c 6 8 5 3 10 5 4 9 5 1 10 9 0 11 5 7 10 11 6 11 1 0 1 7 1 1 7 7 5 0 1 3 8 11 2 7 6 6 8 3 10 8 6 1 3 11 10 3 0 9 3 7 10 8 2 2 3 9 2 8 6 4 2 2 9 5 5 7 5 9 10 11 1 0 4 3 2 4 6 6 1 7 2 9 0 4 4 0 4 5 1 7 8
2 2 17 33 16 52
4 5 71 45 19 13 10 46 70 4 40
#c 6 8 5 3 10 5 4 9 5 1 10 9 0 11 5 7 10 11 6 11 1 0 1 7 1 1 7 7 5 0 1 3 8 11 2 7 6 6 8 3 10 8 6 1 3 11 10 3 0 9 3 7 10 8 2 2 3 9 2 8 6 4 2 2 9 5 5 7 5 9 10 11 1 0 4 3 2 4 6 6 1 7 2 9 0 4 4 0 4 5 1 7 8
3 4 87 48 73 13 17 33 45
4 2 84 21 12 29 71 19
#c 6 8 5 3 10 5 4 9 5 1 10 9 0 11 5 7 10 11 6 11 1 0 1 7 1 1 7 7 5 0 1 3 8 11 2 7 6 6 8 3 10 8 6 1 3 11 10 3 0 9 3 7 10 8 2 2 3 9 2 8 6 4 2 2 9 5 5 7 5 9 10 11 1 0 4 3 2 4 6 6 1 7 2 9 0 4 4 0 4 5 1 7 8
4 4 72 43 25 30 78 42 79 18
6 4 22 9 90 24 20 80 36 60 37 0
#c 6 8 5 3 10 5 4 9 5 1 10 9 0 11 5 7 10 11 6 11 1 0 1 7 1 1 7 7 5 0 1 3 8 11 2 7 6 6 8 3 10 8 6 1 3 11 10 3 0 9 3 7 10 8 2 2 3 9 2 8 6 4 2 2 9 5 5 7 5 9 10 11 1 0 4 3 2 4 6 6 1 7 2 9 0 4 4 0 4 5 1 7 8
3 4 58 76 54 30 25 22 43
5 6 62 82 34 63 55 9 90 24 72 20 80
#c 6 8 5 3 10 5 4 9 5 1 10 9 0 11 5 7 10 11 6 11 1 0 1 7 1 1 7 7 5 0 1 3 8 11 2 7 6 6 8 3 10 8 6 1 3 11 10 3 0 9 3 7 10 8 2 2 3 9 2 8 6 4 2 2 9 5 5 7 5 9 10 11 1 0 4 3 2 4 6 6 1 7 2 9 0 4 4 0 4 5 1 7 8
4 4 31 56 47 75 59 1 38 41
4 3 3 39 50 44 92 53 32
#c 6 8 5 3 10 5 4 9 5 1 10 9 0 11 5 7 10 11 6 11 1 0 1 7 1 1 7 7 5 0 1 3 8 11 2 7 6 6 8 3 10 8 6 1 3 11 10 3 0 9 3 7 10 8 2 2 3 9 2 8 6 4 2 2 9 5 5 7 5 9 10 11 1 0 4 3 2 4 6 6 1 7 2 9 0 4 4 0 4 5 1 7 8
1 1 74 27
6 8 88 61 85 77 6 86 67 91 15 51 35 23 26 81
#c 6 8 5 3 10 5 4 9 5 1 10 9 0 11 5 7 10 11 6 11 1 0 1 7 1 1 7 7 5 0 1 3 8 11 2 7 6 6 8 3 10 8 6 1 3 11 10 3 0 9 3 7 10 8 2 2 3 9 2 8 6 4 2 2 9 5 5 7 5 9 10 11 1 0 4 3 2 4 6 6 1 7 2 9 0 4 4 0 4 5 1 7 8
3 3 65 5 8 39 50 31
6 5 89 14 28 66 68 2 3 75 47 56 44
#c 6 8 5 3 10 5 4 9 5 1 10 9 0 11 5 7 10 11 6 11 1 0 1 7 1 1 7 7 5 0 1 3 8 11 2 7 6 6 8 3 10 8 6 1 3 11 10 3 0 9 3 7 10 8 2 2 3 9 2 8 6 4 2 2 9 5 5 7 5 9 10 11 1 0 4 3 2 4 6 6 1 7 2 9 0 4 4 0 4 5 1 7 8
4 4 78 42 36 79 17 19 45 13
4 2 18 60 37 0 71 33
#c 6 8 5 3 10 5 4 9 5 1 10 9 0 11 5 7 10 11 6 11 1 0 1 7 1 1 7 7 5 0 1 3 8 11 2 7 6 6 8 3 10 8 6 1 3 11 10 3 0 9 3 7 10 8 2 2 3 9 2 8 6 4 2 2 9 5 5 7 5 9 10 11 1 0 4 3 2 4 6 6 1 7 2 9 0 4 4 0 4 5 1 7 8
2 2 26 67 38 32
7 5 91 27 15 51 35 23 81 92 59 41 53 1
#c 6 8 5 3 10 5 4 9 5 1 10 9 0 11 5 7 10 11 6 11 1 0 1 7 1 1 7 7 5 0 1 3 8 11 2 7 6 6 8 3 10 8 6 1 3 11 10 3 0 9 3 7 10 8 2 2 3 9 2 8 6 4 2 2 9 5 5 7 5 9 10 11 1 0 4 3 2 4 6 6 1 7 2 9 0 4 4 0 4 5 1 7 8
1 1 38 85
6 6 92 59 41 53 1 32 88 61 74 77 6 86
#c 6 8 5 3 10 5 4 9 5 1 10 9 0 11 5 7 10 11 6 11 1 0 1 7 1 1 7 7 5 0 1 3 8 11 2 7 6 6 8 3 10 8 6 1 3 11 10 3 0 9 3 7 10 8 2 2 3 9 2 8 6 4 2 2 9 5 5 7 5 9 10 11 1 0 4 3 2 4 6 6 1 7 2 9 0 4 4 0 4 5 1 7 8
2 2 69 11 22 80
5 8 49 83 7 57 64 25 9 30 90 43 24 72 20
#c 6 8 5 3 10 5 4 9 5 1 10 9 0 11 5 7 10 11 6 11 1 0 1 7 1 1 7 7 5 0 1 3 8 11 2 7 6 6 8 3 10 8 6 1 3 11 10 3 0 9 3 7 10 8 2 2 3 9 2 8 6 4 2 2 9 5 5 7 5 9 10 11 1 0 4 3 2 4 6 6 1 7 2 9 0 4 4 0 4 5 1 7 8
2 2 40 46 92 1
5 5 10 70 52 4 16 38 59 41 53 32
#c 6 10 5 3 10 5 4 9 5 1 10 9 0 11 5 7 10 11 6 11 1 0 1 7 1 1 7 7 5 0 1 3 8 11 2 7 6 6 8 3 8 8 6 1 3 11 8 3 0 9 3 7 10 8 2 2 3 9 2 8 6 4 2 2 9 5 5 7 5 9 10 11 1 0 4 3 2 4 6 6 1 7 2 9 0 4 4 0 4 5 1 7 10
3 3 33 17 19 70 92 10
3 4 71 45 13 52 4 16 1
#c 6 10 5 3 10 5 4 9 5 1 10 9 0 11 5 7 10 11 6 11 1 0 1 7 1 1 7 7 5 0 1 3 8 11 2 7 6 6 8 3 8 8 6 1 3 11 8 3 0 9 3 7 10 8 2 2 3 9 2 8 6 4 2 2 9 5 5 7 5 9 10 11 1 0 4 3 2 4 6 6 1 7 2 9 0 4 4 0 4 5 1 7 10
2 2 29 12 63 34
5 6 48 84 21 73 87 62 82 58 76 54 55
#c 6 10 5 3 10 5 4 9 5 1 10 9 0 11 5 7 10 11 6 11 1 0 1 7 1 1 7 7 5 0 1 3 8 11 2 7 6 6 8 3 8 8 6 1 3 11 8 3 0 9 3 7 10 8 2 2 3 9 2 8 6 4 2 2 9 5 5 7 5 9 10 11 1 0 4 3 2 4 6 6 1 7 2 9 0 4 4 0 4 5 1 7 10
4 2 43 80 25 24 53 32
6 5 22 9 30 90 72 20 38 59 41 40 46
#c 6 10 5 3 10 5 4 9 5 1 10 9 0 11 5 7 10 11 6 11 1 0 1 7 1 1 7 7 5 0 1 3 8 11 2 7 6 6 8 3 8 8 6 1 3 11 8 3 0 9 3 7 10 8 2 2 3 9 2 8 6 4 2 2 9 5 5 7 5 9 10 11 1 0 4 3 2 4 6 6 1 7 2 9 0 4 4 0 4 5 1 7 10
1 1 58 77
7 6 62 82 34 76 54 63 55 88 61 85 74 6 86
#c 6 10 5 3 10 5 4 9 5 1 10 9 0 11 5 7 10 11 6 11 1 0 1 7 1 1 7 7 5 0 1 3 8 11 2 7 6 6 8 3 8 8 6 1 3 11 8 3 0 9 3 7 10 8 2 2 3 9 2 8 6 4 2 2 9 5 5 7 5 9 10 11 1 0 4 3 2 4 6 6 1 7 2 9 0 4 4 0 4 5 1 7 10
3 3 50 44 31 0 60 42
5 5 3 39 75 47 56 18 78 36 37 79
#c 6 10 5 3 10 5 4 9 5 1 10 9 0 11 5 7 10 11 6 11 1 0 1 7 1 1 7 7 5 0 1 3 8 11 2 7 6 6 8 3 8 8 6 1 3 11 8 3 0 9 3 7 10 8 2 2 3 9 2 8 6 4 2 2 9 5 5 7 5 9 10 11 1 0 4 3 2 4 6 6 1 7 2 9 0 4 4 0 4 5 1 7 10
3 3 61 77 85 10 92 70
4 4 88 74 6 86 52 4 16 1
#c 6 10 5 3 10 5 4 9 5 1 10 9 0 11 5 7 10 11 6 11 1 0 1 7 1 1 7 7 5 0 1 3 8 11 2 7 6 6 8 3 8 8 6 1 3 11 8 3 0 9 3 7 10 8 2 2 3 9 2 8 6 4 2 2 9 5 5 7 5 9 10 11 1 0 4 3 2 4 6 6 1 7 2 9 0 4 4 0 4 5 1 7 10
4 4 65 14 2 66 40 53 41 32
5 3 5 89 8 28 68 38 59 46
#c 6 10 5 3 10 5 4 9 5 1 10 9 0 11 5 7 10 11 6 11 1 0 1 7 1 1 7 7 5 0 1 3 8 11 2 7 6 6 8 3 8 8 6 1 3 11 8 3 0 9 3 7 10 8 2 2 3 9 2 8 6 4 2 2 9 5 5 7 5 9 10 11 1 0 4 3 2 4 6 6 1 7 2 9 0 4 4 0 4 5 1 7 10
4 4 78 42 79 0 23 51 67 27
4 5 18 36 60 37 91 15 35 26 81
#c 6 10 5 3 10 5 4 9 5 1 10 9 0 11 5 7 10 11 6 11 1 0 1 7 1 1 7 7 5 0 1 3 8 11 2 7 6 6 8 3 8 8 6 1 3 11 8 3 0 9 3 7 10 8 2 2 3 9 2 8 6 4 2 2 9 5 5 7 5 9 10 11 1 0 4 3 2 4 6 6 1 7 2 9 0 4 4 0 4 5 1 7 10
4 4 35 91 26 81 16 70 52 1
5 3 67 27 15 51 23 10 4 92
#c 6 10 5 3 10 5 4 9 5 1 10 9 0 11 5 7 10 11 6 11 1 0 1 7 1 1 7 7 5 0 1 3 8 11 2 7 6 6 8 3 8 8 6 1 3 11 8 3 0 9 3 7 10 8 2 2 3 9 2 8 6 4 2 2 9 5 5 7 5 9 10 11 1 0 4 3 2 4 6 6 1 7 2 9 0 4 4 0 4 5 1 7 10
2 2 41 46 84 87
5 5 38 59 53 32 40 48 21 73 12 29
#c 6 10 5 3 10 5 4 9 5 1 10 9 0 11 5 7 10 11 6 11 1 0 1 7 1 1 7 7 5 0 1 3 8 11 2 7 6 6 8 3 8 0 6 1 3 11 0 3 0 9 3 7 10 8 2 2 3 9 2 8 6 4 2 2 9 5 5 7 5 9 10 11 1 0 4 3 2 4 6 6 1 7 2 9 8 4 4 8 4 5 1 7 10
3 3 57 49 11 31 39 3
4 5 69 83 7 64 75 47 56 50 44
#c 6 10 5 3 10 5 4 9 5 1 10 9 0 11 5 7 10 11 6 11 1 0 1 7 1 1 7 7 5 0 1 3 8 11 2 7 6 6 8 3 8 0 6 1 3 11 0 3 0 9 3 7 10 8 2 2 3 9 2 8 6 4 2 2 9 5 5 7 5 9 10 11 1 0 4 3 2 4 6 6 1 7 2 9 8 4 4 8 4 5 1 7 10
1 3 70 87 59 84
6 4 10 52 4 16 92 1 38 53 32 40
#c 6 10 5 3 10 5 4 9 5 1 10 9 0 11 5 7 10 11 6 11 1 0 1 7 1 1 7 7 5 0 1 3 8 11 2 7 6 6 8 3 8 0 6 1 3 11 0 3 0 9 3 7 10 8 2 2 3 9 2 8 6 4 2 2 9 5 5 7 5 9 10 11 1 0 4 3 2 4 6 6 1 7 2 9 8 4 4 8 4 5 1 7 10
3 3 71 45 17 23 67 26
3 6 33 19 13 91 27 15 51 35 81
#c 6 10 5 3 10 5 4 9 5 1 10 9 0 11 5 7 10 11 6 11 1 0 1 7 1 1 7 7 5 0 1 3 8 11 2 7 6 6 8 3 8 0 6 1 3 11 0 3 0 9 3 7 10 8 2 2 3 9 2 8 6 4 2 2 9 5 5 7 5 9 10 11 1 0 4 3 2 4 6 6 1 7 2 9 8 4 4 8 4 5 1 7 10
3 3 73 46 29 36 78 18
4 5 48 21 12 41 42 60 37 0 79
#c 6 10 5 3 10 5 4 9 5 1 10 9 0 11 5 7 10 11 6 11 1 0 1 7 1 1 7 7 5 0 1 3 8 11 2 7 6 6 8 3 8 0 6 1 3 11 0 3 0 9 3 7 10 8 2 2 3 9 2 8 6 4 2 2 9 5 5 7 5 9 10 11 1 0 4 3 2 4 6 6 1 7 2 9 8 4 4 8 4 5 1 7 10
2 2 20 90 89 2
8 7 25 22 9 30 43 24 72 80 5 65 14 8 28 66 68
#c 6 10 5 3 10 5 4 9 5 1 10 9 0 11 5 7 10 11 6 11 1 0 1 7 1 1 7 7 5 0 1 3 8 11 2 7 6 6 8 3 8 0 6 1 3 11 0 3 0 9 3 7 10 8 2 2 3 9 2 8 6 4 2 2 9 5 5 7 5 9 10 11 1 0 4 3 2 4 6 6 1 7 2 9 8 4 4 8 4 5 1 7 10
3 3 76 62 63 41 48 46
5 4 82 34 58 54 55 21 73 12 29
#c 6 10 5 3 10 5 4 9 5 1 10 9 0 11 5 7 10 11 6 11 1 0 1 7 1 1 7 7 5 0 1 3 8 11 2 7 6 6 8 3 8 0 6 1 3 11 0 3 0 9 3 7 10 8 2 2 3 9 2 8 6 4 2 2 9 5 5 7 5 9 10 11 1 0 4 3 2 4 6 6 1 7 2 9 8 4 4 8 4 5 1 7 10
1 2 31 58 62
7 6 3 39 75 47 56 50 44 82 34 76 54 63 55
#c 6 10 5 3 10 5 4 9 5 1 10 9 0 11 5 7 10 11 6 11 1 0 1 7 1 1 7 7 5 0 1 3 8 11 2 7 6 6 8 3 8 0 6 1 3 11 0 3 0 9 3 7 10 8 2 2 3 9 2 8 6 4 2 2 9 5 5 7 5 9 10 11 1 0 4 3 2 4 6 6 1 7 2 9 8 4 4 8 4 5 1 7 10
1 1 6 18
6 7 88 61 85 74 77 86 42 78 36 60 37 0 79
#c 6 10 5 3 10 5 4 9 5 1 10 9 0 11 5 7 10 11 6 11 1 0 1 7 1 1 7 7 5 0 1 3 8 11 2 7 6 6 8 3 8 0 6 1 3 11 0 3 0 9 3 7 10 8 2 2 3 9 2 8 6 4 2 2 9 5 5 7 5 9 10 11 1 0 4 3 2 4 6 6 1 7 2 9 8 4 4 8 4 5 1 7 10
2 1 14 66 59
7 6 5 65 89 8 28 68 2 38 53 32 40 84 87
#c 6 10 5 3 10 5 4 9 5 1 10 9 0 11 5 7 10 11 6 11 1 0 1 7 1 1 7 7 5 0 1 3 8 11 2 7 6 6 8 3 8 0 6 1 3 11 0 3 0 9 3 7 10 8 2 2 3 9 2 8 6 4 2 2 9 5 5 7 5 9 10 11 1 0 4 3 2 4 6 6 1 7 2 9 8 4 4 8 4 5 1 7 10
2 2 79 42 24 90
6 8 18 78 36 60 37 0 25 22 9 30 43 72 20 80
#c 6 10 5 3 10 5 4 9 5 1 10 9 0 11 5 7 10 11 6 11 1 0 1 7 1 1 7 7 5 0 1 3 8 11 2 7 6 6 8 3 8 0 6 1 3 11 0 3 0 9 3 7 10 8 2 2 3 9 2 8 6 4 2 2 9 5 5 7 5 9 10 11 1 0 4 3 2 4 6 6 1 7 2 9 8 4 4 8 4 5 1 7 10
1 1 26 38
8 6 67 91 27 15 51 35 23 81 59 53 32 40 84 87
#c 6 10 5 3 10 5 4 9 5 1 10 9 0 11 5 7 10 11 6 11 1 0 1 7 1 1 7 7 5 0 1 3 8 11 2 7 6 6 8 3 8 0 6 1 3 11 0 3 0 9 3 7 10 8 2 2 3 9 2 8 6 4 2 2 9 5 5 7 5 9 10 11 1 0 4 3 2 4 6 6 1 7 2 9 8 4 4 8 4 5 1 7 10
6 10 5 3 10 5 4 9 5 1 10 9 0 11 5 7 10 11 6 11 1 0 1 7 1 1 7 7 5 0 1 3 8 11 2 7 6 6 8 3 8 0 6 1 3 11 0 3 0 9 3 7 10 8 2 2 3 9 2 8 6 4 2 2 9 5 5 7 5 9 10 11 1 0 4 3 2 4 6 6 1 7 2 9 8 4 4 8 4 5 1 7 10
