#c 0 1 2 3 4 5 0 1 2 3 4 5 0 1 2 3 4 5 0 1 2 3 4 5 0 1 2 3 4 5 0 1 2 3 4 5
2 2 25 31 15 33
4 4 1 7 13 19 3 9 21 27
#c 0 1 2 3 4 5 0 1 2 3 4 5 0 1 2 1 4 5 0 1 2 3 4 5 0 3 2 3 4 5 0 3 2 1 4 5
#c 0 1 2 3 4 5 0 1 2 3 4 5 0 1 2 1 4 5 0 1 2 3 4 5 0 3 2 3 4 5 0 3 2 1 4 5
2 2 27 31 7 13
4 4 3 9 21 25 1 19 15 33
#c 0 1 2 3 4 5 0 3 2 3 4 5 0 3 2 1 4 5 0 1 2 3 4 5 0 3 2 1 4 5 0 1 2 1 4 5
3 2 10 4 16 2 14
3 4 22 28 34 8 20 26 32
#c 0 1 4 3 2 5 0 3 2 3 2 5 0 3 4 1 2 5 0 1 2 3 4 5 0 3 2 1 4 5 0 1 2 1 4 5
3 3 5 11 23 26 4 8
3 4 17 29 35 20 32 10 16
#c 0 1 4 3 5 2 0 3 5 3 2 2 0 3 4 1 2 5 0 1 2 3 4 2 0 3 5 1 4 5 0 1 2 1 4 5
1 1 0 32
5 6 6 12 18 24 30 20 10 16 5 11 23
#c 0 1 4 3 5 2 0 3 5 3 2 2 0 3 4 1 2 5 0 1 2 3 4 2 0 3 5 1 4 5 0 1 2 1 4 5
#c 0 1 4 3 5 2 0 3 5 3 2 2 0 3 4 1 2 5 0 1 2 3 4 2 0 3 5 1 4 5 0 1 2 1 4 5
2 2 32 20 17 35
5 4 10 16 5 11 23 29 26 4 8
#c 0 1 4 3 5 2 0 3 5 3 2 2 0 3 4 1 2 5 0 1 2 3 4 2 0 3 5 1 4 5 0 1 2 1 4 5
3 3 21 7 25 16 23 5
3 4 3 9 13 20 32 10 11
#c 0 1 4 3 5 3 0 2 5 3 2 2 0 3 4 1 3 5 0 1 2 2 4 3 0 2 5 1 4 5 0 1 2 1 4 5
2 2 2 34 5 16
3 4 22 28 14 3 9 13 23
#c 0 1 3 3 5 4 0 2 5 3 2 2 0 3 4 1 4 5 0 1 2 2 4 3 0 2 5 1 4 5 0 1 2 1 3 5
#c 0 1 3 3 5 4 0 2 5 3 2 2 0 3 4 1 4 5 0 1 2 2 4 3 0 2 5 1 4 5 0 1 2 1 3 5
2 2 12 30 34 2
4 4 0 6 18 24 3 9 13 23
#c 0 1 3 3 5 4 0 2 5 3 2 2 0 3 4 1 4 5 0 1 2 2 4 3 0 2 5 1 4 5 0 1 2 1 3 5
3 3 15 1 33 10 25 21
3 4 19 27 31 20 32 11 7
#c 0 2 3 3 5 4 0 2 5 3 1 2 0 3 4 2 4 5 0 1 2 1 4 3 0 1 5 1 4 5 0 1 2 2 3 5
3 3 11 20 15 5 28 16
4 2 32 7 1 33 22 14
#c 0 2 3 3 5 4 0 2 5 3 1 2 0 3 4 2 4 5 0 1 2 1 4 3 0 1 5 1 4 5 0 1 2 2 3 5
1 1 23 7
5 6 3 9 13 2 34 20 32 11 15 1 33
#c 0 2 3 3 5 4 0 2 5 3 1 2 0 3 4 2 4 5 0 1 2 1 4 3 0 1 5 1 4 5 0 1 2 2 3 5
1 1 22 21
4 5 28 14 5 16 19 27 31 10 25
#c 0 2 3 3 5 4 0 2 5 3 1 2 0 3 4 2 4 5 0 1 2 1 4 3 0 1 5 1 4 5 0 1 2 2 3 5
2 2 26 29 23 9
4 4 17 35 4 8 3 13 2 34
#c 0 2 3 3 5 4 0 2 5 5 1 2 0 3 4 2 4 5 0 1 2 1 4 5 0 1 3 1 4 3 0 1 2 2 3 5
#c 0 2 3 3 5 4 0 2 5 5 1 2 0 3 4 2 4 5 0 1 2 1 4 5 0 1 3 1 4 3 0 1 2 2 3 5
1 1 27 35
5 5 19 31 10 25 21 17 4 8 23 9
#c 0 2 3 3 5 4 0 2 5 5 1 2 0 3 4 2 4 5 0 1 2 1 4 5 0 1 3 1 4 3 0 1 2 2 3 5
3 3 15 32 11 34 26 29
4 3 20 7 1 33 3 13 2
#c 0 2 3 3 5 4 0 2 5 5 1 2 0 3 4 2 4 5 0 1 2 1 4 5 0 1 3 1 4 3 0 1 2 2 3 5
#c 0 2 3 3 5 4 0 2 5 5 1 2 0 3 4 2 4 5 0 1 2 1 4 5 0 1 3 1 4 3 0 1 2 2 3 5
1 1 5 27
4 5 22 28 14 16 19 31 10 25 21
#c 0 2 3 3 5 4 0 2 5 5 1 2 0 3 4 2 4 5 0 1 2 1 4 5 0 1 3 1 4 3 0 1 2 2 3 5
1 1 23 22
5 4 17 35 4 8 9 28 14 5 16
#c 0 2 3 3 5 4 0 2 5 5 1 2 0 3 4 2 4 5 0 1 2 1 4 5 0 1 3 1 4 3 0 1 2 2 3 5
3 3 0 30 12 1 33 32
3 4 6 18 24 20 11 7 15
#c 2 0 3 3 5 4 0 2 5 5 1 2 2 3 4 2 4 5 0 1 2 1 4 5 0 1 3 1 4 3 2 1 0 0 3 5
#c 2 0 3 3 5 4 0 2 5 5 1 2 2 3 4 2 4 5 0 1 2 1 4 5 0 1 3 1 4 3 2 1 0 0 3 5
2 2 7 15 24 33
5 4 20 11 0 30 12 6 18 1 32
#c 2 0 3 3 5 4 0 2 5 5 1 2 2 3 4 2 4 5 0 1 2 1 4 5 0 1 3 1 4 3 2 1 0 0 3 5
3 2 34 2 3 24 6
3 4 13 26 29 18 1 33 32
#c 2 0 3 3 5 4 0 2 5 5 1 2 2 3 4 2 4 5 0 1 2 1 4 5 0 1 3 1 4 3 2 1 0 0 3 5
2 2 14 5 9 17
3 4 22 28 16 35 4 8 23
#c 2 0 3 3 5 4 0 2 5 5 1 2 2 3 4 2 4 5 0 1 2 1 4 5 0 1 3 1 4 3 2 1 0 0 3 5
1 1 35 19
5 5 17 4 8 23 9 27 31 10 25 21
#c 2 0 3 3 5 4 0 2 5 5 1 2 2 3 4 2 4 5 0 1 2 1 4 5 0 1 3 1 4 3 2 1 0 0 3 5
1 1 18 5
5 4 6 24 1 33 32 22 28 14 16
#c 2 0 3 3 5 4 0 2 5 5 1 2 2 3 4 2 4 5 0 1 2 1 4 5 0 1 3 1 4 3 2 1 0 0 3 5
2 2 25 21 4 17
4 4 19 27 31 10 35 8 23 9
#c 2 0 3 3 5 4 0 2 5 5 1 2 2 3 4 2 4 5 0 1 2 1 4 5 0 1 3 1 4 3 2 1 0 0 3 5
#c 2 0 3 3 5 4 0 2 5 5 1 2 2 3 4 2 4 5 0 1 2 1 4 5 0 1 3 1 4 3 2 1 0 0 3 5
3 3 29 26 3 33 32 6
3 3 13 2 34 18 24 1
#c 2 0 3 0 5 4 3 2 5 5 1 2 2 3 4 2 4 5 0 1 2 1 4 5 0 1 0 1 4 0 2 1 3 3 3 5
#c 2 0 3 0 5 4 3 2 5 5 1 2 2 3 4 2 4 5 0 1 2 1 4 5 0 1 0 1 4 0 2 1 3 3 3 5
#c 2 0 3 0 5 4 3 2 5 5 1 2 2 3 4 2 4 5 0 1 2 1 4 5 0 1 0 1 4 0 2 1 3 3 3 5
1 3 29 17 4 8
5 3 18 24 1 26 3 35 23 9
#c 2 0 3 0 5 4 3 2 5 5 1 2 2 3 4 2 4 5 0 1 2 1 4 5 0 1 0 1 4 0 2 1 3 3 3 5
2 2 25 19 33 2
4 4 27 31 10 21 13 34 32 6
#c 2 0 3 0 5 4 3 2 5 5 1 2 2 3 4 2 4 5 0 1 2 1 4 5 0 1 0 1 4 0 2 1 3 3 3 5
3 3 7 12 15 10 27 19
4 3 20 11 0 30 31 25 21
#c 2 0 3 0 5 4 3 2 5 5 1 2 2 3 4 2 4 5 0 1 2 1 4 5 0 1 0 1 4 0 2 1 3 3 3 5
2 2 34 6 0 15
4 5 13 2 33 32 20 11 7 30 12
#c 2 0 3 0 5 4 3 2 5 5 1 2 2 3 4 2 4 5 0 1 2 1 4 5 0 1 0 1 4 0 2 1 3 3 3 5
2 2 28 22 33 13
3 4 14 5 16 2 34 32 6
#c 2 0 3 0 5 4 3 2 5 5 1 2 2 3 4 2 4 5 0 1 2 1 4 5 0 1 0 1 4 0 2 1 3 3 3 5
#c 2 0 3 0 5 4 3 2 5 5 1 2 2 3 4 2 4 5 0 1 2 1 4 5 0 1 0 1 4 0 2 1 3 3 3 5
2 2 26 3 32 33
4 4 18 24 1 29 13 2 34 6
#c 2 0 3 0 5 4 3 2 5 5 1 2 2 3 4 2 4 5 0 1 2 1 4 5 0 1 0 1 4 0 2 1 3 3 3 5
3 3 19 31 21 26 18 24
3 3 27 10 25 1 29 3
#c 2 0 3 0 5 4 3 2 5 5 1 2 2 3 4 2 4 5 1 0 2 0 4 5 1 1 1 1 4 0 2 0 3 3 3 5
3 3 30 0 12 6 2 34
4 3 20 11 7 15 13 33 32
#c 2 0 3 0 5 4 3 2 5 5 1 2 2 3 4 2 4 5 1 0 2 0 4 5 1 1 1 1 4 0 2 0 3 3 3 5
2 2 33 13 7 0
4 5 2 34 32 6 20 11 15 30 12
#c 2 0 3 0 5 4 3 2 5 5 1 2 2 3 4 2 4 5 1 0 2 0 4 5 1 1 1 1 4 0 2 0 3 3 3 5
2 2 5 28 35 9
3 4 22 14 16 17 4 8 23
#c 2 0 3 0 5 4 3 2 5 5 1 2 2 3 4 2 4 5 1 0 2 0 4 5 1 1 1 1 4 0 2 0 3 3 3 5
#c 2 0 3 0 5 4 3 2 5 5 1 2 2 3 4 2 4 5 1 0 2 0 4 5 1 1 1 1 4 0 2 0 3 3 3 5
3 3 19 29 21 17 8 23
3 3 1 3 31 35 4 9
#c 2 0 3 0 5 4 3 2 5 5 1 2 2 3 4 2 4 5 1 0 2 0 4 5 1 1 1 1 4 0 2 0 3 3 3 5
2 2 18 10 33 32
4 4 27 25 26 24 13 2 34 6
#c 2 0 3 0 5 4 3 2 5 5 3 2 2 3 4 2 4 5 3 0 2 0 4 5 1 1 1 1 4 0 2 0 1 1 3 5
3 3 11 12 7 8 23 4
4 3 20 15 0 30 17 35 9
#c 2 0 3 0 5 4 3 2 5 5 3 2 2 3 4 2 4 5 3 0 2 0 4 5 1 1 1 1 4 0 2 0 1 1 3 5
2 2 34 13 1 31
4 4 2 6 18 10 29 3 19 21
#c 2 0 3 0 5 4 3 2 5 5 3 2 2 3 4 2 4 5 3 0 2 0 4 5 1 1 1 1 4 0 2 0 1 1 3 5
2 1 22 28 20
3 6 14 5 16 11 7 15 0 30 12
#c 2 0 3 0 5 4 3 2 5 5 3 2 2 3 4 2 4 5 3 0 2 0 4 5 1 1 1 1 4 0 2 0 1 1 3 5
#c 2 0 3 0 5 4 3 2 5 5 3 2 2 3 4 2 4 5 3 0 2 0 4 5 1 1 1 1 4 0 2 0 1 1 3 5
2 3 21 1 34 2 13
4 3 29 3 19 31 6 18 10
#c 2 0 3 0 5 4 3 2 5 5 3 2 2 3 4 2 4 5 3 0 2 0 4 5 1 1 1 1 4 0 2 0 1 1 3 5
#c 2 0 3 0 5 4 3 2 5 5 3 2 2 3 4 2 4 5 3 0 2 0 4 5 1 1 1 1 4 0 2 0 1 1 3 5
#c 2 0 3 0 5 4 3 2 5 5 3 2 2 3 4 2 4 5 3 0 2 0 4 5 1 1 1 1 4 0 2 0 1 1 3 5
3 3 18 6 34 19 29 3
3 3 13 2 10 1 31 21
#c 2 0 3 0 5 4 3 2 5 5 3 2 2 3 4 2 4 5 3 0 2 0 4 5 1 1 1 1 4 0 2 0 1 1 3 5
#c 2 0 3 0 5 4 3 2 5 5 3 2 2 3 4 2 4 5 3 0 2 0 4 5 1 1 1 1 4 0 2 0 1 1 3 5
3 3 23 9 8 30 12 7
3 4 17 35 4 20 11 15 0
#c 2 0 3 0 5 4 3 2 5 5 3 2 2 3 4 2 4 5 3 0 2 0 4 5 1 1 1 1 4 0 2 0 1 1 3 5
2 2 21 1 6 2
4 4 29 3 19 31 13 34 18 10
#c 2 0 3 0 5 4 3 2 5 5 3 2 2 3 4 2 4 5 3 0 2 0 4 5 1 1 1 1 4 0 2 0 1 1 3 5
3 3 33 26 27 12 7 11
3 4 25 24 32 20 15 0 30
#c 2 0 3 0 5 4 3 2 5 5 3 2 2 3 4 2 4 5 3 0 2 0 4 5 1 1 1 1 4 0 2 0 1 1 3 5
3 3 7 0 20 5 14 16
4 2 11 15 30 12 22 28
#c 2 0 3 0 5 4 3 2 5 5 3 2 2 3 4 2 4 5 3 0 2 0 4 5 1 1 1 1 4 0 2 0 1 1 3 5
1 2 6 33 32
5 4 13 2 34 18 10 27 25 26 24
#c 2 0 3 0 5 4 3 2 5 5 3 2 2 3 4 2 4 5 3 0 2 0 4 5 1 1 1 1 4 0 2 0 1 1 3 5
#c 2 0 3 0 5 4 3 2 5 5 3 2 2 3 4 2 4 5 3 0 2 0 4 5 1 1 1 1 4 0 2 0 1 1 3 5
2 2 8 35 11 12
4 5 17 4 23 9 20 7 15 0 30
#c 2 0 3 0 5 4 3 2 2 5 3 5 5 3 4 2 4 5 3 0 2 0 4 5 1 1 1 1 4 0 2 0 1 1 3 2
1 1 21 13
5 5 1 29 3 19 31 2 34 6 18 10
#c 2 0 3 0 5 4 3 2 2 5 3 5 5 3 4 2 4 5 3 0 2 0 4 5 1 1 1 1 4 0 2 0 1 1 3 2
2 2 33 26 20 8
4 5 27 25 24 32 7 15 0 30 35
#c 2 0 3 0 5 4 3 2 2 5 3 5 5 3 4 2 4 5 3 0 2 0 4 5 1 1 1 1 4 0 2 0 1 1 3 2
#c 2 0 3 0 5 4 3 2 2 5 3 5 5 3 4 2 4 5 3 0 2 0 4 5 1 1 1 1 4 0 2 0 1 1 3 2
2 1 6 18 29
4 5 13 2 34 10 1 3 19 31 21
#c 2 0 3 0 5 4 3 2 2 5 3 5 5 3 4 2 4 5 3 0 2 0 4 5 1 1 1 1 4 0 2 0 1 1 3 2
2 2 22 28 24 32
3 4 14 5 16 27 25 26 33
#c 2 0 3 0 5 4 3 2 2 5 3 5 5 3 4 2 4 5 3 0 2 0 4 5 1 1 1 1 4 0 2 0 1 1 3 2
3 2 17 23 9 27 25
3 4 4 11 12 26 24 33 32
#c 2 0 3 0 5 4 3 2 2 5 3 5 5 3 4 2 4 5 3 0 2 0 4 5 1 1 1 1 4 0 2 0 1 1 3 2
2 2 1 19 13 18
4 4 29 3 31 21 2 34 6 10
#c 2 0 3 0 5 4 3 2 2 5 3 5 5 3 4 2 4 5 3 0 2 0 4 5 1 1 1 1 4 0 2 0 1 1 3 2
3 3 27 25 33 9 23 11
3 3 26 24 32 17 4 12
#c 2 0 3 0 5 4 3 2 2 5 3 5 5 3 4 2 4 5 3 0 2 0 4 5 1 1 1 1 4 0 2 0 1 1 3 2
1 1 15 28
6 4 20 7 0 30 8 35 22 14 5 16
#c 2 0 3 0 5 4 3 2 2 5 3 5 5 3 4 2 4 5 3 0 2 0 4 5 1 1 1 1 4 0 2 0 1 1 3 2
1 1 2 4
5 5 13 34 6 18 10 17 23 9 11 12
#c 2 0 5 0 3 4 3 2 2 5 3 5 5 3 4 2 4 5 3 0 2 0 4 5 1 1 1 1 4 0 2 0 1 1 3 2
#c 2 0 5 0 3 4 3 2 2 5 3 5 5 3 4 2 4 5 3 0 2 0 4 5 1 1 1 1 4 0 2 0 1 1 3 2
1 1 23 1
5 5 17 9 11 12 2 29 3 19 31 21
#c 2 0 5 0 3 4 3 2 2 5 3 5 5 3 4 2 4 5 3 0 2 0 4 5 1 1 1 1 4 0 2 0 1 1 3 2
#c 2 0 5 0 3 4 3 2 2 5 3 5 5 3 4 2 4 5 3 0 2 0 4 5 1 1 1 1 4 0 2 0 1 1 3 2
3 3 32 33 26 34 10 6
3 3 27 25 24 13 18 4
#c 2 0 5 0 3 4 3 2 2 5 3 5 5 3 4 2 4 5 3 0 2 0 4 5 1 1 1 1 4 0 2 0 1 1 3 2
1 1 0 6
6 5 20 7 15 30 8 35 13 34 18 10 4
#c 2 0 5 0 3 4 3 2 2 5 3 5 5 3 4 2 4 5 3 0 2 0 4 5 1 1 1 1 4 0 2 0 1 1 3 2
2 1 6 10 5
4 4 13 34 18 4 22 28 14 16
#c 2 0 5 0 3 4 3 2 2 5 3 5 5 3 4 2 4 5 3 0 2 0 4 5 1 1 1 1 4 0 2 0 1 1 3 2
2 2 14 28 33 24
3 4 22 5 16 27 25 26 32
#c 2 0 5 0 3 4 3 2 2 5 3 5 5 3 4 2 4 5 3 0 2 0 4 5 1 1 1 1 4 0 2 0 1 1 3 2
1 3 23 14 22 5
5 2 17 9 11 12 2 28 16
#c 2 0 5 0 3 4 3 2 2 5 3 5 5 3 4 2 4 5 3 0 2 0 4 5 1 1 1 1 4 0 2 0 1 1 3 2
3 3 1 31 21 23 9 2
3 3 29 3 19 17 11 12
#c 2 0 5 0 3 4 3 2 2 5 3 5 5 3 4 2 4 5 3 0 2 0 4 5 1 1 1 1 4 0 2 0 1 1 3 2
3 3 24 32 26 5 16 22
3 2 27 25 33 28 14
#c 2 0 5 0 3 4 3 2 2 5 3 5 5 3 4 2 4 5 3 0 2 0 4 5 1 1 1 1 4 0 2 0 1 1 3 2
3 4 30 20 7 23 12 2 9
4 2 15 0 8 35 17 11
#c 2 0 5 0 3 4 3 2 2 5 3 5 5 3 4 2 4 5 3 0 2 0 4 5 1 1 1 1 4 0 2 0 1 1 3 2
#c 2 0 5 0 3 4 3 2 2 5 3 5 5 3 4 2 4 5 3 0 2 0 4 5 1 1 1 1 4 0 2 0 1 1 3 2
1 1 22 35
4 6 28 14 5 16 20 7 15 0 30 8
#c 2 0 5 0 3 4 3 2 2 5 3 5 5 3 4 2 4 5 3 0 2 0 2 5 1 1 1 1 4 0 2 0 1 1 3 4
3 2 11 9 17 8 22
3 5 23 12 2 20 7 15 0 30
#c 2 0 5 0 3 4 3 2 2 5 3 5 5 3 4 2 4 5 3 0 2 0 2 5 1 1 1 1 4 0 2 0 1 1 3 4
3 3 21 3 19 14 5 16
3 2 1 29 31 28 35
#c 2 0 5 0 3 4 3 2 2 5 3 5 5 3 4 2 4 5 3 0 2 0 2 5 1 1 1 1 4 0 2 0 1 1 3 4
#c 2 0 5 0 3 4 3 2 2 5 3 5 5 3 4 2 4 5 3 0 2 0 2 5 1 1 1 1 4 0 2 0 1 1 3 4
3 3 20 7 8 28 16 35
4 2 15 0 30 22 14 5
#c 2 0 5 0 3 4 3 2 2 5 3 5 5 3 4 2 4 5 3 0 2 0 2 5 1 1 1 1 4 0 2 0 1 1 3 4
#c 2 0 5 0 3 4 3 2 2 5 3 5 5 3 4 2 4 5 3 0 2 0 2 5 1 1 1 1 4 0 2 0 1 1 3 4
1 1 35 17
4 5 28 14 5 16 23 9 11 12 2
#c 2 0 5 0 3 4 3 2 2 5 3 5 5 3 4 2 4 5 3 0 2 0 2 5 1 1 1 1 4 0 2 0 1 1 3 4
#c 2 0 5 0 3 4 3 2 2 5 3 5 5 3 4 2 4 5 3 0 2 0 2 5 1 1 1 1 4 0 2 0 1 1 3 4
2 2 29 1 27 32
4 4 3 19 31 21 25 26 24 33
#c 2 0 5 0 3 4 3 2 2 5 3 5 5 3 4 2 4 5 3 0 2 0 2 5 1 1 1 1 4 0 2 0 1 1 3 4
3 3 25 33 24 31 29 21
3 3 27 26 32 1 3 19
#c 2 0 5 0 3 4 3 2 2 5 3 5 5 3 4 2 4 5 3 0 2 0 2 5 1 1 1 1 4 0 2 0 1 1 3 4
3 5 30 7 15 21 1 31 29 3
4 1 20 0 8 22 19
#c 2 0 5 0 3 4 3 2 2 5 3 5 5 3 4 2 4 5 3 0 2 0 2 5 1 1 1 1 4 0 2 0 1 1 3 4
3 3 10 6 18 16 14 5
3 2 13 34 4 28 35
#c 2 0 5 0 3 4 3 2 2 5 3 5 5 3 4 2 4 5 3 0 2 0 2 5 1 1 1 1 4 0 2 0 1 1 3 4
1 1 35 1
4 5 28 14 5 16 29 3 19 31 21
#c 2 0 5 0 3 4 3 2 2 5 3 5 5 3 4 2 4 5 3 0 2 0 2 5 1 1 1 1 4 0 2 0 1 1 3 4
1 1 9 18
5 5 17 23 11 12 2 13 34 6 10 4
#c 2 0 5 0 3 4 3 2 2 5 3 5 5 3 4 2 4 5 3 0 2 0 2 5 1 1 1 1 4 0 2 0 1 1 3 4
3 3 19 3 21 28 16 35
3 2 1 29 31 14 5
#c 2 0 5 0 3 4 3 2 2 5 3 5 5 3 4 2 4 5 3 0 2 0 2 5 1 1 1 1 4 0 2 0 1 1 3 4
#c 2 0 5 0 3 4 3 2 2 5 3 5 5 3 4 2 4 5 3 0 2 0 2 5 1 1 1 1 4 0 2 0 1 1 3 4
3 3 15 0 7 33 26 24
4 3 20 30 8 22 27 25 32
#c 2 0 5 0 3 4 3 2 2 5 3 5 5 3 4 2 4 5 3 0 2 0 2 5 1 1 1 1 4 0 2 0 1 1 3 4
3 3 34 6 13 25 26 33
3 3 18 10 4 27 24 32
#c 2 0 5 0 3 4 3 2 2 5 3 5 5 3 4 2 4 5 3 0 2 0 2 5 1 1 1 1 4 0 2 0 1 1 3 4
#c 2 0 5 0 3 4 3 2 2 5 3 5 5 3 4 2 4 5 3 0 2 0 2 5 1 1 1 1 4 0 2 0 1 1 3 4
3 3 2 11 12 26 33 32
3 3 17 23 9 27 25 24
#c 2 0 5 0 3 4 3 2 2 5 3 5 5 3 4 2 4 5 3 0 2 0 2 5 1 1 1 1 4 0 2 0 1 1 3 4
3 3 1 19 29 30 22 8
3 4 3 31 21 20 7 15 0
#c 2 0 5 0 3 4 3 2 2 5 3 5 5 3 4 2 4 5 3 0 2 0 2 5 1 1 1 1 4 0 2 0 1 1 3 4
3 3 24 25 27 15 7 0
3 4 26 33 32 20 30 8 22
#c 2 0 5 0 3 4 3 2 2 5 3 5 5 3 4 2 4 5 3 0 2 0 2 5 1 1 1 1 4 0 2 0 1 1 3 4
3 3 15 8 30 6 10 34
4 3 20 7 0 22 13 18 4
#c 2 0 5 0 3 4 3 2 2 5 3 5 5 3 4 2 4 5 3 0 2 0 2 5 1 1 1 1 4 0 2 0 1 1 3 4
3 4 6 10 13 25 24 32 26
3 2 34 18 4 27 33
#c 2 0 5 0 3 4 3 2 2 5 3 5 5 3 4 2 4 5 3 0 2 0 2 5 1 1 1 1 4 0 2 0 1 1 3 4
1 2 35 30 7
4 5 28 14 5 16 20 15 0 8 22
#c 2 0 5 0 3 4 3 2 2 5 3 5 5 3 4 2 4 5 3 0 2 0 2 5 1 1 1 1 4 0 2 0 1 1 3 4
3 3 2 9 11 10 34 13
3 3 17 23 12 6 18 4
#c 2 0 5 0 3 4 3 2 2 5 3 5 5 3 4 2 4 5 3 0 2 0 2 5 1 1 1 1 4 0 2 0 1 1 3 4
3 1 3 21 19 17
3 5 1 29 31 23 9 11 12 2
#c 2 0 5 0 3 4 3 2 2 5 3 5 5 3 4 2 4 5 3 0 2 0 2 5 1 1 1 1 4 0 2 0 1 1 3 4
3 4 26 25 27 14 28 5 16
3 1 24 33 32 35
#c 2 0 5 0 3 4 3 2 2 5 3 5 5 3 4 2 4 5 3 0 2 0 2 5 1 1 1 1 4 0 2 0 1 1 3 4
3 3 22 7 30 13 6 18
4 3 20 15 0 8 34 10 4
#c 2 0 5 0 3 4 3 2 2 5 3 5 5 3 4 2 4 5 3 0 2 0 2 5 1 1 1 1 4 0 2 0 1 1 3 4
#c 2 0 5 0 3 4 3 2 2 5 3 5 5 3 4 2 4 5 3 0 2 0 2 5 1 1 1 1 4 0 2 0 1 1 3 4
2 2 16 28 7 30
3 5 14 5 35 20 15 0 8 22
#c 2 0 5 0 3 4 3 2 2 5 3 5 5 3 4 2 4 5 3 0 2 0 2 5 1 1 1 1 4 0 2 0 1 1 3 4
#c 2 0 5 0 3 4 3 2 2 5 3 5 5 3 4 2 4 5 3 0 2 0 2 5 1 1 1 1 4 0 2 0 1 1 3 4
2 2 19 29 8 22
4 5 1 3 31 21 20 7 15 0 30
#c 2 0 5 0 3 4 3 2 2 5 3 5 5 3 4 2 4 5 3 0 2 0 2 5 1 1 1 1 4 0 2 0 1 1 3 4
3 3 24 32 33 22 20 7
3 4 27 25 26 15 0 30 8
#c 2 0 5 0 3 4 3 2 2 5 3 5 5 3 4 2 4 5 3 0 2 0 2 5 1 1 1 1 4 0 2 0 1 1 3 4
3 3 22 0 30 6 4 10
4 3 20 7 15 8 13 34 18
#c 3 0 5 0 2 4 2 2 2 5 2 5 5 3 4 2 4 5 3 0 2 0 3 5 1 1 1 1 4 0 3 0 1 1 3 4
#c 3 0 5 0 2 4 2 2 2 5 2 5 5 3 4 2 4 5 3 0 2 0 3 5 1 1 1 1 4 0 3 0 1 1 3 4
2 3 5 35 20 8 7
3 4 28 14 16 15 6 4 10
#c 3 0 5 0 2 4 2 2 2 5 2 5 5 3 4 2 4 5 3 0 2 0 3 5 1 1 1 1 4 0 3 0 1 1 3 4
3 3 23 11 2 21 19 1
3 3 17 9 12 29 3 31
#c 3 0 5 0 2 4 2 2 2 5 2 5 5 3 4 2 4 5 3 0 2 0 3 5 1 1 1 1 4 0 3 0 1 1 3 4
#c 3 0 5 0 2 4 2 2 2 5 2 5 5 3 4 2 4 5 3 0 2 0 3 5 1 1 1 1 4 0 3 0 1 1 3 4
#c 3 0 5 0 2 4 2 2 2 5 2 5 5 3 4 2 4 5 3 0 2 0 3 5 1 1 1 1 4 0 3 0 1 1 3 4
1 2 6 31 1
6 4 20 7 15 8 4 10 29 3 19 21
#c 3 0 5 0 2 4 2 2 2 5 2 5 5 3 4 2 4 5 3 0 2 0 3 5 1 1 1 1 4 0 3 0 1 1 3 4
2 2 18 34 28 16
4 3 13 22 0 30 14 5 35
#c 3 0 5 0 2 4 2 2 2 5 2 5 5 3 4 2 4 5 3 0 2 0 3 5 1 1 1 1 4 0 3 0 1 1 3 4
4 5 28 14 16 35 25 26 24 33 32
#c 3 0 5 0 2 4 2 2 2 5 2 5 5 3 4 2 4 5 3 0 2 0 3 5 1 1 1 1 4 0 3 0 1 1 3 4
1 3 2 16 5 35
5 2 17 23 9 11 12 28 14
#c 3 0 5 0 2 4 2 2 2 5 2 5 5 3 4 2 4 5 3 0 2 0 3 5 1 1 1 1 4 0 3 0 1 1 3 4
3 4 31 19 21 12 17 11 2
3 2 1 29 3 23 9
#c 3 0 5 0 2 4 2 2 2 5 2 5 5 3 4 2 4 5 3 0 2 0 3 5 1 1 1 1 4 0 3 0 1 1 3 4
1 1 33 19
5 5 27 25 26 24 32 1 29 3 31 21
#c 3 0 5 0 2 4 2 2 2 5 2 5 5 3 4 2 4 5 3 0 2 0 3 5 1 1 1 1 4 0 3 0 1 1 3 4
3 3 10 15 6 14 5 28
4 2 20 7 8 4 16 35
#c 3 0 5 0 2 4 2 2 2 5 2 5 5 3 4 2 4 5 3 0 2 0 3 5 1 1 1 1 4 0 3 0 1 1 3 4
2 2 13 22 20 7
4 5 34 18 0 30 15 8 6 4 10
#c 3 0 5 0 2 4 2 2 2 5 2 5 5 3 4 2 4 5 3 0 2 0 3 5 1 1 1 1 4 0 3 0 1 1 3 4
#c 3 0 5 0 2 4 2 2 2 5 2 5 5 3 4 2 4 5 3 0 2 0 3 5 1 1 1 1 4 0 3 0 1 1 3 4
3 1 17 12 2 20
3 6 23 9 11 7 15 8 6 4 10
#c 3 0 5 0 2 4 2 2 2 5 2 5 5 3 4 2 4 5 3 0 2 0 3 5 1 1 1 1 4 0 3 0 1 1 3 4
3 1 19 31 3 33
3 5 1 29 21 27 25 26 24 32
#c 3 0 5 0 2 4 2 2 2 5 2 5 5 3 4 2 4 5 3 0 2 0 3 5 1 1 1 1 4 0 3 0 1 1 3 4
2 2 32 24 5 35
4 3 27 25 26 33 28 14 16
#c 3 0 5 0 2 4 2 2 2 5 2 5 5 3 4 2 4 5 3 0 2 0 3 5 1 1 1 1 4 0 3 0 1 1 3 4
3 3 7 8 4 21 31 19
4 3 20 15 6 10 1 29 3
#c 3 0 5 0 2 4 2 2 2 5 2 5 5 3 4 2 4 5 3 0 2 0 3 5 1 1 1 1 4 0 3 0 1 1 3 4
3 3 34 0 22 29 3 1
3 3 13 18 30 19 31 21
#c 3 0 5 0 2 4 2 2 2 5 2 5 5 3 4 2 4 5 3 0 2 0 3 5 1 1 1 1 4 0 3 0 1 1 3 4
1 1 16 26
4 5 28 14 5 35 27 25 24 33 32
#c 3 0 5 0 2 4 2 2 2 5 2 5 5 3 4 2 4 5 3 0 2 0 3 5 1 1 1 1 4 0 3 0 1 1 3 4
1 1 17 30
5 5 23 9 11 12 2 13 34 18 22 0
#c 3 0 5 0 2 4 2 2 2 5 2 5 5 3 4 2 4 5 3 0 2 0 3 5 1 1 1 1 4 0 3 0 1 1 3 4
2 2 21 3 12 17
4 4 1 29 19 31 23 9 11 2
#c 3 0 5 0 2 4 2 2 2 5 2 5 5 3 4 2 4 5 3 0 2 0 3 5 1 1 1 1 4 0 3 0 1 1 3 4
3 3 32 25 26 30 13 0
3 3 27 24 33 34 18 22
#c 3 0 5 0 2 4 2 2 2 5 2 5 5 3 4 2 4 5 3 0 2 0 3 5 1 1 1 1 4 0 3 0 1 1 3 4
3 3 10 7 6 11 17 9
4 3 20 15 8 4 23 12 2
#c 3 0 5 0 2 4 2 2 2 5 2 5 5 3 4 2 4 5 3 0 2 0 3 5 1 1 1 1 4 0 3 0 1 1 3 4
3 3 18 0 22 2 17 23
3 3 13 34 30 9 11 12
#c 3 0 5 0 2 4 2 2 2 5 2 5 5 3 4 2 4 5 3 0 2 0 3 5 1 1 1 1 4 0 3 0 1 1 3 4
2 3 28 16 27 33 32
3 3 14 5 35 25 26 24
#c 3 0 5 0 2 4 2 2 2 5 2 5 5 3 4 2 4 5 3 0 2 0 3 5 1 1 1 1 4 0 3 0 1 1 3 4
2 2 17 2 0 13
4 4 23 9 11 12 34 18 22 30
#c 3 0 5 0 2 4 2 2 2 5 2 5 5 3 4 2 4 5 3 0 2 0 3 5 1 1 1 1 4 0 3 0 1 1 3 4
2 2 19 31 13 22
4 4 1 29 3 21 34 18 0 30
#c 3 0 5 0 2 4 2 2 2 5 2 5 5 3 4 2 4 5 3 0 2 0 3 5 1 1 1 1 4 0 3 0 1 1 3 4
3 2 33 27 26 22 30
3 4 25 24 32 13 34 18 0
#c 3 0 5 0 2 4 2 2 2 5 2 5 5 3 4 2 4 5 3 0 2 0 3 5 1 1 1 1 4 0 3 0 1 1 3 4
2 2 7 10 16 5
5 3 20 15 8 6 4 28 14 35
#c 3 0 5 0 2 4 2 2 2 5 2 5 5 3 4 2 4 5 3 0 2 0 3 5 1 1 1 1 4 0 3 0 1 1 3 4
2 2 18 30 10 15
4 5 13 34 22 0 20 7 8 6 4
#c 3 0 5 0 2 4 2 2 2 5 2 5 5 3 4 2 4 5 3 0 2 0 3 5 1 1 1 1 4 0 3 0 1 1 3 4
2 2 16 35 15 6
3 5 28 14 5 20 7 8 4 10
#c 3 0 5 0 2 4 2 2 2 5 2 5 5 3 4 2 4 5 3 0 2 0 3 5 1 1 1 1 4 0 3 0 1 1 3 4
1 1 23 8
5 6 17 9 11 12 2 20 7 15 6 4 10
#c 3 0 5 0 2 4 2 2 2 5 2 5 5 3 4 2 4 5 3 0 2 0 3 5 1 1 1 1 4 0 3 0 1 1 3 4
2 2 1 29 10 15
4 5 3 19 31 21 20 7 8 6 4
#c 3 0 5 0 2 4 2 2 2 5 2 5 5 3 4 2 4 5 3 0 2 0 3 5 1 1 1 1 4 0 3 0 1 1 3 4
1 1 25 21
5 5 27 26 24 33 32 1 29 3 19 31
#c 3 0 5 0 2 4 2 2 2 5 2 5 5 3 4 2 4 5 3 0 2 0 3 5 1 1 1 1 4 0 3 0 1 1 3 4
2 2 4 7 11 23
5 4 20 15 8 6 10 17 9 12 2
#c 3 0 5 0 2 4 2 2 2 5 2 5 5 3 4 2 4 5 3 0 2 0 3 5 1 1 1 1 4 0 3 0 1 1 3 4
1 1 30 35
5 4 13 34 18 22 0 28 14 5 16
#c 3 0 5 0 2 4 2 2 2 5 2 5 5 3 4 2 4 5 3 0 2 0 3 5 1 1 1 1 4 0 3 0 1 1 3 4
#c 3 0 5 0 2 4 2 2 2 5 2 5 5 3 4 2 4 5 3 0 2 0 3 5 1 1 1 1 4 0 3 0 1 1 3 4
1 3 23 34 30 0
5 3 17 9 11 12 2 13 18 22
#c 3 0 5 0 2 4 2 2 2 5 2 5 5 3 4 2 4 5 3 0 2 0 3 5 1 1 1 1 4 0 3 0 1 1 3 4
2 2 21 29 33 24
4 4 1 3 19 31 27 25 26 32
#c 3 0 5 0 2 4 2 2 2 5 2 5 5 3 4 2 4 5 3 0 2 0 3 5 1 1 1 1 4 0 3 0 1 1 3 4
#c 3 0 5 0 2 4 2 2 2 5 2 5 5 3 4 2 4 5 3 0 2 0 3 5 1 1 1 1 4 0 3 0 1 1 3 4
3 3 20 8 7 32 24 25
4 3 15 6 4 10 27 26 33
#c 3 0 5 0 2 4 2 2 2 5 2 5 5 3 4 2 4 5 3 0 2 0 3 5 1 1 1 1 4 0 3 0 1 1 3 4
#c 3 0 5 0 2 4 2 2 2 5 2 5 5 3 4 2 4 5 3 0 2 0 3 5 1 1 1 1 4 0 3 0 1 1 3 4
#c 3 0 5 0 2 4 2 2 2 5 2 5 5 3 4 2 4 5 3 0 2 0 3 5 1 1 1 1 4 0 3 0 1 1 3 4
2 3 23 17 35 16 28
4 2 9 11 12 2 14 5
#c 3 0 5 0 2 4 2 2 2 5 2 5 5 3 4 2 4 5 3 0 2 0 3 5 1 1 1 1 4 0 3 0 1 1 3 4
1 1 29 12
5 5 1 3 19 31 21 17 23 9 11 2
#c 3 0 5 0 2 4 2 2 2 5 2 5 0 3 4 2 4 5 3 0 2 0 3 5 1 1 1 1 4 5 3 0 1 1 3 4
3 3 26 33 32 11 29 9
3 3 27 25 24 17 23 2
#c 3 0 5 0 2 4 2 2 2 5 2 5 0 3 4 2 4 5 3 0 2 0 3 5 1 1 1 1 4 5 3 0 1 1 3 4
#c 3 0 5 0 2 4 2 2 2 5 2 5 0 3 4 2 4 5 3 0 2 0 3 5 1 1 1 1 4 5 3 0 1 1 3 4
2 2 22 18 9 29
4 4 13 34 0 30 17 23 11 2
#c 3 0 5 0 2 4 2 2 2 5 2 5 0 3 4 2 4 5 3 0 2 0 3 5 1 1 1 1 4 5 3 0 1 1 3 4
2 2 16 28 32 25
3 4 14 5 35 27 26 24 33
#c 3 0 5 0 2 4 2 2 2 5 2 5 0 3 4 2 4 5 3 0 2 0 3 5 1 1 1 1 4 5 3 0 1 1 3 4
3 3 29 17 23 33 27 26
3 3 9 11 2 25 24 32
#c 3 0 5 0 2 4 2 2 2 5 2 5 0 3 4 2 4 5 3 0 2 0 3 5 1 1 1 1 4 5 3 0 1 1 3 4
1 1 12 7
5 6 1 3 19 31 21 20 15 8 6 4 10
#c 3 0 5 0 2 4 2 2 2 5 2 5 0 3 4 2 4 5 3 0 2 0 3 5 1 1 1 1 4 5 3 0 1 1 3 4
1 1 32 11
5 5 27 25 26 24 33 17 23 9 2 29
#c 3 0 5 0 2 4 2 2 2 5 2 5 0 3 4 2 4 5 3 0 2 0 3 5 1 1 1 1 4 5 3 0 1 1 3 4
1 1 15 1
6 5 20 7 8 6 4 10 3 19 31 21 12
#c 3 0 5 0 2 4 2 2 2 5 2 5 0 3 4 2 4 5 3 0 2 0 3 5 1 1 1 1 4 5 3 0 1 1 3 4
2 2 18 13 21 31
4 4 34 22 0 30 1 3 19 12
#c 3 0 5 0 2 4 2 2 2 5 2 5 0 0 4 2 4 5 0 0 2 3 3 5 1 1 1 1 4 5 3 3 1 1 3 4
#c 3 0 5 0 2 4 2 2 2 5 2 5 0 0 4 2 4 5 0 0 2 3 3 5 1 1 1 1 4 5 3 3 1 1 3 4
2 2 23 29 30 31
4 4 17 9 11 2 34 22 0 21
#c 3 0 5 0 2 4 2 2 2 5 2 5 0 0 4 2 4 5 0 0 2 3 3 5 1 1 1 1 4 5 3 3 1 1 3 4
#c 3 0 5 0 2 4 2 2 2 5 2 5 0 0 4 2 4 5 0 0 2 3 3 5 1 1 1 1 4 5 3 3 1 1 3 4
2 4 32 26 13 18 3 19
4 2 27 25 24 33 1 12
#c 3 0 5 0 2 4 2 2 2 5 2 5 0 0 4 2 4 5 0 0 2 3 3 5 1 1 1 1 4 5 3 3 1 1 3 4
#c 3 0 5 0 2 4 2 2 2 5 2 5 0 0 4 2 4 5 0 0 2 3 3 5 1 1 1 1 4 5 3 3 1 1 3 4
2 2 34 30 1 12
4 4 22 0 21 31 3 19 18 13
#c 3 0 5 0 2 4 2 2 2 5 2 5 0 0 4 2 4 5 0 0 2 3 3 5 1 1 1 1 4 5 3 3 1 1 3 4
2 2 35 5 25 33
3 4 28 14 16 27 26 24 32
#c 3 0 5 0 2 4 2 2 2 5 2 5 0 0 4 2 4 5 0 0 2 3 3 5 1 1 1 1 4 5 3 3 1 1 3 4
#c 3 0 5 0 2 4 2 2 2 5 2 5 0 0 4 2 4 5 0 0 2 3 3 5 1 1 1 1 4 5 3 3 1 1 3 4
1 1 19 4
5 6 1 3 12 18 13 20 7 15 8 6 10
#c 3 0 5 0 2 4 2 2 2 5 2 5 0 0 4 2 4 5 0 0 2 3 3 5 1 1 1 1 4 5 3 3 1 1 3 4
3 3 25 33 26 29 17 11
3 3 27 24 32 23 9 2
#c 3 0 5 0 2 4 2 2 2 5 2 5 0 0 4 2 4 5 0 0 2 3 3 5 1 1 1 1 4 5 3 3 1 1 3 4
1 3 20 32 26 25
6 3 7 15 8 6 4 10 27 24 33
#c 3 0 5 0 2 4 2 2 2 5 2 5 0 0 4 2 4 5 0 0 2 3 3 5 1 1 1 1 4 5 3 3 1 1 3 4
3 3 22 31 0 24 27 25
3 3 34 30 21 26 33 32
#c 3 0 5 0 2 4 2 2 2 5 2 5 0 0 4 2 4 5 0 0 2 3 3 5 1 1 1 1 4 5 3 3 1 1 3 4
1 1 28 34
4 5 14 5 16 35 22 0 30 21 31
#c 3 0 5 0 2 4 2 2 2 5 2 5 0 0 4 2 4 5 0 0 2 3 3 5 1 1 1 1 4 5 3 3 1 1 3 4
2 2 17 11 12 1
4 4 23 9 2 29 3 19 18 13
#c 3 0 5 0 2 4 2 2 2 5 2 5 0 0 4 2 4 5 0 0 2 3 3 5 1 1 1 1 4 5 3 3 1 1 3 4
2 2 13 18 6 7
4 5 1 3 19 12 20 15 8 4 10
#c 3 0 5 0 2 4 2 2 2 5 2 5 0 0 4 2 4 5 0 0 2 3 3 5 1 1 1 1 4 5 3 3 1 1 3 4
1 1 25 18
5 5 27 26 24 33 32 1 3 19 12 13
#c 3 0 5 0 2 4 2 2 2 5 2 5 0 0 4 2 4 5 0 0 2 3 3 5 1 1 1 1 4 5 3 3 1 1 3 4
#c 3 0 5 0 2 4 2 2 2 5 2 5 0 0 4 2 4 5 0 0 2 3 3 5 1 1 1 1 4 5 3 3 1 1 3 4
3 3 22 21 0 5 28 16
3 2 34 30 31 14 35
#c 3 0 5 0 2 4 2 2 2 5 2 5 0 0 4 2 4 5 0 0 2 3 3 5 1 1 1 1 4 5 3 3 1 1 3 4
#c 3 0 5 0 2 4 2 2 2 5 2 5 0 0 4 2 4 5 0 0 2 3 3 5 1 1 1 1 4 5 3 3 1 1 3 4
1 1 11 15
5 6 17 23 9 2 29 20 7 8 6 4 10
#c 3 0 5 0 2 4 2 2 2 5 2 5 0 0 4 2 4 5 0 0 2 3 3 5 1 1 1 1 4 5 3 3 1 1 3 4
2 2 18 13 31 21
#c 3 0 5 0 2 4 2 2 2 5 2 5 0 0 4 2 4 5 0 0 2 3 3 5 1 1 1 1 4 5 3 3 1 1 3 4
1 1 27 7
5 6 25 26 24 33 32 20 15 8 6 4 10
#c 3 0 5 0 2 4 2 2 2 5 2 5 0 0 4 2 4 5 0 0 2 3 3 5 1 1 1 1 4 5 3 3 1 1 3 4
3 3 10 15 8 23 11 9
4 3 20 7 6 4 17 2 29
#c 3 0 5 0 2 4 2 2 2 5 2 5 0 0 4 2 4 5 0 0 2 3 3 5 1 1 1 1 4 5 3 3 1 1 3 4
#c 3 0 5 0 2 4 2 2 2 5 2 5 0 0 4 2 4 5 0 0 2 3 3 5 1 1 1 1 4 5 3 3 1 1 3 4
2 2 14 5 23 2
3 4 28 16 35 17 9 11 29
#c 3 0 5 0 2 4 2 2 2 5 2 5 0 0 4 2 4 5 0 0 2 3 3 5 1 1 1 1 4 5 3 3 1 1 3 4
2 2 9 2 4 6
4 5 17 23 11 29 20 7 15 8 10
#c 3 0 5 0 2 4 2 2 2 5 2 5 0 0 4 2 4 5 0 0 2 3 3 5 1 1 1 1 4 5 3 3 1 1 3 4
1 1 18 29
5 5 1 3 19 12 13 17 23 9 11 2
#c 3 0 5 0 2 4 2 2 2 5 2 5 0 0 4 2 4 5 0 0 2 3 3 5 1 1 1 1 4 5 3 3 1 1 3 4
1 1 26 21
5 5 27 25 24 33 32 34 22 0 30 31
#c 3 0 5 0 2 4 2 2 2 5 2 5 0 0 4 2 4 5 0 0 2 3 3 5 1 1 1 1 4 5 3 3 1 1 3 4
2 2 20 7 34 30
5 4 15 8 6 4 10 22 0 21 31
#c 3 0 5 0 2 4 2 3 2 5 2 5 0 0 4 2 4 5 0 0 3 3 3 5 1 1 1 1 4 5 2 3 1 1 2 4
1 1 31 34
5 6 22 0 21 20 7 15 8 6 4 10 30
#c 3 0 5 0 2 4 2 3 2 5 2 5 0 0 4 2 4 5 0 0 3 3 3 5 1 1 1 1 4 5 2 3 1 1 2 4
1 1 35 0
4 5 28 14 5 16 22 21 31 20 7
#c 3 0 5 0 2 4 2 3 2 5 2 5 0 0 4 2 4 5 0 0 3 3 3 5 1 1 1 1 4 5 2 3 1 1 2 4
1 1 29 14
5 4 17 23 9 11 2 28 5 16 35
#c 3 0 5 0 2 4 2 3 2 5 2 5 0 0 4 2 4 5 0 0 3 3 3 5 1 1 1 1 4 5 2 3 1 1 2 4
2 2 19 1 20 22
4 4 3 12 18 13 0 21 31 7
#c 3 0 5 0 2 4 2 3 2 5 2 5 0 0 4 2 4 5 0 0 3 3 3 5 1 1 1 1 4 5 2 3 1 1 2 4
1 1 24 23
5 5 27 25 26 33 32 17 9 11 2 29
#c 3 0 5 0 2 4 2 3 2 5 2 5 0 0 4 2 4 5 0 0 3 3 3 5 1 1 1 1 4 5 2 3 1 1 2 4
2 3 6 30 28 5 35
5 2 15 8 4 10 34 14 16
#c 3 0 5 0 2 4 2 3 2 5 2 5 0 0 4 2 4 5 0 0 3 3 3 5 1 1 1 1 4 5 2 3 1 1 2 4
2 2 0 22 23 2
4 4 21 31 20 7 17 9 11 29
#c 3 0 5 0 2 4 2 3 2 5 2 5 0 0 4 2 4 5 0 0 3 3 3 5 1 1 1 1 4 5 2 3 1 1 2 4
2 2 14 35 4 10
3 5 28 5 16 15 8 6 34 30
#c 3 0 5 0 2 4 2 3 2 5 2 5 0 0 4 2 4 5 0 0 3 3 3 5 1 1 1 1 4 5 2 3 1 1 2 4
5 5 17 9 11 2 29 3 19 12 18 13
#c 3 0 5 0 2 4 2 3 2 5 2 5 0 0 4 2 4 5 0 0 3 3 3 5 1 1 1 1 4 5 2 3 1 1 2 4
#c 3 0 5 0 2 4 2 3 2 5 2 5 0 0 4 2 4 5 0 0 3 3 3 5 1 1 1 1 4 5 2 3 1 1 2 4
#c 3 0 5 0 2 4 2 3 2 5 2 5 0 0 4 2 4 5 0 0 3 3 3 5 1 1 1 1 4 5 2 3 1 1 2 4
1 1 8 16
6 4 15 6 4 10 34 30 28 14 5 35
#c 3 0 5 0 2 4 2 3 2 5 2 5 0 0 4 2 4 5 0 0 3 3 3 5 1 1 1 1 4 5 2 3 1 1 2 4
2 2 7 22 33 32
4 4 0 21 31 20 27 25 26 24
#c 3 0 5 0 2 4 2 3 2 5 2 5 0 0 4 2 4 5 0 0 3 3 3 5 1 1 1 1 4 5 2 3 1 1 2 4
#c 3 0 5 0 2 4 2 3 2 5 2 5 0 0 4 2 4 5 0 0 3 3 3 5 1 1 1 1 4 5 2 3 1 1 2 4
2 4 29 11 13 3 12 19
4 2 17 23 9 2 1 18
#c 3 0 5 0 2 4 2 3 2 5 2 5 0 0 4 2 4 5 0 0 3 3 3 5 1 1 1 1 4 5 2 3 1 1 2 4
1 1 13 6
5 6 1 3 19 12 18 15 8 4 10 34 30
#c 3 0 5 0 2 4 2 3 2 5 2 5 0 0 4 2 4 5 0 0 3 3 3 5 1 1 1 1 4 5 2 3 1 1 2 4
1 1 27 12
5 5 25 26 24 33 32 1 3 19 18 13
#c 3 0 5 0 2 4 2 3 2 5 2 5 0 0 4 2 4 5 0 0 3 3 3 5 1 1 1 1 4 5 2 3 1 1 2 4
3 2 34 6 15 9 11
4 4 8 4 10 30 17 23 2 29
#c 3 0 5 0 2 4 2 3 2 5 2 5 0 0 4 2 4 5 0 0 3 3 3 5 1 1 1 1 4 5 2 3 1 1 2 4
2 2 7 20 9 2
4 4 22 0 21 31 17 23 11 29
#c 3 0 5 0 2 4 2 3 2 5 2 5 0 0 4 2 4 5 0 0 3 3 3 5 1 1 1 1 4 5 2 3 1 1 2 4
2 2 5 16 26 32
3 4 28 14 35 27 25 24 33
#c 3 0 5 0 2 4 2 3 2 5 2 5 0 0 4 2 4 5 0 0 3 3 3 5 1 1 1 1 4 5 2 3 1 1 2 4
1 1 23 28
5 4 17 9 11 2 29 14 5 16 35
#c 3 0 5 0 2 4 2 3 2 5 2 5 0 0 4 2 4 5 0 0 3 3 3 5 1 1 1 1 4 5 2 3 1 1 2 4
2 2 3 19 7 20
4 4 1 12 18 13 22 0 21 31
#c 3 0 5 0 2 4 2 3 2 5 2 5 0 0 4 2 4 5 0 0 3 3 3 5 1 1 1 1 4 5 2 3 1 1 2 4
1 1 26 20
5 5 27 25 24 33 32 22 0 21 31 7
#c 3 0 5 0 2 4 2 3 2 5 2 5 0 0 4 2 4 5 0 0 3 3 3 5 1 1 1 1 4 5 2 3 1 1 2 4
2 2 8 30 25 24
5 4 15 6 4 10 34 27 26 33 32
#c 3 0 5 0 2 4 2 3 2 5 2 5 0 0 4 2 4 5 0 0 3 3 3 5 1 1 1 1 4 5 2 3 1 1 2 4
1 1 20 29
5 5 22 0 21 31 7 17 23 9 11 2
#c 3 0 5 0 2 4 2 3 2 5 2 5 0 0 4 2 4 5 0 0 5 3 3 5 1 1 1 1 4 3 2 3 1 1 2 4
2 2 28 16 2 23
3 4 14 5 35 17 9 11 20
#c 3 0 4 0 2 4 2 3 2 5 2 5 0 0 4 2 5 5 0 0 5 3 3 4 1 1 1 1 5 3 2 3 1 1 2 4
2 2 16 17 26 24
4 4 9 11 20 28 27 25 33 32
#c 3 0 4 0 2 4 2 3 2 5 2 5 0 0 4 2 5 5 0 0 5 3 3 4 1 1 1 1 5 3 2 3 1 1 2 4
3 3 19 18 3 21 0 31
3 3 1 12 13 22 7 29
#c 3 0 4 0 2 4 2 3 2 5 2 5 0 0 4 2 5 5 0 0 5 3 3 4 1 1 1 1 5 3 2 3 1 1 2 4
2 2 26 33 7 22
4 4 27 25 24 32 0 21 31 29
#c 3 0 4 0 2 4 2 3 2 5 2 5 0 0 4 2 5 5 0 0 5 3 3 4 1 1 1 1 5 3 2 3 1 1 2 4
3 3 4 8 15 5 14 35
4 2 6 10 34 30 2 23
#c 3 0 4 0 2 4 2 3 2 5 2 5 0 0 4 2 5 5 0 0 5 3 3 4 1 1 1 1 5 3 2 3 1 1 2 4
2 2 31 22 27 25
4 4 0 21 7 29 26 24 33 32
#c 3 0 4 0 2 4 2 3 2 5 2 5 0 0 4 2 5 5 0 0 5 3 3 4 1 1 1 1 5 3 2 3 1 1 2 4
1 1 5 6
4 6 14 35 2 23 15 8 4 10 34 30
#c 3 0 4 0 2 4 2 3 2 5 2 5 0 0 4 2 5 5 0 0 5 3 3 4 1 1 1 1 5 3 2 3 1 1 2 4
#c 3 0 4 0 2 4 2 3 2 5 2 5 0 0 4 2 5 5 0 0 5 3 3 4 1 1 1 1 5 3 2 3 1 1 2 4
#c 3 0 4 0 2 4 2 3 2 5 2 5 0 0 4 2 5 5 0 0 5 3 3 4 1 1 1 1 5 3 2 3 1 1 2 4
3 3 26 27 24 7 29 0
3 3 25 33 32 22 21 31
#c 3 0 4 0 2 4 2 3 2 5 2 5 0 0 4 2 5 5 0 0 5 3 3 4 1 1 1 1 5 3 2 3 1 1 2 4
2 2 30 10 26 33
5 4 15 8 6 4 34 27 25 24 32
#c 3 0 4 0 2 4 2 3 2 5 2 5 0 0 4 2 5 5 0 0 5 3 3 4 1 1 1 1 5 3 2 3 1 1 2 4
3 3 7 22 0 33 24 27
3 3 21 31 29 25 26 32
#c 3 0 4 0 2 4 2 3 2 5 2 5 0 0 4 2 5 5 0 0 5 3 3 4 1 1 1 1 5 3 2 3 1 1 2 4
1 1 14 22
4 5 5 35 2 23 0 21 31 7 29
#c 3 0 4 0 2 4 2 3 2 5 2 5 0 0 4 2 5 5 0 0 5 3 3 4 1 1 1 1 5 3 2 3 1 1 2 4
3 3 28 17 11 2 5 35
3 2 9 20 16 14 23
#c 3 0 4 0 2 4 2 3 2 5 2 5 0 0 4 2 5 5 0 0 5 3 3 4 1 1 1 1 5 3 2 3 1 1 2 4
2 1 18 13 20
4 5 1 3 19 12 17 9 11 28 16
#c 3 0 4 0 2 4 2 3 2 5 2 5 0 0 4 2 5 5 0 0 5 3 3 4 1 1 1 1 5 3 2 3 1 1 2 4
2 2 25 32 3 1
4 4 27 26 24 33 19 12 18 13
#c 3 0 4 0 2 4 2 3 2 5 2 5 0 0 4 2 5 5 0 0 5 3 3 4 1 1 1 1 5 3 2 3 1 1 2 4
1 1 4 22
6 5 15 8 6 10 34 30 0 21 31 7 29
#c 3 0 4 0 2 4 2 3 2 5 2 5 0 0 4 2 5 5 0 0 5 3 3 4 1 1 1 1 5 3 2 3 1 1 2 4
3 3 31 22 7 35 2 23
3 2 0 21 29 14 5
#c 3 0 4 0 2 4 2 3 2 5 2 5 0 0 4 2 5 5 0 0 5 3 3 4 1 1 1 1 5 3 2 3 1 1 2 4
1 1 2 30
4 6 14 5 35 23 15 8 6 4 10 34
#c 3 0 2 0 2 4 2 3 2 5 2 5 0 0 4 2 5 5 0 0 5 3 3 4 1 1 1 1 5 3 4 3 1 1 2 4
2 2 9 20 22 29
4 4 17 11 28 16 0 21 31 7
#c 3 0 2 0 2 4 2 3 2 5 2 5 0 0 4 2 5 5 0 0 5 3 3 4 1 1 1 1 5 3 4 3 1 1 2 4
#c 3 0 2 0 2 4 2 3 2 5 2 5 0 0 4 2 5 5 0 0 5 3 3 4 1 1 1 1 5 3 4 3 1 1 2 4
1 2 25 28 9
5 4 27 26 24 33 32 17 11 20 16
#c 3 0 2 0 2 4 2 3 2 5 2 5 0 0 4 2 5 5 0 0 5 3 3 4 1 1 1 1 5 3 4 3 1 1 2 4
#c 3 0 2 0 2 4 2 3 2 5 2 5 0 0 4 2 5 5 0 0 5 3 3 4 1 1 1 1 5 3 4 3 1 1 2 4
#c 3 0 2 0 2 4 2 3 2 5 2 5 0 0 4 2 5 5 0 0 5 3 3 4 1 1 1 1 5 3 4 3 1 1 2 4
1 1 35 13
4 5 14 5 23 30 1 3 19 12 18
#c 3 0 2 0 2 4 2 3 2 5 2 5 0 0 4 2 5 5 0 0 5 3 3 4 1 1 1 1 5 3 4 3 1 1 2 4
2 2 16 17 35 30
4 3 9 11 20 28 14 5 23
#c 3 0 2 0 2 4 2 3 2 5 2 5 0 0 4 2 5 5 0 0 5 3 3 4 1 1 1 1 5 3 4 3 1 1 2 4
1 2 19 15 4
5 5 1 3 12 18 13 8 6 10 34 2
#c 3 0 2 0 2 4 2 3 2 5 2 5 0 0 4 2 5 5 0 0 5 3 3 4 1 1 1 1 5 3 4 3 1 1 2 4
1 1 27 1
5 5 25 26 24 33 32 3 19 12 18 13
#c 3 0 2 0 2 4 2 3 2 5 2 5 0 0 4 2 5 5 0 0 5 3 3 4 1 1 1 1 5 3 4 3 1 1 2 4
1 2 34 21 0
6 4 15 8 6 4 10 2 22 31 7 29
#c 3 0 2 0 2 4 2 3 2 5 2 5 0 0 4 2 5 5 0 0 5 3 3 4 1 1 1 1 5 3 4 3 1 1 2 4
1 1 0 20
5 5 22 21 31 7 29 17 9 11 28 16
#c 3 0 2 0 2 4 2 3 2 5 2 5 0 0 4 2 5 5 0 0 5 3 3 4 1 1 1 1 5 3 4 3 1 1 2 4
#c 3 0 2 0 2 4 2 3 2 5 2 5 0 0 4 2 5 5 0 0 5 3 3 4 1 1 1 1 5 3 4 3 1 1 2 4
2 2 28 11 6 8
4 5 17 9 20 16 15 4 10 34 2
#c 3 0 2 0 2 4 2 3 2 5 2 5 0 0 4 2 5 5 0 0 5 3 3 4 1 1 1 1 5 3 4 3 1 1 2 4
2 2 1 3 22 7
4 4 19 12 18 13 0 21 31 29
#c 3 0 2 0 2 4 2 3 2 5 2 5 0 0 4 2 5 5 0 0 5 3 3 4 1 1 1 1 5 3 4 3 1 1 2 4
3 3 25 27 32 2 6 4
3 4 26 24 33 15 8 10 34
#c 3 0 2 0 2 4 2 3 2 5 2 5 0 0 4 2 5 5 0 0 5 3 3 4 1 1 1 1 5 3 4 3 1 1 2 4
2 2 15 6 1 18
5 4 8 4 10 34 2 3 19 12 13
#c 3 0 2 0 2 4 2 3 2 5 2 5 0 0 4 2 5 5 0 0 5 3 3 4 1 1 1 1 5 3 4 3 1 1 2 4
2 3 7 21 35 23 5
4 2 22 0 31 29 14 30
#c 3 0 2 0 2 4 2 3 2 5 2 5 0 0 4 2 5 5 0 0 5 3 3 4 1 1 1 1 5 3 4 3 1 1 2 4
1 3 23 1 19 18
3 0 2 0 2 4 2 3 2 5 2 5 0 0 4 2 5 5 0 0 5 3 3 4 1 1 1 1 5 3 4 3 1 1 2 4
