#c 0 1 2 3 4 5 0 1 2 3 4 5 0 1 2 3 4 5 0 1 2 3 4 5 0 1 2 3 4 5 0 1 2 3 4 5 0 1 2 3 4 5 0 1 2 3
3 3 25 31 43 8 20 2
5 5 1 7 13 19 37 14 26 32 38 44
#c 0 1 1 3 4 5 0 1 1 3 4 5 0 1 2 3 4 5 0 1 1 3 4 5 0 2 2 3 4 5 0 2 2 3 4 5 0 1 2 3 4 5 0 2 2 3
3 3 43 14 44 7 8 19
5 5 26 32 38 25 31 1 13 37 20 2
#c 0 1 1 3 4 5 0 2 2 3 4 5 0 1 1 3 4 5 0 2 1 3 4 5 0 2 2 3 4 5 0 2 2 3 4 5 0 1 2 3 4 5 0 1 1 3
3 3 15 21 27 37 2 14
5 5 3 9 33 39 45 1 13 20 43 44
#c 0 1 1 3 4 5 0 2 2 3 4 5 0 1 1 3 4 5 0 2 1 3 4 5 0 2 2 3 4 5 0 2 2 3 4 5 0 1 2 3 4 5 0 1 1 3
2 4 16 22 23 17 41 5
5 3 4 10 28 34 40 11 29 35
#c 0 1 1 3 4 5 0 2 2 3 4 5 0 1 1 3 4 5 0 2 1 3 4 5 0 2 2 3 4 5 0 2 2 3 4 5 0 1 2 3 4 5 0 1 1 3
3 3 23 5 35 37 2 43
4 5 11 17 29 41 1 13 20 14 44
#c 0 1 1 3 4 5 0 2 2 3 4 5 0 1 1 3 4 5 0 2 1 3 4 5 0 2 2 3 4 5 0 2 2 3 4 5 0 1 2 3 4 5 0 1 1 3
4 4 0 42 30 18 4 34 40 22
4 3 6 12 24 36 10 16 28
#c 0 1 1 3 4 5 0 2 2 3 4 5 0 1 1 3 4 5 0 2 1 3 4 5 0 2 2 3 4 5 0 2 2 3 4 5 0 1 2 3 4 5 0 1 1 3
2 2 44 14 23 29
6 5 1 13 37 20 2 43 5 11 17 35 41
#c 0 1 1 3 4 5 0 2 2 3 4 5 0 1 1 3 4 5 0 2 1 3 4 5 0 2 2 3 4 5 0 2 2 3 4 5 0 1 2 3 4 5 0 1 1 3
2 2 19 8 43 13
6 6 26 32 38 25 31 7 1 37 20 2 14 44
#c 0 1 1 3 4 5 0 2 2 3 4 5 0 1 1 3 4 5 0 2 1 3 4 5 0 2 2 3 4 5 0 2 2 3 4 5 0 1 2 3 4 5 0 1 1 3
1 1 15 31
7 7 3 9 21 27 33 39 45 26 32 38 25 7 8 19
#c 0 1 1 3 4 5 0 2 2 3 4 5 0 1 1 3 4 5 0 2 1 3 4 5 0 2 2 3 4 5 0 2 2 3 4 5 0 1 2 3 4 5 0 1 1 3
#c 0 1 1 3 4 5 0 2 2 3 4 5 0 1 1 3 4 5 0 2 1 3 4 5 0 2 2 3 4 5 0 2 2 3 4 5 0 1 2 3 4 5 0 1 1 3
1 2 41 39 15
6 6 5 11 17 23 29 35 3 9 21 27 33 45
#c 0 1 1 3 4 5 0 2 2 3 4 5 0 1 1 3 4 5 0 2 1 3 4 5 0 2 2 3 4 5 0 2 2 3 4 5 0 1 2 3 4 5 0 1 1 3
#c 0 1 1 3 4 5 0 2 2 3 4 5 0 1 1 3 4 5 0 2 1 3 4 5 0 2 2 3 4 5 0 2 2 3 4 5 0 1 2 3 4 5 0 1 1 3
2 2 13 20 28 10
6 5 1 37 2 43 14 44 4 16 22 34 40
#c 0 1 1 3 4 5 0 2 2 3 1 5 0 4 1 3 4 5 0 2 4 3 4 5 0 2 2 3 1 5 0 2 2 3 4 5 0 1 2 3 4 5 0 1 1 3
1 1 38 0
7 7 26 32 25 31 7 8 19 6 12 18 24 30 36 42
#c 0 1 1 3 4 5 0 2 2 3 1 5 0 4 1 3 4 5 0 2 4 3 4 5 0 2 2 3 1 5 0 2 2 3 4 5 0 1 2 3 4 5 0 1 1 3
2 1 9 45 36
6 7 3 15 21 27 33 39 0 6 12 18 24 30 42
#c 0 1 1 3 4 5 0 2 2 3 1 5 0 4 1 3 4 5 0 2 4 3 4 5 0 2 2 3 1 5 0 2 2 3 4 5 0 1 2 3 4 5 0 1 1 3
#c 0 1 1 3 4 5 0 2 2 3 1 5 0 4 1 3 4 5 0 2 4 3 4 5 0 2 2 3 1 5 0 2 2 3 4 5 0 1 2 3 4 5 0 1 1 3
1 1 5 0
6 7 11 17 23 29 35 41 6 12 18 24 30 36 42
#c 5 1 1 3 4 0 0 2 2 3 1 5 0 4 1 3 4 5 0 2 4 3 4 5 0 2 2 3 1 5 0 2 2 3 4 5 0 1 2 3 4 5 0 1 1 3
4 4 30 5 42 12 44 43 14 2
4 4 6 18 24 36 1 37 28 10
#c 5 1 0 3 4 1 0 2 2 3 1 5 1 4 0 3 4 5 0 2 4 3 4 5 0 2 2 3 1 5 1 2 2 3 4 5 0 1 2 3 4 5 1 0 0 3
3 3 28 1 5 16 34 40
5 4 37 10 30 42 12 4 22 13 20
#c 5 1 0 3 4 1 0 2 2 3 1 5 1 4 0 3 4 5 0 2 4 3 4 5 0 2 2 3 1 5 1 2 2 3 4 5 0 1 2 3 4 5 1 0 0 3
4 4 26 31 8 38 30 10 42 5
4 4 32 25 7 19 1 37 28 12
#c 5 1 0 3 4 1 0 2 2 3 1 5 1 4 0 3 4 5 0 2 4 3 4 5 0 2 2 3 1 5 1 2 2 3 4 5 0 1 2 3 4 5 1 0 0 3
#c 5 1 0 3 4 1 0 2 2 3 1 5 1 4 0 3 4 5 0 2 4 3 4 5 0 2 2 3 1 5 1 2 2 3 4 5 0 1 2 3 4 5 1 0 0 3
#c 5 1 0 3 4 1 0 2 2 3 1 5 1 4 0 3 4 5 0 2 4 3 4 5 0 2 2 3 1 5 1 2 2 3 4 5 0 1 2 3 4 5 1 0 0 3
3 3 17 29 11 15 9 45
4 5 23 35 41 0 3 21 27 33 39
#c 5 1 0 3 4 1 0 2 2 3 1 5 1 4 0 3 4 5 0 2 4 3 4 5 0 2 2 3 1 5 1 2 2 3 4 5 0 1 2 3 4 5 1 0 0 3
3 3 44 6 18 27 33 15
5 5 24 36 43 14 2 3 9 21 39 45
#c 5 1 0 3 4 1 0 2 2 3 1 5 1 4 0 3 4 5 0 2 4 3 4 5 0 2 2 3 1 5 1 2 2 3 4 5 0 1 2 3 4 5 1 0 0 3
1 1 12 18
7 7 1 37 28 10 30 5 42 6 24 36 44 43 14 2
#c 5 1 0 3 4 1 0 2 2 3 1 5 1 4 0 3 4 5 0 2 4 3 4 5 0 2 2 3 1 5 1 2 2 3 4 5 0 1 2 3 4 5 1 0 0 3
3 3 7 31 38 13 4 20
5 4 26 32 25 8 19 16 22 34 40
#c 5 1 0 3 2 1 0 4 2 3 1 5 1 2 0 3 4 5 0 2 2 3 4 5 0 2 2 3 1 5 1 4 2 3 4 5 0 1 4 3 4 5 1 0 0 3
4 3 39 15 3 27 11 23 29
4 4 9 21 33 45 17 35 41 0
#c 5 1 0 3 2 1 0 4 2 3 1 5 1 2 0 3 4 5 0 2 2 3 4 5 0 2 2 3 1 5 1 4 2 3 4 5 0 1 4 3 4 5 1 0 0 3
1 1 22 23
6 6 16 34 40 7 31 38 11 17 29 35 41 0
#c 5 1 0 3 2 1 0 4 2 3 1 5 1 2 0 3 4 5 0 2 2 3 4 5 0 2 2 3 1 5 1 4 2 3 4 5 0 1 4 3 4 5 1 0 0 3
1 1 41 19
6 7 11 17 23 29 35 0 26 32 25 8 13 4 20
#c 5 1 0 3 2 1 0 4 2 3 1 5 1 2 0 3 4 5 0 5 2 3 4 5 0 2 2 3 1 5 1 4 2 3 4 5 0 1 4 3 4 2 1 0 0 3
1 2 43 35 17
7 5 6 18 24 36 44 14 2 11 23 29 0 19
#c 5 1 0 3 2 1 0 4 2 3 1 5 1 2 0 3 4 5 0 5 2 3 4 5 0 2 2 3 1 5 1 4 2 3 4 5 0 1 4 3 4 2 1 0 0 3
#c 5 1 0 3 2 1 0 4 2 3 1 5 1 2 0 3 4 5 0 5 2 3 4 5 0 2 2 3 1 5 1 4 2 3 4 5 0 1 4 3 4 2 1 0 0 3
1 1 4 14
7 7 26 32 25 8 13 20 41 6 18 24 36 44 43 2
#c 5 1 0 3 2 1 0 4 2 3 1 5 1 2 0 3 4 5 0 5 2 3 4 5 0 2 2 3 1 5 1 4 2 3 4 5 0 1 4 3 4 2 1 0 0 3
3 3 45 39 9 12 30 10
5 5 3 15 21 27 33 1 37 28 5 42
#c 5 1 0 3 2 1 0 4 2 3 1 5 1 2 0 3 4 5 0 5 2 3 4 5 0 2 2 3 1 5 1 4 2 3 4 5 0 1 4 3 4 2 1 0 0 3
#c 5 1 0 3 2 1 0 4 2 3 1 5 1 2 0 3 4 5 0 5 2 3 4 5 0 2 2 3 1 5 1 4 2 3 4 5 0 1 4 3 4 2 1 0 0 3
3 3 23 19 29 36 18 2
4 5 11 17 35 0 6 24 44 43 14
#c 5 1 0 3 2 1 0 4 2 3 1 5 1 2 0 3 4 5 0 5 2 3 4 5 0 2 2 3 1 5 1 4 2 3 4 5 0 1 4 3 4 2 1 0 0 3
3 3 18 36 43 32 13 4
5 5 6 24 44 14 2 26 25 8 20 41
#c 5 1 0 3 0 1 0 4 2 3 1 5 1 0 0 3 4 5 2 5 2 3 4 5 0 2 2 3 1 5 1 4 0 3 4 5 2 1 4 3 4 2 1 2 0 3
2 2 30 28 31 40
6 5 1 37 10 5 42 12 16 22 34 7 38
#c 5 1 0 3 0 1 0 4 2 3 1 5 1 0 0 3 4 5 2 5 2 3 4 5 0 2 2 3 1 5 1 4 0 3 4 5 2 1 4 3 4 2 1 2 0 3
#c 5 1 0 3 0 1 0 4 2 3 1 5 1 0 0 3 4 5 2 5 2 3 4 5 0 2 2 3 1 5 1 4 0 3 4 5 2 1 4 3 4 2 1 2 0 3
1 1 21 31
7 6 3 9 15 27 33 39 45 16 22 34 40 7 38
#c 5 1 0 3 0 1 0 4 2 3 1 5 1 0 0 3 4 5 2 5 2 3 4 5 0 2 2 3 1 5 1 4 0 3 4 5 2 1 4 3 4 2 1 2 0 3
3 3 31 34 38 2 24 44
4 5 16 22 40 7 6 14 32 13 4
#c 5 1 4 3 0 1 0 4 2 3 1 5 1 0 0 3 4 5 2 5 2 3 4 5 4 2 2 3 1 5 1 0 0 3 0 5 2 1 0 3 4 2 1 2 4 3
#c 5 1 4 3 0 1 0 4 2 3 1 5 1 0 0 3 4 5 2 5 2 3 4 5 4 2 2 3 1 5 1 0 0 3 0 5 2 1 0 3 4 2 1 2 4 3
1 1 38 20
7 7 6 14 32 13 4 31 34 26 25 8 41 18 36 43
#c 5 1 4 3 0 1 0 4 2 3 1 5 1 0 0 3 4 5 2 5 0 3 4 5 4 2 2 3 1 5 1 0 0 3 0 5 2 1 2 3 4 2 1 2 4 3
3 1 42 10 37 26
5 7 1 28 30 5 12 25 8 41 18 36 43 38
#c 5 1 4 3 0 1 0 4 2 3 1 5 1 0 0 3 4 5 2 5 0 3 4 5 4 2 2 3 1 5 1 0 0 3 0 5 2 1 2 3 4 2 1 2 4 3
4 4 18 26 25 41 16 24 22 40
4 3 8 36 43 38 7 2 44
#c 5 1 4 3 0 1 0 4 2 3 1 5 1 0 0 3 4 5 2 5 0 3 4 5 4 2 2 3 1 5 1 0 0 3 0 5 2 1 2 3 4 2 1 2 4 3
1 1 9 14
7 7 3 15 21 27 33 39 45 6 32 13 4 31 34 20
#c 5 1 4 3 0 1 0 4 2 3 1 5 1 0 0 3 4 5 2 5 0 3 4 5 4 2 2 3 1 5 1 0 0 3 0 5 2 1 2 3 4 2 1 2 4 3
#c 5 1 4 3 0 1 0 4 2 3 1 5 1 0 0 3 4 5 2 5 0 3 4 5 4 2 2 3 1 5 1 0 0 3 0 5 2 1 2 3 4 2 1 2 4 3
2 2 17 23 5 30
5 6 11 29 35 0 19 1 37 28 10 42 12
#c 5 1 4 3 0 1 0 4 2 3 1 5 1 0 0 3 4 5 2 5 0 3 4 5 4 2 2 3 1 5 1 0 0 3 0 5 2 1 2 3 4 2 1 2 4 3
1 1 20 9
7 7 6 14 32 13 4 31 34 3 15 21 27 33 39 45
#c 5 1 4 3 0 1 0 4 2 3 1 5 1 0 0 3 4 5 2 5 0 3 4 5 4 2 2 3 1 5 1 0 0 3 0 5 2 1 2 3 4 2 1 2 4 3
2 2 30 42 18 38
6 6 1 37 28 10 5 12 26 25 8 41 36 43
#c 5 1 4 3 0 1 0 4 2 3 1 5 1 0 0 3 4 5 2 5 0 3 4 5 4 2 2 3 1 5 1 0 0 3 0 5 2 1 2 3 4 2 1 2 4 3
#c 5 1 4 3 0 1 0 4 2 3 1 5 1 0 0 3 4 5 2 5 0 3 4 5 4 2 2 3 1 5 1 0 0 3 0 5 2 1 2 3 4 2 1 2 4 3
#c 5 1 4 3 0 1 0 4 2 3 1 5 1 0 0 3 4 5 2 5 0 3 4 5 4 2 2 3 1 5 1 0 0 3 0 5 2 1 2 3 4 2 1 2 4 3
3 4 22 2 7 41 26 18 43
4 4 16 40 24 44 25 8 36 38
#c 5 1 4 3 0 1 0 4 2 3 1 5 1 0 0 3 4 5 2 5 0 3 4 5 4 2 2 3 1 5 1 0 0 3 0 5 2 1 2 3 4 2 1 2 4 3
2 3 35 0 5 37 10
5 5 11 17 23 29 19 1 28 30 42 12
#c 5 1 4 3 0 1 0 4 2 3 1 5 1 0 0 3 4 5 2 5 0 3 4 5 4 2 2 3 1 5 1 0 0 3 0 5 2 1 2 3 4 2 1 2 4 3
3 3 20 32 4 30 10 12
5 5 6 14 13 31 34 1 37 28 5 42
#c 5 1 4 3 0 1 0 4 2 3 1 5 1 0 0 3 4 5 2 5 0 3 4 5 4 2 2 3 1 5 1 0 0 3 0 5 2 1 2 3 4 2 1 2 4 3
4 4 10 12 5 1 17 23 19 11
4 3 37 28 30 42 29 35 0
#c 5 1 4 3 0 1 0 4 2 3 1 5 1 0 0 3 4 5 2 5 0 3 4 5 4 2 2 3 1 5 1 0 0 3 0 5 2 1 2 3 4 2 1 2 4 3
4 4 38 25 43 18 45 27 9 33
4 4 26 8 41 36 3 15 21 39
#c 5 1 4 3 0 1 0 4 2 3 1 5 1 0 0 3 4 5 2 5 0 3 4 5 4 2 2 3 1 5 1 0 0 3 0 5 2 1 2 3 4 2 1 2 4 3
3 4 9 45 33 24 44 16 2
5 3 3 15 21 27 39 22 40 7
#c 5 1 3 3 0 1 0 4 2 4 1 5 1 0 0 3 3 5 2 5 0 3 4 5 3 2 2 3 1 5 1 0 0 4 0 5 2 1 2 3 4 2 1 2 3 4
1 1 22 37
5 7 40 7 9 45 33 1 28 10 30 5 42 12
#c 5 1 3 3 0 1 0 4 2 4 1 5 1 0 0 3 3 5 2 5 0 3 1 5 3 2 2 3 1 5 1 0 0 4 0 5 2 4 2 3 4 2 1 2 3 4
3 2 0 35 23 4 20
4 6 11 17 29 19 6 14 32 13 31 34
#c 5 1 3 3 0 1 0 4 2 4 1 5 1 0 0 3 3 5 2 5 0 3 1 5 3 2 2 3 1 5 1 0 0 4 0 5 2 4 2 3 4 2 1 2 3 4
3 3 13 4 34 25 41 26
5 5 6 14 32 31 20 8 18 36 43 38
#c 5 1 3 3 0 1 0 4 2 4 1 5 1 0 0 3 3 5 2 5 0 3 1 5 3 2 2 3 1 5 1 0 0 4 0 5 2 4 2 3 4 2 1 2 3 4
4 4 22 42 12 10 38 41 26 25
4 4 1 28 30 5 8 18 36 43
#c 5 1 3 3 0 1 0 4 2 4 2 5 2 0 0 3 3 5 2 5 0 3 2 5 3 1 1 3 1 5 1 0 0 4 0 5 2 4 1 3 4 1 2 2 3 4
4 6 12 8 36 18 24 16 44 15 2 39
4 3 43 22 42 10 3 21 27
#c 5 1 3 3 0 1 0 4 2 4 2 5 2 0 0 3 3 5 2 5 0 3 2 5 3 1 1 3 1 5 1 0 0 4 0 5 2 4 1 3 4 1 2 2 3 4
3 3 2 15 24 23 0 19
6 4 3 21 27 39 44 16 11 17 29 35
#c 5 1 3 3 0 1 0 4 2 4 2 5 2 0 0 3 3 5 2 5 0 3 2 5 3 1 1 3 1 5 1 0 0 4 0 5 2 4 1 3 4 1 2 2 3 4
#c 5 1 3 3 0 1 0 4 2 4 2 5 2 0 0 3 3 5 2 5 0 3 2 5 3 1 1 3 1 5 1 0 0 4 0 5 2 4 1 3 4 1 2 2 3 4
3 3 17 23 19 38 41 28
4 5 11 29 35 0 1 30 5 26 25
#c 5 1 3 3 0 1 0 4 2 4 2 5 2 0 0 3 3 5 2 5 0 3 2 5 3 1 1 3 1 5 1 0 0 4 0 5 2 4 1 3 4 1 2 2 3 4
3 3 31 20 14 0 29 35
5 4 6 32 13 4 34 11 17 23 19
#c 5 1 3 3 0 1 0 4 2 4 2 5 2 0 0 3 3 5 2 5 0 3 2 5 3 1 1 3 1 5 1 0 0 4 0 5 2 4 1 3 4 1 2 2 3 4
1 1 1 18
7 7 28 30 5 38 41 26 25 8 36 43 22 42 12 10
#c 5 1 3 3 0 1 0 4 2 4 2 5 2 0 0 3 3 5 2 5 0 3 2 5 3 1 1 3 1 5 1 0 0 4 0 5 2 4 1 3 4 1 2 2 3 4
1 1 18 4
7 7 8 36 43 22 42 12 10 6 14 32 13 31 34 20
#c 5 1 3 3 2 1 0 4 2 4 2 5 2 0 0 3 3 5 0 5 0 3 2 5 3 1 1 3 1 5 1 0 0 4 0 5 2 4 1 3 4 1 2 2 3 4
3 3 24 2 15 7 33 37
6 3 3 21 27 39 44 16 40 9 45
#c 5 1 4 3 2 1 0 3 2 4 2 5 2 0 0 4 3 5 0 5 0 3 2 5 4 1 1 3 1 5 1 0 0 3 0 5 2 3 1 3 4 1 2 2 3 4
3 3 9 24 45 32 20 34
3 5 40 2 15 6 14 13 31 18
#c 5 1 4 3 2 1 0 3 2 4 2 5 2 0 0 4 3 5 0 5 0 3 2 5 4 1 1 3 1 5 1 0 0 3 0 5 2 3 1 3 4 1 2 2 3 4
1 1 29 1
6 7 11 17 23 35 0 19 28 30 5 38 41 26 25
#c 5 5 4 3 2 1 0 3 2 4 2 5 2 0 0 4 3 5 0 5 0 3 2 5 4 1 1 3 1 1 1 0 0 3 0 5 2 3 1 3 4 1 2 2 3 4
3 3 32 20 14 21 3 37
5 6 6 13 31 34 18 27 39 44 16 7 33
#c 5 5 4 3 2 1 0 3 2 4 2 5 2 0 0 4 3 5 0 5 0 3 2 5 4 1 1 3 1 1 1 0 0 3 0 5 2 3 1 3 4 1 2 2 3 4
1 1 26 19
7 6 28 30 5 38 41 25 29 11 17 23 35 0 1
#c 5 5 4 3 2 1 0 3 2 4 2 5 2 0 0 4 3 5 0 1 0 3 2 5 4 1 5 3 1 1 1 0 0 3 0 5 2 3 1 3 4 1 2 2 3 4
3 3 4 43 22 44 27 39
5 6 8 36 42 12 10 3 21 16 7 33 37
#c 5 5 4 3 2 1 0 3 2 4 2 5 2 0 0 4 3 5 0 1 0 3 2 5 4 1 5 3 1 1 1 0 0 3 0 5 2 3 1 3 4 1 2 2 3 4
2 2 37 27 17 26
7 5 3 21 39 44 16 7 33 11 23 35 0 1
#c 5 5 4 3 2 1 0 3 2 4 2 5 2 0 0 4 3 5 0 1 0 3 2 5 4 1 5 3 1 1 1 0 0 3 0 5 2 3 1 3 4 1 2 2 3 4
2 2 24 9 8 12
4 6 40 45 2 15 36 43 22 42 10 4
#c 5 5 4 3 2 1 0 3 4 2 2 5 4 0 0 4 3 5 0 1 0 3 2 5 2 1 5 3 1 1 1 0 0 3 0 5 2 3 1 3 4 1 2 2 3 4
#c 5 5 4 3 2 1 0 3 4 2 2 5 4 0 0 4 3 5 0 1 0 3 2 5 2 1 5 3 1 1 1 0 0 3 0 5 2 3 1 3 4 1 2 2 3 4
2 2 31 13 5 29
6 6 6 14 32 34 20 18 28 30 38 41 25 19
#c 5 5 4 3 2 1 0 3 4 2 2 5 4 0 0 4 3 5 0 1 0 3 2 5 2 1 5 3 1 1 1 0 0 3 0 5 2 3 1 3 4 1 2 2 3 4
3 3 30 29 41 39 7 3
5 6 28 5 38 25 19 21 27 44 16 33 37
#c 5 5 4 3 2 1 0 3 4 2 2 5 4 0 0 4 3 5 0 1 0 3 2 5 2 1 5 3 1 1 1 0 0 3 0 5 2 3 1 3 4 1 2 2 3 4
3 3 36 4 9 28 25 19
5 5 43 22 42 10 24 30 5 38 41 29
#c 5 5 4 3 2 1 0 3 4 2 2 5 4 0 0 4 3 5 0 1 0 3 2 5 2 1 5 3 1 1 1 0 0 3 0 5 2 3 1 3 4 1 2 2 3 4
1 1 39 18
8 7 3 21 27 44 16 7 33 37 6 14 32 13 31 34 20
#c 5 5 4 3 2 1 0 3 4 2 2 5 4 0 0 4 3 5 0 1 0 3 2 5 2 1 5 3 1 1 1 0 0 3 0 5 2 3 1 3 4 1 2 2 3 4
2 2 45 40 38 29
4 6 2 15 8 12 28 30 5 41 25 19
#c 5 5 4 3 2 1 0 3 4 2 2 5 4 0 0 4 3 5 0 1 0 3 2 5 2 1 5 3 1 1 1 0 0 3 0 5 2 3 1 3 4 1 2 2 3 4
3 2 1 35 26 31 32
4 6 11 17 23 0 6 14 13 34 20 18
#c 5 0 4 3 2 1 0 3 4 2 2 5 4 0 0 4 3 5 0 1 0 3 2 5 2 1 0 3 1 1 1 5 5 3 0 0 2 3 1 3 4 1 2 2 3 4
1 1 13 17
8 5 6 14 34 20 18 1 35 26 11 23 0 31 32
#c 5 0 4 3 2 1 0 3 4 2 2 5 4 0 0 4 3 5 0 1 0 3 2 5 2 1 0 3 1 1 1 5 5 3 0 0 2 3 1 3 4 1 2 2 3 4
4 4 41 38 29 19 0 11 31 32
4 2 28 30 5 25 17 23
#c 5 0 4 3 2 1 0 3 4 2 2 5 4 0 0 4 3 5 0 1 0 3 2 5 2 1 0 3 1 1 1 5 5 3 0 0 2 3 1 3 4 1 2 2 3 4
4 4 4 22 36 42 21 27 44 3
4 5 43 10 24 9 39 16 7 33 37
#c 5 0 4 2 3 1 0 3 4 2 2 5 4 0 0 4 3 5 0 1 0 2 3 5 2 1 0 2 1 1 1 5 5 3 0 0 3 3 1 3 4 1 3 2 2 4
1 2 22 12 8
5 0 4 2 3 1 0 3 4 2 2 5 4 0 0 4 3 5 0 1 0 2 3 5 2 1 0 2 1 1 1 5 5 3 0 0 3 3 1 3 4 1 3 2 2 4
