#c 0 1 2 3 4 0 1 2 3 4 0 1 2 3 4 0 1 2 3 4 0 1 2 3 4 0 1 2 3 4 0 1 2 3 4 0 1 2 3 4 0 1 2 3 4 0 1 2 3 4 0 1 2 3 4 0 1 2 3 4 0
2 2 11 51 28 48
10 10 1 6 16 21 26 31 36 41 46 56 3 8 13 18 23 33 38 43 53 58
#c 0 1 2 3 4 0 1 2 3 4 0 3 2 3 4 0 1 2 3 4 0 1 2 3 4 0 1 2 1 4 0 1 2 3 4 0 1 2 3 4 0 1 2 3 4 0 1 2 1 4 0 3 2 3 4 0 1 2 3 4 0
4 4 12 37 22 57 39 29 19 14
8 8 2 7 17 27 32 42 47 52 4 9 24 34 44 49 54 59
#c 0 1 2 3 4 0 1 2 3 4 0 3 4 3 2 0 1 2 3 2 0 1 4 3 4 0 1 2 1 2 0 1 2 3 4 0 1 4 3 2 0 1 2 3 4 0 1 2 1 4 0 3 2 3 4 0 1 4 3 4 0
#c 0 1 2 3 4 0 1 2 3 4 0 3 4 3 2 0 1 2 3 2 0 1 4 3 4 0 1 2 1 2 0 1 2 3 4 0 1 4 3 2 0 1 2 3 4 0 1 2 1 4 0 3 2 3 4 0 1 4 3 4 0
4 4 34 24 54 9 7 47 14 29
8 8 4 44 49 59 12 37 22 57 2 17 27 32 42 52 39 19
#c 0 1 2 3 4 0 1 4 3 2 0 3 4 3 4 0 1 2 3 2 0 1 4 3 2 0 1 2 1 4 0 1 2 3 2 0 1 4 3 2 0 1 2 3 4 0 1 4 1 4 0 3 2 3 2 0 1 4 3 4 0
2 2 0 20 27 9
11 10 5 10 15 25 30 35 40 45 50 55 60 2 17 32 42 52 39 19 34 24 54
#c 2 1 2 3 4 0 1 4 3 0 0 3 4 3 4 0 1 2 3 2 2 1 4 3 2 0 1 0 1 4 0 1 2 3 2 0 1 4 3 2 0 1 2 3 4 0 1 4 1 4 0 3 2 3 2 0 1 4 3 4 0
4 4 31 1 56 46 19 2 17 0
8 8 6 16 21 26 36 41 28 48 32 42 52 39 34 24 54 20
#c 2 1 2 3 4 0 1 4 3 0 0 3 4 3 4 0 1 2 3 2 2 1 4 3 2 0 1 0 1 4 0 1 2 3 2 0 1 4 3 2 0 1 2 3 4 0 1 4 1 4 0 3 2 3 2 0 1 4 3 4 0
5 5 52 24 19 17 2 14 44 37 12 29
7 7 32 42 39 34 54 0 20 4 49 59 22 57 7 47
#c 2 1 2 3 4 0 1 4 3 0 0 3 4 3 4 0 1 2 3 2 2 1 4 3 2 0 1 0 1 4 0 1 2 3 2 0 1 4 3 2 0 1 2 3 4 0 1 4 1 4 0 3 2 3 2 0 1 4 3 4 0
3 3 58 38 3 47 44 14
9 9 8 13 18 23 33 43 53 11 51 4 49 59 12 37 22 57 7 29
#c 2 1 2 3 4 0 1 4 3 0 0 3 4 3 4 0 1 2 3 2 2 1 4 3 2 0 1 0 1 4 0 1 2 3 2 0 1 4 3 2 0 1 2 3 4 0 1 4 1 4 0 3 2 3 2 0 1 4 3 4 0
#c 2 1 2 3 4 0 1 4 3 0 0 3 4 3 4 0 1 2 3 2 2 1 4 3 2 0 1 0 1 4 0 1 2 3 2 0 1 4 3 2 0 1 2 3 4 0 1 4 1 4 0 3 2 3 2 0 1 4 3 4 0
2 1 30 10 7
11 11 5 15 25 35 40 45 50 55 60 27 9 4 44 49 59 12 37 22 57 47 14 29
#c 2 1 2 3 4 0 1 0 3 0 4 3 4 3 4 0 1 2 3 2 2 1 4 3 2 0 1 0 1 4 4 1 2 3 2 0 1 4 3 2 0 1 2 3 4 0 1 4 1 4 0 3 2 3 2 0 1 4 3 4 0
5 7 41 48 36 26 21 53 43 38 13 51 18 11
7 5 1 6 16 31 46 56 28 3 8 23 33 58
#c 2 1 2 3 4 0 1 0 3 0 4 3 4 3 4 0 1 2 3 2 2 1 4 3 2 0 1 0 1 4 4 1 2 3 2 0 1 4 3 2 0 1 2 3 4 0 1 4 1 4 0 3 2 3 2 0 1 4 3 4 0
1 1 54 59
11 12 2 17 32 42 52 39 19 34 24 0 20 4 44 49 12 37 22 57 47 14 29 30 10
#c 2 1 2 3 4 0 1 0 3 0 4 3 4 3 4 0 1 2 3 2 2 1 4 3 2 0 1 0 1 4 4 1 2 3 2 0 1 4 3 2 0 1 2 3 4 0 1 4 1 4 0 3 2 3 2 0 1 4 3 4 0
#c 2 1 2 3 4 0 1 0 3 0 4 3 4 3 4 0 1 2 3 2 2 1 4 3 2 0 1 0 1 4 4 1 2 3 2 0 1 4 3 2 0 1 2 3 4 0 1 4 1 4 0 3 2 3 2 0 1 4 3 4 0
3 3 14 47 29 40 9 27
10 9 4 44 49 59 12 37 22 57 30 10 5 15 25 35 45 50 55 60 7
#c 2 1 2 3 4 0 1 0 3 0 4 3 4 3 4 0 1 2 3 2 2 1 4 3 2 0 1 0 1 4 4 1 2 3 2 0 1 4 3 2 0 1 2 3 4 0 1 4 1 4 0 3 2 3 2 0 1 4 3 4 0
2 2 25 50 38 11
10 10 5 15 35 40 45 55 60 27 9 7 3 8 13 18 23 33 43 53 58 51
#c 2 1 2 3 4 0 1 0 3 0 4 3 4 3 4 0 1 2 3 2 2 1 4 3 2 0 1 0 1 4 4 1 2 3 2 0 1 4 3 2 0 1 2 3 4 0 1 4 1 4 0 3 2 3 2 0 1 4 3 4 0
6 6 16 31 41 26 1 48 53 43 8 11 13 18
6 6 6 21 36 46 56 28 3 23 33 38 58 51
#c 2 3 2 3 4 0 1 0 1 0 4 1 4 1 4 0 3 2 1 2 2 1 4 3 2 0 3 0 1 4 4 3 2 3 2 0 1 4 3 2 0 3 2 1 4 0 1 4 3 4 0 3 2 1 2 0 1 4 3 4 0
#c 2 3 2 3 4 0 1 0 1 0 4 1 4 1 4 0 3 2 1 2 2 1 4 3 2 0 3 0 1 4 4 3 2 3 2 0 1 4 3 2 0 3 2 1 4 0 1 4 3 4 0 3 2 1 2 0 1 4 3 4 0
2 2 1 38 19 24
10 10 3 23 33 58 51 16 31 41 26 48 2 17 32 42 52 39 34 54 0 20
#c 2 3 2 3 4 0 1 0 1 0 4 1 4 1 4 0 3 2 1 2 2 1 4 3 2 0 3 0 1 4 4 3 2 3 2 0 1 4 3 2 0 3 2 1 4 0 1 4 3 4 0 3 2 1 2 0 1 4 3 4 0
1 1 59 18
12 11 4 44 49 12 37 22 57 47 14 29 30 10 6 21 36 46 56 28 53 43 8 11 13
#c 2 3 2 3 4 0 1 0 1 0 4 1 4 1 4 0 3 2 1 2 2 1 4 3 2 0 3 0 1 4 4 3 2 3 2 0 1 4 3 2 0 3 2 1 4 0 1 4 3 4 0 3 2 1 2 0 1 4 3 4 0
6 5 27 5 45 25 55 60 0 17 42 24 2
6 7 15 35 40 50 9 7 32 52 39 19 34 54 20
#c 2 3 2 3 4 0 1 0 1 0 4 1 4 1 4 0 3 2 1 2 2 1 4 3 2 0 3 0 1 4 4 3 2 3 2 0 1 4 3 2 0 3 2 1 4 0 1 4 3 4 0 3 2 1 2 0 1 4 3 4 0
4 4 46 8 21 11 48 23 41 16
8 8 6 36 56 28 53 43 13 18 3 33 38 58 51 31 26 1
#c 2 3 2 3 4 0 1 0 1 0 4 1 4 1 4 0 3 2 1 2 2 1 4 3 2 0 3 0 1 4 4 3 2 3 2 0 1 4 3 2 0 3 2 1 4 0 1 4 3 4 0 3 2 1 2 0 1 4 3 4 0
5 5 39 34 54 19 0 4 47 57 44 49
7 8 2 17 32 42 52 24 20 59 12 37 22 14 29 30 10
#c 2 3 2 3 4 0 1 0 1 0 4 1 4 1 4 0 3 2 1 2 2 1 4 3 2 0 3 0 1 4 4 3 2 3 2 0 1 4 3 2 0 3 2 1 4 0 1 4 3 4 0 3 2 1 2 0 1 4 3 4 0
3 3 23 41 33 2 32 20
9 9 3 38 58 51 16 31 26 1 48 17 42 52 39 19 34 24 54 0
#c 2 3 2 3 4 0 1 0 1 0 4 1 4 1 4 0 3 2 1 2 2 1 4 3 2 0 3 0 1 4 4 3 2 3 2 0 1 4 3 2 0 3 2 1 4 0 1 4 3 4 0 3 2 1 2 0 1 4 3 4 0
6 5 57 47 4 14 22 37 25 45 50 35 9
7 7 44 49 59 12 29 30 10 5 15 40 55 60 27 7
#c 2 3 2 3 4 0 1 0 1 0 4 1 4 1 4 0 3 2 1 2 2 1 4 3 2 0 3 0 1 4 4 3 2 3 2 0 1 4 3 2 0 3 2 1 4 0 1 4 3 4 0 3 2 1 2 0 1 4 3 4 0
5 5 55 27 5 40 45 41 16 33 51 23
7 7 15 25 35 50 60 9 7 3 38 58 31 26 1 48
#c 2 3 2 3 4 0 1 0 1 0 4 1 4 1 4 0 3 2 1 2 2 1 4 3 2 0 3 0 1 4 4 3 2 3 2 0 1 4 3 2 0 3 2 1 4 0 1 4 3 4 0 3 2 1 2 0 1 4 3 4 0
5 6 6 56 28 13 53 29 49 10 57 37 12
7 7 21 36 46 43 8 11 18 4 44 59 22 47 14 30
#c 2 3 2 3 4 0 1 0 1 0 4 1 4 1 4 0 3 2 1 2 2 1 4 3 2 0 3 0 1 4 4 3 2 3 2 0 1 4 3 2 0 3 2 1 4 0 1 4 3 4 0 3 2 1 2 0 1 4 3 4 0
1 2 42 23 48
11 10 2 17 32 52 39 19 34 24 54 0 20 3 33 38 58 51 16 31 41 26 1
#c 2 3 2 3 4 0 1 0 1 0 4 1 4 1 4 0 3 2 1 2 2 1 4 3 2 0 3 0 1 4 4 3 2 3 2 0 1 4 3 2 0 3 2 1 4 0 1 4 3 4 0 3 2 1 2 0 1 4 3 4 0
2 2 38 3 18 36
10 10 23 33 58 51 16 31 41 26 1 48 6 21 46 56 28 53 43 8 11 13
#c 2 3 2 3 4 0 1 0 1 0 4 1 4 1 4 0 3 2 1 2 2 1 4 3 2 0 3 0 1 4 4 3 2 3 2 0 1 4 3 2 0 3 2 1 4 0 1 4 3 4 0 3 2 1 2 0 1 4 3 4 0
#c 2 3 2 3 4 0 1 0 1 0 4 1 4 1 4 0 3 2 1 2 2 1 4 3 2 0 3 0 1 4 4 3 2 3 2 0 1 4 3 2 0 3 2 1 4 0 1 4 3 4 0 3 2 1 2 0 1 4 3 4 0
2 4 45 27 14 49 30 29
10 9 5 15 25 35 40 50 55 60 9 7 4 44 59 12 37 22 57 47 10
#c 2 3 2 3 4 0 1 0 1 0 4 1 4 1 4 0 3 2 1 2 2 1 4 3 2 0 3 0 1 4 4 3 2 3 2 0 1 4 3 2 0 3 2 1 4 0 1 4 3 4 0 3 2 1 2 0 1 4 3 4 0
#c 2 3 2 3 4 0 1 0 1 0 4 1 4 1 4 0 3 2 1 2 2 1 4 3 2 0 3 0 1 4 4 3 2 3 2 0 1 4 3 2 0 3 2 1 4 0 1 4 3 4 0 3 2 1 2 0 1 4 3 4 0
2 2 2 39 15 9
10 10 17 32 42 52 19 34 24 54 0 20 5 25 35 40 45 50 55 60 27 7
#c 2 3 2 3 4 0 1 0 1 0 4 1 4 1 4 0 3 2 1 2 2 1 4 3 2 0 3 0 1 4 4 3 2 3 2 0 1 4 3 2 0 3 2 1 4 0 1 4 3 4 0 3 2 1 2 0 1 4 3 4 0
3 3 58 51 23 5 55 15
9 9 3 33 38 16 31 41 26 1 48 25 35 40 45 50 60 27 9 7
#c 2 3 2 3 4 0 1 0 1 0 4 1 4 1 4 0 3 2 1 2 2 1 4 3 2 0 3 0 1 4 4 3 2 3 2 0 1 4 3 2 0 3 2 1 4 0 1 4 3 4 0 3 2 1 2 0 1 4 3 4 0
6 6 47 12 30 22 37 57 39 24 52 17 34 2
7 6 4 44 49 59 14 29 10 32 42 19 54 0 20
#c 2 3 2 3 4 0 1 0 1 0 4 1 4 1 4 0 3 2 1 2 2 1 4 3 2 0 3 0 1 4 4 3 2 3 2 0 1 4 3 2 0 3 2 1 4 0 1 4 3 4 0 3 2 1 2 0 1 4 3 4 0
5 4 7 40 15 35 27 52 42 34 54
7 8 5 25 45 50 55 60 9 2 17 32 39 19 24 0 20
#c 2 3 2 3 4 0 1 2 1 0 4 1 4 1 4 2 3 2 1 2 2 1 4 3 2 0 3 2 1 4 4 3 2 3 0 2 1 4 3 2 2 3 0 1 4 0 1 4 3 4 0 3 0 1 0 0 1 4 3 4 0
4 4 53 11 43 18 45 54 34 55
8 7 6 21 36 46 56 28 8 13 5 25 50 60 9 52 42
#c 2 3 2 3 4 0 1 2 1 0 4 1 4 1 4 2 3 2 1 2 2 1 4 3 2 0 3 2 1 4 4 3 2 3 0 2 1 4 3 2 2 3 0 1 4 0 1 4 3 4 0 3 0 1 0 0 1 4 3 4 0
2 2 40 32 45 55
11 9 2 17 39 19 24 0 20 7 15 35 27 5 25 50 60 9 52 42 34 54
#c 2 3 2 3 4 0 1 2 1 0 4 1 4 1 4 2 3 2 1 2 2 1 4 3 2 0 3 2 1 4 4 3 2 3 0 2 1 4 3 2 2 3 0 1 4 0 1 4 3 4 0 3 0 1 0 0 1 4 3 4 0
1 1 48 13
11 11 3 23 33 38 58 51 16 31 41 26 1 6 21 36 46 56 28 53 43 8 11 18
#c 2 3 2 3 4 0 1 2 1 0 4 1 4 1 4 2 3 2 1 2 2 1 4 3 2 0 3 2 1 4 4 3 2 3 0 2 1 4 3 2 2 3 0 1 4 0 1 4 3 4 0 3 0 1 0 0 1 4 3 4 0
3 3 12 30 47 48 16 41
10 9 4 44 49 59 37 22 57 14 29 10 3 23 33 38 58 51 31 26 1
#c 2 3 2 3 4 0 1 2 1 0 4 1 3 1 4 2 4 2 1 2 2 1 4 3 2 0 3 2 1 4 3 3 2 3 0 2 1 4 3 2 2 4 0 1 4 0 1 3 4 4 0 3 0 1 0 0 1 4 3 4 0
1 1 5 46
10 11 25 45 50 55 60 9 52 42 34 54 6 21 36 56 28 53 43 8 11 13 18
#c 2 3 2 3 4 1 1 2 1 0 4 1 3 1 4 2 4 2 1 2 2 1 4 3 2 0 3 2 1 4 3 3 2 3 0 2 1 4 3 2 2 4 0 1 4 0 0 3 4 4 0 3 0 1 0 0 1 4 3 4 0
3 3 5 28 13 55 54 25
9 8 6 21 36 56 53 43 8 11 18 45 50 60 9 52 42 34 46
#c 2 3 2 3 4 1 1 2 1 0 4 1 3 1 4 2 4 2 1 2 2 1 4 3 2 0 3 2 1 4 3 3 2 3 0 2 1 4 3 2 2 4 0 1 4 0 0 3 4 4 0 3 0 1 0 0 1 4 3 4 0
1 1 2 58
12 11 17 32 39 19 24 0 20 7 40 15 35 27 3 23 33 38 51 31 26 1 12 30 47
#c 2 3 2 3 4 1 1 2 1 0 4 1 3 1 4 2 4 2 1 2 2 1 4 3 2 0 3 2 1 4 3 3 2 3 0 2 1 4 3 2 2 4 0 1 4 0 0 3 4 4 0 3 0 1 0 0 1 4 3 4 0
#c 2 3 2 3 4 1 1 2 1 0 4 1 3 1 4 2 4 2 1 2 2 1 4 3 2 0 3 2 1 4 3 3 2 3 0 2 1 4 3 2 2 4 0 1 4 0 0 3 4 4 0 3 0 1 0 0 1 4 3 4 0
6 6 10 14 49 44 22 16 25 60 42 45 52 55
7 5 4 59 37 57 29 48 41 50 9 34 54 46
#c 2 3 2 3 4 1 1 2 1 0 4 1 3 1 4 2 4 2 1 2 2 1 4 3 2 0 3 2 1 4 3 3 2 3 0 2 1 4 3 2 2 4 0 1 4 0 0 3 4 4 0 3 0 1 0 0 1 4 3 4 0
#c 2 3 2 3 4 1 1 2 1 0 4 1 3 1 4 2 4 2 1 2 2 1 4 3 2 0 3 2 1 4 3 3 2 3 0 2 1 4 3 2 2 4 0 1 4 0 0 3 4 4 0 3 0 1 0 0 1 4 3 4 0
2 2 53 11 10 37
10 11 6 21 36 56 28 43 8 13 18 5 4 44 49 59 22 57 14 29 48 16 41
#c 2 3 2 3 4 1 1 2 1 0 4 1 3 1 4 2 4 2 1 2 2 1 4 3 2 0 3 2 1 4 3 3 2 3 0 2 1 4 3 2 2 4 0 1 4 0 0 3 4 4 0 3 0 1 0 0 1 4 3 4 0
6 6 7 0 27 17 40 19 44 4 22 16 10 48
7 7 2 32 39 24 20 15 35 49 59 37 57 14 29 41
#c 2 3 2 3 4 1 1 2 1 0 4 1 3 1 4 2 4 2 1 2 2 1 4 3 2 0 3 2 1 4 3 3 2 3 0 2 1 4 3 2 2 4 0 1 4 0 0 3 4 4 0 3 0 1 0 0 1 4 3 4 0
4 4 31 30 51 38 34 9 52 45
8 7 3 23 33 58 26 1 12 47 25 50 55 60 42 54 46
#c 2 3 2 3 4 1 1 2 1 0 4 1 3 1 4 2 4 2 1 2 2 1 4 3 2 0 3 2 1 4 3 3 2 3 0 2 1 4 3 2 2 4 0 1 4 0 0 3 4 4 0 3 0 1 0 0 1 4 3 4 0
1 1 16 50
12 10 4 44 49 59 37 22 57 14 29 10 48 41 25 45 55 60 9 52 42 34 54 46
#c 2 3 2 3 4 1 1 2 1 0 4 1 3 1 4 2 4 2 1 2 2 1 4 3 2 0 3 2 1 4 3 3 2 3 0 2 1 4 3 2 2 4 0 1 4 0 0 3 4 4 0 3 0 1 0 0 1 4 3 4 0
2 2 54 46 29 16
9 11 25 45 50 55 60 9 52 42 34 4 44 49 59 37 22 57 14 10 48 41
#c 2 3 2 3 4 1 1 2 1 0 4 1 3 1 4 2 0 2 1 2 2 1 4 3 2 0 3 2 1 0 3 3 2 3 0 2 1 4 3 2 2 4 0 1 4 0 4 3 4 4 0 3 0 1 4 0 1 4 3 4 0
3 3 43 18 6 52 34 50
9 8 21 36 56 28 53 8 11 13 5 25 45 55 60 9 42 29 16
#c 2 3 2 3 4 1 1 2 1 0 4 1 3 1 4 2 0 2 1 2 2 1 4 3 2 0 3 2 1 0 3 3 2 3 0 2 1 4 3 2 2 4 0 1 4 0 4 3 4 4 0 3 0 1 4 0 1 4 3 4 0
#c 2 3 2 3 4 1 1 2 1 0 4 1 3 1 4 2 0 2 1 2 2 1 4 3 2 0 3 2 1 0 3 3 2 3 0 2 1 4 3 2 2 4 0 1 4 0 4 3 4 4 0 3 0 1 4 0 1 4 3 4 0
1 1 31 50
11 10 3 23 33 38 58 51 26 1 12 30 47 25 45 55 60 9 52 42 34 29 16
#c 2 3 2 3 4 1 1 2 1 0 4 1 3 1 4 2 0 2 1 2 2 1 4 3 2 0 3 2 1 0 3 3 2 3 0 2 1 4 3 2 2 4 0 1 4 0 4 3 4 4 0 3 0 1 4 0 1 4 3 4 0
4 4 41 44 54 49 52 60 50 55
9 7 4 59 37 22 57 14 10 48 46 25 45 9 42 34 29 16
#c 2 3 2 3 4 1 1 2 1 0 4 1 3 1 4 2 0 2 1 2 2 1 4 3 2 0 3 2 1 0 3 3 2 3 0 2 1 4 3 2 2 4 0 1 4 0 4 3 4 4 0 3 0 1 4 0 1 4 3 4 0
5 5 42 34 60 29 9 4 37 46 10 41
6 8 25 45 50 55 52 16 44 49 59 22 57 14 48 54
#c 2 3 2 3 4 1 1 2 1 0 4 1 3 1 4 2 0 2 1 2 2 1 4 3 2 0 3 2 1 0 3 3 2 3 0 2 1 4 3 2 2 4 0 1 4 0 4 3 4 4 0 3 0 1 4 0 1 4 3 4 0
3 3 8 6 21 30 23 33
9 9 36 56 28 53 43 11 13 18 5 3 38 58 51 31 26 1 12 47
#c 2 3 2 3 4 1 1 2 1 0 4 1 3 1 4 2 0 2 1 2 2 1 4 3 2 0 3 2 1 0 3 3 2 3 0 2 1 4 3 2 2 4 0 1 4 0 4 3 4 4 0 3 0 1 4 0 1 4 3 4 0
#c 2 3 2 3 4 1 1 2 1 0 4 1 3 1 4 2 0 2 1 2 2 1 4 3 2 0 3 2 1 0 3 3 2 3 0 2 1 4 3 2 2 4 0 1 4 0 4 3 4 4 0 3 0 1 4 0 1 4 3 4 0
3 2 3 47 26 14 44
9 11 23 33 38 58 51 31 1 12 30 4 49 59 37 22 57 10 48 41 54 46
#c 2 3 2 3 4 1 1 2 1 0 4 1 3 1 4 2 0 2 1 2 2 1 4 3 2 0 3 2 1 0 3 3 2 3 0 2 1 4 3 2 2 4 0 1 4 0 4 3 4 4 0 3 0 1 4 0 1 4 3 4 0
6 7 41 4 22 54 59 44 52 42 55 34 25 60 29
7 4 49 37 57 14 10 48 46 45 50 9 16
#c 2 3 2 3 4 1 1 2 1 0 4 1 3 1 4 2 0 2 1 2 2 1 4 3 2 0 3 2 1 0 3 3 2 3 0 2 1 4 3 2 2 4 0 1 4 0 4 3 4 4 0 3 0 1 4 0 1 4 3 4 0
3 3 55 34 29 18 5 13
8 9 25 45 50 60 9 52 42 16 6 21 36 56 28 53 43 8 11
#c 2 3 2 3 4 1 1 2 1 0 4 1 3 1 4 2 0 2 1 2 2 1 4 3 2 0 3 2 1 0 3 3 2 3 0 2 1 4 3 2 2 4 0 1 4 0 4 3 4 4 0 3 0 1 4 0 1 4 3 4 0
#c 2 3 2 3 4 1 1 2 1 0 4 1 3 1 4 2 0 2 1 2 2 1 4 3 2 0 3 2 1 0 3 3 2 3 0 2 1 4 3 2 2 4 0 1 4 0 4 3 4 4 0 3 0 1 4 0 1 4 3 4 0
3 3 7 32 35 14 44 37
10 10 2 17 39 19 24 0 20 40 15 27 4 49 59 22 57 10 48 41 54 46
#c 2 3 2 3 4 1 1 2 1 0 4 1 3 1 4 2 0 2 1 2 2 1 4 3 2 0 3 2 1 0 3 3 2 3 0 2 1 4 3 2 2 4 0 1 4 0 4 3 4 4 0 3 0 1 4 0 1 4 3 4 0
1 1 38 22
11 12 3 23 33 58 51 31 26 1 12 30 47 4 44 49 59 37 57 14 10 48 41 54 46
#c 2 3 2 3 4 1 1 2 1 0 4 1 3 1 4 2 0 2 1 2 2 1 4 3 2 0 3 2 1 0 3 3 2 3 0 2 1 4 3 2 2 4 0 1 4 0 4 3 4 4 0 3 0 1 4 0 1 4 3 4 0
#c 2 3 2 3 4 1 1 2 1 0 4 1 3 1 4 2 0 2 1 2 2 1 4 3 2 0 3 2 1 0 3 3 2 3 0 2 1 4 3 2 2 4 0 1 4 0 4 3 4 4 0 3 0 1 4 0 1 4 3 4 0
#c 2 3 2 3 4 1 1 2 1 0 4 1 3 1 4 2 0 2 1 2 2 1 4 3 2 0 3 2 1 0 3 3 2 3 0 2 1 4 3 2 2 4 0 1 4 0 4 3 4 4 0 3 0 1 4 0 1 4 3 4 0
3 4 8 11 36 35 20 15 27
9 9 6 21 56 28 53 43 13 18 5 2 17 32 39 19 24 0 7 40
#c 2 3 2 3 4 1 1 2 1 0 4 1 3 1 4 2 0 2 1 2 2 1 4 3 2 0 3 2 1 0 3 3 2 3 0 2 1 4 3 2 2 4 0 1 4 0 4 3 4 4 0 3 0 1 4 0 1 4 3 4 0
#c 2 3 2 3 4 1 1 2 1 0 4 1 3 1 4 2 0 2 1 2 2 1 4 3 2 0 3 2 1 0 3 3 2 3 0 2 1 4 3 2 2 4 0 1 4 0 4 3 4 4 0 3 0 1 4 0 1 4 3 4 0
6 6 33 38 30 47 12 23 27 39 40 35 17 2
6 7 3 58 51 31 26 1 32 19 24 0 20 7 15
#c 2 3 2 3 4 1 1 2 1 0 4 1 3 1 4 2 0 2 1 2 2 1 4 3 2 0 3 2 1 0 3 3 2 3 0 2 1 4 3 2 2 4 0 1 4 0 4 3 4 4 0 3 0 1 4 0 1 4 3 4 0
3 3 48 22 14 21 36 13
10 9 4 44 49 59 37 57 10 41 54 46 6 56 28 53 43 8 11 18 5
#c 2 3 2 3 4 1 1 2 1 0 4 1 3 1 4 2 0 2 1 2 2 1 4 3 2 0 3 2 1 0 3 3 2 3 0 2 1 4 3 2 2 4 0 1 4 0 4 3 4 4 0 3 0 1 4 0 1 4 3 4 0
3 3 34 29 42 48 22 59
8 10 25 45 50 55 60 9 52 16 4 44 49 37 57 14 10 41 54 46
#c 2 3 2 3 4 1 1 2 1 0 4 1 3 1 4 2 0 2 1 2 2 1 4 3 2 0 3 2 1 0 3 3 2 3 0 2 1 4 3 2 2 4 0 1 4 0 4 3 4 4 0 3 0 1 4 0 1 4 3 4 0
5 7 53 8 36 13 28 4 22 14 59 37 41 10
7 6 6 21 56 43 11 18 5 44 49 57 48 54 46
#c 2 3 2 3 4 1 1 2 1 0 4 1 3 1 4 2 0 2 1 2 2 1 4 3 2 0 3 2 1 0 3 3 2 3 0 2 1 4 3 2 2 4 0 1 4 0 4 3 4 4 0 3 0 1 4 0 1 4 3 4 0
1 1 39 6
12 11 2 17 32 19 24 0 20 7 40 15 35 27 21 36 56 28 53 43 8 11 13 18 5
#c 2 3 2 3 4 1 1 2 1 0 4 1 3 1 4 2 0 2 1 2 2 1 4 3 2 0 3 2 1 0 3 3 2 3 0 2 1 4 3 2 2 4 0 1 4 0 4 3 4 4 0 3 0 1 4 0 1 4 3 4 0
4 6 26 3 47 12 39 27 24 15 40 35
8 7 23 33 38 58 51 31 1 30 2 17 32 19 0 20 7
#c 2 3 2 3 4 1 1 2 1 0 4 1 3 1 4 2 0 2 1 2 2 1 4 3 2 0 3 2 1 0 3 3 2 3 0 2 1 4 3 2 2 4 0 1 4 0 4 3 4 4 0 3 0 1 4 0 1 4 3 4 0
#c 2 3 2 3 4 1 1 2 1 0 4 1 3 1 4 2 0 2 1 2 2 1 4 3 2 0 3 2 1 0 3 3 2 3 0 2 1 4 3 2 2 4 0 1 4 0 4 3 4 4 0 3 0 1 4 0 1 4 3 4 0
5 4 50 34 9 55 42 18 8 43 6
6 8 25 45 60 52 29 16 21 36 56 28 53 11 13 5
#c 2 3 2 3 4 1 1 2 1 0 4 1 3 1 4 2 0 2 1 2 2 1 4 3 2 0 3 2 1 0 3 3 2 3 0 2 1 4 3 2 2 4 0 1 4 0 4 3 4 4 0 3 0 1 4 0 1 4 3 4 0
#c 2 3 2 3 4 1 1 2 1 0 4 1 3 1 4 2 0 2 1 2 2 1 4 3 2 0 3 2 1 0 3 3 2 3 0 2 1 4 3 2 2 4 0 1 4 0 4 3 4 4 0 3 0 1 4 0 1 4 3 4 0
2 2 2 20 11 36
11 10 17 32 39 19 24 0 7 40 15 35 27 6 21 56 28 53 43 8 13 18 5
#c 2 3 2 3 4 1 1 2 1 0 4 1 3 1 4 2 0 2 1 2 2 1 4 3 2 0 3 2 1 0 3 3 2 3 0 2 1 4 3 2 2 4 0 1 4 0 4 3 4 4 0 3 0 1 4 0 1 4 3 4 0
5 5 31 33 1 30 12 50 60 45 52 16
7 6 3 23 38 58 51 26 47 25 55 9 42 34 29
#c 2 3 2 3 4 1 1 2 1 0 4 1 3 1 4 2 0 2 1 2 2 1 4 3 2 0 3 2 1 0 3 3 2 3 0 2 1 4 3 2 2 4 0 1 4 0 4 3 4 4 0 3 0 1 4 0 1 4 3 4 0
#c 2 3 2 3 4 1 1 2 1 0 4 1 3 1 4 2 0 2 1 2 2 1 4 3 2 0 3 2 1 0 3 3 2 3 0 2 1 4 3 2 2 4 0 1 4 0 4 3 4 4 0 3 0 1 4 0 1 4 3 4 0
3 5 16 45 60 39 24 20 17 7
8 8 25 50 55 9 52 42 34 29 2 32 19 0 40 15 35 27
#c 2 3 2 3 4 1 1 2 1 0 4 1 3 1 4 2 0 2 1 2 2 1 4 3 2 0 3 2 1 0 3 3 2 3 0 2 1 4 3 2 2 4 0 1 4 0 4 3 4 4 0 3 0 1 4 0 1 4 3 4 0
#c 2 3 2 3 4 1 1 2 1 0 4 1 3 1 4 2 0 2 1 2 2 1 4 3 2 0 3 2 1 0 3 3 2 3 0 2 1 4 3 2 2 4 0 1 4 0 4 3 4 4 0 3 0 1 4 0 1 4 3 4 0
1 1 2 28
12 11 17 32 39 19 24 0 20 7 40 15 35 27 6 21 36 56 53 43 8 11 13 18 5
#c 2 3 2 3 4 1 1 2 1 0 4 1 3 1 4 2 0 2 1 2 2 1 4 3 2 0 3 2 1 0 3 3 2 3 0 2 1 4 3 2 2 4 0 1 4 0 4 3 4 4 0 3 0 1 4 0 1 4 3 4 0
5 4 26 12 3 38 30 17 20 7 27
7 9 23 33 58 51 31 1 47 2 32 39 19 24 0 40 15 35
#c 2 3 2 3 4 1 1 2 1 0 4 1 3 1 4 2 0 2 1 2 2 1 4 3 2 0 3 2 1 0 3 3 2 3 0 2 1 4 3 2 2 4 0 1 4 0 4 3 4 4 0 3 0 1 4 0 1 4 3 4 0
6 6 57 41 49 10 37 22 27 20 0 17 2 32
7 7 4 44 59 14 48 54 46 39 19 24 7 40 15 35
#c 2 3 2 3 4 1 1 2 1 0 4 1 3 1 4 2 0 2 1 2 2 1 4 3 2 0 3 2 1 0 3 3 2 3 0 2 1 4 3 2 2 4 0 1 4 0 4 3 4 4 0 3 0 1 4 0 1 4 3 4 0
5 5 55 60 50 29 25 18 28 13 43 5
6 7 45 9 52 42 34 16 6 21 36 56 53 8 11
#c 2 3 2 3 4 1 1 2 1 0 4 1 3 1 4 2 0 2 1 2 2 1 4 3 2 0 3 2 1 0 3 3 2 3 0 2 1 4 3 2 2 4 0 1 4 0 4 3 4 4 0 3 0 1 4 0 1 4 3 4 0
#c 2 3 2 3 4 1 1 2 1 0 4 1 3 1 4 2 0 2 1 2 2 1 4 3 2 0 3 2 1 0 3 3 2 3 0 2 1 4 3 2 2 4 0 1 4 0 4 3 4 4 0 3 0 1 4 0 1 4 3 4 0
2 2 27 24 9 25
11 9 2 17 32 39 19 0 20 7 40 15 35 45 50 55 60 52 42 34 29 16
#c 2 3 2 3 4 1 1 2 1 0 4 1 3 1 4 2 0 2 1 2 2 1 4 3 2 0 3 2 1 0 3 3 2 3 0 2 1 4 3 2 2 4 0 1 4 0 4 3 4 4 0 3 0 1 4 0 1 4 3 4 0
6 6 47 1 12 23 58 26 4 49 54 59 14 48
6 7 3 33 38 51 31 30 44 37 22 57 10 41 46
#c 2 3 2 3 4 1 1 2 1 0 4 1 3 1 4 2 0 2 1 2 2 1 4 3 2 0 3 2 1 0 3 3 2 3 0 2 1 4 3 2 2 4 0 1 4 0 4 3 4 4 0 3 0 1 4 0 1 4 3 4 0
1 1 54 3
12 11 4 44 49 59 37 22 57 14 10 48 41 46 23 33 38 58 51 31 26 1 12 30 47
#c 2 3 2 3 4 1 1 2 1 0 4 1 3 1 4 2 0 2 1 2 2 1 4 3 2 0 3 2 1 0 3 3 2 3 0 2 1 4 3 2 2 4 0 1 4 0 4 3 4 4 0 3 0 1 4 0 1 4 3 4 0
5 5 16 45 9 52 25 13 21 6 11 18
6 7 50 55 60 42 34 29 36 56 28 53 43 8 5
#c 2 3 2 3 4 1 1 2 1 0 4 1 3 1 4 2 0 2 1 2 2 1 4 3 2 0 3 2 1 0 3 3 2 3 0 2 1 4 3 2 2 4 0 1 4 0 4 3 4 4 0 3 0 1 4 0 1 4 3 4 0
6 6 11 28 5 36 13 21 1 26 23 30 33 12
6 6 6 56 53 43 8 18 3 38 58 51 31 47
#c 2 3 2 3 4 1 1 2 1 0 4 1 3 1 4 2 0 2 1 2 2 1 4 3 2 0 3 2 1 0 3 3 2 3 0 2 1 4 3 2 2 4 0 1 4 0 4 3 4 4 0 3 0 1 4 0 1 4 3 4 0
2 2 40 27 50 29
11 9 2 17 32 39 19 24 0 20 7 15 35 25 45 55 60 9 52 42 34 16
#c 2 3 2 3 4 1 1 2 1 0 4 1 3 1 4 2 0 2 1 2 2 1 4 3 2 0 3 2 1 0 3 3 2 3 0 2 1 4 3 2 2 4 0 1 4 0 4 3 4 4 0 3 0 1 4 0 1 4 3 4 0
6 6 38 47 58 23 30 31 59 44 41 54 57 37
6 7 3 33 51 26 1 12 4 49 22 14 10 48 46
#c 2 3 2 3 4 1 1 2 1 0 4 1 3 1 4 2 0 2 1 2 2 1 4 3 2 0 3 2 1 0 3 3 2 3 0 2 1 4 3 2 2 4 0 1 4 0 4 3 4 4 0 3 0 1 4 0 1 4 3 4 0
3 2 54 4 48 50 55
10 9 44 49 59 37 22 57 14 10 41 46 25 45 60 9 52 42 34 29 16
#c 2 3 2 3 4 1 1 2 1 0 4 1 3 1 4 2 0 2 1 2 2 1 4 3 2 0 3 2 1 0 3 3 2 3 0 2 1 4 3 2 2 4 0 1 4 0 4 3 4 4 0 3 0 1 4 0 1 4 3 4 0
1 1 29 26
10 11 25 45 50 55 60 9 52 42 34 16 3 23 33 38 58 51 31 1 12 30 47
#c 2 3 2 3 4 1 1 2 1 0 4 1 3 1 4 2 0 2 1 2 2 1 4 3 2 0 3 2 1 0 3 3 2 3 0 2 1 4 3 2 2 4 0 1 4 0 4 3 4 4 0 3 0 1 4 0 1 4 3 4 0
#c 2 3 2 3 4 1 1 2 1 0 4 1 3 1 4 2 0 2 1 2 2 1 4 3 2 0 3 2 1 0 3 3 2 3 0 2 1 4 3 2 2 4 0 1 4 0 4 3 4 4 0 3 0 1 4 0 1 4 3 4 0
3 3 19 15 24 1 31 12
10 9 2 17 32 39 0 20 7 40 35 27 3 23 33 38 58 51 26 30 47
#c 2 3 2 3 4 1 1 2 1 0 4 1 3 1 4 2 0 2 1 2 2 1 4 3 2 0 3 2 1 0 3 3 2 3 0 2 1 4 3 2 2 4 0 1 4 0 4 3 4 4 0 3 0 1 4 0 1 4 3 4 0
5 5 3 1 51 33 38 55 25 45 42 34
7 6 23 58 31 26 12 30 47 50 60 9 52 29 16
#c 2 0 2 0 4 1 1 2 1 0 4 1 3 1 4 2 0 2 1 2 2 1 4 3 2 3 3 2 1 0 3 3 2 0 3 2 1 4 0 2 2 4 3 1 4 3 4 3 4 4 0 0 0 1 4 3 1 4 3 4 0
#c 2 0 2 0 4 1 1 2 1 0 4 1 3 1 4 2 0 2 1 2 2 1 4 3 2 3 3 2 1 0 3 3 2 0 3 2 1 4 0 2 2 4 3 1 4 3 4 3 4 4 0 0 0 1 4 3 1 4 3 4 0
2 1 60 1 7
9 12 50 9 52 29 16 3 51 33 38 2 17 32 39 19 24 0 20 40 15 35 27
#c 2 0 2 0 4 1 1 2 1 0 4 1 3 1 4 2 0 2 1 2 2 1 4 3 2 3 3 2 1 0 3 3 2 0 3 2 1 4 0 2 2 4 3 1 4 3 4 3 4 4 0 0 0 1 4 3 1 4 3 4 0
1 1 21 1
11 10 6 36 56 28 53 43 8 11 13 18 5 50 60 9 52 29 16 3 51 33 38
#c 2 0 2 0 4 1 1 2 1 0 4 1 3 1 4 2 0 2 1 2 2 1 4 3 2 3 3 2 1 0 3 3 2 0 3 2 1 4 0 2 2 4 3 1 4 3 4 3 4 4 0 0 0 1 4 3 1 4 3 4 0
1 2 39 59 10
12 11 2 17 32 19 24 0 20 7 40 15 35 27 4 44 49 37 22 57 14 48 41 54 46
#c 2 0 2 0 4 1 1 2 1 0 4 1 3 1 4 2 0 2 1 2 2 1 4 3 2 3 3 2 1 0 3 3 2 0 3 2 1 4 0 2 2 4 3 1 4 3 4 3 4 4 0 0 0 1 4 3 1 4 3 4 0
2 0 2 0 4 1 1 2 1 0 4 1 3 1 4 2 0 2 1 2 2 1 4 3 2 3 3 2 1 0 3 3 2 0 3 2 1 4 0 2 2 4 3 1 4 3 4 3 4 4 0 0 0 1 4 3 1 4 3 4 0
