#c 0 1 2 3 4 5 6 7 8 0 1 2 3 4 5 6 7 8 0 1 2 3 4 5 6 7 8 0 1 2 3 4 5 6 7 8 0 1 2 3 4 5 6 7 8 0 1 2 3 4 5 6 7 8
#c 0 1 2 3 4 5 6 7 8 0 1 2 3 4 5 6 7 8 0 1 2 3 4 5 6 7 8 0 1 2 3 4 5 6 7 8 0 1 2 3 4 5 6 7 8 0 1 2 3 4 5 6 7 8
2 2 11 20 42 6
4 4 2 29 38 47 15 24 33 51
#c 0 1 2 3 4 5 6 7 8 0 1 2 3 4 5 6 7 8 0 1 2 3 4 5 6 7 8 0 1 2 3 4 5 6 7 8 0 1 2 3 4 5 6 7 8 0 1 2 3 4 5 6 7 8
1 1 3 32
5 5 12 21 30 39 48 5 14 23 41 50
#c 0 1 2 5 4 5 6 7 8 0 1 2 3 4 5 6 7 8 0 1 2 3 4 5 6 7 8 0 1 2 3 4 3 6 7 8 0 1 2 3 4 5 6 7 8 0 1 2 3 4 5 6 7 8
3 3 31 40 49 20 11 38
3 3 4 13 22 2 29 47
#c 0 1 2 5 4 5 6 7 8 0 1 2 3 4 5 6 7 8 0 1 2 3 4 5 6 7 8 0 1 2 3 4 3 6 7 8 0 1 2 3 4 5 6 7 8 0 1 2 3 4 5 6 7 8
1 1 14 2
5 5 5 23 41 50 3 11 20 29 38 47
#c 0 1 5 5 4 5 6 7 8 0 1 2 3 4 2 6 7 8 0 1 2 3 4 5 6 7 8 0 1 2 3 4 3 6 7 8 0 1 2 3 4 5 6 7 8 0 1 2 3 4 5 6 7 8
#c 0 1 5 5 4 5 6 7 8 0 1 2 3 4 2 6 7 8 0 1 2 3 4 5 6 7 8 0 1 2 3 4 3 6 7 8 0 1 2 3 4 5 6 7 8 0 1 2 3 4 5 6 7 8
#c 0 1 5 5 4 5 6 7 8 0 1 2 3 4 2 6 7 8 0 1 2 3 4 5 6 7 8 0 1 2 3 4 3 6 7 8 0 1 2 3 4 5 6 7 8 0 1 2 3 4 5 6 7 8
1 1 26 10
5 5 8 17 35 44 53 1 19 28 37 46
#c 0 1 5 5 4 5 6 7 8 0 1 2 3 4 2 6 7 8 0 1 2 3 4 5 6 7 8 0 1 2 3 4 3 6 7 8 0 1 2 3 4 5 6 7 8 0 1 2 3 4 5 6 7 8
3 3 0 9 45 53 8 35
3 3 18 27 36 17 26 44
#c 0 1 5 5 4 5 6 7 8 0 1 2 3 4 2 6 7 8 0 1 2 3 4 5 6 7 8 0 1 2 3 4 3 6 7 8 0 1 2 3 4 5 6 7 8 0 1 2 3 4 5 6 7 8
3 3 37 10 1 31 22 13
3 3 19 28 46 4 40 49
#c 0 4 5 5 4 5 6 7 8 0 4 2 3 1 2 6 7 8 0 1 2 3 1 5 6 7 8 0 1 2 3 1 3 6 7 8 0 4 2 3 4 5 6 7 8 0 1 2 3 4 5 6 7 8
#c 0 4 5 5 4 5 6 7 8 0 4 2 3 1 2 6 7 8 0 1 2 3 1 5 6 7 8 0 1 2 3 1 3 6 7 8 0 4 2 3 4 5 6 7 8 0 1 2 3 4 5 6 7 8
2 2 48 21 42 51
4 4 12 30 39 32 6 15 24 33
#c 0 4 5 5 4 5 6 7 8 0 4 2 3 1 2 6 7 8 0 1 2 6 1 5 6 7 8 0 1 2 3 1 3 6 7 8 0 4 2 3 4 5 3 7 8 0 1 2 6 4 5 3 7 8
3 3 37 4 49 3 2 5
3 3 40 10 1 23 41 50
#c 0 4 4 4 5 4 6 7 8 0 4 2 3 1 2 6 7 8 0 1 2 6 1 5 6 7 8 0 1 2 3 1 3 6 7 8 0 5 2 3 4 5 3 7 8 0 1 2 6 5 5 3 7 8
3 3 4 23 41 39 42 30
3 3 50 37 49 12 32 51
#c 0 4 4 4 5 4 6 7 8 0 4 2 3 1 2 6 7 8 0 1 2 6 1 5 6 7 8 0 1 2 3 1 3 6 7 8 0 5 2 3 4 5 3 7 8 0 1 2 6 5 5 3 7 8
1 1 48 32
5 5 6 15 24 33 21 12 30 39 42 51
#c 0 4 4 4 5 4 6 7 8 0 4 2 3 1 2 6 7 8 0 1 2 6 1 5 6 7 8 0 1 2 3 1 6 6 7 8 0 5 2 3 4 5 3 7 8 0 1 2 3 5 5 3 7 8
3 3 43 34 16 13 28 19
3 3 7 25 52 46 31 22
#c 0 4 4 4 5 4 6 7 8 0 4 2 3 7 2 6 1 8 0 7 2 6 1 5 6 7 8 0 7 2 3 1 6 6 1 8 0 5 2 3 4 5 3 1 8 0 1 2 3 5 5 3 7 8
3 2 8 53 26 50 41
3 4 17 35 44 23 37 4 49
#c 0 4 4 4 5 4 6 7 8 0 4 2 3 7 2 6 1 8 0 7 2 6 1 5 6 7 8 0 7 2 3 1 6 6 1 8 0 5 2 3 4 5 3 1 8 0 1 2 3 5 5 3 7 8
#c 0 4 4 4 5 4 6 7 8 0 4 2 3 7 2 6 1 8 0 7 2 6 1 5 6 7 8 0 7 2 3 1 6 6 1 8 0 5 2 3 4 5 3 1 8 0 1 2 3 5 5 3 7 8
2 4 46 34 36 0 9 27
4 2 31 22 43 16 18 45
#c 0 4 4 4 5 4 6 7 8 0 4 2 3 7 2 6 1 8 0 7 2 6 1 5 6 7 8 0 7 2 3 1 6 6 1 8 0 5 2 3 4 5 3 1 8 0 1 2 3 5 5 3 7 8
1 1 38 23
5 5 11 20 29 47 14 41 50 37 4 49
#c 0 4 4 4 5 4 6 7 8 0 4 2 3 7 2 6 1 8 0 7 2 6 1 5 6 7 8 0 7 2 3 1 6 6 1 8 0 5 2 3 4 5 3 1 8 0 1 2 3 5 5 3 7 8
2 2 39 51 46 34
4 4 12 30 42 48 31 22 43 16
#c 0 4 4 4 5 4 6 7 8 0 4 2 3 7 2 6 1 8 0 7 2 6 1 5 6 7 8 0 7 2 3 1 6 6 1 8 0 5 2 3 4 5 3 1 8 0 1 2 3 5 5 3 7 8
3 4 5 10 1 45 9 18 36
3 2 40 3 2 0 27
#c 0 0 4 4 5 0 6 7 8 4 0 2 3 7 2 6 1 8 4 7 2 6 1 5 6 7 8 0 7 2 3 1 6 6 1 8 4 5 2 3 4 5 3 1 8 4 1 2 3 5 5 3 7 8
2 2 4 49 14 20
4 4 23 41 50 37 11 29 38 47
#c 0 0 4 4 5 0 6 7 8 4 0 2 3 7 2 6 1 8 4 7 2 6 1 5 6 7 8 0 7 2 3 1 6 6 1 8 4 5 2 3 4 5 3 1 8 4 1 2 3 5 5 3 7 8
1 2 21 49 41
5 4 6 15 24 33 32 23 50 37 4
#c 0 0 4 4 5 0 6 7 8 4 0 2 3 7 2 6 1 8 4 7 2 6 1 5 6 7 8 0 7 2 3 1 6 6 1 8 4 5 2 3 4 5 3 1 8 4 1 2 3 5 5 3 7 8
3 3 13 25 19 45 40 9
3 4 7 52 28 3 2 18 36
#c 0 0 4 4 5 0 6 7 8 4 0 2 3 7 2 6 1 8 4 7 2 6 1 5 6 7 8 0 7 2 3 1 6 6 1 8 4 5 2 3 4 5 3 1 8 4 1 2 3 5 5 3 7 8
3 3 44 53 35 3 18 9
3 4 8 17 26 40 2 45 36
#c 0 0 4 8 5 0 6 7 8 8 0 2 3 7 2 6 1 8 8 7 2 6 1 5 6 7 8 0 7 2 3 1 6 6 1 4 4 5 2 3 4 5 3 1 4 4 1 2 3 5 5 3 7 4
2 2 27 10 32 6
3 4 0 5 1 15 24 33 21
#c 0 0 4 8 5 0 6 7 8 8 0 2 3 7 2 6 1 8 8 7 2 6 1 5 6 7 8 0 7 2 3 1 6 6 1 4 4 5 2 3 4 5 3 1 4 4 1 2 3 5 5 3 7 4
2 2 46 43 17 8
4 4 31 22 34 16 26 3 18 9
#c 0 0 4 8 5 0 6 7 1 8 0 2 3 7 2 6 1 1 8 7 2 6 1 5 6 7 8 0 7 2 3 1 6 6 1 4 4 5 2 3 4 5 3 8 4 4 8 2 3 5 5 3 7 4
3 3 47 38 14 6 33 24
3 3 11 20 29 15 21 32
#c 0 0 4 8 5 0 6 7 1 8 0 2 3 7 2 6 1 1 8 7 2 6 1 5 6 7 8 0 7 2 3 1 6 6 1 4 4 5 2 3 4 5 3 8 4 4 8 2 3 5 5 3 7 4
3 3 48 42 12 31 8 16
3 3 30 39 51 22 34 17
#c 0 0 4 8 5 0 6 7 1 8 0 2 3 7 2 6 1 1 8 7 2 6 1 5 6 7 8 0 7 2 3 1 6 6 1 4 4 5 2 3 4 5 3 8 4 4 8 2 3 5 5 3 7 4
3 3 40 53 36 21 32 24
4 3 2 45 44 35 6 15 33
#c 0 0 4 8 5 0 6 7 1 8 0 2 3 7 2 6 1 1 8 7 2 6 1 5 6 7 8 0 7 2 3 1 6 6 1 4 4 5 2 3 4 5 3 8 4 4 8 2 3 5 5 3 7 4
3 3 4 50 37 11 14 20
3 3 23 41 49 29 38 47
#c 0 0 4 8 5 0 6 7 1 8 0 2 3 7 2 6 1 1 8 7 2 6 1 5 6 7 8 0 7 2 3 1 6 6 1 4 4 5 2 3 4 5 3 8 4 4 8 2 3 5 5 3 7 4
3 3 6 33 21 27 1 10
3 2 15 24 32 0 5
#c 0 0 4 8 5 0 6 7 1 8 0 2 3 7 2 6 1 1 8 7 2 6 1 5 6 7 8 0 7 2 3 1 6 6 1 4 4 5 2 3 4 5 3 8 4 4 8 2 3 5 5 3 7 4
3 3 7 19 25 41 50 23
3 3 52 13 28 37 4 49
#c 0 0 4 8 5 0 6 7 1 8 0 2 3 7 2 6 1 1 8 7 2 6 1 5 6 7 8 0 7 2 3 1 6 6 1 4 4 5 2 3 4 5 3 8 4 4 8 2 3 5 5 3 7 4
#c 0 0 4 8 5 0 6 7 1 8 0 2 3 7 2 6 1 1 8 7 2 6 1 5 6 7 8 0 7 2 3 1 6 6 1 4 4 5 2 3 4 5 3 8 4 4 8 2 3 5 5 3 7 4
1 1 10 16
4 5 0 27 5 1 31 22 34 17 8
#c 0 0 4 8 5 0 6 7 1 8 1 2 3 7 2 6 0 1 8 7 2 6 1 5 6 7 8 0 7 2 3 1 6 6 1 4 4 5 2 3 4 5 3 8 4 4 8 2 3 5 5 3 7 4
#c 0 0 4 8 5 0 6 7 1 8 1 2 3 7 2 6 0 1 8 7 2 6 1 5 6 7 8 0 7 2 3 1 6 6 1 4 4 5 2 3 4 5 3 8 4 4 8 2 3 5 5 3 7 4
3 3 38 47 29 2 53 40
3 4 11 20 14 45 36 44 35
#c 0 0 4 8 5 0 6 7 1 8 1 2 3 7 2 6 0 1 8 7 2 6 1 5 6 7 8 0 7 2 3 1 6 6 1 4 4 5 2 3 4 5 3 8 4 4 8 2 3 5 5 3 7 4
1 1 51 4
5 5 12 30 39 42 48 23 41 50 37 49
#c 0 0 4 8 5 0 6 7 1 8 1 2 3 7 2 6 0 1 8 7 2 6 1 5 6 7 8 0 7 2 3 1 6 6 1 4 4 5 2 3 4 5 3 8 4 4 8 2 3 5 5 3 7 4
#c 0 0 4 8 5 0 6 7 1 8 1 2 3 7 2 6 0 1 8 7 2 6 1 5 6 7 8 0 7 2 3 1 6 6 1 4 4 5 2 3 4 5 3 8 4 4 8 2 3 5 5 3 7 4
#c 0 0 4 8 5 0 6 7 1 8 1 2 3 7 2 6 0 1 8 7 2 6 1 5 6 7 8 0 7 2 3 1 6 6 1 4 4 5 2 3 4 5 3 8 4 4 8 2 3 5 5 3 7 4
2 1 21 32 42
4 5 6 15 24 33 12 30 39 51 48
#c 0 0 4 8 5 0 6 7 1 8 1 2 3 7 2 6 0 1 8 7 2 6 1 5 6 7 8 0 7 2 3 1 6 6 1 4 4 5 2 3 4 5 3 8 4 4 8 2 3 5 5 3 7 4
1 1 7 45
5 6 25 52 13 28 19 40 2 36 44 53 35
#c 0 0 4 8 5 0 6 7 1 8 1 2 3 7 2 6 0 1 8 7 2 6 1 5 6 7 8 0 7 2 3 1 6 6 1 4 4 5 2 3 4 5 3 8 4 4 8 2 3 5 5 3 7 4
#c 0 0 4 8 5 0 6 7 1 8 1 2 3 7 2 6 0 1 8 7 2 6 1 5 6 7 8 0 7 2 3 1 6 6 1 4 4 5 2 3 4 5 3 8 4 4 8 2 3 5 5 3 7 4
#c 0 0 4 8 5 0 6 7 1 8 1 2 3 7 2 6 0 1 8 7 2 6 1 5 6 7 8 0 7 2 3 1 6 6 1 4 4 5 2 3 4 5 3 8 4 4 8 2 3 5 5 3 7 4
1 1 8 35
5 6 31 22 34 17 10 40 2 45 36 44 53
#c 0 0 4 8 5 0 6 7 4 8 1 2 3 7 2 6 0 1 8 7 2 6 1 5 6 7 8 0 7 2 3 1 6 6 1 1 4 5 2 3 4 5 3 8 4 4 8 2 3 5 5 3 7 4
3 3 29 47 14 46 26 18
3 3 11 20 38 3 9 43
#c 0 0 4 8 5 0 6 7 4 8 1 2 3 7 2 6 0 1 8 7 2 6 1 5 6 7 8 0 7 2 3 1 6 6 1 1 4 5 2 3 4 5 3 8 4 4 8 2 3 5 5 3 7 4
1 1 39 28
5 5 12 30 42 51 48 7 25 52 13 19
#c 0 0 4 8 5 0 6 7 4 8 1 2 3 7 2 6 0 1 8 7 2 6 1 5 6 7 8 0 3 2 3 1 6 6 1 1 4 5 2 7 4 5 3 8 4 4 8 2 3 5 5 3 7 4
3 3 45 53 40 32 24 33
4 3 2 36 44 8 6 15 21
#c 0 0 4 8 5 0 6 7 4 8 1 2 3 7 2 6 0 1 8 7 2 6 1 5 6 7 8 0 3 2 3 1 6 6 1 1 4 5 2 7 4 5 3 8 4 4 8 2 3 5 5 3 7 4
1 1 41 40
5 6 23 50 37 4 49 2 45 36 44 53 8
#c 0 0 4 8 5 0 6 7 4 8 1 2 3 7 2 6 0 1 8 7 2 6 1 5 6 7 8 0 3 2 3 1 6 6 1 1 4 5 2 7 5 4 3 8 4 4 8 2 3 5 5 3 7 4
3 3 32 6 24 13 39 7
3 3 15 33 21 25 52 19
#c 0 0 4 8 5 0 6 7 4 8 1 2 3 7 2 6 0 1 8 7 2 6 1 5 6 7 8 0 3 2 3 1 6 6 1 1 4 5 2 7 5 4 3 8 4 4 8 2 3 5 5 3 7 4
1 1 25 44
5 6 7 52 13 19 39 2 45 36 53 8 41
#c 0 0 4 8 5 0 6 7 4 8 1 2 3 7 2 6 0 1 8 7 2 6 1 5 6 7 8 0 3 2 3 1 6 6 1 1 4 5 2 7 5 4 3 8 4 4 8 2 3 5 5 3 7 4
1 1 9 36
5 6 26 3 18 46 43 2 45 44 53 8 41
#c 0 0 4 8 5 0 6 7 4 8 1 2 3 7 2 6 0 1 8 7 2 6 1 5 6 7 8 0 3 2 3 1 6 6 1 1 4 5 2 7 5 4 3 8 4 4 8 2 3 5 5 3 7 4
1 1 16 46
4 5 0 27 5 1 26 3 18 9 43
#c 0 0 4 8 5 0 6 7 4 8 1 2 3 7 2 6 8 1 8 7 2 6 1 5 6 7 8 0 3 2 3 1 6 6 1 1 4 5 2 7 5 4 3 8 4 4 0 2 3 5 5 3 7 4
2 2 35 31 40 23
4 4 22 34 17 10 50 37 4 49
#c 0 0 4 8 5 0 6 7 4 8 1 2 3 7 2 6 8 1 8 7 2 6 1 5 6 7 8 0 3 2 3 1 6 6 1 1 4 5 2 7 5 4 3 8 4 4 0 2 3 5 5 3 7 4
2 1 29 20 39
4 5 11 38 47 14 7 25 52 13 19
#c 0 0 4 8 5 0 6 7 4 8 1 2 3 7 2 6 8 1 8 7 2 6 1 5 6 7 8 0 3 2 3 1 6 6 1 1 4 5 2 7 5 4 3 8 4 4 0 2 3 5 5 3 7 4
3 3 30 12 48 13 52 25
3 3 42 51 28 7 19 39
#c 0 0 4 8 5 0 6 7 4 8 1 2 3 7 2 6 8 1 8 7 2 6 1 5 6 7 8 0 3 2 3 1 6 6 1 1 4 5 2 7 5 4 3 8 4 4 0 2 3 5 5 3 7 4
1 2 36 26 9
6 4 2 45 44 53 8 41 3 18 43 16
#c 0 0 4 8 5 0 6 7 4 8 1 2 3 7 2 6 8 1 8 7 2 6 1 5 6 7 8 0 3 2 3 1 6 6 1 1 4 5 2 7 5 4 3 8 4 4 0 2 3 5 5 3 7 4
2 2 4 23 2 36
4 5 50 37 49 40 45 44 53 8 41
#c 0 0 4 8 5 0 6 7 4 8 1 2 3 7 2 6 8 1 8 7 2 6 1 5 6 7 8 0 3 2 3 1 6 6 1 1 4 5 2 7 5 4 3 8 4 4 0 2 3 5 5 3 7 4
3 2 33 15 24 30 48
3 4 6 21 32 12 42 51 28
#c 0 0 4 8 5 0 6 7 4 8 1 2 3 7 2 6 8 1 8 7 2 6 1 5 6 7 8 0 3 2 3 1 6 6 1 1 4 5 2 7 5 4 3 8 4 4 0 2 3 5 5 3 7 4
1 1 39 34
5 5 7 25 52 13 19 31 22 17 10 35
#c 0 0 4 8 5 0 6 7 4 8 1 2 3 7 2 6 8 1 8 7 2 6 1 5 6 7 8 0 3 2 3 1 6 6 1 1 4 5 2 7 5 4 3 8 4 4 0 2 3 5 5 3 7 4
1 1 43 41
5 6 26 3 18 9 16 2 45 36 44 53 8
#c 0 0 4 8 5 0 6 7 4 8 1 2 3 7 2 6 8 1 8 7 2 6 1 5 6 7 8 0 3 2 3 1 6 6 1 1 4 5 2 7 5 4 3 8 4 4 0 2 3 5 5 3 7 4
1 1 5 7
4 5 0 27 1 46 25 52 13 19 39
#c 0 0 4 8 5 7 6 0 4 8 1 2 3 7 2 6 8 1 8 7 2 6 1 5 6 7 8 0 3 2 3 1 6 6 1 1 4 5 2 7 5 4 3 8 4 4 0 2 3 5 5 3 7 4
2 2 17 31 3 26
4 4 22 34 10 35 18 9 43 16
#c 0 0 4 1 5 7 6 0 4 8 1 2 3 7 2 6 8 8 8 7 2 6 1 5 6 7 1 0 3 2 3 8 6 6 1 1 4 5 2 7 5 4 3 8 4 4 0 2 3 5 5 3 7 4
#c 0 0 4 1 5 7 6 0 4 8 1 2 3 7 2 6 8 8 8 7 2 6 1 5 6 7 1 0 3 2 3 8 6 6 1 1 4 5 2 7 5 4 3 8 4 4 0 2 3 5 5 3 7 4
1 1 28 11
5 5 12 30 42 51 48 20 29 38 47 14
#c 0 0 4 1 5 7 6 0 4 8 1 2 3 7 2 6 8 8 8 7 2 6 1 5 6 7 1 0 3 2 3 8 6 6 1 1 4 5 2 7 5 4 3 8 4 4 0 2 3 5 5 3 7 4
3 3 8 36 44 29 47 11
4 3 2 45 53 41 20 38 14
#c 0 0 4 1 5 7 6 0 4 8 1 2 3 7 2 6 8 8 8 7 2 6 1 5 6 7 1 0 3 2 3 8 6 6 1 1 4 5 2 7 5 4 3 8 4 4 0 2 3 5 5 3 7 4
2 2 23 4 3 26
4 4 50 37 49 40 22 34 10 35
#c 0 0 4 1 5 7 6 0 4 8 1 2 3 7 2 6 8 8 8 7 2 6 1 5 6 7 1 0 3 2 3 8 6 6 1 1 4 5 2 7 5 4 3 8 4 4 0 2 3 5 5 3 7 4
3 3 6 15 24 23 37 50
3 3 33 21 32 4 49 40
#c 0 0 4 1 5 7 6 0 4 8 1 2 3 7 2 6 8 8 8 7 2 6 1 5 6 7 1 0 3 2 3 8 6 6 1 1 4 5 2 7 5 4 3 8 4 4 0 2 3 5 5 3 7 4
2 2 5 13 40 23
4 4 25 52 19 39 50 37 4 49
#c 0 0 4 1 5 7 6 0 4 8 1 2 3 7 2 6 8 8 8 7 2 6 1 5 6 7 1 0 3 2 3 8 6 6 1 1 4 5 2 7 5 4 3 8 4 4 0 2 3 5 5 3 7 4
1 1 18 26
5 5 9 43 16 17 31 22 34 10 35 3
#c 0 0 4 1 5 7 6 0 4 8 1 2 3 7 2 6 8 8 8 7 2 6 1 5 6 7 1 0 3 2 3 8 6 6 1 1 4 5 2 7 5 4 3 8 4 4 0 2 3 5 5 3 7 4
2 2 46 1 53 41
3 5 0 27 7 2 45 36 44 8
#c 0 0 4 1 5 7 6 0 4 8 1 2 3 7 2 6 8 8 8 7 2 6 1 5 6 7 1 0 3 2 3 8 6 6 1 1 4 5 2 7 5 4 3 8 4 4 0 2 3 5 5 3 7 4
1 1 34 12
5 5 22 10 35 3 26 30 42 51 48 28
#c 0 0 4 1 5 7 6 0 4 8 1 2 1 7 2 6 8 8 8 7 2 6 1 5 6 7 1 0 3 2 3 8 6 6 3 1 4 5 2 7 5 4 3 8 4 4 0 2 3 5 5 3 7 4
2 2 20 47 4 50
4 4 11 29 38 14 23 37 49 40
#c 0 0 4 1 5 7 6 0 4 8 1 2 1 7 2 6 8 8 8 7 2 6 1 5 6 7 1 0 3 2 3 8 6 6 3 1 4 5 2 7 5 4 3 8 4 4 0 2 3 5 5 3 7 4
1 1 30 20
5 5 42 51 48 28 34 11 29 38 47 14
#c 0 0 4 1 5 7 6 0 4 8 1 2 1 7 2 6 8 8 8 7 2 6 1 5 6 7 1 0 3 2 3 8 6 6 3 1 4 5 2 7 5 4 3 8 4 4 0 2 3 5 5 3 7 4
3 3 44 36 8 47 29 11
#c 0 0 4 1 5 7 6 0 4 8 1 2 1 7 2 6 8 8 8 7 2 6 1 5 6 7 1 0 3 2 3 8 6 6 3 1 4 5 2 7 5 4 3 8 4 4 0 2 3 5 5 3 7 4
1 1 37 12
5 5 23 50 4 49 40 22 10 35 3 26
#c 0 0 4 1 5 7 6 0 4 8 1 2 1 7 2 6 8 8 8 7 2 6 1 5 6 7 1 0 3 2 3 8 6 6 3 1 4 5 2 7 5 4 3 8 4 4 0 2 3 5 5 3 7 4
3 3 24 33 21 50 37 23
3 3 6 15 32 4 49 40
#c 0 0 4 1 5 7 6 0 4 8 1 2 1 7 2 6 8 8 8 7 2 5 1 6 5 7 1 0 3 2 3 8 6 5 3 1 4 6 2 7 5 4 3 8 4 4 0 2 3 5 6 3 7 4
2 2 13 5 36 8
4 5 25 52 19 39 2 45 44 53 41
#c 0 0 4 1 5 7 6 0 4 8 1 2 1 7 2 6 8 8 8 7 2 5 1 6 5 7 1 0 3 2 3 8 6 5 3 1 4 6 2 7 5 4 3 8 4 4 0 2 3 5 6 3 7 4
3 3 43 31 17 50 37 15
3 3 18 9 16 6 32 23
#c 0 0 4 1 5 7 6 0 4 8 1 2 1 7 2 6 8 8 8 7 2 5 1 6 5 7 1 0 3 2 3 8 6 5 3 1 4 6 2 7 5 4 3 8 4 4 0 2 3 5 6 3 7 4
2 2 7 46 13 19
3 4 0 27 1 25 52 39 5
#c 0 0 4 1 5 7 6 0 4 8 1 2 1 7 2 6 8 8 8 7 2 5 1 6 5 7 1 0 3 2 3 8 6 5 3 1 4 6 2 7 5 4 3 8 4 4 0 2 3 5 6 3 7 4
3 3 12 10 22 16 9 18
3 3 35 3 26 43 17 31
#c 0 0 4 1 5 7 6 0 4 8 1 2 1 7 2 6 8 8 8 7 2 5 1 6 5 7 1 0 3 2 3 8 6 5 3 1 4 6 2 7 5 4 3 8 4 4 0 2 3 5 6 3 7 4
3 3 29 20 47 31 18 43
3 3 11 38 14 9 16 17
#c 0 0 4 1 5 7 6 0 4 8 1 2 1 7 2 6 8 8 8 7 2 5 1 6 5 7 1 0 3 2 3 8 6 5 3 1 4 6 2 7 5 4 3 8 4 4 0 2 3 5 6 3 7 4
3 2 42 48 51 7 46
3 3 30 28 34 0 27 1
#c 0 0 4 1 5 7 6 0 4 8 1 2 1 7 2 6 8 8 8 7 2 5 1 6 5 7 1 0 3 2 3 8 6 5 3 1 4 6 2 7 5 4 3 8 4 4 0 2 3 5 6 3 7 4
6 5 2 45 36 44 53 8 4 49 24 33 21
#c 0 0 4 1 5 7 6 0 4 8 1 2 1 7 2 6 8 8 8 7 2 5 1 6 5 7 1 0 3 2 3 8 6 5 3 1 4 6 2 7 4 5 3 8 4 4 0 2 3 5 6 3 7 4
3 3 33 4 21 1 27 0
3 2 49 24 41 46 7
#c 5 5 4 1 0 7 6 0 4 8 1 2 1 7 2 6 8 8 8 7 2 0 1 6 5 7 1 5 3 2 3 8 6 0 3 1 4 6 2 7 4 5 3 8 4 4 0 2 3 5 6 3 7 4
1 1 15 42
5 5 6 32 50 37 23 30 51 48 28 34
#c 5 5 4 1 0 7 6 0 4 8 1 2 1 7 2 3 8 8 8 7 2 0 1 6 5 7 1 5 3 2 3 8 6 0 3 1 4 6 2 7 4 5 6 8 4 4 0 2 3 5 6 3 7 4
1 3 13 21 46 4
5 2 25 52 19 39 5 7 33
#c 5 5 4 1 0 7 6 0 4 8 1 2 1 7 2 3 8 8 8 7 2 0 1 6 5 7 1 5 3 2 3 8 6 0 3 1 4 6 2 7 4 5 6 8 4 4 0 2 3 5 6 3 7 4
2 3 17 31 10 35 12
4 3 18 9 43 16 22 3 26
#c 5 5 4 1 0 7 6 0 4 8 8 2 8 7 2 3 8 1 8 7 2 0 1 6 5 7 1 5 3 2 3 1 6 0 3 8 4 6 2 7 4 5 6 8 4 4 0 2 3 5 6 3 7 4
1 1 46 18
4 6 7 33 4 21 9 43 16 10 35 12
#c 5 5 4 1 0 7 6 0 4 8 8 2 8 7 2 3 8 1 8 7 2 0 1 6 5 7 1 5 3 2 3 1 6 0 3 8 4 6 2 7 4 5 6 8 4 4 0 2 3 5 6 3 7 4
2 1 22 17 34
3 5 3 26 31 30 51 48 28 15
#c 5 5 4 1 0 7 6 0 4 8 8 2 8 7 2 3 8 1 8 7 2 0 1 6 5 7 1 5 3 2 3 1 6 0 3 8 4 6 2 7 4 5 6 8 4 4 0 2 3 5 6 3 7 4
1 1 29 33
5 4 11 20 38 47 14 46 7 4 21
#c 5 5 4 1 0 7 6 0 4 8 8 2 8 7 2 3 8 1 8 7 2 0 1 6 5 7 1 5 3 2 3 1 6 0 3 8 4 6 2 7 4 5 6 8 4 4 0 2 3 5 6 3 7 4
1 1 48 0
5 5 30 51 28 34 15 49 24 41 1 27
#c 5 5 4 1 0 7 6 0 4 8 8 2 8 7 2 3 8 1 8 7 2 0 1 6 5 7 1 5 3 2 3 1 6 0 3 8 4 6 2 7 4 5 6 8 4 4 0 2 3 5 6 3 7 4
1 1 40 15
6 5 2 45 36 44 53 8 30 51 48 28 34
#c 5 5 4 1 0 7 6 0 4 8 8 2 8 7 2 3 8 1 8 7 2 0 1 6 5 7 1 5 3 2 3 1 6 0 3 8 4 6 2 7 4 5 6 8 4 4 0 2 3 5 6 3 7 4
1 2 24 10 43
5 5 49 41 1 27 0 18 9 16 35 12
#c 5 5 4 1 0 7 6 0 4 8 8 2 8 7 2 3 8 1 8 7 2 0 1 6 5 7 1 5 3 2 3 1 6 0 3 8 4 6 2 7 4 5 6 8 4 4 0 2 3 5 6 3 7 4
3 3 23 32 6 24 27 49
3 3 50 37 42 41 1 0
#c 5 5 4 1 0 7 6 0 4 8 8 2 8 7 2 3 8 1 8 7 2 0 1 6 5 7 1 5 3 2 3 1 6 0 3 8 4 6 2 7 4 5 6 8 4 4 0 2 3 5 6 3 7 4
1 1 5 38
5 5 25 52 13 19 39 11 20 29 47 14
#c 5 5 4 1 0 7 6 0 4 8 8 2 8 7 2 3 8 1 8 7 2 0 1 6 5 7 1 5 3 2 3 1 6 0 3 8 4 6 2 7 4 5 6 8 4 4 0 2 3 5 6 3 7 4
3 3 18 16 12 37 23 6
4 3 9 43 10 35 32 50 42
#c 5 5 4 1 0 7 6 0 4 8 8 2 8 7 2 3 8 1 8 7 2 0 1 6 5 7 1 5 3 2 3 1 6 0 3 8 4 6 2 7 4 5 6 8 4 4 0 2 3 5 6 3 7 4
1 1 46 5
4 5 7 33 4 21 25 52 13 19 39
#c 5 5 4 1 0 7 6 0 4 8 8 2 8 7 2 3 8 1 8 7 2 0 1 6 5 7 1 5 3 2 3 1 6 0 3 8 4 6 2 7 4 5 6 8 4 4 0 2 3 5 6 3 7 4
1 1 17 36
4 6 22 3 26 31 2 45 44 53 8 40
#c 5 5 4 1 0 7 6 0 4 8 8 2 8 7 2 3 8 1 8 7 2 0 1 6 5 7 1 5 3 2 3 1 6 0 3 8 4 6 2 7 4 5 6 8 4 4 0 2 3 5 6 3 7 4
2 2 47 38 32 23
4 4 11 20 29 14 6 50 37 42
#c 5 5 4 1 0 7 6 0 4 8 8 2 8 7 2 3 8 1 8 7 2 0 1 6 5 7 1 5 3 2 3 1 6 0 3 8 4 6 2 7 4 5 6 8 4 4 0 2 3 5 6 3 7 4
2 2 28 15 10 16
4 5 30 51 48 34 18 9 43 35 12
#c 5 5 4 1 0 7 6 0 4 8 3 2 8 7 2 8 3 1 8 7 2 0 1 6 5 7 1 5 8 2 3 1 6 0 3 8 4 6 2 7 4 5 6 8 4 4 0 2 3 5 6 3 7 4
1 1 2 4
6 4 45 36 44 53 8 40 46 7 33 21
#c 5 5 0 1 4 7 6 0 4 8 3 2 8 7 2 8 3 1 8 7 2 0 1 6 5 7 1 5 8 2 3 1 6 0 3 8 4 6 2 7 4 5 6 8 4 4 0 2 3 5 6 3 7 4
2 2 1 41 36 8
4 5 49 24 27 0 45 44 53 40 4
#c 5 5 0 1 4 7 6 0 4 8 3 2 8 7 2 8 3 1 8 7 2 0 1 6 5 7 1 5 8 2 3 1 6 0 3 8 4 6 2 7 4 5 6 8 4 4 0 2 3 5 6 3 7 4
1 1 50 41
5 5 6 32 37 23 42 49 24 1 27 0
#c 5 5 0 1 4 7 6 0 4 8 3 2 8 7 2 8 3 1 8 7 2 0 1 6 5 7 1 5 8 2 3 1 6 0 3 8 4 6 2 7 4 5 6 8 4 4 0 2 3 5 6 3 7 4
1 2 52 7 2
5 3 25 13 19 39 5 46 33 21
#c 5 5 0 1 4 7 6 0 4 8 3 2 8 7 2 8 3 1 8 7 2 0 1 6 5 7 1 5 8 2 3 1 6 0 3 8 4 6 2 7 4 5 6 8 4 4 0 2 3 5 6 3 7 4
2 2 18 28 29 14
5 4 9 43 35 12 15 11 20 38 47
#c 5 5 0 1 4 7 6 0 4 8 3 2 8 7 2 8 3 1 8 7 2 0 1 6 5 7 1 5 8 2 3 1 6 0 3 8 4 6 2 7 4 5 6 8 4 4 0 2 3 5 6 3 7 4
1 1 46 27
4 5 7 33 21 2 49 24 41 1 0
#c 5 5 0 1 4 7 6 0 4 8 3 2 8 7 2 8 3 1 8 7 2 0 1 6 5 7 1 5 8 2 3 1 6 0 3 8 4 6 2 7 4 5 6 8 4 4 0 2 3 5 6 3 7 4
1 1 3 0
4 5 22 26 17 31 49 24 41 1 27
#c 5 5 0 1 4 7 6 0 4 8 3 2 8 7 2 8 3 1 8 7 2 0 1 6 5 7 1 5 8 2 3 1 6 0 3 8 4 6 2 7 4 5 6 8 4 4 0 2 3 5 6 3 7 4
2 2 38 29 21 46
4 3 11 20 47 14 7 33 2
#c 5 5 0 1 4 7 6 0 4 8 3 2 8 7 2 8 3 1 8 7 2 0 1 6 5 7 1 5 8 2 3 1 6 0 3 8 4 6 2 7 4 5 6 8 4 4 0 2 3 5 6 3 7 4
3 3 51 10 30 19 13 5
3 3 48 34 16 25 52 39
#c 5 5 0 1 4 7 6 0 4 8 3 2 8 7 2 8 3 1 8 7 2 0 1 6 5 7 1 5 8 2 3 1 6 0 3 8 4 6 2 7 4 5 6 8 4 4 0 2 3 5 6 3 7 4
2 2 44 40 14 29
5 4 45 36 53 8 4 11 20 38 47
#c 5 5 0 1 4 7 6 0 4 8 3 2 8 7 2 8 3 1 8 7 2 0 1 6 5 7 1 5 8 2 3 1 6 0 3 8 4 6 2 7 4 5 6 8 4 4 0 2 3 5 6 3 7 4
3 2 0 24 49 20 14
3 4 41 1 27 11 29 38 47
#c 5 5 0 1 4 7 6 0 4 8 3 2 8 7 2 8 3 1 8 7 2 0 1 6 5 7 1 5 8 2 3 1 6 0 3 8 4 6 2 7 4 5 6 8 4 4 0 2 3 5 6 3 7 4
1 1 6 53
5 6 32 50 37 23 42 45 36 44 8 40 4
#c 5 5 0 1 4 7 6 0 4 8 3 2 8 7 2 8 3 1 8 7 2 0 1 6 5 7 1 5 8 2 3 1 6 0 3 8 4 6 2 7 4 5 6 8 4 4 0 2 3 5 6 3 7 4
1 1 19 23
5 5 25 52 13 39 5 6 32 50 37 42
#c 5 5 0 1 4 7 6 0 4 8 3 2 8 7 2 8 3 1 8 6 2 0 1 7 5 7 1 5 8 2 3 1 6 0 3 8 4 6 2 7 4 5 6 8 4 4 0 2 3 5 6 3 7 4
2 2 35 15 53 45
5 5 18 9 43 12 28 36 44 8 40 4
#c 5 5 0 1 4 7 6 0 4 8 3 2 8 7 2 8 3 1 8 6 2 0 1 7 5 7 1 5 8 2 3 1 6 0 3 8 4 6 2 7 4 5 6 8 4 4 0 2 3 5 6 3 7 4
2 2 21 33 24 49
3 4 46 7 2 41 1 27 0
#c 5 5 0 1 4 7 6 0 4 8 3 2 8 7 2 8 3 1 8 6 2 0 1 7 5 7 1 5 8 2 3 1 6 0 3 8 4 6 2 7 4 5 6 8 4 4 0 2 3 5 6 3 7 4
1 1 3 47
4 5 22 26 17 31 11 20 29 38 14
#c 5 5 0 1 4 7 6 0 4 8 3 2 8 7 2 8 3 1 8 6 2 0 1 7 5 7 1 5 8 2 3 1 6 0 3 8 4 6 2 7 4 5 6 8 4 4 0 2 3 5 6 3 7 4
2 2 14 11 4 36
4 5 20 29 38 47 45 44 53 8 40
#c 5 5 0 1 4 7 6 0 4 8 3 2 8 7 2 8 3 1 8 6 2 0 1 7 5 7 1 5 8 2 3 1 6 0 3 8 4 6 2 7 4 5 6 8 4 4 0 2 3 5 6 3 7 4
2 2 10 51 29 20
4 4 30 48 34 16 11 38 47 14
#c 5 5 0 1 4 7 6 0 4 8 3 2 8 7 2 8 3 1 8 6 2 0 1 7 5 7 1 5 8 2 3 1 6 0 3 8 4 6 2 7 4 5 6 8 4 4 0 2 3 5 6 3 7 4
1 1 44 50
6 5 45 36 53 8 40 4 6 32 37 42 19
#c 5 5 0 1 4 7 6 0 4 8 3 2 8 7 2 8 3 1 8 6 2 0 1 7 5 7 1 5 8 2 3 1 6 0 3 8 4 6 2 7 4 5 6 8 4 4 0 2 3 5 6 3 7 4
1 1 24 35
5 6 49 41 1 27 0 18 9 43 12 28 15
#c 5 5 0 1 4 7 6 0 4 8 3 2 8 7 2 8 3 1 8 6 2 0 1 7 5 7 1 5 8 2 3 1 6 0 3 8 4 6 2 7 4 5 6 8 4 4 0 2 3 5 6 3 7 4
1 1 37 41
5 5 6 32 50 42 19 49 24 1 27 0
#c 5 5 0 1 4 7 6 0 4 8 3 2 8 7 2 8 3 1 8 6 2 0 1 7 5 7 1 5 8 2 3 1 6 0 3 8 4 6 2 7 4 5 6 8 4 4 0 2 3 5 6 3 7 4
2 2 13 39 36 4
4 5 25 52 5 23 45 44 53 8 40
#c 5 5 0 1 4 7 6 0 4 8 3 2 8 7 2 8 3 1 8 6 2 0 1 7 5 7 1 5 8 2 3 1 6 0 3 8 4 6 2 7 4 5 6 8 4 4 0 2 3 5 6 3 7 4
2 2 28 9 11 14
5 4 18 43 35 12 15 20 29 38 47
#c 5 5 0 1 4 7 6 0 4 8 3 2 8 7 2 8 3 1 8 6 2 0 1 7 5 7 1 5 8 2 3 1 6 0 3 8 4 6 2 7 4 5 6 8 4 4 0 2 3 5 6 3 7 4
2 2 2 21 49 41
3 4 46 7 33 24 1 27 0
#c 5 5 0 1 4 7 6 0 4 8 3 2 8 7 2 8 3 1 8 6 2 0 1 7 5 7 1 5 8 2 3 1 6 0 3 8 4 6 2 7 4 5 6 8 4 4 0 2 3 5 6 3 7 4
2 2 26 22 1 41
3 4 3 17 31 49 24 27 0
#c 5 5 0 1 4 7 6 0 4 8 3 2 8 7 2 8 3 1 8 6 2 0 1 7 5 7 1 5 8 2 3 1 6 0 3 8 4 6 2 7 4 5 6 8 4 4 0 2 3 5 6 3 7 4
2 2 47 38 34 51
4 4 11 20 29 14 30 48 10 16
#c 5 5 0 1 4 7 6 0 4 8 3 2 8 7 2 8 3 1 8 6 2 0 1 7 5 7 1 5 8 2 3 1 6 0 3 8 4 6 2 7 4 5 6 8 4 4 0 2 3 5 6 3 7 4
#c 5 5 0 1 4 7 6 0 4 8 3 2 8 7 2 8 3 1 8 6 2 0 1 7 5 7 1 5 8 2 3 1 6 0 3 8 4 6 2 7 4 5 6 8 4 4 0 2 3 5 6 3 7 4
1 1 36 39
6 5 45 44 53 8 40 4 25 52 13 5 23
#c 5 5 0 1 4 7 6 0 4 8 3 2 8 7 2 8 3 1 8 6 2 0 1 7 5 7 1 5 8 2 3 1 6 0 3 8 4 6 2 7 4 5 6 8 4 4 0 2 3 5 6 3 7 4
1 1 0 22
5 4 49 24 41 1 27 3 26 17 31
#c 5 5 0 1 4 7 6 0 4 8 3 2 8 7 2 8 3 1 8 6 2 0 1 7 5 7 1 5 8 2 3 1 6 0 3 8 4 6 2 7 4 5 6 8 4 4 0 2 3 5 6 3 7 4
1 3 19 45 4 44
5 4 6 32 50 37 42 36 53 8 40
#c 5 5 0 1 4 7 6 0 4 8 3 2 8 7 2 8 3 1 8 6 2 0 1 7 5 7 1 5 8 2 3 1 6 0 3 8 4 6 2 7 4 5 6 8 4 4 0 2 3 5 6 3 7 4
2 2 13 25 3 26
4 3 52 39 5 23 22 17 31
#c 5 5 0 1 4 7 6 0 4 8 3 2 8 7 2 8 3 1 8 6 2 0 1 7 5 7 1 5 8 2 3 1 6 0 3 8 4 6 2 7 4 5 6 8 4 4 0 2 3 5 6 3 7 4
2 1 12 9 30
5 5 18 43 35 28 15 51 48 34 10 16
#c 5 5 0 1 4 7 6 0 4 8 3 2 8 7 2 8 3 1 8 6 2 0 1 7 5 7 1 5 8 2 3 1 6 0 3 8 4 6 2 7 4 5 6 8 4 4 0 2 3 5 6 3 7 4
1 1 21 8
4 6 46 7 33 2 45 36 44 53 40 4
#c 5 5 0 1 4 7 6 0 4 8 3 2 8 7 2 8 3 1 8 6 2 0 1 7 5 7 1 5 8 2 3 1 6 0 3 8 4 6 2 7 4 5 6 8 4 4 0 2 3 5 6 3 7 4
2 2 3 17 24 27
3 4 22 26 31 49 41 1 0
#c 5 5 0 5 4 7 6 0 4 8 3 2 8 7 2 8 3 5 8 6 2 0 1 7 1 7 1 1 8 2 3 1 6 0 3 8 4 6 2 7 4 5 6 8 4 4 0 2 3 5 6 3 7 4
3 3 47 20 29 9 28 18
3 4 11 38 14 43 35 12 15
#c 5 5 0 5 4 7 6 0 4 8 3 2 8 7 2 8 3 5 8 6 2 0 1 7 1 7 1 1 8 2 3 1 6 0 3 8 4 6 2 7 4 5 6 8 4 4 0 2 3 5 6 3 7 4
1 3 34 29 11 47
5 3 30 51 48 10 16 20 38 14
#c 5 5 0 5 4 7 6 0 4 8 3 2 8 7 2 8 3 5 8 6 2 0 1 7 1 7 1 1 8 2 3 1 6 0 3 8 4 6 2 7 4 5 6 8 4 4 0 2 3 5 6 3 7 4
#c 5 5 0 5 4 7 6 0 4 8 3 2 8 7 2 8 3 5 8 6 2 0 1 7 1 7 1 1 8 2 3 1 6 0 3 8 4 6 2 7 4 5 6 8 4 4 0 2 3 5 6 3 7 4
3 3 0 17 41 23 39 5
3 3 49 1 3 25 52 13
#c 5 5 0 5 4 7 6 0 4 8 3 2 8 7 2 8 3 5 8 6 2 0 1 7 1 7 1 1 8 2 3 1 6 0 3 8 4 6 2 7 4 5 6 8 4 4 0 2 3 5 6 3 7 4
2 2 32 42 22 24
4 3 6 50 37 19 26 31 27
#c 5 5 0 5 4 7 6 0 4 8 3 2 8 7 2 8 3 5 8 6 2 0 1 7 1 7 1 1 8 2 3 1 6 0 3 8 4 6 2 7 4 5 6 8 4 4 0 2 3 5 6 3 7 4
3 3 13 39 5 7 21 46
3 2 25 52 23 33 2
#c 5 5 0 5 4 7 6 0 4 8 3 2 8 7 2 8 3 5 8 6 2 0 1 7 1 7 1 1 8 2 3 1 6 0 3 8 4 6 2 7 4 5 6 8 4 4 0 2 3 5 6 3 7 4
1 1 28 10
6 5 18 9 43 35 12 15 30 51 48 34 16
#c 5 5 0 5 4 7 6 0 4 8 3 2 8 7 2 8 3 5 8 6 2 0 1 7 1 7 1 1 8 2 3 1 6 0 3 8 4 6 2 7 4 5 6 8 4 4 0 2 3 5 6 3 7 4
2 2 2 7 29 47
3 4 46 33 21 11 20 38 14
#c 5 5 0 5 4 7 6 0 4 8 3 2 8 7 2 8 3 5 8 6 2 0 1 7 1 7 1 1 8 2 3 1 6 0 3 8 4 6 2 7 4 5 6 8 4 4 0 2 3 5 6 3 7 4
2 2 31 27 35 18
3 5 22 26 24 9 43 12 28 15
#c 5 5 0 5 4 7 6 0 4 8 3 2 8 7 2 8 3 5 8 6 2 0 1 7 1 7 1 1 8 2 3 1 6 0 3 8 4 6 2 7 4 5 6 8 4 4 0 2 3 5 6 3 7 4
2 2 11 29 5 13
4 4 20 38 47 14 25 52 39 23
#c 5 5 0 5 4 7 6 0 4 8 3 2 8 7 2 8 3 5 8 6 2 0 1 7 1 7 1 1 8 2 3 1 6 0 3 8 4 6 2 7 4 5 6 8 4 4 0 2 3 5 6 3 7 4
1 1 10 4
5 6 30 51 48 34 16 45 36 44 53 8 40
#c 5 5 0 5 4 7 6 0 4 8 3 2 8 7 2 8 3 5 8 6 2 0 1 7 1 7 1 1 8 2 3 1 6 0 3 8 4 6 2 7 4 5 6 8 4 4 0 2 3 5 6 3 7 4
3 3 4 40 44 46 7 21
4 2 45 36 53 8 33 2
#c 5 5 0 5 4 7 6 0 4 8 3 2 8 7 2 8 3 5 8 6 2 0 1 7 1 7 1 1 8 2 3 1 6 0 3 8 4 6 2 7 4 5 6 8 4 4 0 2 3 5 6 3 7 4
3 3 0 49 17 18 35 43
3 4 41 1 3 9 12 28 15
#c 5 5 0 5 4 7 6 0 4 8 3 2 8 7 2 8 3 5 8 6 2 0 1 7 1 7 1 1 8 2 3 1 6 0 3 8 4 6 2 7 4 5 6 8 4 4 0 2 3 5 6 3 7 4
3 3 19 37 6 36 40 53
3 4 32 50 42 45 44 8 4
#c 5 5 0 5 4 7 6 0 4 8 3 2 8 7 2 8 3 5 8 6 2 0 1 7 1 7 1 1 8 2 3 1 6 0 3 8 4 6 2 7 4 5 6 8 4 4 0 2 3 5 6 3 7 4
#c 5 5 0 5 4 7 6 0 4 8 3 2 8 7 2 8 3 5 8 6 2 0 1 7 1 7 1 1 8 2 3 1 6 0 3 8 4 6 2 7 4 5 6 8 4 4 0 2 3 5 6 3 7 4
2 2 28 35 22 26
5 3 18 9 43 12 15 31 24 27
#c 5 5 0 5 4 7 6 0 4 8 3 2 8 7 2 8 3 5 8 6 2 0 1 7 1 7 1 1 8 2 3 1 6 0 3 8 4 6 2 7 4 5 6 8 4 4 0 2 3 5 6 3 7 4
1 1 33 20
4 5 46 7 21 2 11 29 38 47 14
#c 5 5 0 5 4 7 6 0 4 8 3 2 8 7 2 8 3 5 8 6 2 0 1 7 1 7 1 1 8 2 3 1 6 0 3 8 4 6 2 7 4 5 6 8 4 4 0 2 3 5 6 3 7 4
1 1 22 34
4 5 26 31 24 27 30 51 48 10 16
#c 5 5 0 5 4 7 6 0 4 8 3 2 8 7 2 8 3 5 8 6 2 0 1 7 1 7 1 1 8 2 3 1 6 0 3 8 4 6 2 7 4 5 6 8 4 4 0 2 3 5 6 3 7 4
3 2 47 38 29 18 12
3 5 11 20 14 9 43 35 28 15
#c 5 5 0 5 4 7 6 0 4 8 3 2 8 7 2 8 3 5 8 6 2 0 1 7 1 7 1 1 8 2 3 1 6 0 3 8 4 6 2 7 4 5 6 8 4 4 0 2 3 5 6 3 7 4
1 1 10 6
5 5 30 51 48 34 16 32 50 37 42 19
#c 5 5 0 5 4 7 6 0 4 8 3 2 8 7 2 8 3 5 8 6 2 0 1 7 1 7 1 1 8 2 3 1 6 0 3 8 4 6 2 7 4 5 6 8 4 4 0 2 3 5 6 3 7 4
2 2 40 4 49 17
5 4 45 36 44 53 8 41 1 0 3
#c 5 5 0 5 4 7 6 0 4 8 3 2 8 7 2 8 3 5 8 6 2 0 1 7 1 7 1 1 8 2 3 1 6 0 3 8 4 6 2 7 4 5 6 8 4 4 0 2 3 5 6 3 7 4
3 3 17 49 1 38 29 14
3 3 41 0 3 11 20 47
#c 5 5 0 5 4 7 6 0 4 8 3 2 8 7 2 8 3 5 8 6 2 0 1 7 1 7 1 1 8 2 3 1 6 0 3 8 4 6 2 7 4 5 6 8 4 4 0 2 3 5 6 3 7 4
3 3 6 50 37 44 40 4
3 4 32 42 19 45 36 53 8
#c 5 5 0 5 4 7 6 0 4 8 3 2 8 7 2 8 3 5 8 6 2 0 1 7 1 7 1 1 8 2 3 1 6 0 3 8 4 6 2 7 4 5 6 8 4 4 0 2 3 5 6 3 7 4
#c 5 5 0 5 4 7 6 0 4 8 3 2 8 7 2 8 3 5 8 6 2 0 1 7 1 7 1 1 8 2 3 1 6 0 3 8 4 6 2 7 4 5 6 8 4 4 0 2 3 5 6 3 7 4
3 3 43 9 35 34 30 51
4 3 18 12 28 15 48 10 16
#c 5 5 0 5 4 7 6 0 4 8 3 2 8 7 2 8 3 5 8 6 2 0 1 7 1 7 1 1 8 2 3 1 6 0 3 8 4 6 2 7 4 5 6 8 4 4 0 2 3 5 6 3 7 4
2 2 46 7 22 27
3 3 33 21 2 26 31 24
#c 5 5 0 5 4 7 6 0 4 8 3 2 8 7 2 8 3 5 8 6 2 0 1 7 1 7 1 1 8 2 3 1 6 0 3 8 4 6 2 7 4 5 6 8 4 4 0 2 3 5 6 3 7 4
1 1 27 3
4 5 22 26 31 24 49 41 1 0 17
#c 5 5 0 5 4 7 6 0 4 8 3 2 8 7 2 8 3 5 8 6 2 0 1 7 1 7 1 1 8 2 3 1 6 0 3 8 4 6 2 7 4 5 6 8 4 4 0 2 3 5 6 3 7 4
3 3 11 47 20 33 46 2
3 2 29 38 14 7 21
#c 5 5 0 5 4 7 6 0 4 8 3 2 8 7 2 8 3 5 8 6 2 0 1 7 1 7 1 1 8 2 3 1 6 0 3 8 4 6 2 7 4 5 6 8 4 4 0 2 3 5 6 3 7 4
#c 5 5 0 5 4 7 6 0 4 8 3 2 8 7 2 8 3 5 8 6 2 0 1 7 1 7 1 1 8 2 3 1 6 0 3 8 4 6 2 7 4 5 6 8 4 4 0 2 3 5 6 3 7 4
3 3 4 44 36 38 14 11
4 3 45 53 8 40 20 29 47
#c 5 5 0 5 4 7 6 0 4 8 3 2 8 7 2 8 3 5 8 6 2 0 1 7 1 7 1 1 8 2 3 1 6 0 3 8 4 6 2 7 4 5 6 8 4 4 0 2 3 5 6 3 7 4
3 3 17 49 0 6 32 42
3 3 41 1 3 50 37 19
#c 5 5 0 5 4 7 6 0 4 8 3 2 8 7 2 8 3 5 8 6 2 0 1 7 1 7 1 1 8 2 3 1 6 0 3 8 4 6 2 7 4 5 6 8 4 4 0 2 3 5 6 3 7 4
1 1 37 9
5 6 6 32 50 42 19 18 43 35 12 28 15
#c 5 5 0 5 4 7 6 0 4 8 3 2 8 7 2 8 3 5 8 6 2 0 1 7 1 7 1 1 8 2 3 1 6 0 3 8 4 6 2 7 4 5 6 8 4 4 0 2 3 5 6 3 7 4
2 2 39 52 36 53
4 5 25 13 5 23 45 44 8 40 4
#c 5 5 0 5 4 7 6 0 4 8 3 2 8 7 2 8 3 5 8 6 2 0 1 7 1 7 1 1 8 2 3 1 6 0 3 8 4 6 2 7 4 5 6 8 4 4 0 2 3 5 6 3 7 4
1 1 28 34
6 5 18 9 43 35 12 15 30 51 48 10 16
#c 5 5 0 5 4 7 6 0 4 8 3 2 8 7 2 8 3 5 8 6 2 0 1 7 1 7 1 1 8 2 3 1 6 0 3 8 4 6 2 7 4 5 6 8 4 4 0 2 3 5 6 3 7 4
2 2 33 21 40 45
3 5 46 7 2 36 44 53 8 4
#c 5 5 0 5 4 7 6 0 4 8 3 2 8 7 2 8 3 5 8 6 2 0 1 7 1 7 1 1 8 2 3 1 6 0 3 8 4 6 2 7 4 5 6 8 4 4 0 2 3 5 6 3 7 4
2 3 26 24 25 52 5
3 3 22 31 27 13 39 23
#c 5 5 0 5 4 7 6 0 4 8 3 2 8 7 2 8 3 5 8 6 2 0 1 7 1 7 1 1 8 2 3 1 6 0 3 8 4 6 2 7 4 5 6 8 4 4 0 2 3 5 6 3 7 4
2 2 47 20 0 17
4 4 11 29 38 14 49 41 1 3
#c 5 5 0 5 4 7 6 0 4 8 3 2 8 7 2 8 3 5 8 6 2 0 1 7 1 7 1 1 8 2 3 1 6 0 3 8 4 6 2 7 4 5 6 8 4 4 0 2 3 5 6 3 7 4
2 2 51 16 1 49
4 4 30 48 34 10 41 0 3 17
#c 5 5 0 5 4 7 6 0 4 8 3 2 8 7 2 8 3 5 8 6 2 0 1 7 1 7 1 1 8 2 3 1 6 0 3 8 4 6 2 7 4 5 6 8 4 4 0 2 3 5 6 3 7 4
2 2 36 44 21 46
5 3 45 53 8 40 4 7 33 2
#c 5 5 0 5 4 7 6 0 4 8 3 2 8 7 2 8 3 5 8 6 2 0 1 7 1 7 1 1 8 2 3 1 6 0 3 8 4 6 2 7 4 5 6 8 4 4 0 2 3 5 6 3 7 4
2 3 0 1 36 44 8
4 4 49 41 3 17 45 53 40 4
#c 5 5 0 5 4 7 6 0 4 8 3 2 8 7 2 8 3 5 8 6 2 0 1 7 1 7 1 1 8 2 3 1 6 0 3 8 4 6 2 7 4 5 6 8 4 4 0 2 3 5 6 3 7 4
1 1 32 46
5 4 6 50 37 42 19 7 33 21 2
#c 5 5 0 5 4 7 6 0 4 8 3 2 8 7 2 8 3 5 8 6 2 0 1 7 1 7 1 1 8 2 3 1 6 0 3 8 4 6 2 7 4 5 6 8 4 4 0 2 3 5 6 3 7 4
3 3 25 39 52 15 18 28
3 4 13 5 23 9 43 35 12
#c 5 5 0 5 4 7 6 0 4 8 3 2 8 7 2 8 3 5 8 6 2 0 1 7 1 7 1 1 8 2 3 1 6 0 3 8 4 6 2 7 4 5 6 8 4 4 0 2 3 5 6 3 7 4
2 2 35 15 34 16
5 4 18 9 43 12 28 30 51 48 10
#c 5 5 0 5 4 7 6 0 4 8 3 2 8 7 2 8 3 5 8 6 2 0 1 7 1 7 1 1 8 2 3 1 6 0 3 8 4 6 2 7 4 5 6 8 4 4 0 2 3 5 6 3 7 4
2 2 2 7 4 36
3 5 46 33 21 45 44 53 8 40
#c 5 5 0 5 4 7 6 0 4 8 3 2 8 7 2 8 3 5 8 6 2 0 1 7 1 7 1 1 8 2 3 1 6 0 3 8 4 6 2 7 4 5 6 8 4 4 0 2 3 5 6 3 7 4
1 1 22 53
4 6 26 31 24 27 45 36 44 8 40 4
#c 5 5 0 5 4 7 6 0 4 8 3 2 8 7 2 8 3 5 8 6 2 0 4 7 1 7 1 1 8 2 3 1 6 0 3 8 4 6 2 7 4 5 6 8 4 4 0 2 3 5 6 3 7 1
3 3 20 29 47 41 17 3
3 3 11 38 14 49 1 0
#c 5 5 0 5 4 7 6 0 4 8 3 2 8 7 2 8 3 5 8 6 2 0 4 7 1 7 1 1 8 2 3 1 6 0 3 8 4 6 2 7 4 5 6 8 4 4 0 2 3 5 6 3 7 1
#c 5 5 0 5 4 7 6 0 4 8 3 2 8 7 2 8 3 5 8 6 2 0 4 7 1 7 1 1 8 2 3 1 6 0 3 8 4 6 2 7 4 5 6 8 4 4 0 2 3 5 6 3 7 1
2 2 45 44 31 27
5 3 36 8 40 4 22 26 24 53
#c 5 5 0 5 4 7 6 0 4 8 3 2 8 7 2 8 3 5 8 6 2 0 4 7 1 7 1 1 8 2 3 1 6 0 3 8 4 6 2 7 4 5 6 8 4 4 0 2 3 5 6 3 7 1
2 3 17 49 42 19 50
4 3 41 1 0 3 6 32 37
#c 5 5 0 5 4 7 6 0 4 8 3 2 8 7 2 8 3 5 8 6 2 0 4 7 1 7 1 1 8 2 3 1 6 0 3 8 4 6 2 7 4 5 6 8 4 4 0 2 3 5 6 3 7 1
2 2 19 6 5 23
4 4 32 50 37 42 25 52 13 39
#c 5 5 0 5 4 7 6 0 4 8 3 2 8 7 2 8 3 5 8 6 2 0 4 7 1 7 1 1 8 2 3 1 6 0 3 8 4 6 2 7 4 5 6 8 4 4 0 2 3 5 6 3 7 1
1 1 13 7
5 4 25 52 39 5 23 46 33 21 2
#c 5 5 0 5 4 7 6 0 4 8 3 2 8 7 2 8 3 5 8 6 2 0 4 7 1 7 1 1 8 2 3 1 6 0 3 8 4 6 2 7 4 5 6 8 4 4 0 2 3 5 6 3 7 1
2 2 43 18 40 36
5 5 9 35 12 28 15 45 44 8 4 22
#c 5 5 0 5 4 7 6 0 4 8 3 2 8 7 2 8 3 5 8 6 2 0 4 7 1 7 1 1 8 2 3 1 6 0 3 8 4 6 2 7 4 5 6 8 4 4 0 2 3 5 6 3 7 1
2 2 2 46 40 4
3 5 7 33 21 45 36 44 8 22
#c 5 5 0 5 4 7 6 0 4 8 3 2 8 7 2 8 3 5 8 6 2 0 4 7 1 7 1 1 8 2 3 1 6 0 3 8 4 6 2 7 4 5 6 8 4 4 0 2 3 5 6 3 7 1
1 1 27 19
4 5 26 31 24 53 6 32 50 37 42
#c 5 5 0 5 4 7 6 0 4 8 3 2 8 7 2 8 3 5 8 6 2 0 4 7 1 7 1 1 8 2 3 1 6 0 3 8 4 6 2 7 4 5 6 8 4 4 0 2 3 5 6 3 7 1
#c 5 5 0 5 4 7 6 0 4 8 3 2 8 7 2 8 3 5 8 6 2 0 4 7 1 7 1 1 8 2 3 1 6 0 3 8 4 6 2 7 4 5 6 8 4 4 0 2 3 5 6 3 7 1
2 2 51 30 4 8
4 5 48 34 10 16 45 36 44 40 22
#c 5 5 0 5 4 7 6 0 4 8 3 2 8 7 2 8 3 5 8 6 2 0 4 7 1 7 1 1 8 2 3 1 6 0 3 8 4 6 2 7 4 5 6 8 4 4 0 2 3 5 6 3 7 1
2 2 4 44 11 20
5 4 45 36 8 40 22 29 38 47 14
#c 5 5 0 5 4 7 6 0 4 8 3 2 8 7 2 8 3 5 8 6 2 0 4 7 1 7 1 1 8 2 3 1 6 0 3 8 4 6 2 7 4 5 6 8 4 4 0 2 3 5 6 3 7 1
1 1 41 26
5 4 49 1 0 3 17 31 24 27 53
#c 5 5 0 5 4 7 6 0 4 8 3 2 8 7 2 8 3 5 8 6 2 0 4 7 1 7 1 1 8 2 3 1 6 0 3 8 4 6 2 7 4 5 6 8 4 4 0 2 3 5 6 3 7 1
3 3 32 42 37 49 41 1
3 3 6 50 19 0 3 17
#c 5 5 0 5 4 7 6 0 4 8 3 2 8 7 2 8 3 5 8 6 2 0 4 7 1 7 1 1 8 2 3 1 6 0 3 8 4 6 2 7 4 5 6 8 4 4 0 2 3 5 6 3 7 1
2 2 52 23 48 34
4 4 25 13 39 5 30 51 10 16
#c 5 5 0 5 4 7 6 0 4 8 3 2 8 7 2 8 3 5 8 6 2 0 4 7 1 7 1 1 8 2 3 1 6 0 3 8 4 6 2 7 4 5 6 8 4 4 0 2 3 5 6 3 7 1
1 1 43 29
6 5 18 9 35 12 28 15 11 20 38 47 14
#c 5 5 0 5 4 7 6 0 4 8 3 2 8 7 2 8 3 5 8 6 2 0 4 7 1 7 1 1 8 2 3 1 6 0 3 8 4 6 2 7 4 5 6 8 4 4 0 2 3 5 6 3 7 1
1 1 2 27
4 4 46 7 33 21 26 31 24 53
#c 5 5 0 5 4 7 6 0 4 8 3 2 8 7 2 8 3 5 8 6 2 0 4 7 1 7 1 1 8 2 3 1 6 0 3 8 4 6 2 7 4 5 6 8 4 4 0 2 3 5 6 3 7 1
4 4 26 31 24 53 7 33 21 2
#c 5 5 0 5 4 7 6 0 4 8 3 2 8 7 2 8 3 5 8 6 2 0 4 7 1 7 1 1 8 2 3 1 6 0 3 8 4 6 2 7 4 5 6 8 4 4 0 2 3 5 6 3 7 1
2 2 11 29 48 10
4 4 20 38 47 14 30 51 34 16
#c 5 5 0 5 4 7 6 0 4 8 3 2 8 7 2 8 3 5 8 6 2 0 4 7 1 7 1 1 8 2 3 1 6 0 3 8 4 6 2 7 4 5 6 8 4 4 0 2 3 5 6 3 7 1
3 3 30 16 10 4 36 8
3 4 51 48 34 45 44 40 22
#c 5 5 0 5 3 7 6 0 3 8 4 2 8 7 2 8 4 5 8 6 2 0 4 7 1 7 1 1 8 2 4 1 6 0 3 8 3 6 2 7 4 5 6 8 4 4 0 2 3 5 6 3 7 1
2 2 40 44 12 43
5 5 45 22 30 16 10 18 9 35 28 15
#c 5 5 0 5 3 7 6 0 3 8 4 2 8 7 2 8 4 5 8 6 2 0 4 7 1 7 1 1 8 2 4 1 6 0 3 8 3 6 2 7 4 5 6 8 4 4 0 2 3 5 6 3 7 1
2 2 3 17 7 33
4 3 49 41 1 0 46 21 2
#c 5 5 0 5 3 7 6 0 3 8 4 2 8 7 2 8 4 5 8 6 2 0 4 7 1 7 1 1 8 2 4 1 6 0 3 8 3 6 2 7 4 5 6 8 4 4 0 2 3 5 6 3 7 1
2 2 6 32 49 1
4 4 50 37 42 19 41 0 3 17
#c 5 5 0 5 3 7 6 0 3 8 4 2 8 7 2 8 4 5 8 6 2 0 4 7 1 7 1 1 8 2 4 1 6 0 3 8 3 6 2 7 4 5 6 8 4 4 0 2 3 5 6 3 7 1
#c 5 5 0 5 3 7 6 0 3 8 4 2 8 7 2 8 4 5 8 6 2 0 4 7 1 7 1 1 8 2 4 1 6 0 3 8 3 6 2 7 4 5 6 8 4 4 0 2 3 5 6 3 7 1
1 1 35 48
6 5 18 9 43 12 28 15 51 34 4 36 8
#c 5 5 0 5 3 7 6 0 3 8 4 2 8 7 2 8 4 5 8 6 2 0 4 7 1 7 1 1 8 2 4 1 6 0 3 8 3 6 2 7 4 5 6 8 4 4 0 2 3 5 6 3 7 1
1 1 2 35
4 6 46 7 33 21 18 9 43 12 28 15
#c 5 5 0 5 3 7 6 0 3 8 4 2 8 7 2 8 4 5 8 6 2 0 4 7 1 7 1 1 8 2 4 1 6 0 3 8 3 6 2 7 4 5 6 8 4 4 0 2 3 5 6 3 7 1
2 2 27 24 34 51
3 4 26 31 53 48 4 36 8
#c 5 5 0 5 3 7 6 0 3 8 4 2 8 7 2 8 4 5 8 6 2 0 4 7 1 7 1 1 8 2 4 1 6 0 3 8 3 6 2 7 4 5 6 8 4 4 0 2 3 5 6 3 7 1
3 3 29 14 11 3 1 41
3 3 20 38 47 49 0 17
#c 5 5 0 5 3 7 6 0 3 8 4 2 8 7 2 8 4 5 8 6 2 0 4 7 1 7 1 1 8 2 4 1 6 0 3 8 3 6 2 7 4 5 6 8 4 4 0 2 3 5 6 3 7 1
2 2 8 51 21 2
4 3 48 34 4 36 46 7 33
#c 5 5 0 5 3 7 6 0 3 8 4 2 8 7 2 8 4 5 8 6 2 0 4 7 1 7 1 1 8 2 4 1 6 0 3 8 3 6 2 7 4 5 6 8 4 4 0 2 3 5 6 3 7 1
3 3 45 16 10 14 20 47
4 3 44 40 22 30 11 29 38
#c 5 5 0 5 3 7 6 0 3 8 4 2 8 7 2 8 4 5 8 6 2 0 4 7 1 7 1 1 8 2 4 1 6 0 3 8 3 6 2 7 4 5 6 8 4 4 0 2 3 5 6 3 7 1
3 3 17 0 3 40 22 45
3 4 49 41 1 44 30 16 10
#c 5 5 0 5 3 7 6 0 3 8 4 2 8 7 2 8 4 5 8 6 2 0 4 7 1 7 1 1 8 2 4 1 6 0 3 8 3 6 2 7 4 5 6 8 4 4 0 2 3 5 6 3 7 1
2 2 50 37 23 25
4 4 6 32 42 19 52 13 39 5
#c 5 5 0 5 3 7 6 0 3 8 4 2 8 7 2 8 4 5 8 6 2 0 4 7 1 7 1 1 8 2 4 1 6 0 3 8 3 6 2 7 4 5 6 8 4 4 0 2 3 5 6 3 7 1
5 5 25 52 13 5 23 51 48 4 36 8
#c 5 5 0 5 3 7 6 0 3 8 4 2 8 7 2 8 4 5 8 6 2 0 4 7 1 7 1 1 8 2 4 1 6 0 3 8 3 6 2 7 4 5 6 8 4 4 0 2 3 5 6 3 7 1
3 3 18 43 35 23 13 39
4 3 9 12 28 15 25 52 5
#c 5 5 0 5 3 7 6 0 3 8 4 2 8 7 2 8 4 5 8 6 2 0 4 7 1 7 1 1 8 2 4 1 6 0 3 8 3 6 2 7 4 5 6 8 4 4 0 2 3 5 6 3 7 1
2 2 2 21 5 23
3 4 46 7 33 25 52 13 39
#c 5 5 0 5 3 7 6 0 3 8 4 2 8 7 2 8 4 5 8 6 2 0 4 7 1 7 1 1 8 2 4 1 6 0 3 8 3 6 2 7 4 5 6 8 4 4 0 2 3 5 6 3 7 1
2 1 53 31 11
3 5 26 24 27 20 29 38 47 14
#c 5 5 0 5 3 7 6 0 3 8 4 2 8 7 2 8 4 5 8 6 2 0 4 7 1 7 1 1 8 2 4 1 6 0 3 8 3 6 2 7 4 5 6 8 4 4 0 2 3 5 6 3 7 1
1 2 14 9 15
5 5 11 20 29 38 47 18 43 35 12 28
#c 5 5 0 5 3 7 6 0 3 8 4 2 8 7 2 8 4 5 8 6 2 0 4 7 1 7 1 1 8 2 4 1 6 0 3 8 3 6 2 7 4 5 6 8 4 4 0 2 3 5 6 3 7 1
1 1 36 16
5 6 51 48 34 4 8 45 44 40 22 30 10
#c 5 5 0 5 3 7 6 0 3 8 4 2 8 7 2 8 4 5 8 6 2 0 4 7 1 7 1 1 8 2 4 1 6 0 3 8 3 6 2 7 4 5 6 8 4 4 0 2 3 5 6 3 7 1
#c 5 5 0 5 3 7 6 0 3 8 4 2 8 7 2 8 4 5 8 6 2 0 4 7 1 7 1 1 8 2 4 1 6 0 3 8 3 6 2 7 4 5 6 8 4 4 0 2 3 5 6 3 7 1
1 1 49 31
5 4 41 1 0 3 17 26 24 27 53
#c 5 5 0 5 3 7 6 0 3 8 4 2 8 7 2 8 4 5 8 6 2 0 4 7 1 7 1 1 8 2 4 1 6 0 3 8 3 6 2 7 4 5 6 8 4 4 0 2 3 5 6 3 7 1
5 4 32 50 37 42 19 26 31 24 27
#c 5 5 0 5 3 7 1 0 3 8 4 2 8 7 2 8 4 5 8 6 2 0 4 7 1 7 1 1 8 2 4 1 6 0 3 8 3 6 2 7 4 5 6 8 4 4 0 2 3 5 6 3 7 6
1 1 52 47
5 5 25 13 39 5 23 11 20 29 38 14
#c 5 5 0 5 3 7 1 0 3 8 4 2 8 7 2 8 4 5 8 6 2 0 4 7 1 7 1 1 8 2 4 1 6 0 3 8 3 6 2 7 4 5 6 8 4 4 0 2 3 5 6 3 7 6
1 3 18 24 27 31
6 2 9 43 35 12 28 15 26 6
#c 5 5 0 5 3 7 1 0 3 8 4 2 8 7 2 8 4 5 8 6 2 0 4 7 1 7 1 1 8 2 4 1 6 0 3 8 3 6 2 7 4 5 6 8 4 4 0 2 3 5 6 3 7 6
#c 5 5 0 5 3 7 1 0 3 8 4 2 8 7 2 8 4 5 8 6 2 0 4 7 1 7 1 1 8 2 4 1 6 0 3 8 3 6 2 7 4 5 6 8 4 4 0 2 3 5 6 3 7 6
1 1 27 43
4 6 26 31 24 6 18 9 35 12 28 15
#c 5 5 0 5 3 7 1 0 3 8 4 2 8 7 2 8 4 5 8 6 2 0 4 7 1 7 1 1 8 2 4 1 6 0 3 8 3 6 2 7 4 5 6 8 4 4 0 2 3 5 6 3 7 6
2 2 14 20 43 28
4 5 11 29 38 47 18 9 35 12 15
#c 5 5 0 5 3 7 1 0 3 8 4 2 8 7 2 8 4 5 8 6 2 0 4 7 1 7 1 1 8 2 4 1 6 0 3 8 3 6 2 7 4 5 6 8 4 4 0 2 3 5 6 3 7 6
1 1 51 41
5 5 48 34 4 36 8 49 1 0 3 17
#c 5 5 0 5 3 7 1 0 3 8 4 2 8 7 2 8 4 5 8 6 2 0 4 7 1 7 1 1 8 2 4 1 6 0 3 8 3 6 2 7 4 5 6 8 4 4 0 2 3 5 6 3 7 6
2 2 45 40 2 46
5 3 44 22 30 16 10 7 33 21
#c 5 5 0 5 3 7 1 0 3 8 4 2 8 7 2 8 4 5 8 6 2 0 4 7 1 7 1 1 8 2 4 1 6 0 3 8 3 6 2 7 4 5 6 8 4 4 0 2 3 5 6 3 7 6
3 2 1 17 3 6 27
3 3 49 41 0 26 31 24
#c 5 5 0 5 3 7 1 0 3 8 4 2 8 7 2 8 4 5 8 6 2 0 4 7 1 7 1 1 8 2 4 1 6 0 3 8 3 6 2 7 4 5 6 8 4 4 0 2 3 5 6 3 7 6
1 1 50 2
5 4 32 37 42 19 53 46 7 33 21
#c 5 5 0 5 3 7 1 0 3 8 4 2 8 7 2 8 4 5 8 6 2 0 4 7 1 7 1 1 8 2 4 1 6 0 3 8 3 6 2 7 4 5 6 8 4 4 0 2 3 5 6 3 7 6
2 2 23 25 53 32
4 4 52 13 39 5 50 37 42 19
#c 5 5 0 5 3 7 1 0 3 8 4 2 8 7 2 8 4 5 8 6 2 0 4 7 1 7 1 1 8 2 4 1 6 0 3 8 3 6 2 7 4 5 6 8 4 4 0 2 3 5 6 3 7 6
2 2 18 12 5 52
5 4 9 43 35 28 15 25 13 39 23
#c 5 5 0 5 3 7 1 0 3 8 4 2 8 7 2 8 4 5 8 6 2 0 4 7 1 7 1 1 8 2 4 1 6 0 3 8 3 6 2 7 4 5 6 8 4 4 0 2 3 5 6 3 7 6
1 1 21 31
4 4 46 7 33 2 26 24 27 6
#c 5 5 0 5 3 7 1 0 3 8 4 2 8 7 2 8 4 5 8 6 2 0 4 7 1 7 1 1 8 2 4 1 6 0 3 8 3 6 2 7 4 5 6 8 4 4 0 2 3 5 6 3 7 6
1 1 6 37
4 5 26 31 24 27 32 50 42 19 53
#c 5 5 0 5 3 7 1 0 3 8 4 2 8 7 2 8 4 5 8 6 2 0 4 7 1 7 1 1 8 2 4 1 6 0 3 8 3 6 2 7 4 5 6 8 4 4 0 2 3 5 6 3 7 6
3 3 47 11 29 27 24 6
3 2 20 38 14 26 31
#c 5 5 0 5 3 7 1 0 3 8 4 2 8 7 2 8 4 5 8 6 2 0 4 7 1 7 1 1 8 2 4 1 6 0 3 8 3 6 2 7 4 5 6 8 4 4 0 2 3 5 6 3 7 6
1 1 36 2
5 4 51 48 34 4 8 46 7 33 21
#c 5 5 0 5 3 7 1 0 3 8 4 2 8 7 2 8 4 5 8 6 2 0 4 7 1 7 1 1 8 2 4 1 6 0 3 8 3 6 2 7 4 5 6 8 4 4 0 2 3 5 6 3 7 6
#c 5 5 0 5 3 7 1 0 3 8 4 2 8 7 2 8 4 5 8 6 2 0 4 7 1 7 1 1 8 2 4 1 6 0 3 8 3 6 2 7 4 5 6 8 4 4 0 2 3 5 6 3 7 6
3 3 49 41 1 14 11 38
3 3 0 3 17 20 29 47
#c 5 5 0 5 3 7 1 0 3 8 4 2 8 7 2 8 4 5 8 6 2 0 4 7 1 7 1 1 8 2 4 1 6 0 3 8 3 6 2 7 4 5 6 8 4 4 0 2 3 5 6 3 7 6
2 2 53 37 2 21
4 3 32 50 42 19 46 7 33
#c 5 5 0 5 3 7 1 0 3 8 4 2 8 7 2 8 4 5 8 6 2 0 4 7 1 7 1 1 8 2 4 1 6 0 3 8 3 6 2 7 4 5 6 8 4 4 0 2 3 5 6 3 7 6
1 1 25 6
5 4 52 13 39 5 23 26 31 24 27
#c 5 5 0 5 3 7 1 0 3 8 4 2 8 7 2 8 4 5 8 6 2 0 4 7 1 7 1 1 8 2 4 1 6 0 3 8 3 6 2 7 4 5 6 8 4 4 0 2 3 5 6 3 7 6
2 1 43 35 42
5 5 18 9 12 28 15 32 50 37 19 53
#c 5 5 0 5 3 7 1 0 3 8 4 2 8 7 2 8 4 5 8 6 2 0 4 7 1 7 1 1 8 2 4 1 6 0 3 8 3 6 2 7 4 5 6 8 4 4 0 2 3 5 6 3 7 6
2 2 7 21 25 5
3 4 46 33 2 52 13 39 23
#c 5 5 0 5 3 7 1 0 3 8 4 2 8 7 2 8 4 5 8 6 2 0 4 7 1 7 1 1 8 2 4 1 6 0 3 8 3 6 2 7 4 5 6 8 4 4 0 2 3 5 6 3 7 6
5 5 0 5 3 7 1 0 3 8 4 2 8 7 2 8 4 5 8 6 2 0 4 7 1 7 1 1 8 2 4 1 6 0 3 8 3 6 2 7 4 5 6 8 4 4 0 2 3 5 6 3 7 6
