#c 0 1 2 3 4 5 0 1 2 3 4 5 0 1 2 3 4 5 0 1 2 3 4 5 0 1 2 3 4 5 0 1 2 3 4 5 0 1 2
3 3 25 19 37 35 23 5
4 3 1 7 13 31 11 17 29
#c 0 1 2 3 4 5 0 1 2 3 4 5 0 1 2 3 4 5 0 1 2 3 4 5 0 1 2 3 4 5 0 1 2 3 4 5 0 1 2
1 1 20 33
6 5 2 8 14 26 32 38 3 9 15 21 27
#c 0 1 2 3 4 5 0 1 2 3 4 5 0 1 2 3 4 5 0 1 2 3 4 5 0 1 2 3 4 5 0 1 2 3 4 5 0 1 2
1 1 27 38
5 6 3 9 15 21 33 2 8 14 20 26 32
#c 0 1 2 3 4 5 0 1 2 3 4 5 0 1 2 3 4 5 0 1 2 3 4 5 0 1 2 3 4 5 0 1 2 3 4 5 0 1 2
2 2 4 22 23 5
4 4 10 16 28 34 11 17 29 35
#c 0 1 2 3 5 4 0 1 2 3 4 5 0 1 2 3 4 5 0 1 2 3 5 4 0 1 2 3 4 5 0 1 2 3 4 5 0 1 2
3 3 11 4 22 27 33 21
3 3 17 29 35 3 9 15
#c 0 1 2 3 3 4 0 1 2 3 4 3 0 1 2 3 4 5 0 1 2 5 3 4 0 1 2 5 4 5 0 1 2 5 4 5 0 1 2
3 3 36 30 12 10 28 16
4 3 0 6 18 24 34 23 5
#c 0 1 2 3 3 4 0 1 2 3 0 3 4 1 2 3 0 5 0 1 2 5 3 4 0 1 2 5 0 5 4 1 2 5 4 5 4 1 2
1 1 31 9
6 5 1 7 13 19 25 37 3 15 11 4 22
#c 0 1 2 3 3 4 0 1 2 1 0 3 4 1 2 3 0 5 0 1 2 5 3 4 0 1 2 5 0 5 4 3 2 5 4 5 4 1 2
#c 0 1 2 3 3 4 0 1 2 1 0 3 4 1 2 3 0 5 0 1 2 5 3 4 0 1 2 5 0 5 4 3 2 5 4 5 4 1 2
2 2 4 22 35 29
4 4 3 15 11 31 17 27 33 21
#c 0 1 2 3 3 4 0 1 2 1 0 3 4 1 2 3 0 5 0 1 2 5 3 4 0 1 2 5 0 5 4 3 2 5 4 5 4 1 2
3 3 12 34 23 9 1 13
3 4 5 36 30 7 19 25 37
#c 0 1 2 3 3 4 0 1 2 1 0 3 4 1 2 3 0 5 0 1 2 5 3 4 0 1 2 5 0 5 4 3 2 5 4 5 4 1 2
2 2 33 29 7 9
4 5 17 35 27 21 1 13 19 25 37
#c 0 1 2 3 3 4 0 1 2 1 0 3 4 1 2 3 0 5 0 1 2 5 3 4 0 1 2 5 0 5 4 3 2 5 4 5 4 1 2
3 3 18 24 16 3 15 22
4 3 0 6 10 28 11 4 31
#c 0 1 2 0 3 4 0 1 2 1 0 3 4 1 2 0 3 5 3 1 2 5 0 4 3 1 2 5 0 5 4 3 2 5 4 5 4 1 2
2 2 37 25 38 32
5 5 1 7 13 19 9 2 8 14 20 26
#c 0 1 2 0 3 4 0 1 2 1 0 3 4 1 2 0 3 5 3 1 2 5 0 4 3 1 2 5 0 5 4 3 2 5 4 5 4 1 2
3 1 26 20 8 9
4 6 2 14 32 38 1 7 13 19 25 37
#c 0 1 2 0 3 4 0 1 2 1 0 3 4 1 2 0 3 5 3 1 2 5 0 4 3 1 2 5 0 5 4 3 2 5 4 5 4 1 2
1 1 24 22
5 6 11 4 31 18 16 0 6 10 28 3 15
#c 0 1 2 0 3 4 0 1 2 1 0 3 4 1 2 0 3 5 3 1 2 5 0 4 3 1 2 5 0 5 4 3 2 5 4 5 4 1 2
1 1 23 31
5 5 34 5 36 30 12 11 4 18 24 16
#c 0 1 2 0 3 4 0 1 2 1 0 3 4 1 2 0 3 5 3 1 2 5 0 3 3 1 2 5 0 5 4 4 2 5 4 5 4 1 2
3 3 35 33 21 25 7 1
3 4 17 29 27 13 19 37 9
#c 0 1 2 0 3 4 0 1 2 1 0 3 4 1 2 0 3 5 3 1 2 5 0 3 3 1 2 5 0 5 4 4 2 5 4 5 4 1 2
1 1 22 11
6 5 0 6 10 28 3 15 4 18 24 16 23
#c 0 1 2 0 3 4 0 1 2 1 0 0 4 1 2 0 3 5 3 1 2 5 3 3 3 1 2 5 0 5 4 4 2 5 4 5 4 1 2
3 3 9 19 25 24 23 16
4 3 1 7 13 37 4 18 22
#c 0 1 2 0 3 4 0 1 2 1 0 0 4 1 2 0 3 5 3 1 2 5 3 3 3 1 2 5 0 5 4 4 2 5 4 5 4 1 2
1 2 32 29 17
6 4 2 8 14 20 26 38 35 27 33 21
#c 0 1 2 0 3 4 0 1 2 1 0 0 4 1 2 0 3 5 3 1 2 5 3 3 3 1 2 5 0 5 4 4 2 5 4 5 4 1 2
1 1 4 31
5 5 18 24 16 23 22 34 5 36 30 12
#c 0 1 2 0 3 4 0 1 2 1 0 0 4 1 2 0 3 5 3 1 2 5 3 3 3 1 2 5 0 5 4 4 2 5 4 5 4 1 2
3 4 30 34 36 8 14 20 32
3 3 5 12 31 2 26 38
#c 0 1 2 0 3 4 0 1 2 1 0 0 4 1 2 0 3 5 3 1 2 5 3 3 3 1 2 5 0 5 4 4 2 5 4 5 4 1 2
2 2 35 27 13 7
4 5 17 29 33 21 1 19 25 37 9
#c 0 1 2 0 3 4 0 1 2 1 0 0 4 1 2 0 3 5 3 1 2 5 3 3 3 1 2 5 0 5 4 4 2 5 4 5 4 1 2
2 2 11 3 34 31
5 4 0 6 10 28 15 5 36 30 12
#c 0 1 2 0 3 4 0 1 2 1 0 0 4 1 2 0 3 5 3 1 2 5 3 3 3 1 2 5 0 5 4 4 2 5 4 5 4 1 2
2 2 1 7 5 36
5 4 13 19 25 37 9 34 30 12 31
#c 0 1 2 0 3 4 0 1 2 1 0 0 4 1 2 0 3 5 3 1 2 5 3 3 3 1 2 5 0 5 4 4 2 5 4 5 4 1 2
#c 0 1 2 0 3 4 0 1 2 1 0 0 4 1 2 0 3 5 3 1 2 5 3 3 3 1 2 5 0 5 4 4 2 5 4 5 4 1 2
3 4 4 16 23 37 7 25 1
3 3 18 24 22 13 19 9
#c 0 1 2 0 3 4 0 1 2 1 0 0 4 1 2 0 3 5 3 1 2 5 3 3 3 1 2 5 0 5 4 4 2 5 4 5 4 1 2
2 2 34 12 33 35
4 4 5 36 30 31 17 29 27 21
#c 0 1 2 0 3 4 0 1 2 1 0 0 4 1 2 0 3 5 3 1 2 5 3 3 3 1 2 5 0 5 4 4 2 5 4 5 4 1 2
1 1 17 8
5 6 29 35 27 33 21 2 14 20 26 32 38
#c 0 1 2 0 3 4 0 1 2 1 0 0 4 1 2 0 3 5 3 1 2 5 3 3 3 1 2 5 0 5 4 4 2 5 4 5 4 1 2
2 2 0 10 22 16
5 4 6 28 3 15 11 4 18 24 23
#c 0 1 2 0 3 4 0 1 2 1 0 0 4 1 2 0 3 5 3 1 2 5 3 3 3 1 2 5 0 5 4 4 2 5 4 5 4 1 2
2 2 1 13 6 28
5 5 7 19 25 37 9 0 10 3 15 11
#c 0 1 2 0 3 4 0 1 2 1 0 0 4 1 2 0 3 5 3 1 2 5 3 3 3 1 2 5 0 5 4 4 2 5 4 5 4 1 2
3 5 8 2 38 36 30 34 5 12
4 1 14 20 26 32 31
#c 0 1 2 0 3 4 0 1 2 1 0 0 4 1 2 0 3 5 3 1 2 5 3 3 3 1 2 5 0 5 4 4 2 5 4 5 4 1 2
3 3 4 16 23 31 34 36
3 3 18 24 22 5 30 12
#c 0 1 2 0 3 4 0 1 2 1 0 0 4 1 2 0 3 5 3 1 2 5 3 3 3 1 2 5 0 5 4 4 2 5 4 5 4 1 2
1 2 31 29 27
5 4 34 5 36 30 12 17 35 33 21
#c 0 1 2 0 3 4 0 1 2 1 0 0 4 1 2 0 3 5 3 1 2 5 3 3 3 1 2 4 0 4 4 5 2 5 4 5 4 1 2
4 6 17 35 21 31 2 8 14 26 32 38
#c 0 1 2 0 3 4 0 1 2 1 0 0 4 1 2 0 3 5 3 1 2 5 3 3 3 1 2 4 0 4 4 5 2 5 4 5 4 1 2
3 5 28 6 11 2 14 32 20 8
4 2 0 10 3 15 26 38
#c 0 1 2 0 3 4 0 1 2 1 0 0 4 1 2 0 3 5 3 1 2 5 3 3 3 1 2 4 0 4 4 5 2 5 4 5 4 1 2
1 1 13 12
6 6 1 7 19 25 37 9 34 5 36 30 29 27
#c 0 1 2 0 3 4 0 1 2 1 0 0 4 1 2 0 3 5 3 1 2 5 3 3 3 1 2 4 0 4 4 5 2 5 4 5 4 1 2
1 1 2 30
6 6 8 14 20 26 32 38 34 5 36 12 29 27
#c 0 1 2 0 3 4 0 1 2 1 0 0 4 1 2 0 3 5 3 1 2 5 3 3 3 1 2 4 0 4 4 5 2 5 4 5 4 1 2
#c 0 1 2 0 3 4 0 1 2 1 0 0 4 1 2 0 3 5 3 1 2 5 3 3 3 1 2 4 0 4 4 5 2 5 4 5 4 1 2
3 4 27 12 34 15 3 0 6
4 3 5 36 30 29 10 28 11
#c 0 1 2 0 3 4 0 1 2 1 0 0 4 1 2 0 3 5 3 1 2 5 3 3 3 1 2 4 0 4 4 5 2 5 4 5 4 1 2
1 1 17 15
4 6 35 33 21 31 0 6 10 28 3 11
#c 0 1 2 0 3 4 0 1 2 1 0 0 4 1 2 0 3 5 3 1 2 5 3 3 3 1 2 4 0 4 4 5 2 5 4 5 4 1 2
2 2 28 0 14 38
5 5 6 10 3 15 11 2 8 20 26 32
#c 0 1 2 0 3 4 0 1 2 1 0 0 4 1 2 0 3 5 3 1 2 5 3 3 3 1 2 4 0 4 4 5 2 5 4 5 4 1 2
2 2 1 25 27 12
5 5 7 13 19 37 9 34 5 36 30 29
#c 0 1 2 0 3 4 0 1 2 1 0 0 4 1 2 0 3 5 3 1 2 5 3 3 3 1 2 4 0 4 4 5 2 5 4 5 4 1 2
2 2 32 14 34 29
5 5 2 8 20 26 38 5 36 30 12 27
#c 0 1 2 0 3 4 0 1 2 1 0 0 4 1 2 0 3 5 3 1 2 5 3 3 3 1 2 4 0 4 4 5 2 5 4 5 4 1 2
3 3 16 22 4 9 1 13
3 4 18 24 23 7 19 25 37
#c 0 1 2 0 3 4 0 1 2 1 0 0 4 1 2 0 3 5 3 1 2 5 3 3 3 1 2 4 0 4 4 5 2 5 4 5 4 1 2
#c 0 1 2 0 3 4 0 1 2 1 0 0 4 1 2 0 3 5 3 1 2 5 3 3 3 1 2 4 0 4 4 5 2 5 4 5 4 1 2
1 1 35 36
4 6 17 33 21 31 34 5 30 12 29 27
#c 0 1 2 0 3 4 0 1 2 1 0 0 4 1 2 0 3 5 3 1 2 5 3 3 3 1 2 4 0 4 4 5 2 5 4 5 4 1 2
1 1 11 8
6 6 0 6 10 28 3 15 2 14 20 26 32 38
#c 0 1 2 0 3 4 0 1 0 1 0 2 4 1 2 0 3 5 3 1 2 5 3 3 3 1 2 4 0 4 4 5 2 5 4 5 4 1 2
1 1 7 2
6 6 1 13 19 25 37 9 14 20 26 32 38 11
#c 0 1 2 0 3 4 0 1 0 1 0 2 4 1 2 0 3 5 3 1 2 5 3 3 3 1 2 4 0 4 4 5 2 5 4 5 4 1 2
1 3 14 7 1 9
6 4 2 20 26 32 38 11 13 19 25 37
#c 0 1 2 0 3 4 0 1 0 1 0 2 4 1 2 0 3 5 3 1 2 5 3 3 3 1 2 4 0 4 4 5 2 5 4 5 4 1 2
#c 0 1 2 0 3 4 0 1 0 1 0 2 4 1 2 0 3 5 3 1 2 5 3 3 3 1 2 4 0 4 4 5 2 5 4 5 4 1 2
#c 0 1 2 0 3 4 0 1 0 1 0 2 4 1 2 0 3 5 3 1 2 5 3 3 3 1 2 4 0 4 4 5 2 5 4 5 4 1 2
1 1 33 22
4 5 17 35 21 31 4 18 24 16 23
#c 0 1 2 0 3 4 0 1 0 1 0 2 4 1 2 0 3 5 3 1 2 5 3 3 3 1 2 4 0 4 4 5 2 5 4 5 4 1 2
3 3 15 0 6 13 19 7
4 4 10 28 3 8 1 25 37 9
#c 0 1 2 0 3 4 0 1 0 1 0 2 4 1 2 0 3 5 3 1 2 5 3 3 3 1 2 4 0 4 4 5 2 5 4 5 4 1 2
3 3 9 7 19 11 26 20
4 4 1 13 25 37 2 14 32 38
#c 0 1 2 0 3 4 0 1 0 1 0 2 4 1 2 0 3 5 3 1 2 5 3 3 3 1 2 4 0 4 4 5 2 5 4 5 4 1 2
3 3 26 11 32 37 13 7
4 4 2 14 20 38 1 19 25 9
#c 0 1 2 0 3 4 0 1 0 1 0 2 4 1 2 0 3 5 3 1 2 5 3 3 3 1 2 4 0 4 4 5 2 5 4 5 4 1 2
2 2 23 4 36 27
4 5 18 24 16 22 34 5 30 12 29
#c 0 1 2 0 4 4 0 1 0 1 0 2 4 1 2 0 3 5 3 1 2 5 3 4 3 1 2 3 0 4 4 5 2 5 4 5 3 1 2
3 3 4 23 29 37 25 19
4 4 34 5 30 12 1 7 13 9
#c 0 1 2 0 4 4 0 1 0 1 0 2 4 1 2 0 3 5 3 1 2 5 3 4 3 1 2 3 0 4 4 5 2 5 4 5 3 1 2
#c 0 1 2 0 4 4 0 1 0 1 0 2 4 1 2 0 3 5 3 1 2 5 3 4 3 1 2 3 0 4 4 5 2 5 4 5 3 1 2
#c 0 1 2 0 4 4 0 1 0 1 0 2 4 1 2 0 3 5 3 1 2 5 3 4 3 1 2 3 0 4 4 5 2 5 4 5 3 1 2
#c 0 1 2 0 4 4 0 1 0 1 0 2 4 1 2 0 3 5 3 1 2 5 3 4 3 1 2 3 0 4 4 5 2 5 4 5 3 1 2
2 1 11 14 30
5 6 2 20 26 32 38 34 5 12 29 23 4
#c 0 1 2 0 4 4 0 1 0 1 0 2 4 1 2 0 3 5 3 1 2 5 3 4 3 1 2 3 0 4 4 5 2 5 4 5 3 1 2
2 2 27 18 28 15
4 5 24 16 22 36 0 6 10 3 8
#c 0 1 2 0 4 4 0 1 0 1 0 2 4 1 2 0 3 5 3 1 2 5 3 4 3 1 2 3 0 4 4 5 2 5 4 5 3 1 2
1 1 12 17
6 4 34 5 30 29 23 4 35 33 21 31
#c 0 1 2 0 4 4 0 1 0 1 0 2 4 1 2 0 3 5 3 1 2 5 3 4 3 1 2 3 0 4 4 5 2 5 4 5 3 1 2
1 2 35 28 15
4 5 17 33 21 31 0 6 10 3 8
#c 0 1 2 0 4 4 0 1 0 1 0 2 4 1 2 0 3 5 3 1 2 5 3 4 3 1 2 3 0 4 4 5 2 5 4 5 3 1 2
1 1 15 11
6 6 0 6 10 28 3 8 2 14 20 26 32 38
#c 0 1 2 0 4 4 0 1 0 1 0 2 4 1 2 0 3 5 3 1 2 5 3 4 3 1 2 3 0 4 4 5 2 5 4 5 3 1 2
2 2 19 13 22 27
5 4 1 7 25 37 9 18 24 16 36
#c 0 1 2 0 4 4 0 1 0 1 0 2 4 1 2 0 3 5 3 1 2 5 3 4 3 1 2 3 0 4 4 5 2 5 4 5 3 1 2
2 2 2 38 7 13
5 5 14 20 26 32 11 1 19 25 37 9
#c 0 1 2 0 4 4 0 1 0 1 0 2 4 1 2 0 3 5 3 1 2 5 3 4 3 1 2 3 0 4 4 5 2 5 4 5 3 1 2
2 2 36 24 5 30
4 5 18 16 22 27 34 12 29 23 4
#c 0 1 2 0 4 4 0 1 0 1 0 2 4 1 2 0 3 5 3 1 2 5 3 4 3 1 2 3 0 4 4 5 2 5 4 5 3 1 2
#c 0 1 2 0 4 4 0 1 0 1 0 2 4 1 2 0 3 5 3 1 2 5 3 4 3 1 2 3 0 4 4 5 2 5 4 5 3 1 2
1 1 35 13
4 6 17 33 21 31 1 7 19 25 37 9
#c 0 1 2 0 4 4 0 1 0 1 0 2 4 1 2 0 3 5 3 1 2 5 3 4 3 1 2 3 0 4 4 5 2 5 4 5 3 1 2
3 3 28 15 10 7 37 19
4 4 0 6 3 8 1 13 25 9
#c 0 1 2 0 4 4 0 1 0 1 0 2 4 1 2 0 3 5 3 1 2 5 3 4 3 1 2 3 0 4 4 5 2 5 4 5 3 1 2
#c 0 1 2 0 4 4 0 1 0 1 0 2 4 1 2 0 3 5 3 1 2 5 3 4 3 1 2 3 0 4 4 5 2 5 4 5 3 1 2
3 3 20 32 2 35 31 33
4 2 14 26 38 11 17 21
#c 0 1 2 0 4 4 0 1 0 1 0 2 4 1 2 0 3 5 3 1 2 5 3 4 3 1 2 3 0 4 4 5 2 5 4 5 3 1 2
#c 0 1 2 0 4 4 0 1 0 1 0 2 4 1 2 0 3 5 3 1 2 5 3 4 3 1 2 3 0 4 4 5 2 5 4 5 3 1 2
1 2 34 2 32
6 5 5 30 12 29 23 4 14 20 26 38 11
#c 0 1 2 0 4 4 0 1 0 1 0 2 4 1 2 0 3 5 3 1 2 5 3 4 3 1 2 3 0 4 4 5 2 5 4 5 3 1 2
1 3 35 0 28 8
4 4 17 33 21 31 6 10 3 15
#c 0 1 2 0 4 4 0 1 0 1 0 2 4 1 2 0 3 5 3 1 2 5 3 4 3 1 2 3 0 4 4 5 2 5 4 5 3 1 2
1 1 8 38
6 6 0 6 10 28 3 15 2 14 20 26 32 11
#c 0 1 2 0 4 4 0 1 0 1 0 2 4 1 2 0 3 5 3 1 2 5 3 4 3 1 2 3 0 4 4 5 2 5 4 5 3 1 2
1 1 7 32
6 6 1 13 19 25 37 9 2 14 20 26 38 11
#c 0 1 2 0 4 4 0 1 0 1 0 2 4 1 2 0 3 5 3 1 2 5 3 4 3 1 2 3 0 4 4 5 2 5 4 5 3 1 2
#c 0 1 2 0 4 4 0 1 0 1 0 2 4 1 2 0 3 5 3 1 2 5 3 4 3 1 2 3 0 4 4 5 2 5 4 5 3 1 2
#c 0 1 2 0 4 4 0 1 0 1 0 2 4 1 2 0 3 5 3 1 2 5 3 4 3 1 2 3 0 4 4 5 2 5 4 5 3 1 2
#c 0 1 2 0 4 4 0 1 0 1 0 2 4 1 2 0 3 5 3 1 2 5 3 4 3 1 2 3 0 4 4 5 2 5 4 5 3 1 2
2 2 31 33 16 27
3 4 17 35 21 18 24 22 36
#c 0 1 2 0 4 4 0 1 0 1 0 2 4 1 2 0 3 5 3 1 2 5 3 4 3 1 2 3 0 4 4 5 2 5 4 5 3 1 2
3 4 0 3 10 1 37 9 19
4 3 6 28 15 8 7 13 25
#c 0 1 2 0 4 4 0 1 0 1 0 2 4 1 2 0 3 5 3 1 2 5 3 4 3 1 2 3 0 4 4 5 2 5 4 5 3 1 2
2 2 7 13 6 0
5 5 1 19 25 37 9 10 28 3 15 8
#c 0 1 2 0 4 4 0 1 0 1 0 2 4 1 2 0 3 5 3 1 2 5 3 4 3 1 2 3 0 4 4 5 2 5 4 5 3 1 2
3 3 14 20 38 37 1 25
4 4 2 26 32 11 7 13 19 9
#c 0 1 2 0 4 4 0 1 0 1 0 2 4 1 2 0 3 5 3 1 2 5 3 4 3 1 2 3 0 4 4 5 2 5 4 5 3 1 2
3 4 22 24 16 31 21 17 35
3 1 18 36 27 33
#c 0 1 2 0 4 4 0 1 0 1 0 2 4 1 2 0 3 5 3 1 2 5 3 4 3 1 2 3 0 4 4 5 2 5 4 5 3 1 2
1 1 34 25
6 6 5 30 12 29 23 4 1 7 13 19 37 9
#c 0 1 2 0 4 4 0 1 0 1 0 2 4 1 2 0 3 5 3 1 2 5 3 4 3 1 2 3 0 4 4 5 2 5 4 5 3 1 2
#c 0 1 2 0 4 4 0 1 0 1 0 2 4 1 2 0 3 5 3 1 2 5 3 4 3 1 2 3 0 4 4 5 2 5 4 5 3 1 2
3 3 15 8 10 21 31 33
4 2 0 6 28 3 17 35
#c 0 1 2 0 4 4 0 1 0 1 0 2 4 1 2 0 3 5 3 1 2 5 3 4 3 1 2 3 0 4 4 5 2 5 4 5 3 1 2
2 2 37 1 31 35
5 3 7 13 19 25 9 17 33 21
#c 0 1 2 0 4 4 0 1 0 1 0 2 4 1 2 0 3 5 3 1 2 5 3 4 3 1 2 3 0 4 4 5 2 5 4 5 3 1 2
2 2 20 26 7 37
5 5 2 14 32 38 11 1 13 19 25 9
#c 0 1 2 0 4 4 0 1 0 1 0 2 4 1 2 0 3 5 3 1 2 5 3 4 3 1 2 3 0 4 4 5 2 5 4 5 3 1 2
#c 0 1 2 0 4 4 0 1 0 1 0 2 4 1 2 0 3 5 3 1 2 5 3 4 3 1 2 3 0 4 4 5 2 5 4 5 3 1 2
6 4 34 5 30 12 29 4 17 35 33 21
#c 0 1 2 0 4 4 0 1 0 1 0 2 4 1 2 0 3 5 3 1 2 5 3 4 3 1 2 3 0 4 4 5 2 5 4 5 3 1 2
2 3 33 35 37 1 25
3 4 17 21 31 7 13 19 9
#c 0 1 2 0 4 4 0 1 0 1 0 2 4 1 2 0 3 5 3 1 2 5 3 4 3 1 2 3 0 4 4 5 2 5 4 5 3 1 2
3 3 3 28 0 32 26 38
4 4 6 10 15 8 2 14 20 11
#c 0 1 2 0 4 4 0 1 0 1 0 2 4 1 2 0 3 5 3 1 2 5 3 4 3 1 2 3 0 4 4 5 2 5 4 5 3 1 2
1 1 25 8
6 6 1 7 13 19 37 9 0 6 10 28 3 15
#c 0 1 2 0 4 4 0 1 0 1 0 2 4 1 2 0 3 5 3 1 2 5 3 4 3 1 2 3 0 4 4 5 2 5 4 5 3 1 2
2 2 20 14 34 5
5 5 2 26 32 38 11 30 12 29 23 4
#c 0 1 2 0 4 4 0 1 0 1 0 2 4 1 2 0 3 5 3 1 2 5 3 4 3 1 2 3 0 4 4 5 2 5 4 5 3 1 2
2 3 24 22 2 11 14
4 4 18 16 36 27 20 26 32 38
#c 0 1 2 0 4 4 0 1 0 1 0 2 4 1 2 0 3 5 3 1 2 5 3 4 3 1 2 3 0 4 4 5 2 5 4 5 3 1 2
1 1 23 13
6 6 34 5 30 12 29 4 1 7 19 25 37 9
#c 0 1 2 0 4 4 0 1 0 1 0 2 4 1 2 0 3 5 3 1 2 5 3 4 3 1 2 3 0 4 4 5 2 5 4 5 3 1 2
4 6 17 35 21 31 2 14 26 32 38 11
#c 0 1 2 0 4 4 0 1 0 1 0 2 4 1 2 0 3 5 3 1 2 5 3 4 3 1 2 3 0 4 4 5 2 5 4 5 3 1 2
3 3 3 8 28 31 33 17
4 2 0 6 10 15 35 21
#c 0 1 2 0 4 4 0 1 0 1 0 2 4 1 2 0 3 5 3 1 2 5 3 4 3 1 2 3 0 4 4 5 2 5 4 5 3 1 2
2 2 37 13 34 23
5 5 1 7 19 25 9 5 30 12 29 4
#c 0 1 2 0 4 4 0 1 0 1 0 2 4 1 2 0 3 5 3 1 2 5 3 4 3 1 2 3 0 4 4 5 2 5 4 5 3 1 2
1 1 26 29
6 6 2 14 20 32 38 11 34 5 30 12 23 4
#c 0 1 2 0 4 4 0 1 0 1 0 2 4 1 2 0 3 5 3 1 2 5 3 4 3 1 2 3 0 4 4 5 2 5 4 5 3 1 2
3 3 16 36 18 6 15 28
3 4 24 22 27 0 10 3 8
#c 0 1 2 0 4 4 0 1 0 1 0 2 4 1 2 0 3 5 3 1 2 5 3 4 3 1 2 3 0 4 4 5 2 5 4 5 3 1 2
1 1 5 17
6 4 34 30 12 29 23 4 35 33 21 31
#c 0 1 2 0 4 4 0 1 0 1 0 2 4 1 2 0 3 5 3 1 2 5 3 4 3 1 2 3 0 4 4 5 2 5 4 5 3 1 2
2 2 31 17 38 32
3 5 35 33 21 2 14 20 26 11
#c 0 1 2 0 4 4 0 1 0 1 0 2 4 1 2 0 3 5 3 1 2 5 3 4 3 1 2 3 0 4 4 5 2 5 4 5 3 1 2
3 3 3 10 6 22 27 16
4 3 0 28 15 8 18 24 36
#c 0 1 2 0 4 4 0 1 0 1 0 2 4 1 2 0 3 5 3 1 2 5 3 4 3 1 2 3 0 4 4 5 2 5 4 5 3 1 2
#c 0 1 2 0 4 4 0 1 0 1 0 2 4 1 2 0 3 5 3 1 2 5 3 4 3 1 2 3 0 4 4 5 2 5 4 5 3 1 2
1 1 38 1
6 6 2 14 20 26 32 11 7 13 19 25 37 9
#c 0 1 2 0 4 4 0 1 0 1 0 2 4 1 2 0 3 5 3 1 2 5 3 4 3 1 2 3 0 4 4 5 2 5 4 5 3 1 2
#c 0 1 2 0 4 4 0 1 0 1 0 2 4 1 2 0 3 5 3 1 2 5 3 4 3 1 2 3 0 4 4 5 2 5 4 5 3 1 2
1 1 29 2
6 6 34 5 30 12 23 4 14 20 26 32 38 11
#c 0 1 2 0 4 4 0 1 0 1 0 2 4 1 2 0 3 5 3 1 2 5 3 4 3 1 2 3 0 4 4 5 2 5 4 5 3 1 2
1 1 33 11
4 6 17 35 21 31 2 14 20 26 32 38
#c 0 1 2 0 4 4 0 1 0 1 0 2 4 1 2 0 3 5 3 1 2 5 3 4 3 1 2 3 0 4 4 5 2 5 4 5 3 1 2
3 3 8 28 15 4 30 12
4 4 0 6 10 3 34 5 29 23
#c 0 1 2 0 4 4 0 1 0 1 0 2 4 1 2 0 3 5 3 1 2 5 3 4 3 1 2 3 0 4 4 5 2 5 4 5 3 1 2
2 2 1 19 28 3
5 5 7 13 25 37 9 0 6 10 15 8
#c 0 1 2 0 4 4 0 1 0 1 0 2 4 1 2 0 3 5 3 1 2 5 3 4 3 1 2 3 0 4 4 5 2 5 4 5 3 1 2
1 1 20 1
6 6 2 14 26 32 38 11 7 13 19 25 37 9
#c 0 1 2 0 4 4 0 1 0 1 0 2 4 1 2 0 3 5 3 1 2 5 3 4 3 1 2 3 0 4 4 5 2 5 4 5 3 1 2
#c 0 1 2 0 4 4 0 1 0 1 0 2 4 1 2 0 3 5 3 1 2 5 3 4 3 1 2 3 0 4 4 5 2 5 4 5 3 1 2
2 2 34 5 18 27
5 4 30 12 29 23 4 24 16 22 36
#c 0 1 2 0 4 4 0 1 0 1 0 2 4 1 2 0 3 5 3 1 2 5 3 4 3 1 2 3 0 4 4 5 2 5 4 5 3 1 2
2 2 21 31 25 1
3 5 17 35 33 7 13 19 37 9
#c 0 1 2 0 4 4 0 1 0 1 0 2 4 1 2 0 3 5 3 1 2 5 3 4 3 1 2 3 0 4 4 5 2 5 4 5 3 1 2
2 1 28 15 27
5 5 0 6 10 3 8 18 24 16 22 36
#c 0 1 2 0 4 4 0 1 0 1 0 2 4 1 2 0 3 5 3 1 2 5 3 4 3 1 2 3 0 4 4 5 2 5 4 5 3 1 2
2 2 13 19 12 34
5 5 1 7 25 37 9 5 30 29 23 4
#c 0 1 2 0 4 4 0 1 0 1 0 2 1 4 2 0 3 5 3 4 2 5 3 4 3 1 2 3 0 4 4 5 2 5 1 5 3 1 2
3 1 26 11 20 12
4 6 2 14 32 38 1 7 25 37 9 34
#c 0 1 2 0 4 4 0 1 0 1 0 2 1 4 2 0 3 5 3 4 2 5 3 4 3 1 2 3 0 4 4 5 2 5 1 5 3 1 2
2 2 24 22 25 34
4 5 18 16 36 27 1 7 37 9 12
#c 0 1 2 0 4 4 0 1 0 1 0 2 1 4 2 0 3 5 3 4 2 5 3 4 3 1 2 3 0 4 4 5 2 5 1 5 3 1 2
2 2 29 5 22 16
5 4 30 23 4 13 19 18 24 36 27
#c 0 1 2 0 4 4 0 1 0 1 0 2 1 4 2 0 3 5 3 4 2 5 3 4 3 1 2 3 0 4 4 5 2 5 1 5 3 1 2
2 3 35 17 2 32 26
3 4 33 21 31 14 20 38 11
#c 0 1 2 0 4 4 0 1 0 1 0 2 1 4 2 0 3 5 3 4 2 5 3 4 3 1 2 3 0 4 4 5 2 5 1 5 3 1 2
#c 0 1 2 0 4 4 0 1 0 1 0 2 1 4 2 0 3 5 3 4 2 5 3 4 3 1 2 3 0 4 4 5 2 5 1 5 3 1 2
#c 0 1 2 0 4 4 0 1 0 1 0 2 1 4 2 0 3 5 3 4 2 5 3 4 3 1 2 3 0 4 4 5 2 5 1 5 3 1 2
#c 0 1 2 0 4 4 0 1 0 1 0 2 1 4 2 0 3 5 3 4 2 5 3 4 3 1 2 3 0 4 4 5 2 5 1 5 3 1 2
3 3 24 36 18 32 14 11
3 4 16 22 27 2 20 26 38
#c 0 1 2 0 4 4 0 1 0 1 0 2 1 4 2 0 3 5 3 4 2 5 3 4 3 1 2 3 0 4 4 5 2 5 1 5 3 1 2
2 2 13 19 1 9
5 5 5 30 29 23 4 7 25 37 12 34
#c 0 1 2 0 4 4 0 1 0 1 0 2 1 4 2 0 3 5 3 4 2 5 3 4 3 1 2 3 0 4 4 5 2 5 1 5 3 1 2
2 2 33 17 29 13
3 5 35 21 31 5 30 23 4 19
#c 0 1 2 0 4 4 0 1 0 1 0 2 1 4 2 0 3 5 3 4 2 5 3 4 3 1 2 3 0 4 4 5 2 5 1 5 3 1 2
1 1 8 24
6 5 0 6 10 28 3 15 18 16 22 36 27
#c 0 1 2 0 4 4 0 1 0 1 0 2 1 4 2 0 3 5 3 4 2 5 3 4 3 1 2 3 0 4 4 5 2 5 1 5 3 1 2
3 4 34 1 25 23 13 5 29
4 3 7 37 9 12 30 4 19
#c 0 1 2 0 4 4 0 1 0 1 0 2 1 4 2 0 3 5 3 4 2 5 3 4 3 1 2 3 0 4 4 5 2 5 1 5 3 1 2
2 2 32 38 37 25
5 5 2 14 20 26 11 1 7 9 12 34
#c 0 1 2 0 4 4 0 1 0 1 0 2 1 4 2 0 3 5 3 4 2 5 3 4 3 1 2 3 0 4 4 5 2 5 1 5 3 1 2
#c 0 1 2 0 4 4 0 1 0 1 0 2 1 4 2 0 3 5 3 4 2 5 3 4 3 1 2 3 0 4 4 5 2 5 1 5 3 1 2
#c 0 1 2 0 4 4 0 1 0 1 0 2 1 4 2 0 3 5 3 4 2 5 3 4 3 1 2 3 0 4 4 5 2 5 1 5 3 1 2
1 1 33 7
4 6 17 35 21 31 1 25 37 9 12 34
#c 0 1 2 0 4 4 0 1 0 1 0 2 1 4 2 0 3 5 3 4 2 5 3 4 3 1 2 3 0 4 4 5 2 5 1 5 3 1 2
1 3 10 7 1 25
6 4 0 6 28 3 15 8 37 9 12 34
#c 0 1 2 0 4 4 0 1 0 1 0 2 1 4 2 0 3 5 3 4 2 5 3 4 3 1 2 3 0 4 4 5 2 5 1 5 3 1 2
3 3 25 7 37 15 6 28
4 4 1 9 12 34 0 10 3 8
#c 0 1 2 0 4 4 0 1 0 1 0 2 1 4 2 0 3 5 3 4 2 5 3 4 3 1 2 3 0 4 4 5 2 5 1 5 3 1 2
1 1 32 12
6 6 2 14 20 26 38 11 1 7 25 37 9 34
#c 0 1 2 0 4 4 0 1 0 1 0 2 2 4 2 0 3 5 3 4 2 5 3 4 3 1 2 3 0 4 4 5 1 5 1 5 3 1 2
#c 0 1 2 0 4 4 0 1 0 1 0 2 2 4 2 0 3 5 3 4 2 5 3 4 3 1 2 3 0 4 4 5 1 5 1 5 3 1 2
3 3 13 29 4 10 6 28
4 4 5 30 23 19 0 3 15 8
#c 0 1 2 0 4 4 0 1 0 1 0 2 2 4 2 0 3 5 3 4 2 5 3 4 3 1 2 3 0 4 4 5 1 5 1 5 3 1 2
1 1 33 25
4 6 17 35 21 31 1 7 37 9 34 32
#c 0 1 2 0 4 4 0 1 0 1 0 2 2 4 2 0 3 5 3 4 2 5 3 4 3 1 2 3 0 4 4 5 1 5 1 5 3 1 2
2 2 6 8 11 2
5 5 0 10 28 3 15 14 20 26 38 12
#c 0 1 2 0 4 4 0 1 0 1 0 2 2 4 2 0 3 5 3 4 2 5 3 4 3 1 2 3 0 4 4 5 1 5 1 5 3 1 2
1 1 34 6
6 6 1 7 25 37 9 32 0 10 28 3 15 8
#c 0 1 2 0 4 4 0 1 0 1 0 2 2 4 2 0 3 5 3 4 2 5 3 4 3 1 2 3 0 4 4 5 1 5 1 5 3 1 2
2 2 14 20 35 33
5 3 2 26 38 11 12 17 21 31
#c 0 1 2 0 4 4 0 1 0 1 0 2 2 4 2 0 3 5 3 4 2 5 3 4 3 1 2 3 0 4 4 5 1 5 1 5 3 1 2
2 2 24 16 4 5
4 5 18 22 36 27 30 29 23 13 19
#c 0 1 2 0 3 3 0 1 0 1 0 2 2 4 2 0 4 5 3 4 2 5 3 4 4 1 2 3 0 4 4 5 1 5 1 5 3 1 2
1 1 23 17
6 4 30 29 13 19 24 16 35 33 21 31
#c 0 1 2 0 3 3 0 1 0 1 0 2 2 4 2 0 4 4 3 4 2 5 3 5 4 1 2 3 0 4 4 5 1 5 1 5 3 1 2
2 2 23 21 3 8
3 5 35 33 31 0 6 10 28 15
#c 0 1 2 0 3 3 0 1 0 1 0 2 2 4 2 0 4 4 3 4 2 5 3 5 4 1 2 3 0 4 4 5 1 5 1 5 3 1 2
3 3 10 3 0 31 23 33
4 2 6 28 15 8 35 21
#c 0 1 2 0 3 3 0 1 0 1 0 2 2 4 2 0 4 4 3 4 2 5 3 5 4 1 2 3 0 4 4 5 1 5 1 5 3 1 2
1 1 37 10
6 6 1 7 25 9 34 32 0 6 28 3 15 8
#c 0 1 2 0 3 3 0 1 0 1 0 2 2 4 2 0 4 4 3 4 2 5 3 5 4 1 2 3 0 4 4 5 1 5 1 5 3 1 2
1 1 26 5
6 5 2 14 20 38 11 12 18 22 36 27 4
#c 0 1 2 0 3 3 0 1 0 1 0 2 2 4 2 0 4 4 3 4 2 5 3 5 4 1 2 3 0 4 4 5 1 5 1 5 3 1 2
1 1 22 28
5 6 18 36 27 4 5 0 6 10 3 15 8
#c 0 1 2 0 3 3 0 1 0 1 0 2 2 4 2 0 4 4 3 4 2 5 3 5 4 1 2 3 0 4 4 5 1 5 1 5 3 1 2
1 1 13 38
6 6 30 29 19 24 16 17 2 14 20 26 11 12
#c 0 1 2 0 3 3 0 1 0 1 0 2 2 4 2 0 4 4 3 4 2 5 3 5 4 1 2 3 0 4 4 5 1 5 1 5 3 1 2
1 1 33 10
4 6 35 21 31 23 0 6 28 3 15 8
#c 0 1 2 0 3 3 0 1 0 1 0 2 2 4 2 0 4 4 3 4 2 5 3 5 4 1 2 3 0 4 4 5 1 5 1 5 3 1 2
1 1 6 27
6 5 0 10 28 3 15 8 18 22 36 4 5
#c 0 1 2 0 3 3 0 1 0 1 0 2 2 4 2 0 4 4 3 4 2 5 3 5 4 1 2 3 0 4 4 5 1 5 1 5 3 1 2
#c 0 1 2 0 3 3 0 1 0 1 0 2 2 4 2 0 4 4 3 4 2 5 3 5 4 1 2 3 0 4 4 5 1 5 1 5 3 1 2
1 1 26 9
6 6 2 14 20 38 11 12 1 7 25 37 34 32
#c 0 1 2 0 3 3 0 1 0 1 0 2 2 4 2 0 4 4 3 4 2 5 3 5 4 1 2 3 0 4 4 5 1 5 1 5 3 1 2
3 3 36 27 22 38 20 12
3 4 18 4 5 2 14 26 11
#c 0 1 2 0 3 3 0 1 0 1 0 2 2 4 2 0 4 4 3 4 2 5 3 5 4 1 2 3 0 4 4 5 1 5 1 5 3 1 2
1 1 24 0
6 6 30 29 13 19 16 17 6 10 28 3 15 8
#c 0 1 2 0 3 3 0 1 0 1 0 2 2 4 2 0 4 4 3 4 2 5 3 5 4 1 2 3 0 4 4 5 1 5 1 5 3 1 2
1 1 31 8
4 6 35 33 21 23 0 6 10 28 3 15
#c 0 1 2 0 3 3 0 1 0 1 0 2 2 4 2 0 4 4 3 4 2 5 3 5 4 1 2 3 0 4 4 5 1 5 1 5 3 1 2
1 1 8 32
6 6 0 6 10 28 3 15 1 7 25 37 9 34
#c 0 1 2 0 3 3 0 1 0 1 0 2 2 4 2 0 4 4 3 4 2 5 3 5 4 1 2 3 0 4 4 5 1 5 1 5 3 1 2
3 3 32 9 37 14 2 38
4 4 1 7 25 34 20 26 11 12
#c 0 1 2 0 3 3 0 1 0 1 0 2 2 4 2 0 4 4 3 4 2 5 3 5 4 1 2 3 0 4 4 5 1 5 1 5 3 1 2
2 2 14 11 3 8
5 5 2 20 26 38 12 0 6 10 28 15
#c 0 1 2 0 3 3 0 1 0 1 0 2 2 4 2 0 4 4 3 4 2 5 3 5 4 1 2 3 0 4 4 5 1 5 1 5 3 1 2
3 3 27 4 18 30 13 29
3 4 22 36 5 19 24 16 17
#c 0 1 2 0 3 3 0 1 0 1 0 2 2 4 2 0 4 4 3 4 2 5 3 5 4 1 2 3 0 4 4 5 1 5 1 5 3 1 2
3 3 24 16 19 35 33 31
4 2 30 29 13 17 21 23
#c 0 1 2 0 3 3 0 1 0 1 0 2 2 4 2 0 4 4 3 4 2 5 3 5 4 1 2 3 0 4 4 5 1 5 1 5 3 1 2
1 1 23 34
4 6 35 33 21 31 1 7 25 37 9 32
#c 0 1 2 0 3 3 0 1 0 1 0 2 2 4 2 0 4 4 3 4 2 5 3 5 4 1 2 3 0 4 4 5 1 5 1 5 3 1 2
1 1 28 25
6 6 0 6 10 3 15 8 1 7 37 9 34 32
#c 0 1 2 0 3 3 0 1 0 1 0 2 2 4 2 0 4 4 3 4 2 5 3 5 4 1 2 3 0 4 4 5 1 5 1 5 3 1 2
2 2 37 7 24 30
5 5 1 25 9 34 32 29 13 19 16 17
#c 0 1 2 0 3 3 0 1 0 1 0 2 2 4 2 0 4 4 3 4 2 5 3 5 4 1 2 3 0 4 4 5 1 5 1 5 3 1 2
3 3 20 26 2 31 21 35
4 2 14 38 11 12 33 23
#c 0 1 2 0 3 3 0 1 0 1 0 2 2 4 2 0 4 4 3 4 2 5 3 5 4 1 2 3 0 4 4 5 1 5 1 5 3 1 2
2 2 36 4 3 8
4 5 18 22 27 5 0 6 10 28 15
#c 0 1 2 0 3 3 0 1 0 1 0 2 2 4 2 0 4 4 3 4 2 5 3 5 4 1 2 3 0 4 4 5 1 5 1 5 3 1 2
3 3 19 16 13 36 27 18
4 3 30 29 24 17 22 4 5
#c 0 1 2 0 3 3 0 1 0 1 0 2 2 4 2 0 4 4 3 4 2 5 3 5 4 1 2 3 0 4 4 5 1 5 1 5 3 1 2
2 2 21 31 28 15
3 5 35 33 23 0 6 10 3 8
#c 0 1 2 0 3 3 0 1 0 1 0 2 2 4 2 0 4 4 3 4 2 5 3 5 4 1 2 3 0 4 4 5 1 5 1 5 3 1 2
1 1 10 12
6 6 0 6 28 3 15 8 2 14 20 26 38 11
#c 0 1 2 0 3 3 0 1 0 1 0 2 2 4 2 0 4 4 3 4 2 5 3 5 4 1 2 3 0 4 4 5 1 5 1 5 3 1 2
1 1 37 26
6 6 1 7 25 9 34 32 2 14 20 38 11 12
#c 0 1 2 0 3 3 0 1 0 1 0 2 2 4 2 0 4 4 3 4 2 5 3 5 4 1 2 3 0 4 4 5 1 5 1 5 3 1 2
3 3 11 38 20 3 15 8
4 4 2 14 26 12 0 6 10 28
#c 0 1 2 0 3 3 0 1 0 1 0 2 2 4 2 0 4 4 3 4 2 5 3 5 4 1 2 3 0 4 4 5 1 5 1 5 3 1 2
#c 0 1 2 0 3 3 0 1 0 1 0 2 2 4 2 0 4 4 3 4 2 5 3 5 4 1 2 3 0 4 4 5 1 5 1 5 3 1 2
#c 0 1 2 0 3 3 0 1 0 1 0 2 2 4 2 0 4 4 3 4 2 5 3 5 4 1 2 3 0 4 4 5 1 5 1 5 3 1 2
2 2 35 33 7 32
3 5 21 31 23 1 25 37 9 34
#c 0 1 2 0 3 3 0 1 0 1 0 2 2 4 2 0 4 4 3 4 2 5 3 5 4 1 2 3 0 4 4 5 1 5 1 5 3 1 2
2 2 6 8 2 38
5 5 0 10 28 3 15 14 20 26 11 12
#c 0 1 2 0 3 3 0 1 0 1 0 2 2 4 2 0 4 4 3 4 2 5 3 5 4 1 2 3 0 4 4 5 1 5 1 5 3 1 2
3 4 25 7 9 5 4 22 27
4 2 1 37 34 32 18 36
#c 0 1 2 0 3 3 0 1 0 1 0 2 2 4 2 0 4 4 3 4 2 5 3 5 4 1 2 3 0 4 4 5 1 5 1 5 3 1 2
2 2 14 12 29 13
5 5 2 20 26 38 11 30 19 24 16 17
#c 0 1 2 0 3 3 0 1 0 1 0 2 2 4 2 0 4 4 3 4 2 5 3 5 4 1 2 3 0 4 4 5 1 5 1 5 3 1 2
2 2 18 36 15 28
4 5 22 27 4 5 0 6 10 3 8
#c 0 1 2 0 3 3 0 1 0 1 0 2 2 4 2 0 4 4 3 4 2 5 3 5 4 1 2 3 0 4 4 5 1 5 1 5 3 1 2
2 2 29 13 21 31
5 3 30 19 24 16 17 35 33 23
#c 0 1 2 0 3 3 0 1 0 1 0 2 2 4 2 0 4 4 3 4 2 5 3 5 4 1 2 3 0 4 4 5 1 5 1 5 3 1 2
1 1 31 34
4 6 35 33 21 23 1 7 25 37 9 32
#c 0 1 2 0 3 3 0 1 0 1 0 2 2 4 2 0 4 4 3 4 2 5 3 5 4 1 2 3 0 4 4 5 1 5 1 5 3 1 2
2 4 8 6 17 30 24 19
5 3 0 10 28 3 15 29 13 16
#c 0 1 2 0 3 3 0 1 0 1 0 2 2 4 2 0 4 4 3 4 2 5 3 5 4 1 2 3 0 4 4 5 1 5 1 5 3 1 2
1 2 34 16 13
6 5 1 7 25 37 9 32 30 29 19 24 17
#c 0 1 2 0 3 3 0 1 0 1 0 2 2 4 2 0 4 4 3 4 2 5 3 5 4 1 2 3 0 4 4 5 1 5 1 5 3 1 2
1 1 38 32
6 6 2 14 20 26 11 12 1 7 25 37 9 34
#c 0 1 2 0 3 3 0 1 0 1 0 2 2 4 2 0 4 4 3 4 2 5 3 5 4 1 2 3 0 4 4 5 1 5 1 5 3 1 2
#c 0 1 2 0 3 3 0 1 0 1 0 2 2 4 2 0 4 4 3 4 2 5 3 5 4 1 2 3 0 4 4 5 1 5 1 5 3 1 2
2 3 13 17 11 38 26
5 4 30 29 19 24 16 2 14 20 12
#c 0 1 2 0 3 3 0 1 0 1 0 2 2 4 2 0 4 4 3 4 2 5 3 5 4 1 2 3 0 4 4 5 1 5 1 5 3 1 2
1 1 31 27
4 5 35 33 21 23 18 22 36 4 5
#c 0 1 2 0 3 3 0 1 0 1 0 2 2 4 2 0 4 4 3 4 2 5 3 5 4 1 2 3 0 4 4 5 1 5 1 5 3 1 2
3 3 6 28 8 33 35 23
4 2 0 10 3 15 21 31
#c 0 1 2 0 3 3 0 1 0 1 0 2 2 4 2 0 4 4 3 4 2 5 3 5 4 1 2 3 0 4 4 5 1 5 1 5 3 1 2
2 2 34 1 6 28
5 5 7 25 37 9 32 0 10 3 15 8
#c 0 1 2 0 3 3 0 1 0 1 0 2 2 4 2 0 4 4 3 4 2 5 3 5 4 1 2 3 0 4 4 5 1 5 1 5 3 1 2
2 2 26 12 10 3
5 5 2 14 20 38 11 0 6 28 15 8
#c 0 1 2 0 3 3 0 1 0 1 0 2 2 4 2 0 4 4 3 4 2 5 3 5 4 1 2 3 0 4 4 5 1 5 1 5 3 1 2
1 1 5 16
5 6 18 22 36 27 4 30 29 13 19 24 17
#c 0 1 2 0 3 3 0 1 0 1 0 2 2 4 2 0 4 4 3 4 2 5 3 5 4 1 2 3 0 4 4 5 1 5 1 5 3 1 2
#c 0 1 2 0 3 3 0 1 0 1 0 2 2 4 2 0 4 4 3 4 2 5 3 5 4 1 2 3 0 4 4 5 1 5 1 5 3 1 2
1 2 35 34 7
4 5 33 21 31 23 1 25 37 9 32
#c 0 1 2 0 3 3 0 1 0 1 0 2 2 4 2 0 4 4 3 4 2 5 3 5 4 1 2 3 0 4 4 5 1 5 1 5 3 1 2
3 2 0 10 8 38 20
4 5 6 28 3 15 2 14 26 11 12
#c 0 1 2 0 3 3 0 1 0 1 0 2 2 4 2 0 4 4 3 4 2 5 3 5 4 1 2 3 0 4 4 5 1 5 1 5 3 1 2
0 1 2 0 3 3 0 1 0 1 0 2 2 4 2 0 4 4 3 4 2 5 3 5 4 1 2 3 0 4 4 5 1 5 1 5 3 1 2
