#c 0 1 2 0 1 2 0 1 2 0 1 2 0 1 2 0 1 2 0 1 2 0 1 2 0 1 2 0 1 2 0 1 2 0 1 2 0 1 2 0 1 2 0 1 2 0 1 2 0 1 2 0 1 2 0 1 2 0 1 2 0 1 2 0 1 2 0 1 2 0 1 2 0 1 2 0 1 2 0 1 2 0 1 2 0 1 2 0 1 2 0 1 2 0 1 2
3 3 82 52 61 95 77 23
29 29 1 4 7 10 13 16 19 22 25 28 31 34 37 40 43 46 49 55 58 64 67 70 73 76 79 85 88 91 94 2 5 8 11 14 17 20 26 29 32 35 38 41 44 47 50 53 56 59 62 65 68 71 74 80 83 86 89 92
#c 0 1 2 0 1 2 0 1 2 0 1 2 0 1 2 0 1 2 0 1 2 0 1 2 0 1 2 0 1 2 0 1 2 0 1 2 0 1 2 0 1 2 0 1 2 0 1 2 0 1 2 0 1 2 0 1 2 0 1 2 0 1 2 0 1 2 0 1 2 0 1 2 0 1 2 0 1 2 0 1 2 0 1 2 0 1 2 0 1 2 0 1 2 0 1 2
1 1 86 16
31 31 2 5 8 11 14 17 20 23 26 29 32 35 38 41 44 47 50 53 56 59 62 65 68 71 74 77 80 83 89 92 95 1 4 7 10 13 19 22 25 28 31 34 37 40 43 46 49 52 55 58 61 64 67 70 73 76 79 82 85 88 91 94
#c 0 1 2 0 1 2 0 1 2 0 1 2 0 1 2 0 1 2 0 1 2 0 1 2 0 1 2 0 1 2 0 1 2 0 1 2 0 1 2 0 1 2 0 1 2 0 1 2 0 1 2 0 1 2 0 1 2 0 1 2 0 1 2 0 1 2 0 1 2 0 1 2 0 1 2 0 1 2 0 1 2 0 1 2 0 1 2 0 1 2 0 1 2 0 1 2
15 15 21 39 0 42 69 30 51 24 72 66 87 54 63 18 36 32 11 71 92 38 53 2 95 68 26 65 44 8 17 41
17 17 3 6 9 12 15 27 33 45 48 57 60 75 78 81 84 90 93 5 14 20 23 29 35 47 50 56 59 62 74 77 80 83 86 89
#c 2 1 0 0 1 2 0 1 0 0 1 0 0 1 2 0 1 0 2 1 2 2 1 2 2 1 0 0 1 2 2 1 0 0 1 2 2 1 0 2 1 0 2 1 0 0 1 2 0 1 2 2 1 0 2 1 2 0 1 2 0 1 2 2 1 0 2 1 0 2 1 0 2 1 2 0 1 2 0 1 2 0 1 2 0 1 2 2 1 2 0 1 0 0 1 0
#c 2 1 0 0 1 2 0 1 0 0 1 0 0 1 2 0 1 0 2 1 2 2 1 2 2 1 0 0 1 2 2 1 0 0 1 2 2 1 0 2 1 0 2 1 0 0 1 2 0 1 2 2 1 0 2 1 2 0 1 2 0 1 2 2 1 0 2 1 0 2 1 0 2 1 2 0 1 2 0 1 2 0 1 2 0 1 2 2 1 2 0 1 0 0 1 0
#c 2 1 0 0 1 2 0 1 0 0 1 0 0 1 2 0 1 0 2 1 2 2 1 2 2 1 0 0 1 2 2 1 0 0 1 2 2 1 0 2 1 0 2 1 0 0 1 2 0 1 2 2 1 0 2 1 2 0 1 2 0 1 2 2 1 0 2 1 0 2 1 0 2 1 2 0 1 2 0 1 2 0 1 2 0 1 2 2 1 2 0 1 0 0 1 0
13 12 90 11 78 12 17 53 27 32 95 71 68 26 93 70 49 43 40 4 79 91 16 25 19 22 82
19 20 3 6 9 15 33 45 48 57 60 75 81 84 92 38 2 65 44 8 41 1 7 10 13 28 31 34 37 46 52 55 58 61 64 67 73 76 85 88 94
#c 2 1 0 0 0 2 0 1 0 0 1 1 1 1 2 0 0 1 2 0 2 2 0 2 2 0 1 1 1 2 2 1 1 0 1 2 2 1 0 2 0 0 2 0 0 0 1 2 0 0 2 2 1 1 2 1 2 0 1 2 0 1 2 2 1 0 2 1 1 2 0 1 2 1 2 0 1 2 1 0 2 0 0 2 0 1 2 2 1 2 1 0 0 1 1 1
6 6 58 53 95 37 68 55 83 23 51 42 77 47
27 26 1 7 10 13 28 31 34 46 52 61 64 67 73 76 85 88 94 90 11 78 12 17 27 32 71 26 93 5 14 20 29 35 50 56 59 62 74 80 86 89 21 39 0 69 30 24 72 66 87 54 63 18 36
#c 2 1 0 0 0 2 0 1 0 0 1 1 1 1 2 0 0 1 2 0 2 2 0 2 2 0 1 1 1 2 2 1 1 0 1 2 2 1 0 2 0 0 2 0 0 0 1 2 0 0 2 2 1 1 2 1 2 0 1 2 0 1 2 2 1 0 2 1 1 2 0 1 2 1 2 0 1 2 1 0 2 0 0 2 0 1 2 2 1 2 1 0 0 1 1 1
#c 2 1 0 0 0 2 0 1 0 0 1 1 1 1 2 0 0 1 2 0 2 2 0 2 2 0 1 1 1 2 2 1 1 0 1 2 2 1 0 2 0 0 2 0 0 0 1 2 0 0 2 2 1 1 2 1 2 0 1 2 0 1 2 2 1 0 2 1 1 2 0 1 2 1 2 0 1 2 1 0 2 0 0 2 0 1 2 2 1 2 1 0 0 1 1 1
10 9 41 91 16 3 25 75 84 2 43 19 85 37 46 11 34 13 58 90 76
21 24 6 9 15 33 45 48 57 60 81 92 38 65 44 8 70 49 40 4 79 22 82 1 7 10 28 31 52 55 61 64 67 73 88 94 78 12 17 53 27 32 95 71 68 26 93
#c 2 1 1 1 0 2 0 1 0 0 1 0 1 0 2 0 1 1 2 1 2 2 0 2 2 1 1 1 1 2 2 1 1 0 0 2 2 0 0 2 0 1 2 1 0 0 0 2 0 0 2 2 1 1 2 1 2 0 0 2 0 1 2 2 1 0 2 1 1 2 0 1 2 1 2 1 0 2 1 0 2 0 0 2 1 0 2 2 1 2 0 1 0 1 1 1
7 7 61 68 43 53 16 3 26 82 34 11 33 49 48 40
27 23 1 7 10 28 31 52 55 64 67 73 88 94 78 12 17 27 32 95 71 93 41 91 25 75 84 2 19 6 9 15 45 57 60 81 92 38 65 44 8 70 4 79 22 85 37 46 13 58 90 76
#c 2 1 1 1 0 2 0 1 0 0 1 0 1 0 2 0 1 1 2 1 2 2 0 2 2 1 1 1 1 2 2 1 1 0 0 2 2 0 0 2 0 1 2 1 0 0 0 2 0 0 2 2 1 1 2 1 2 0 0 2 0 1 2 2 1 0 2 1 1 2 0 1 2 1 2 1 0 2 1 0 2 0 0 2 1 0 2 2 1 2 0 1 0 1 1 1
#c 2 1 1 1 0 2 0 1 0 0 1 0 1 0 2 0 1 1 2 1 2 2 0 2 2 1 1 1 1 2 2 1 1 0 0 2 2 0 0 2 0 1 2 1 0 0 0 2 0 0 2 2 1 1 2 1 2 0 0 2 0 1 2 2 1 0 2 1 1 2 0 1 2 1 2 1 0 2 1 0 2 0 0 2 1 0 2 2 1 2 0 1 0 1 1 1
1 1 45 69
29 31 6 9 15 33 48 57 60 81 92 38 65 44 8 70 49 40 4 79 22 82 85 37 46 11 34 13 58 90 76 5 14 20 23 29 35 47 50 56 59 62 74 77 80 83 86 89 21 39 0 42 30 51 24 72 66 87 54 63 18 36
#c 2 1 1 1 0 2 0 1 0 0 1 0 1 0 2 0 1 1 2 1 2 2 0 2 2 1 1 1 1 2 2 1 1 0 0 2 2 0 0 2 0 1 2 1 0 0 0 2 0 0 2 2 1 1 2 1 2 0 0 2 0 1 2 2 1 0 2 1 1 2 0 1 2 1 2 1 0 2 1 0 2 0 0 2 1 0 2 2 1 2 0 1 0 1 1 1
#c 2 1 1 1 0 2 0 1 0 0 1 0 1 0 2 0 1 1 2 1 2 2 0 2 2 1 1 1 1 2 2 1 1 0 0 2 2 0 0 2 0 1 2 1 0 0 0 2 0 0 2 2 1 1 2 1 2 0 0 2 0 1 2 2 1 0 2 1 1 2 0 1 2 1 2 1 0 2 1 0 2 0 0 2 1 0 2 2 1 2 0 1 0 1 1 1
#c 2 1 1 1 0 2 0 1 0 0 1 0 1 0 2 0 1 1 2 1 2 2 0 2 2 1 1 1 1 2 2 1 1 0 0 2 2 0 0 2 0 1 2 1 0 0 0 2 0 0 2 2 1 1 2 1 2 0 0 2 0 1 2 2 1 0 2 1 1 2 0 1 2 1 2 1 0 2 1 0 2 0 0 2 1 0 2 2 1 2 0 1 0 1 1 1
13 14 60 82 48 33 15 58 79 46 76 37 13 81 49 77 35 30 51 18 62 66 39 69 36 47 21 89 24
17 18 6 9 45 57 92 38 65 44 8 70 40 4 22 85 11 34 90 5 14 20 23 29 50 56 59 74 80 83 86 0 42 72 87 54 63
#c 2 1 1 1 0 2 0 1 0 0 1 0 1 2 2 2 1 1 0 1 2 0 0 2 0 1 1 1 1 2 0 1 1 2 0 0 0 2 0 0 0 1 2 1 0 0 2 0 2 2 2 0 1 1 2 1 2 0 2 2 2 1 0 2 1 0 0 1 1 0 0 1 2 1 2 1 2 0 1 2 2 2 2 2 1 0 2 2 1 0 0 1 0 1 1 1
10 10 61 31 28 3 91 68 26 84 17 12 72 23 83 29 20 46 79 63 58 49
24 21 1 7 10 52 55 64 67 73 88 94 78 53 27 32 95 71 93 41 16 25 75 2 43 19 5 14 50 56 59 74 80 86 0 42 87 54 60 82 48 33 15 76 37 13 81
#c 2 1 1 1 0 2 0 1 0 0 1 0 1 2 2 2 1 1 0 1 2 0 0 2 0 1 1 1 1 2 0 1 1 2 0 0 0 2 0 0 0 1 2 1 0 0 2 0 2 2 2 0 1 1 2 1 2 0 2 2 2 1 0 2 1 0 0 1 1 0 0 1 2 1 2 1 2 0 1 2 2 2 2 2 1 0 2 2 1 0 0 1 0 1 1 1
13 13 86 54 76 23 37 29 63 15 20 60 14 72 48 32 27 16 41 26 53 55 19 64 91 28 31 12
18 21 5 50 56 59 74 80 83 0 42 87 82 33 58 79 46 13 81 49 1 7 10 52 61 67 73 88 94 78 17 95 71 68 93 3 25 75 84 2 43
#c 2 1 1 1 0 2 0 1 0 0 1 0 1 2 2 2 1 1 0 1 2 0 0 2 0 1 1 1 1 2 0 1 1 2 0 0 0 2 0 0 0 1 2 1 0 0 2 0 2 2 2 0 1 1 2 1 2 0 2 2 2 1 0 2 1 0 0 1 1 0 0 1 2 1 2 1 2 0 1 2 2 2 2 2 1 0 2 2 1 0 0 1 0 1 1 1
#c 2 1 1 1 0 2 0 1 0 0 1 0 1 2 2 2 1 1 0 1 2 0 0 2 0 1 1 1 1 2 0 1 1 2 0 0 0 2 0 0 0 1 2 1 0 0 2 0 2 2 2 0 1 1 2 1 2 0 2 2 2 1 0 2 1 0 0 1 1 0 0 1 2 1 2 1 2 0 1 2 2 2 2 2 1 0 2 2 1 0 0 1 0 1 1 1
#c 2 1 1 1 0 2 0 1 0 0 1 0 1 2 2 2 1 1 0 1 2 0 0 2 0 1 1 1 1 2 0 1 1 2 0 0 0 2 0 0 0 1 2 1 0 0 2 0 2 2 2 0 1 1 2 1 2 0 2 2 2 1 0 2 1 0 0 1 1 0 0 1 2 1 2 1 2 0 1 2 2 2 2 2 1 0 2 2 1 0 0 1 0 1 1 1
#c 2 1 1 1 0 2 0 1 0 0 1 0 1 2 2 2 1 1 0 1 2 0 0 2 0 1 1 1 1 2 0 1 1 2 0 0 0 2 0 0 0 1 2 1 0 0 2 0 2 2 2 0 1 1 2 1 2 0 2 2 2 1 0 2 1 0 0 1 1 0 0 1 2 1 2 1 2 0 1 2 2 2 2 2 1 0 2 2 1 0 0 1 0 1 1 1
7 7 40 6 66 62 24 22 11 91 75 12 16 3 17 1
24 27 9 45 57 92 38 65 44 8 70 4 85 34 90 77 35 30 51 18 39 69 36 47 21 89 7 10 28 31 52 55 61 64 67 73 88 94 78 53 27 32 95 71 68 26 93 41 25 84 2 43 19
#c 2 0 1 0 0 2 1 1 0 0 1 1 0 2 2 2 0 0 0 1 2 0 1 2 1 1 1 1 1 2 0 1 1 2 0 0 0 2 0 0 1 1 2 1 0 0 2 0 2 2 2 0 1 1 2 1 2 0 2 2 2 1 1 2 1 0 1 1 1 0 0 1 2 1 2 0 2 0 1 2 2 2 2 2 1 0 2 2 1 0 0 0 0 1 1 1
2 2 71 2 13 54
32 29 7 10 28 31 52 55 61 64 67 73 88 94 78 53 27 32 95 68 26 93 41 25 84 43 19 40 6 66 62 24 22 11 5 14 20 23 29 50 56 59 74 80 83 86 0 42 72 87 63 60 82 48 33 15 58 79 46 76 37 81 49
#c 2 0 1 0 0 2 1 1 0 0 1 1 0 2 2 2 0 0 0 1 2 0 1 2 1 1 1 1 1 2 0 1 1 2 0 0 0 2 0 0 1 1 2 1 0 0 2 0 2 2 2 0 1 1 2 1 2 0 2 2 2 1 1 2 1 0 1 1 1 0 0 1 2 1 2 0 2 0 1 2 2 2 2 2 1 0 2 2 1 0 0 0 0 1 1 1
#c 2 0 1 0 0 2 1 1 0 0 1 1 0 2 2 2 0 0 0 1 2 0 1 2 1 1 1 1 1 2 0 1 1 2 0 0 0 2 0 0 1 1 2 1 0 0 2 0 2 2 2 0 1 1 2 1 2 0 2 2 2 1 1 2 1 0 1 1 1 0 0 1 2 1 2 0 2 0 1 2 2 2 2 2 1 0 2 2 1 0 0 0 0 1 1 1
10 10 57 77 44 8 92 85 16 30 75 51 63 83 50 82 58 76 5 15 23 48
21 21 9 45 38 65 70 4 34 90 35 18 39 69 36 47 21 89 91 12 3 17 1 14 20 29 56 59 74 80 86 0 42 72 87 54 60 33 79 46 37 13 81 49
#c 2 0 1 0 0 2 1 1 0 0 1 1 0 2 2 2 0 0 0 1 2 0 1 2 1 1 1 1 1 2 0 1 1 2 0 0 0 2 0 0 1 1 2 1 0 0 2 0 2 2 2 0 1 1 2 1 2 0 2 2 2 1 1 2 1 0 1 1 1 0 0 1 2 1 2 0 2 0 1 2 2 2 2 2 1 0 2 2 1 0 0 0 0 1 1 1
#c 2 0 1 0 0 2 1 1 0 0 1 1 0 2 2 2 0 0 0 1 2 0 1 2 1 1 1 1 1 2 0 1 1 2 0 0 0 2 0 0 1 1 2 1 0 0 2 0 2 2 2 0 1 1 2 1 2 0 2 2 2 1 1 2 1 0 1 1 1 0 0 1 2 1 2 0 2 0 1 2 2 2 2 2 1 0 2 2 1 0 0 0 0 1 1 1
#c 2 0 1 0 0 2 1 1 0 0 1 1 0 2 2 2 0 0 0 1 2 0 1 2 1 1 1 1 1 2 0 1 1 2 0 0 0 2 0 0 1 1 2 1 0 0 2 0 2 2 2 0 1 1 2 1 2 0 2 2 2 1 1 2 1 0 1 1 1 0 0 1 2 1 2 0 2 0 1 2 2 2 2 2 1 0 2 2 1 0 0 0 0 1 1 1
13 13 8 65 85 18 77 39 91 1 4 9 44 75 51 20 46 13 80 59 50 48 0 29 37 76 81 14
18 18 45 57 92 38 70 34 90 35 30 69 36 47 21 89 12 16 3 17 5 23 56 74 83 86 42 72 87 54 63 60 82 33 15 58 79 49
#c 0 2 1 0 2 2 1 1 2 2 1 1 0 0 0 2 0 0 2 1 0 0 1 2 1 1 1 1 1 0 0 1 1 2 0 0 0 0 0 2 1 1 2 1 2 0 0 0 0 2 0 2 1 1 2 1 2 0 2 0 2 1 1 2 1 2 1 1 1 0 0 1 2 1 2 2 0 2 1 2 0 0 2 2 1 2 2 2 1 0 0 2 0 1 1 1
#c 0 2 1 0 2 2 1 1 2 2 1 1 0 0 0 2 0 0 2 1 0 0 1 2 1 1 1 1 1 0 0 1 1 2 0 0 0 0 0 2 1 1 2 1 2 0 0 0 0 2 0 2 1 1 2 1 2 0 2 0 2 1 1 2 1 2 1 1 1 0 0 1 2 1 2 2 0 2 1 2 0 0 2 2 1 2 2 2 1 0 0 2 0 1 1 1
#c 0 2 1 0 2 2 1 1 2 2 1 1 0 0 0 2 0 0 2 1 0 0 1 2 1 1 1 1 1 0 0 1 1 2 0 0 0 0 0 2 1 1 2 1 2 0 0 0 0 2 0 2 1 1 2 1 2 0 2 0 2 1 1 2 1 2 1 1 1 0 0 1 2 1 2 2 0 2 1 2 0 0 2 2 1 2 2 2 1 0 0 2 0 1 1 1
1 1 37 40
30 33 45 57 92 38 70 34 90 35 30 69 36 47 21 89 12 16 3 17 20 46 13 80 59 50 48 0 29 76 81 14 7 10 28 31 52 55 61 64 67 73 88 94 78 53 27 32 95 71 68 26 93 41 25 84 2 43 19 6 66 62 24 22 11
#c 0 2 1 0 2 2 1 1 2 2 1 1 0 0 0 2 0 0 2 1 0 0 1 2 1 1 1 1 1 0 0 1 1 2 0 0 0 1 0 2 0 1 2 1 2 0 0 0 0 2 0 2 1 1 2 1 2 0 2 0 2 1 1 2 1 2 1 1 1 0 0 1 2 1 2 2 0 2 1 2 0 0 2 2 1 2 2 2 1 0 0 2 0 1 1 1
#c 0 2 1 0 2 2 1 1 2 2 1 1 0 0 0 2 0 0 2 1 0 0 1 2 1 1 1 1 1 0 0 1 1 2 0 0 0 1 0 2 0 1 2 1 2 0 0 0 0 2 0 2 1 1 2 1 2 0 2 0 2 1 1 2 1 2 1 1 1 0 0 1 2 1 2 2 0 2 1 2 0 0 2 2 1 2 2 2 1 0 0 2 0 1 1 1
#c 0 2 1 0 2 2 1 1 2 2 1 1 0 0 0 2 0 0 2 1 0 0 1 2 1 1 1 1 1 0 0 1 1 2 0 0 0 1 0 2 0 1 2 1 2 0 0 0 0 2 0 2 1 1 2 1 2 0 2 0 2 1 1 2 1 2 1 1 1 0 0 1 2 1 2 2 0 2 1 2 0 0 2 2 1 2 2 2 1 0 0 2 0 1 1 1
2 2 59 3 72 91
29 29 45 57 92 38 70 34 90 35 30 69 36 47 21 89 12 16 17 20 46 13 80 50 48 0 29 76 81 14 40 5 23 56 74 83 86 42 87 54 63 60 82 33 15 58 79 49 8 65 85 18 77 39 1 4 9 44 75 51
#c 0 2 1 2 2 2 1 1 2 2 1 1 0 0 0 2 0 0 2 1 0 0 1 2 1 1 1 1 1 0 0 1 1 2 0 0 0 1 0 2 0 1 2 1 2 0 0 0 0 2 0 2 1 1 2 1 2 0 2 2 2 1 1 2 1 2 1 1 1 0 0 1 0 1 2 2 0 2 1 2 0 0 2 2 1 2 2 2 1 0 0 0 0 1 1 1
10 11 26 88 67 43 11 27 37 25 64 93 23 79 60 4 65 87 63 86 49 18 44
24 20 7 10 28 31 52 55 61 73 94 78 53 32 95 71 68 41 84 2 19 6 66 62 24 22 5 56 74 83 42 54 82 33 15 58 8 85 77 39 1 9 75 51 59 3
#c 0 2 1 2 2 2 1 1 2 2 1 1 0 0 0 2 0 0 2 1 0 0 1 2 1 1 1 1 1 0 0 1 1 2 0 0 0 1 0 2 0 1 2 1 2 0 0 0 0 2 0 2 1 1 2 1 2 0 2 2 2 1 1 2 1 2 1 1 1 0 0 1 0 1 2 2 0 2 1 2 0 0 2 2 1 2 2 2 1 0 0 0 0 1 1 1
3 3 56 23 1 78 53 31
28 31 5 74 83 86 42 87 54 63 60 82 33 15 58 79 49 8 65 85 18 77 39 4 9 44 75 51 59 3 7 10 28 52 55 61 64 67 73 88 94 27 32 95 71 68 26 93 41 25 84 2 43 19 6 66 62 24 22 11 37
#c 0 2 1 2 2 2 1 1 2 2 1 1 0 0 0 2 0 0 2 1 0 0 1 2 1 1 1 1 1 0 0 1 1 2 0 0 0 1 0 2 0 1 2 1 2 0 0 0 0 2 0 2 1 1 2 1 2 0 2 2 2 1 1 2 1 2 1 1 1 0 0 1 0 1 2 2 0 2 1 2 0 0 2 2 1 2 2 2 1 0 0 0 0 1 1 1
#c 0 2 1 2 2 2 1 1 2 2 1 1 0 0 0 2 0 0 2 1 0 0 1 2 1 1 1 1 1 0 0 1 1 2 0 0 0 1 0 2 0 1 2 1 2 0 0 0 0 2 0 2 1 1 2 1 2 0 2 2 2 1 1 2 1 2 1 1 1 0 0 1 0 1 2 2 0 2 1 2 0 0 2 2 1 2 2 2 1 0 0 0 0 1 1 1
#c 0 2 1 2 2 2 1 1 2 2 1 1 0 0 0 2 0 0 2 1 0 0 1 2 1 1 1 1 1 0 0 1 1 2 0 0 0 1 0 2 0 1 2 1 2 0 0 0 0 2 0 2 1 1 2 1 2 0 2 2 2 1 1 2 1 2 1 1 1 0 0 1 0 1 2 2 0 2 1 2 0 0 2 2 1 2 2 2 1 0 0 0 0 1 1 1
3 3 75 5 79 76 29 30
28 28 23 56 74 83 86 42 87 54 63 60 82 33 15 58 49 8 65 85 18 77 39 1 4 9 44 51 59 3 45 57 92 38 70 34 90 35 69 36 47 21 89 12 16 17 20 46 13 80 50 48 0 81 14 40 72 91
#c 0 2 1 2 2 2 1 1 2 2 1 1 0 0 0 2 0 0 2 1 0 0 1 2 1 1 1 1 1 0 0 1 1 2 0 0 0 1 0 2 0 1 2 1 2 0 0 0 0 2 0 2 1 1 2 1 2 0 2 2 2 1 1 2 1 2 1 1 1 0 0 1 0 1 2 2 0 2 1 2 0 0 2 2 1 2 2 2 1 0 0 0 0 1 1 1
1 1 80 87
30 30 45 57 92 38 70 34 90 35 30 69 36 47 21 89 12 16 17 20 46 13 50 48 0 29 76 81 14 40 72 91 5 23 56 74 83 86 42 54 63 60 82 33 15 58 79 49 8 65 85 18 77 39 1 4 9 44 75 51 59 3
#c 0 2 1 2 2 2 1 1 2 2 1 1 0 0 0 2 0 0 2 1 0 0 1 2 1 1 1 1 1 0 0 1 1 2 0 0 0 1 0 2 0 1 2 1 2 0 0 0 0 2 0 2 1 1 2 1 2 0 2 2 2 1 1 2 1 2 1 1 1 0 0 1 0 1 2 2 0 2 1 2 0 0 2 2 1 2 2 2 1 0 0 0 0 1 1 1
15 13 84 53 61 71 93 32 62 41 66 67 6 11 73 64 2 4 23 39 33 59 79 85 1 82 8 42 56 5
19 18 7 10 28 31 52 55 88 94 78 27 95 68 26 25 43 19 24 22 37 74 83 86 87 54 63 60 15 58 49 65 18 77 9 44 75 51 3
#c 0 2 1 2 2 2 1 1 2 2 1 1 0 0 0 2 0 0 2 1 0 0 1 2 1 1 1 1 1 0 0 1 1 2 0 0 0 1 0 2 0 1 2 1 2 0 0 0 0 2 0 2 1 1 2 1 2 0 2 2 2 1 1 2 1 2 1 1 1 0 0 1 0 1 2 2 0 2 1 2 0 0 2 2 1 2 2 2 1 0 0 0 0 1 1 1
#c 0 2 1 2 2 2 1 1 2 2 1 1 0 0 0 2 0 0 2 1 0 0 1 2 1 1 1 1 1 0 0 1 1 2 0 0 0 1 0 2 0 1 2 1 2 0 0 0 0 2 0 2 1 1 2 1 2 0 2 2 2 1 1 2 1 2 1 1 1 0 0 1 0 1 2 2 0 2 1 2 0 0 2 2 1 2 2 2 1 0 0 0 0 1 1 1
#c 0 2 1 2 2 2 1 1 2 2 1 1 0 0 0 2 0 0 2 1 0 0 1 2 1 1 1 1 1 0 0 1 1 2 0 0 0 1 0 2 0 1 2 1 2 0 0 0 0 2 0 2 1 1 2 1 2 0 2 2 2 1 1 2 1 2 1 1 1 0 0 1 0 1 2 2 0 2 1 2 0 0 2 2 1 2 2 2 1 0 0 0 0 1 1 1
16 16 71 28 22 62 78 61 95 2 84 94 11 55 67 26 24 32 54 63 49 51 59 56 42 15 33 83 3 60 85 65 8 58
18 15 7 10 31 52 64 73 88 53 27 68 93 41 25 43 19 6 66 37 5 23 74 86 87 82 79 18 77 39 1 4 9 44 75
#c 0 2 1 2 2 2 1 1 2 2 1 1 0 0 0 2 0 0 2 1 0 0 1 2 1 1 1 1 1 0 0 1 1 2 0 0 0 1 0 2 0 1 2 1 2 0 0 0 0 2 0 2 1 1 2 1 2 0 2 2 2 1 1 2 1 2 1 1 1 0 0 1 0 1 2 2 0 2 1 2 0 0 2 2 1 2 2 2 1 0 0 0 0 1 1 1
#c 0 2 1 2 2 2 1 1 2 2 1 1 0 0 0 2 0 0 2 1 0 0 1 2 1 1 1 1 1 0 0 1 1 2 0 0 0 1 0 2 0 1 2 1 2 0 0 0 0 2 0 2 1 1 2 1 2 0 2 2 2 1 1 2 1 2 1 1 1 0 0 1 0 1 2 2 0 2 1 2 0 0 2 2 1 2 2 2 1 0 0 0 0 1 1 1
8 8 69 89 36 40 80 20 35 45 61 78 64 94 7 11 25 67
23 26 57 92 38 70 34 90 30 47 21 12 16 17 46 13 50 48 0 29 76 81 14 72 91 10 28 31 52 55 73 88 53 27 32 95 71 68 26 93 41 84 2 43 19 6 66 62 24 22 37
#c 0 2 1 2 2 2 1 1 2 2 1 1 0 0 0 2 0 0 2 1 0 0 1 2 1 1 1 1 1 0 0 1 1 2 0 0 0 1 0 2 0 1 2 1 2 0 0 0 0 2 0 2 1 1 2 1 2 0 2 2 2 1 1 2 1 2 1 1 1 0 0 1 0 1 2 2 0 2 1 2 0 0 2 2 1 2 2 2 1 0 0 0 0 1 1 1
#c 0 2 1 2 2 2 1 1 2 2 1 1 0 0 0 2 0 0 2 1 0 0 1 2 1 1 1 1 1 0 0 1 1 2 0 0 0 1 0 2 0 1 2 1 2 0 0 0 0 2 0 2 1 1 2 1 2 0 2 2 2 1 1 2 1 2 1 1 1 0 0 1 0 1 2 2 0 2 1 2 0 0 2 2 1 2 2 2 1 0 0 0 0 1 1 1
#c 0 2 1 2 2 2 1 1 2 2 1 1 0 0 0 2 0 0 2 1 0 0 1 2 1 1 1 1 1 0 0 1 1 2 0 0 0 1 0 2 0 1 2 1 2 0 0 0 0 2 0 2 1 1 2 1 2 0 2 2 2 1 1 2 1 2 1 1 1 0 0 1 0 1 2 2 0 2 1 2 0 0 2 2 1 2 2 2 1 0 0 0 0 1 1 1
10 10 72 47 89 92 0 21 40 69 48 45 64 93 55 2 71 95 24 88 27 41
21 24 57 38 70 34 90 35 30 36 12 16 17 20 46 13 80 50 29 76 81 14 91 7 10 28 31 52 61 67 73 94 78 53 32 68 26 25 84 43 19 6 66 62 22 11 37
#c 0 2 1 2 2 2 1 1 2 2 1 1 0 0 0 2 0 0 2 1 0 0 1 2 1 1 1 1 1 0 0 1 1 2 0 0 0 1 0 2 0 1 2 1 2 0 0 0 0 2 0 2 1 1 2 1 2 0 2 2 2 1 1 2 1 2 1 1 1 0 0 1 0 1 2 2 0 2 1 2 0 0 2 2 1 2 2 2 1 0 0 0 0 1 1 1
11 13 10 84 26 88 24 62 95 64 19 25 2 90 89 70 50 72 45 80 92 35 46 40 76 81
23 18 7 28 31 52 55 61 67 73 94 78 53 27 32 71 68 93 41 43 6 66 22 11 37 57 38 34 30 69 36 47 21 12 16 17 20 13 48 0 29 14 91
#c 0 2 1 2 2 2 1 1 2 2 1 1 0 0 0 2 0 0 2 1 0 0 1 2 1 1 1 1 1 0 0 1 1 2 0 0 0 1 0 2 0 1 2 1 2 0 0 0 0 2 0 2 1 1 2 1 2 0 2 2 2 1 1 2 1 2 1 1 1 0 0 1 0 1 2 2 0 2 1 2 0 0 2 2 1 2 2 2 1 0 0 0 0 1 1 1
6 6 63 86 56 74 5 83 64 84 53 6 7 66
25 28 23 42 87 54 60 82 33 15 58 79 49 8 65 85 18 77 39 1 4 9 44 75 51 59 3 10 28 31 52 55 61 67 73 88 94 78 27 32 95 71 68 26 93 41 25 2 43 19 62 24 22 11 37
#c 0 2 1 2 2 2 1 1 2 2 1 1 0 0 0 2 0 0 2 1 0 0 1 2 1 1 1 1 1 0 0 1 1 2 0 0 0 1 0 2 0 1 2 1 2 0 0 0 0 2 0 2 1 1 2 1 2 0 2 2 2 1 1 2 1 2 1 1 1 0 0 1 0 1 2 2 0 2 1 2 0 0 2 2 1 2 2 2 1 0 0 0 0 1 1 1
2 2 50 14 5 23
29 29 45 57 92 38 70 34 90 35 30 69 36 47 21 89 12 16 17 20 46 13 80 48 0 29 76 81 40 72 91 56 74 83 86 42 87 54 63 60 82 33 15 58 79 49 8 65 85 18 77 39 1 4 9 44 75 51 59 3
#c 0 2 1 2 2 2 1 1 2 2 1 1 0 0 0 2 0 0 2 1 0 0 1 2 1 1 1 1 1 0 0 1 1 2 0 0 0 1 0 2 0 1 2 1 2 0 0 0 0 2 0 2 1 1 2 1 2 0 2 2 2 1 1 2 1 2 1 1 1 0 0 1 0 1 2 2 0 2 1 2 0 0 2 2 1 2 2 2 1 0 0 0 0 1 1 1
12 12 94 32 84 53 55 11 95 2 66 71 62 64 30 81 50 17 89 69 72 21 38 34 45 70
22 19 7 10 28 31 52 61 67 73 88 78 27 68 26 93 41 25 43 19 6 24 22 37 57 92 90 35 36 47 12 16 20 46 13 80 48 0 29 76 14 40 91
#c 0 2 1 2 2 2 1 1 2 2 1 1 0 0 0 2 0 0 2 1 0 0 1 2 1 1 1 1 1 0 0 1 1 2 0 0 0 1 0 2 0 1 2 1 2 0 0 0 0 2 0 2 1 1 2 1 2 0 2 2 2 1 1 2 1 2 1 1 1 0 0 1 0 1 2 2 0 2 1 2 0 0 2 2 1 2 2 2 1 0 0 0 0 1 1 1
12 13 59 3 39 23 42 85 5 60 4 63 33 8 72 34 13 70 36 16 47 14 46 29 81 76 0
19 18 56 74 83 86 87 54 82 15 58 79 49 65 18 77 1 9 44 75 51 45 57 92 38 90 35 30 69 21 89 12 17 20 80 50 48 40 91
#c 0 2 1 2 2 2 1 1 2 2 1 1 0 0 0 2 0 0 2 1 0 0 1 2 1 1 1 1 1 0 0 1 1 2 0 0 0 1 0 2 0 1 2 1 2 0 0 0 0 2 0 2 1 1 2 1 2 0 2 2 2 1 1 2 1 2 1 1 1 0 0 1 0 1 2 2 0 2 1 2 0 0 2 2 1 2 2 2 1 0 0 0 0 1 1 1
13 12 50 47 90 45 40 80 35 91 14 69 81 92 48 55 7 61 68 43 94 10 2 27 19 11 25
18 22 57 38 70 34 30 36 21 89 12 16 17 20 46 13 0 29 76 72 28 31 52 64 67 73 88 78 53 32 95 71 26 93 41 84 6 66 62 24 22 37
#c 0 2 0 2 2 2 1 0 2 2 0 0 0 0 1 2 0 0 2 0 0 0 1 2 1 0 1 0 1 0 0 1 1 2 0 1 0 1 0 2 1 1 2 0 2 1 0 1 1 2 1 2 1 1 2 0 2 0 2 2 2 0 1 2 1 2 1 1 0 1 0 1 0 1 2 2 0 2 1 2 1 1 2 2 1 2 2 2 1 0 1 1 1 1 0 1
#c 0 2 0 2 2 2 1 0 2 2 0 0 0 0 1 2 0 0 2 0 0 0 1 2 1 0 1 0 1 0 0 1 1 2 0 1 0 1 0 2 1 1 2 0 2 1 0 1 1 2 1 2 1 1 2 0 2 0 2 2 2 0 1 2 1 2 1 1 0 1 0 1 0 1 2 2 0 2 1 2 1 1 2 2 1 2 2 2 1 0 1 1 1 1 0 1
#c 0 2 0 2 2 2 1 0 2 2 0 0 0 0 1 2 0 0 2 0 0 0 1 2 1 0 1 0 1 0 0 1 1 2 0 1 0 1 0 2 1 1 2 0 2 1 0 1 1 2 1 2 1 1 2 0 2 0 2 2 2 0 1 2 1 2 1 1 0 1 0 1 0 1 2 2 0 2 1 2 1 1 2 2 1 2 2 2 1 0 1 1 1 1 0 1
#c 0 2 0 2 2 2 1 0 2 2 0 0 0 0 1 2 0 0 2 0 0 0 1 2 1 0 1 0 1 0 0 1 1 2 0 1 0 1 0 2 1 1 2 0 2 1 0 1 1 2 1 2 1 1 2 0 2 0 2 2 2 0 1 2 1 2 1 1 0 1 0 1 0 1 2 2 0 2 1 2 1 1 2 2 1 2 2 2 1 0 1 1 1 1 0 1
15 15 48 90 41 31 40 71 88 53 66 35 47 24 6 67 84 2 55 30 19 72 43 94 17 13 34 16 10 36 11 61
20 15 28 52 64 73 78 32 95 26 93 62 22 37 50 45 80 91 14 69 81 92 57 38 70 21 89 12 20 46 0 29 76 7 68 27 25
#c 0 2 0 2 2 2 1 0 2 2 0 0 0 0 1 2 0 0 2 0 0 0 1 2 1 0 1 0 1 0 0 1 1 2 0 1 0 1 0 2 1 1 2 0 2 1 0 1 1 2 1 2 1 1 2 0 2 0 2 2 2 0 1 2 1 2 1 1 0 1 0 1 0 1 2 2 0 2 1 2 1 1 2 2 1 2 2 2 1 0 1 1 1 1 0 1
8 8 42 44 15 65 8 86 56 79 41 35 73 52 90 91 81 71
23 27 5 23 74 83 87 54 63 60 82 33 58 49 85 18 77 39 1 4 9 75 51 59 3 28 31 64 67 88 78 53 32 95 26 93 84 6 66 62 24 22 37 50 47 45 40 80 14 69 92 48
#c 0 2 0 2 2 2 1 0 2 2 0 0 0 0 1 2 0 0 2 0 0 0 1 2 1 0 1 0 1 0 0 1 1 2 0 1 0 1 0 2 1 1 2 0 2 1 0 1 1 2 1 2 1 1 2 0 2 0 2 2 2 0 1 2 1 2 1 1 0 1 0 1 0 1 2 2 0 2 1 2 1 1 2 2 1 2 2 2 1 0 1 1 1 1 0 1
#c 0 2 0 2 2 2 1 0 2 2 0 0 0 0 1 2 0 0 2 0 0 0 1 2 1 0 1 0 1 0 0 1 1 2 0 1 0 1 0 2 1 1 2 0 2 1 0 1 1 2 1 2 1 1 2 0 2 0 2 2 2 0 1 2 1 2 1 1 0 1 0 1 0 1 2 2 0 2 1 2 1 1 2 2 1 2 2 2 1 0 1 1 1 1 0 1
2 3 52 41 12 30 21
33 27 28 31 64 67 73 88 78 53 32 95 71 26 93 84 6 66 62 24 22 37 50 47 90 45 40 80 35 91 14 69 81 92 48 57 38 70 34 36 89 16 17 20 46 13 0 29 76 72 55 7 61 68 43 94 10 2 27 19 11 25
#c 0 2 0 2 2 2 1 0 2 2 0 0 0 0 1 2 0 0 2 0 0 0 1 2 1 0 1 0 1 0 0 1 1 2 0 1 0 1 0 2 1 1 2 0 2 1 0 1 1 2 1 2 1 1 2 0 2 0 2 2 2 0 1 2 1 2 1 1 0 1 0 1 0 1 2 2 0 2 1 2 1 1 2 2 1 2 2 2 1 0 1 1 1 1 0 1
8 8 4 83 56 85 23 54 79 87 12 25 29 21 76 46 68 38
23 22 5 74 86 42 63 60 82 33 15 58 49 8 65 18 77 39 1 9 44 75 51 59 3 57 70 34 30 36 89 16 17 20 13 0 72 55 7 61 43 94 10 2 27 19 11
#c 0 2 0 2 2 2 1 0 2 2 0 0 0 0 1 2 0 0 2 0 0 0 1 2 1 0 1 0 1 0 0 1 1 2 0 1 0 1 0 2 1 1 2 0 2 1 0 1 1 2 1 2 1 1 2 0 2 0 2 2 2 0 1 2 1 2 1 1 0 1 0 1 0 1 2 2 0 2 1 2 1 1 2 2 1 2 2 2 1 0 1 1 1 1 0 1
9 9 13 55 43 68 19 72 89 94 29 50 6 35 14 24 28 45 48 67
21 26 57 38 70 34 30 36 21 12 16 17 20 46 0 76 7 61 10 2 27 11 25 31 52 64 73 88 78 53 32 95 71 26 93 41 84 66 62 22 37 47 90 40 80 91 69 81 92
#c 0 2 0 2 2 2 1 0 2 2 0 0 0 0 1 2 0 0 2 0 0 0 1 2 1 0 1 0 1 0 0 1 1 2 0 1 0 1 0 2 1 1 2 0 2 1 0 1 1 2 1 2 1 1 2 0 2 0 2 2 2 0 1 2 1 2 1 1 0 1 0 1 0 1 2 2 0 2 1 2 1 1 2 2 1 2 2 2 1 0 1 1 1 1 0 1
#c 0 2 0 2 2 2 1 0 2 2 0 0 0 0 1 2 0 0 2 0 0 0 1 2 1 0 1 0 1 0 0 1 1 2 0 1 0 1 0 2 1 1 2 0 2 1 0 1 1 2 1 2 1 1 2 0 2 0 2 2 2 0 1 2 1 2 1 1 0 1 0 1 0 1 2 2 0 2 1 2 1 1 2 2 1 2 2 2 1 0 1 1 1 1 0 1
#c 0 2 0 2 2 2 1 0 2 2 0 0 0 0 1 2 0 0 2 0 0 0 1 2 1 0 1 0 1 0 0 1 1 2 0 1 0 1 0 2 1 1 2 0 2 1 0 1 1 2 1 2 1 1 2 0 2 0 2 2 2 0 1 2 1 2 1 1 0 1 0 1 0 1 2 2 0 2 1 2 1 1 2 2 1 2 2 2 1 0 1 1 1 1 0 1
4 4 46 0 43 34 53 80 73 62
26 31 57 38 70 30 36 21 89 12 16 17 20 13 29 76 72 55 7 61 68 94 10 2 27 19 11 25 28 31 52 64 67 88 78 32 95 71 26 93 41 84 6 66 24 22 37 50 47 90 45 40 35 91 14 69 81 92 48
#c 0 2 0 2 2 2 1 0 2 2 0 0 0 0 1 2 0 0 2 0 0 0 1 2 1 0 1 0 1 0 0 1 1 2 0 1 0 1 0 2 1 1 2 0 2 1 0 1 1 2 1 2 1 1 2 0 2 0 2 2 2 0 1 2 1 2 1 1 0 1 0 1 0 1 2 2 0 2 1 2 1 1 2 2 1 2 2 2 1 0 1 1 1 1 0 1
#c 0 2 0 2 2 2 1 0 2 2 0 0 0 0 1 2 0 0 2 0 0 0 1 2 1 0 1 0 1 0 0 1 1 2 0 1 0 1 0 2 1 1 2 0 2 1 0 1 1 2 1 2 1 1 2 0 2 0 2 2 2 0 1 2 1 2 1 1 0 1 0 1 0 1 2 2 0 2 1 2 1 1 2 2 1 2 2 2 1 0 1 1 1 1 0 1
#c 0 2 0 2 2 2 1 0 2 2 0 0 0 0 1 2 0 0 2 0 0 0 1 2 1 0 1 0 1 0 0 1 1 2 0 1 0 1 0 2 1 1 2 0 2 1 0 1 1 2 1 2 1 1 2 0 2 0 2 2 2 0 1 2 1 2 1 1 0 1 0 1 0 1 2 2 0 2 1 2 1 1 2 2 1 2 2 2 1 0 1 1 1 1 0 1
#c 0 2 0 2 2 2 1 0 2 2 0 0 0 0 1 2 0 0 2 0 0 0 1 2 1 0 1 0 1 0 0 1 1 2 0 1 0 1 0 2 1 1 2 0 2 1 0 1 1 2 1 2 1 1 2 0 2 0 2 2 2 0 1 2 1 2 1 1 0 1 0 1 0 1 2 2 0 2 1 2 1 1 2 2 1 2 2 2 1 0 1 1 1 1 0 1
3 3 47 22 31 55 20 25
32 27 28 52 64 67 73 88 78 53 32 95 71 26 93 41 84 6 66 62 24 37 50 90 45 40 80 35 91 14 69 81 92 48 57 38 70 34 30 36 21 89 12 16 17 46 13 0 29 76 72 7 61 68 43 94 10 2 27 19 11
#c 0 2 0 2 2 2 1 0 2 2 0 0 0 0 1 2 0 0 2 0 0 0 1 2 1 0 1 0 1 0 0 1 1 2 0 1 0 1 0 2 1 1 2 0 2 1 0 1 1 2 1 2 1 1 2 0 2 0 2 2 2 0 1 2 1 2 1 1 0 1 0 1 0 1 2 2 0 2 1 2 1 1 2 2 1 2 2 2 1 0 1 1 1 1 0 1
5 5 5 51 75 39 1 62 90 71 37 84
26 30 23 56 74 83 86 42 87 54 63 60 82 33 15 58 79 49 8 65 85 18 77 4 9 44 59 3 28 31 52 64 67 73 88 78 53 32 95 26 93 41 6 66 24 22 50 47 45 40 80 35 91 14 69 81 92 48
#c 0 2 0 2 2 2 1 0 2 2 0 0 0 0 1 2 0 0 2 0 0 0 1 2 1 0 1 0 1 0 0 1 1 2 0 1 0 1 0 2 1 1 2 0 2 1 0 1 1 2 1 2 1 1 2 0 2 0 2 2 2 0 1 2 1 2 1 1 0 1 0 1 0 1 2 2 0 2 1 2 1 1 2 2 1 2 2 2 1 0 1 1 1 1 0 1
7 7 13 70 76 25 17 94 30 39 54 58 9 49 56 74
23 24 57 38 34 36 21 89 12 16 20 46 0 29 72 55 7 61 68 43 10 2 27 19 11 5 23 83 86 42 87 63 60 82 33 15 79 8 65 85 18 77 1 4 44 75 51 59 3
#c 0 2 0 2 2 2 1 0 2 2 0 0 0 0 1 2 0 0 2 0 0 0 1 2 1 0 1 0 1 0 0 1 1 2 0 1 0 1 0 2 1 1 2 0 2 1 0 1 1 2 1 2 1 1 2 0 2 0 2 2 2 0 1 2 1 2 1 1 0 1 0 1 0 1 2 2 0 2 1 2 1 1 2 2 1 2 2 2 1 0 1 1 1 1 0 1
2 2 47 45 33 60
33 29 28 31 52 64 67 73 88 78 53 32 95 71 26 93 41 84 6 66 62 24 22 37 50 90 40 80 35 91 14 69 81 92 48 5 23 56 74 83 86 42 87 54 63 82 15 58 79 49 8 65 85 18 77 39 1 4 9 44 75 51 59 3
#c 0 2 0 2 2 2 1 0 2 2 0 0 0 0 1 2 0 0 2 0 0 0 1 2 1 0 1 0 1 0 0 1 1 2 0 1 0 1 0 2 1 1 2 0 2 1 0 1 1 2 1 2 1 1 2 0 2 0 2 2 2 0 1 2 1 2 1 1 0 1 0 1 0 1 2 2 0 2 1 2 1 1 2 2 1 2 2 2 1 0 1 1 1 1 0 1
13 13 39 9 33 75 44 79 42 5 54 1 63 56 82 48 91 52 69 78 67 53 26 31 73 80 47 32
18 22 23 74 83 86 87 60 15 58 49 8 65 85 18 77 4 51 59 3 28 64 88 95 71 93 41 84 6 66 62 24 22 37 50 90 45 40 35 14 81 92
#c 0 2 0 2 2 2 1 0 2 2 0 0 0 0 1 2 0 0 2 0 0 0 1 2 1 0 1 0 1 0 0 1 1 2 0 1 0 1 0 2 1 1 2 0 2 1 0 1 1 2 1 2 1 1 2 0 2 0 2 2 2 0 1 2 1 2 1 1 0 1 0 1 0 1 2 2 0 2 1 2 1 1 2 2 1 2 2 2 1 0 1 1 1 1 0 1
15 15 76 55 0 17 38 16 7 43 89 21 30 12 57 25 11 8 60 63 42 58 5 44 75 33 85 65 87 77 83 51
15 16 70 34 36 20 46 13 29 72 61 68 94 10 2 27 19 23 56 74 86 54 82 15 79 49 18 39 1 4 9 59 3
#c 0 2 0 2 2 2 1 0 2 2 0 0 0 0 1 2 0 0 2 0 0 0 1 2 1 0 1 0 1 0 0 1 1 2 0 1 0 1 0 2 1 1 2 0 2 1 0 1 1 2 1 2 1 1 2 0 2 0 2 2 2 0 1 2 1 2 1 1 0 1 0 1 0 1 2 2 0 2 1 2 1 1 2 2 1 2 2 2 1 0 1 1 1 1 0 1
8 8 81 67 50 47 73 14 64 45 15 49 33 79 3 87 39 60
27 23 28 31 52 88 78 53 32 95 71 26 93 41 84 6 66 62 24 22 37 90 40 80 35 91 69 92 48 5 23 56 74 83 86 42 54 63 82 58 8 65 85 18 77 1 4 9 44 75 51 59
#c 0 2 0 2 2 2 1 0 2 2 0 0 0 0 1 2 0 0 2 0 0 0 1 2 1 0 1 0 1 0 0 1 1 2 0 1 0 1 0 2 1 1 2 0 2 1 0 1 1 2 1 2 1 1 2 0 2 0 2 2 2 0 1 2 1 2 1 1 0 1 0 1 0 1 2 2 0 2 1 2 1 1 2 2 1 2 2 2 1 0 1 1 1 1 0 1
5 7 42 18 74 83 5 78 41 62 93 40 95 84
26 28 23 56 86 87 54 63 60 82 33 15 58 79 49 8 65 85 77 39 1 4 9 44 75 51 59 3 28 31 52 64 67 73 88 53 32 71 26 6 66 24 22 37 50 47 90 45 80 35 91 14 69 81 92 48
#c 0 2 0 2 2 2 1 0 2 2 0 0 0 0 1 2 0 0 2 0 0 0 1 2 1 0 1 0 1 0 0 1 1 2 0 1 0 1 0 2 1 1 2 0 2 1 0 1 1 2 1 2 1 1 2 0 2 0 2 2 2 0 1 2 1 2 1 1 0 1 0 1 0 1 2 2 0 2 1 2 1 1 2 2 1 2 2 2 1 0 1 1 1 1 0 1
#c 0 2 0 2 2 2 1 0 2 2 0 0 0 0 1 2 0 0 2 0 0 0 1 2 1 0 1 0 1 0 0 1 1 2 0 1 0 1 0 2 1 1 2 0 2 1 0 1 1 2 1 2 1 1 2 0 2 0 2 2 2 0 1 2 1 2 1 1 0 1 0 1 0 1 2 2 0 2 1 2 1 1 2 2 1 2 2 2 1 0 1 1 1 1 0 1
4 4 48 47 32 66 94 19 10 61
31 26 28 31 52 64 67 73 88 78 53 95 71 26 93 41 84 6 62 24 22 37 50 90 45 40 80 35 91 14 69 81 92 57 38 70 34 30 36 21 89 12 16 17 20 46 13 0 29 76 72 55 7 68 43 2 27 11 25
#c 0 2 0 2 2 2 1 0 2 2 0 0 0 0 1 2 0 0 2 0 0 0 1 2 1 0 1 0 1 0 0 1 1 2 0 1 0 1 0 2 1 1 2 0 2 1 0 1 1 2 1 2 1 1 2 0 2 0 2 2 2 0 1 2 1 2 1 1 0 1 0 1 0 1 2 2 0 2 1 2 1 1 2 2 1 2 2 2 1 0 1 1 1 1 0 1
6 6 63 82 15 75 87 86 22 26 69 50 93 53
25 29 5 23 56 74 83 42 54 60 33 58 79 49 8 65 85 18 77 39 1 4 9 44 51 59 3 28 31 52 64 67 73 88 78 32 95 71 41 84 6 66 62 24 37 47 90 45 40 80 35 91 14 81 92 48
#c 0 2 0 2 2 2 1 0 2 2 0 0 0 0 1 2 0 0 2 0 0 0 1 2 1 0 1 0 1 0 0 1 1 2 0 1 0 1 0 2 1 1 2 0 2 1 0 1 1 2 1 2 1 1 2 0 2 0 2 2 2 0 1 2 1 2 1 1 0 1 0 1 0 1 2 2 0 2 1 2 1 1 2 2 1 2 2 2 1 0 1 1 1 1 0 1
13 13 30 57 46 34 21 55 27 10 7 61 36 89 72 80 14 40 24 88 52 45 47 71 37 67 81 28
17 22 38 70 12 16 17 20 13 0 29 76 68 43 94 2 19 11 25 31 64 73 78 53 32 95 26 93 41 84 6 66 62 22 50 90 35 91 69 92 48
#c 0 2 0 2 2 2 1 0 2 2 0 0 0 0 1 2 0 0 2 0 0 0 1 2 1 0 1 0 1 0 0 1 1 2 0 1 0 1 0 2 1 1 2 0 2 1 0 1 1 2 1 2 1 1 2 0 2 0 2 2 2 0 1 2 1 2 1 1 0 1 0 1 0 1 2 2 0 2 1 2 1 1 2 2 1 2 2 2 1 0 1 1 1 1 0 1
8 8 37 47 24 6 32 45 62 78 34 10 20 55 25 68 17 30
27 22 28 31 52 64 67 73 88 53 95 71 26 93 41 84 66 22 50 90 40 80 35 91 14 69 81 92 48 57 38 70 36 21 89 12 16 46 13 0 29 76 72 7 61 43 94 2 27 19 11
#c 0 2 0 2 2 2 1 0 2 2 0 0 0 0 1 2 0 0 2 0 0 0 1 2 1 0 1 0 1 0 0 1 1 2 0 1 0 1 0 2 1 1 2 0 2 1 0 1 1 2 1 2 1 1 2 0 2 0 2 2 2 0 1 2 1 2 1 1 0 1 0 1 0 1 2 2 0 2 1 2 1 1 2 2 1 2 2 2 1 0 1 1 1 1 0 1
#c 0 2 0 2 2 2 1 0 2 2 0 0 0 0 1 2 0 0 2 0 0 0 1 2 1 0 1 0 1 0 0 1 1 2 0 1 0 1 0 2 1 1 2 0 2 1 0 1 1 2 1 2 1 1 2 0 2 0 2 2 2 0 1 2 1 2 1 1 0 1 0 1 0 1 2 2 0 2 1 2 1 1 2 2 1 2 2 2 1 0 1 1 1 1 0 1
#c 0 2 0 2 2 2 1 0 2 2 0 0 0 0 1 2 0 0 2 0 0 0 1 2 1 0 1 0 1 0 0 1 1 2 0 1 0 1 0 2 1 1 2 0 2 1 0 1 1 2 1 2 1 1 2 0 2 0 2 2 2 0 1 2 1 2 1 1 0 1 0 1 0 1 2 2 0 2 1 2 1 1 2 2 1 2 2 2 1 0 1 1 1 1 0 1
#c 0 2 0 2 2 2 1 0 2 2 0 0 0 0 1 2 0 0 2 0 0 0 1 2 1 0 1 0 1 0 0 1 1 2 0 1 0 1 0 2 1 1 2 0 2 1 0 1 1 2 1 2 1 1 2 0 2 0 2 2 2 0 1 2 1 2 1 1 0 1 0 1 0 1 2 2 0 2 1 2 1 1 2 2 1 2 2 2 1 0 1 1 1 1 0 1
6 6 85 75 54 15 1 65 31 81 80 64 48 45
25 29 5 23 56 74 83 86 42 87 63 60 82 33 58 79 49 8 18 77 39 4 9 44 51 59 3 28 52 67 73 88 78 53 32 95 71 26 93 41 84 6 66 62 24 22 37 50 47 90 40 35 91 14 69 92
#c 0 2 0 2 2 2 1 0 2 2 0 0 0 0 1 2 0 0 2 0 0 0 1 2 1 0 1 0 1 0 0 1 1 2 0 1 0 1 0 2 1 1 2 0 2 1 0 1 1 2 1 2 1 1 2 0 2 0 2 2 2 0 1 2 1 2 1 1 0 1 0 1 0 1 2 2 0 2 1 2 1 1 2 2 1 2 2 2 1 0 1 1 1 1 0 1
10 10 70 25 55 19 12 16 29 68 2 46 37 91 73 78 41 84 81 53 50 28
20 25 57 38 34 30 36 21 89 17 20 13 0 76 72 7 61 43 94 10 27 11 31 52 64 67 88 32 95 71 26 93 6 66 62 24 22 47 90 45 40 80 35 14 69 92 48
#c 0 2 0 2 2 2 1 0 2 2 0 0 0 0 1 2 0 0 2 0 0 0 1 2 1 0 1 0 1 0 0 1 1 2 0 1 0 1 0 2 1 1 2 0 2 1 0 1 1 2 1 2 1 1 2 0 2 0 2 2 2 0 1 2 1 2 1 1 0 1 0 1 0 1 2 2 0 2 1 2 1 1 2 2 1 2 2 2 1 0 1 1 1 1 0 1
9 9 71 90 22 40 45 47 14 28 6 94 68 20 25 61 55 72 21 57
26 21 31 52 64 67 73 88 78 53 32 95 26 93 41 84 66 62 24 37 50 80 35 91 69 81 92 48 38 70 34 30 36 89 12 16 17 46 13 0 29 76 7 43 10 2 27 19 11
#c 0 2 0 2 2 2 1 0 2 2 0 0 0 0 1 2 0 0 2 0 0 0 1 2 1 0 1 0 1 0 0 1 1 2 0 1 0 1 0 2 1 1 2 0 2 1 0 1 1 2 1 2 1 1 2 0 2 0 2 2 2 0 1 2 1 2 1 1 0 1 0 1 0 1 2 2 0 2 1 2 1 1 2 2 1 2 2 2 1 0 1 1 1 1 0 1
#c 0 2 0 2 2 2 1 0 2 2 0 0 0 0 1 2 0 0 2 0 0 0 1 2 1 0 1 0 1 0 0 1 1 2 0 1 0 1 0 2 1 1 2 0 2 1 0 1 1 2 1 2 1 1 2 0 2 0 2 2 2 0 1 2 1 2 1 1 0 1 0 1 0 1 2 2 0 2 1 2 1 1 2 2 1 2 2 2 1 0 1 1 1 1 0 1
4 4 43 25 16 34 78 92 84 6
26 31 57 38 70 30 36 21 89 12 17 20 46 13 0 29 76 72 55 7 61 68 94 10 2 27 19 11 28 31 52 64 67 73 88 53 32 95 71 26 93 41 66 62 24 22 37 50 47 90 45 40 80 35 91 14 69 81 48
#c 0 2 0 2 2 2 1 0 2 2 0 0 0 0 1 2 0 0 2 0 0 0 1 2 1 0 1 0 1 0 0 1 1 2 0 1 0 1 0 2 1 1 2 0 2 1 0 1 1 2 1 2 1 1 2 0 2 0 2 2 2 0 1 2 1 2 1 1 0 1 0 1 0 1 2 2 0 2 1 2 1 1 2 2 1 2 2 2 1 0 1 1 1 1 0 1
10 10 35 80 81 37 69 26 52 6 90 53 10 29 36 61 43 0 55 30 27 19
25 20 28 31 64 67 73 88 78 32 95 71 93 41 84 66 62 24 22 50 47 45 40 91 14 92 48 57 38 70 34 21 89 12 16 17 20 46 13 76 72 7 68 94 2 11 25
#c 0 2 0 2 2 2 1 0 2 2 0 0 0 0 1 2 0 0 2 0 0 0 1 2 1 0 1 0 1 0 0 1 1 2 0 1 0 1 0 2 1 1 2 0 2 1 0 1 1 2 1 2 1 1 2 0 2 0 2 2 2 0 1 2 1 2 1 1 0 1 0 1 0 1 2 2 0 2 1 2 1 1 2 2 1 2 2 2 1 0 1 1 1 1 0 1
#c 0 2 0 2 2 2 1 0 2 2 0 0 0 0 1 2 0 0 2 0 0 0 1 2 1 0 1 0 1 0 0 1 1 2 0 1 0 1 0 2 1 1 2 0 2 1 0 1 1 2 1 2 1 1 2 0 2 0 2 2 2 0 1 2 1 2 1 1 0 1 0 1 0 1 2 2 0 2 1 2 1 1 2 2 1 2 2 2 1 0 1 1 1 1 0 1
#c 0 2 0 2 2 2 1 0 2 2 0 0 0 0 1 2 0 0 2 0 0 0 1 2 1 0 1 0 1 0 0 1 1 2 0 1 0 1 0 2 1 1 2 0 2 1 0 1 1 2 1 2 1 1 2 0 2 0 2 2 2 0 1 2 1 2 1 1 0 1 0 1 0 1 2 2 0 2 1 2 1 1 2 2 1 2 2 2 1 0 1 1 1 1 0 1
#c 0 2 0 2 2 2 1 0 2 2 0 0 0 0 1 2 0 0 2 0 0 0 1 2 1 0 1 0 1 0 0 1 1 2 0 1 0 1 0 2 1 1 2 0 2 1 0 1 1 2 1 2 1 1 2 0 2 0 2 2 2 0 1 2 1 2 1 1 0 1 0 1 0 1 2 2 0 2 1 2 1 1 2 2 1 2 2 2 1 0 1 1 1 1 0 1
#c 0 2 0 2 2 2 1 0 2 2 0 0 0 0 1 2 0 0 2 0 0 0 1 2 1 0 1 0 1 0 0 1 1 2 0 1 0 1 0 2 1 1 2 0 2 1 0 1 1 2 1 2 1 1 2 0 2 0 2 2 2 0 1 2 1 2 1 1 0 1 0 1 0 1 2 2 0 2 1 2 1 1 2 2 1 2 2 2 1 0 1 1 1 1 0 1
1 1 34 56
29 30 57 38 70 30 36 21 89 12 16 17 20 46 13 0 29 76 72 55 7 61 68 43 94 10 2 27 19 11 25 5 23 74 83 86 42 87 54 63 60 82 33 15 58 79 49 8 65 85 18 77 39 1 4 9 44 75 51 59 3
#c 0 2 0 2 2 2 1 0 2 2 0 0 0 0 1 2 0 0 2 0 0 0 1 2 1 0 1 0 1 0 0 1 1 2 0 1 0 1 0 2 1 1 2 0 2 1 0 1 1 2 1 2 1 1 2 0 2 0 2 2 2 0 1 2 1 2 1 1 0 1 0 1 0 1 2 2 0 2 1 2 1 1 2 2 1 2 2 2 1 0 1 1 1 1 0 1
#c 0 2 0 2 2 2 1 0 2 2 0 0 0 0 1 2 0 0 2 0 0 0 1 2 1 0 1 0 1 0 0 1 1 2 0 1 0 1 0 2 1 1 2 0 2 1 0 1 1 2 1 2 1 1 2 0 2 0 2 2 2 0 1 2 1 2 1 1 0 1 0 1 0 1 2 2 0 2 1 2 1 1 2 2 1 2 2 2 1 0 1 1 1 1 0 1
11 11 1 54 87 33 15 23 3 4 44 65 5 70 21 7 17 13 46 10 16 89 20 34
20 19 56 74 83 86 42 63 60 82 58 79 49 8 85 18 77 39 9 75 51 59 57 38 30 36 12 0 29 76 72 55 61 68 43 94 2 27 19 11 25
#c 0 2 0 2 2 2 1 0 2 2 0 0 0 0 1 2 0 0 2 0 0 0 1 2 1 0 1 0 1 0 0 1 1 2 0 1 0 1 0 2 1 1 2 0 2 1 0 1 1 2 1 2 1 1 2 0 2 0 2 2 2 0 1 2 1 2 1 1 0 1 0 1 0 1 2 2 0 2 1 2 1 1 2 2 1 2 2 2 1 0 1 1 1 1 0 1
#c 0 2 0 2 2 2 1 0 2 2 0 0 0 0 1 2 0 0 2 0 0 0 1 2 1 0 1 0 1 0 0 1 1 2 0 1 0 1 0 2 1 1 2 0 2 1 0 1 1 2 1 2 1 1 2 0 2 0 2 2 2 0 1 2 1 2 1 1 0 1 0 1 0 1 2 2 0 2 1 2 1 1 2 2 1 2 2 2 1 0 1 1 1 1 0 1
1 2 64 83 39
34 29 28 31 52 67 73 88 78 53 32 95 71 26 93 41 84 6 66 62 24 22 37 50 47 90 45 40 80 35 91 14 69 81 92 48 5 23 56 74 86 42 87 54 63 60 82 33 15 58 79 49 8 65 85 18 77 1 4 9 44 75 51 59 3
#c 0 2 0 2 2 2 1 0 2 2 0 0 0 0 1 2 0 0 2 0 0 0 1 2 1 0 1 0 1 0 0 1 1 2 0 1 0 1 0 2 1 1 2 0 2 1 0 1 1 2 1 2 1 1 2 0 2 0 2 2 2 0 1 2 1 2 1 1 0 1 0 1 0 1 2 2 0 2 1 2 1 1 2 2 1 2 2 2 1 0 1 1 1 1 0 1
#c 0 2 0 2 2 2 1 0 2 2 0 0 0 0 1 2 0 0 2 0 0 0 1 2 1 0 1 0 1 0 0 1 1 2 0 1 0 1 0 2 1 1 2 0 2 1 0 1 1 2 1 2 1 1 2 0 2 0 2 2 2 0 1 2 1 2 1 1 0 1 0 1 0 1 2 2 0 2 1 2 1 1 2 2 1 2 2 2 1 0 1 1 1 1 0 1
15 15 38 17 12 36 0 21 29 19 76 13 16 25 11 2 20 5 75 60 9 65 39 82 1 8 18 79 51 83 54 42
15 16 57 70 34 30 89 46 72 55 7 61 68 43 94 10 27 23 56 74 86 87 63 33 15 58 49 85 77 4 44 59 3
#c 0 2 0 2 2 2 1 0 2 2 0 0 0 0 1 2 0 0 2 0 0 0 1 2 1 0 1 0 1 0 0 1 1 2 0 1 0 1 0 2 1 1 2 0 2 1 0 1 1 2 1 2 1 1 2 0 2 0 2 2 2 0 1 2 1 2 1 1 0 1 0 1 0 1 2 2 0 2 1 2 1 1 2 2 1 2 2 2 1 0 1 1 1 1 0 1
#c 0 2 0 2 2 2 1 0 2 2 0 0 0 0 1 2 0 0 2 0 0 0 1 2 1 0 1 0 1 0 0 1 1 2 0 1 0 1 0 2 1 1 2 0 2 1 0 1 1 2 1 2 1 1 2 0 2 0 2 2 2 0 1 2 1 2 1 1 0 1 0 1 0 1 2 2 0 2 1 2 1 1 2 2 1 2 2 2 1 0 1 1 1 1 0 1
15 15 75 85 86 3 77 18 58 8 5 23 39 59 1 15 54 28 91 93 26 62 35 14 90 69 40 92 32 47 67 50
16 20 56 74 83 42 87 63 60 82 33 79 49 65 4 9 44 51 31 52 64 73 88 78 53 95 71 41 84 6 66 24 22 37 45 80 81 48
#c 0 2 0 2 2 2 1 0 2 2 0 0 0 0 1 2 0 0 2 0 0 0 1 2 1 0 1 0 1 0 0 1 1 2 0 1 0 1 0 2 1 1 2 0 2 1 0 1 1 2 1 2 1 1 2 0 2 0 2 2 2 0 1 2 1 2 1 1 0 1 0 1 0 1 2 2 0 2 1 2 1 1 2 2 1 2 2 2 1 0 1 1 1 1 0 1
1 1 76 50
29 34 57 38 70 34 30 36 21 89 12 16 17 20 46 13 0 29 72 55 7 61 68 43 94 10 2 27 19 11 25 28 31 52 64 67 73 88 78 53 32 95 71 26 93 41 84 6 66 62 24 22 37 47 90 45 40 80 35 91 14 69 81 92 48
#c 0 2 0 2 2 2 1 0 2 2 0 0 0 0 1 2 0 0 2 0 0 0 1 2 1 0 1 0 1 0 0 1 1 2 0 1 0 1 0 2 1 1 2 0 2 1 0 1 1 2 1 2 1 1 2 0 2 0 2 2 2 0 1 2 1 2 1 1 0 1 0 1 0 1 2 2 0 2 1 2 1 1 2 2 1 2 2 2 1 0 1 1 1 1 0 1
#c 0 2 0 2 2 2 1 0 2 2 0 0 0 0 1 2 0 0 2 0 0 0 1 2 1 0 1 0 1 0 0 1 1 2 0 1 0 1 0 2 1 1 2 0 2 1 0 1 1 2 1 2 1 1 2 0 2 0 2 2 2 0 1 2 1 2 1 1 0 1 0 1 0 1 2 2 0 2 1 2 1 1 2 2 1 2 2 2 1 0 1 1 1 1 0 1
#c 0 2 0 2 2 2 1 0 2 2 0 0 0 0 1 2 0 0 2 0 0 0 1 2 1 0 1 0 1 0 0 1 1 2 0 1 0 1 0 2 1 1 2 0 2 1 0 1 1 2 1 2 1 1 2 0 2 0 2 2 2 0 1 2 1 2 1 1 0 1 0 1 0 1 2 2 0 2 1 2 1 1 2 2 1 2 2 2 1 0 1 1 1 1 0 1
10 10 30 55 10 27 76 34 2 70 19 72 79 51 18 54 86 87 44 1 39 5
20 21 57 38 36 21 89 12 16 17 20 46 13 0 29 7 61 68 43 94 11 25 23 56 74 83 42 63 60 82 33 15 58 49 8 65 85 77 4 9 75 59 3
#c 0 2 0 2 2 2 1 0 2 2 0 0 0 0 1 2 0 0 2 0 0 0 1 2 1 0 1 0 1 0 0 1 1 2 0 1 0 1 0 2 1 1 2 0 2 1 0 1 1 2 1 2 1 1 2 0 2 0 2 2 2 0 1 2 1 2 1 1 0 1 0 1 0 1 2 2 0 2 1 2 1 1 2 2 1 2 2 2 1 0 1 1 1 1 0 1
#c 0 2 0 2 2 2 1 0 2 2 0 0 0 0 1 2 0 0 2 0 0 0 1 2 1 0 1 0 1 0 0 1 1 2 0 1 0 1 0 2 1 1 2 0 2 1 0 1 1 2 1 2 1 1 2 0 2 0 2 2 2 0 1 2 1 2 1 1 0 1 0 1 0 1 2 2 0 2 1 2 1 1 2 2 1 2 2 2 1 0 1 1 1 1 0 1
3 3 3 4 60 72 70 76
28 27 5 23 56 74 83 86 42 87 54 63 82 33 15 58 79 49 8 65 85 18 77 39 1 9 44 75 51 59 57 38 34 30 36 21 89 12 16 17 20 46 13 0 29 55 7 61 68 43 94 10 2 27 19 11 25
#c 0 2 0 2 2 2 1 0 2 2 0 0 0 0 1 2 0 0 2 0 0 0 1 2 1 0 1 0 1 0 0 1 1 2 0 1 0 1 0 2 1 1 2 0 2 1 0 1 1 2 1 2 1 1 2 0 2 0 2 2 2 0 1 2 1 2 1 1 0 1 0 1 0 1 2 2 0 2 1 2 1 1 2 2 1 2 2 2 1 0 1 1 1 1 0 1
#c 0 2 0 2 2 2 1 0 2 2 0 0 0 0 1 2 0 0 2 0 0 0 1 2 1 0 1 0 1 0 0 1 1 2 0 1 0 1 0 2 1 1 2 0 2 1 0 1 1 2 1 2 1 1 2 0 2 0 2 2 2 0 1 2 1 2 1 1 0 1 0 1 0 1 2 2 0 2 1 2 1 1 2 2 1 2 2 2 1 0 1 1 1 1 0 1
15 15 62 66 48 81 26 24 37 41 84 69 31 64 95 35 90 19 0 61 12 2 17 57 55 68 72 89 36 38 30 46
20 15 28 52 67 73 88 78 53 32 71 93 6 22 50 47 45 40 80 91 14 92 70 34 21 16 20 13 29 76 7 43 94 10 27 11 25
#c 0 2 0 2 2 2 1 0 2 2 0 0 0 0 1 2 0 0 2 0 0 0 1 2 1 0 1 0 1 0 0 1 1 2 0 1 0 1 0 2 1 1 2 0 2 1 0 1 1 2 1 2 1 1 2 0 2 0 2 2 2 0 1 2 1 2 1 1 0 1 0 1 0 1 2 2 0 2 1 2 1 1 2 2 1 2 2 2 1 0 1 1 1 1 0 1
6 8 9 65 5 33 3 4 53 81 84 88 91 66 22 93
25 27 23 56 74 83 86 42 87 54 63 60 82 15 58 79 49 8 85 18 77 39 1 44 75 51 59 28 31 52 64 67 73 78 32 95 71 26 41 6 62 24 37 50 47 90 45 40 80 35 14 69 92 48
#c 0 2 0 2 2 2 1 0 2 2 0 0 0 0 1 2 0 0 2 0 0 0 1 2 1 0 1 0 1 0 0 1 1 2 0 1 0 1 0 2 1 1 2 0 2 1 0 1 1 2 1 2 1 1 2 0 2 0 2 2 2 0 1 2 1 2 1 1 0 1 0 1 0 1 2 2 0 2 1 2 1 1 2 2 1 2 2 2 1 0 1 1 1 1 0 1
10 10 89 76 25 46 16 17 43 72 13 10 18 15 74 75 42 63 59 1 5 56
20 21 57 38 70 34 30 36 21 12 20 0 29 55 7 61 68 94 2 27 19 11 23 83 86 87 54 60 82 33 58 79 49 8 65 85 77 39 4 9 44 51 3
#c 0 2 0 2 2 2 1 0 2 2 0 0 0 0 1 2 0 0 2 0 0 0 1 2 1 0 1 0 1 0 0 1 1 2 0 1 0 1 0 2 1 1 2 0 2 1 0 1 1 2 1 2 1 1 2 0 2 0 2 2 2 0 1 2 1 2 1 1 0 1 0 1 0 1 2 2 0 2 1 2 1 1 2 2 1 2 2 2 1 0 1 1 1 1 0 1
#c 0 2 0 2 2 2 1 0 2 2 0 0 0 0 1 2 0 0 2 0 0 0 1 2 1 0 1 0 1 0 0 1 1 2 0 1 0 1 0 2 1 1 2 0 2 1 0 1 1 2 1 2 1 1 2 0 2 0 2 2 2 0 1 2 1 2 1 1 0 1 0 1 0 1 2 2 0 2 1 2 1 1 2 2 1 2 2 2 1 0 1 1 1 1 0 1
#c 0 2 0 2 2 2 1 0 2 2 0 0 0 0 1 2 0 0 2 0 0 0 1 2 1 0 1 0 1 0 0 1 1 2 0 1 0 1 0 2 1 1 2 0 2 1 0 1 1 2 1 2 1 1 2 0 2 0 2 2 2 0 1 2 1 2 1 1 0 1 0 1 0 1 2 2 0 2 1 2 1 1 2 2 1 2 2 2 1 0 1 1 1 1 0 1
1 1 55 95
29 34 57 38 70 34 30 36 21 89 12 16 17 20 46 13 0 29 76 72 7 61 68 43 94 10 2 27 19 11 25 28 31 52 64 67 73 88 78 53 32 71 26 93 41 84 6 66 62 24 22 37 50 47 90 45 40 80 35 91 14 69 81 92 48
#c 0 2 0 2 2 2 1 0 2 2 0 0 0 0 1 2 0 0 2 0 0 0 1 2 1 0 1 0 1 0 0 1 1 2 0 1 0 1 0 2 1 1 2 0 2 1 0 1 1 2 1 2 1 1 2 0 2 0 2 2 2 0 1 2 1 2 1 1 0 1 0 1 0 1 2 2 0 2 1 2 1 1 2 2 1 2 2 2 1 0 1 1 1 1 0 1
12 12 47 81 92 6 95 69 50 14 48 93 45 88 29 94 21 11 68 36 2 43 27 34 0 70
23 18 28 31 52 64 67 73 78 53 32 71 26 41 84 66 62 24 22 37 90 40 80 35 91 57 38 30 89 12 16 17 20 46 13 76 72 55 7 61 10 19 25
#c 0 2 0 2 2 2 1 0 2 2 0 0 0 0 1 2 0 0 2 0 0 0 1 2 1 0 1 0 1 0 0 1 1 2 0 1 0 1 0 2 1 1 2 0 2 1 0 1 1 2 1 2 1 1 2 0 2 0 2 2 2 0 1 2 1 2 1 1 0 1 0 1 0 1 2 2 0 2 1 2 1 1 2 2 1 2 2 2 1 0 1 1 1 1 0 1
4 4 77 82 79 39 81 6 14 93
27 31 5 23 56 74 83 86 42 87 54 63 60 33 15 58 49 8 65 85 18 1 4 9 44 75 51 59 3 28 31 52 64 67 73 88 78 53 32 95 71 26 41 84 66 62 24 22 37 50 47 90 45 40 80 35 91 69 92 48
#c 0 2 0 2 2 2 1 0 2 2 0 0 0 0 1 2 0 0 2 0 0 0 1 2 1 0 1 0 1 0 0 1 1 2 0 1 0 1 0 2 1 1 2 0 2 1 0 1 1 2 1 2 1 1 2 0 2 0 2 2 2 0 1 2 1 2 1 1 0 1 0 1 0 1 2 2 0 2 1 2 1 1 2 2 1 2 2 2 1 0 1 1 1 1 0 1
#c 0 2 0 2 2 2 1 0 2 2 0 0 0 0 1 2 0 0 2 0 0 0 1 2 1 0 1 0 1 0 0 1 1 2 0 1 0 1 0 2 1 1 2 0 2 1 0 1 1 2 1 2 1 1 2 0 2 0 2 2 2 0 1 2 1 2 1 1 0 1 0 1 0 1 2 2 0 2 1 2 1 1 2 2 1 2 2 2 1 0 1 1 1 1 0 1
4 5 52 6 73 62 60 77 51 9 42
31 26 28 31 64 67 88 78 53 32 95 71 26 93 41 84 66 24 22 37 50 47 90 45 40 80 35 91 14 69 81 92 48 5 23 56 74 83 86 87 54 63 82 33 15 58 79 49 8 65 85 18 39 1 4 44 75 59 3
#c 0 2 0 2 2 2 1 0 2 2 0 0 0 0 1 2 0 0 2 0 0 0 1 2 1 0 1 0 1 0 0 1 1 2 0 1 0 1 0 2 1 1 2 0 2 1 0 1 1 2 1 2 1 1 2 0 2 0 2 2 2 0 1 2 1 2 1 1 0 1 0 1 0 1 2 2 0 2 1 2 1 1 2 2 1 2 2 2 1 0 1 1 1 1 0 1
15 15 15 33 87 49 44 9 75 42 85 63 77 5 86 18 58 92 22 78 35 62 88 50 90 84 32 47 14 45 81 66
16 20 23 56 74 83 54 60 82 79 8 65 39 1 4 51 59 3 28 31 52 64 67 73 53 95 71 26 93 41 6 24 37 40 80 91 69 48
#c 0 2 0 2 2 2 1 0 2 2 0 0 0 0 1 2 0 0 2 0 0 0 1 2 1 0 1 0 1 0 0 1 1 2 0 1 0 1 0 2 1 1 2 0 2 1 0 1 1 2 1 2 1 1 2 0 2 0 2 2 2 0 1 2 1 2 1 1 0 1 0 1 0 1 2 2 0 2 1 2 1 1 2 2 1 2 2 2 1 0 1 1 1 1 0 1
2 2 46 89 65 44
28 29 57 38 70 34 30 36 21 12 16 17 20 13 0 29 76 72 55 7 61 68 43 94 10 2 27 19 11 25 5 23 56 74 83 86 42 87 54 63 60 82 33 15 58 79 49 8 85 18 77 39 1 4 9 75 51 59 3
#c 0 2 0 2 2 2 1 0 2 2 0 0 0 0 1 2 0 0 2 0 0 0 1 2 1 0 1 0 1 0 0 1 1 2 0 1 0 1 0 2 1 1 2 0 2 1 0 1 1 2 1 2 1 1 2 0 2 0 2 2 2 0 1 2 1 2 1 1 0 1 0 1 0 1 2 2 0 2 1 2 1 1 2 2 1 2 2 2 1 0 1 1 1 1 0 1
#c 0 2 0 2 2 2 1 0 2 2 0 0 0 0 1 2 0 0 2 0 0 0 1 2 1 0 1 0 1 0 0 1 1 2 0 1 0 1 0 2 1 1 2 0 2 1 0 1 1 2 1 2 1 1 2 0 2 0 2 2 2 0 1 2 1 2 1 1 0 1 0 1 0 1 2 2 0 2 1 2 1 1 2 2 1 2 2 2 1 0 1 1 1 1 0 1
13 11 87 33 1 23 51 4 18 79 77 8 60 42 15 72 12 38 43 13 29 30 7 57 36 68
18 19 5 56 74 83 86 54 63 82 58 49 65 85 39 9 44 75 59 3 70 34 21 89 16 17 20 46 0 76 55 61 94 10 2 27 19 11 25
#c 0 2 0 2 2 2 1 0 2 2 0 0 0 0 1 2 0 0 2 0 0 0 1 2 1 0 1 0 1 0 0 1 1 2 0 1 0 1 0 2 1 1 2 0 2 1 0 1 1 2 1 2 1 1 2 0 2 0 2 2 2 0 1 2 1 2 1 1 0 1 0 1 0 1 2 2 0 2 1 2 1 1 2 2 1 2 2 2 1 0 1 1 1 1 0 1
#c 0 2 0 2 2 2 1 0 2 2 0 0 0 0 1 2 0 0 2 0 0 0 1 2 1 0 1 0 1 0 0 1 1 2 0 1 0 1 0 2 1 1 2 0 2 1 0 1 1 2 1 2 1 1 2 0 2 0 2 2 2 0 1 2 1 2 1 1 0 1 0 1 0 1 2 2 0 2 1 2 1 1 2 2 1 2 2 2 1 0 1 1 1 1 0 1
#c 0 2 0 2 2 2 1 0 2 2 0 0 0 0 1 2 0 0 2 0 0 0 1 2 1 0 1 0 1 0 0 1 1 2 0 1 0 1 0 2 1 1 2 0 2 1 0 1 1 2 1 2 1 1 2 0 2 0 2 2 2 0 1 2 1 2 1 1 0 1 0 1 0 1 2 2 0 2 1 2 1 1 2 2 1 2 2 2 1 0 1 1 1 1 0 1
13 13 1 9 59 85 65 33 49 74 63 60 83 51 77 7 25 10 0 19 11 72 13 55 17 16 43 70
18 17 5 23 56 86 42 87 54 82 15 58 79 8 18 39 4 44 75 3 57 38 34 30 36 21 89 12 20 46 29 76 61 68 94 2 27
#c 0 2 0 2 2 2 1 0 2 2 0 0 0 0 1 2 0 0 2 0 0 0 1 2 1 0 1 0 1 0 0 1 1 2 0 1 0 1 0 2 1 1 2 0 2 1 0 1 1 2 1 2 1 1 2 0 2 0 2 2 2 0 1 2 1 2 1 1 0 1 0 1 0 1 2 2 0 2 1 2 1 1 2 2 1 2 2 2 1 0 1 1 1 1 0 1
5 5 10 70 2 20 68 88 78 50 93 90
25 30 57 38 34 30 36 21 89 12 16 17 46 13 0 29 76 72 55 7 61 43 94 27 19 11 25 28 31 52 64 67 73 53 32 95 71 26 41 84 6 66 62 24 22 37 47 45 40 80 35 91 14 69 81 92 48
#c 0 2 0 2 2 2 1 0 2 2 0 0 0 0 1 2 0 0 2 0 0 0 1 2 1 0 1 0 1 0 0 1 1 2 0 1 0 1 0 2 1 1 2 0 2 1 0 1 1 2 1 2 1 1 2 0 2 0 2 2 2 0 1 2 1 2 1 1 0 1 0 1 0 1 2 2 0 2 1 2 1 1 2 2 1 2 2 2 1 0 1 1 1 1 0 1
7 7 67 71 14 93 22 91 92 46 70 10 36 89 0 27
28 23 28 31 52 64 73 88 78 53 32 95 26 41 84 6 66 62 24 37 50 47 90 45 40 80 35 69 81 48 57 38 34 30 21 12 16 17 20 13 29 76 72 55 7 61 68 43 94 2 19 11 25
#c 0 2 0 2 2 2 1 0 2 2 0 0 0 0 1 2 0 0 2 0 0 0 1 2 1 0 1 0 1 0 0 1 1 2 0 1 0 1 0 2 1 1 2 0 2 1 0 1 1 2 1 2 1 1 2 0 2 0 2 2 2 0 1 2 1 2 1 1 0 1 0 1 0 1 2 2 0 2 1 2 1 1 2 2 1 2 2 2 1 0 1 1 1 1 0 1
#c 0 2 0 2 2 2 1 0 2 2 0 0 0 0 1 2 0 0 2 0 0 0 1 2 1 0 1 0 1 0 0 1 1 2 0 1 0 1 0 2 1 1 2 0 2 1 0 1 1 2 1 2 1 1 2 0 2 0 2 2 2 0 1 2 1 2 1 1 0 1 0 1 0 1 2 2 0 2 1 2 1 1 2 2 1 2 2 2 1 0 1 1 1 1 0 1
#c 0 2 0 2 2 2 1 0 2 2 0 0 0 0 1 2 0 0 2 0 0 0 1 2 1 0 1 0 1 0 0 1 1 2 0 1 0 1 0 2 1 1 2 0 2 1 0 1 1 2 1 2 1 1 2 0 2 0 2 2 2 0 1 2 1 2 1 1 0 1 0 1 0 1 2 2 0 2 1 2 1 1 2 2 1 2 2 2 1 0 1 1 1 1 0 1
8 8 81 6 40 93 90 37 84 48 76 19 20 16 38 34 29 36
27 22 28 31 52 64 67 73 88 78 53 32 95 71 26 41 66 62 24 22 50 47 45 80 35 91 14 69 92 57 70 30 21 89 12 17 46 13 0 72 55 7 61 68 43 94 10 2 27 11 25
#c 0 2 0 2 2 2 1 0 2 2 0 0 0 0 1 2 0 0 2 0 0 0 1 2 1 0 1 0 1 0 0 1 1 2 0 1 0 1 0 2 1 1 2 0 2 1 0 1 1 2 1 2 1 1 2 0 2 0 2 2 2 0 1 2 1 2 1 1 0 1 0 1 0 1 2 2 0 2 1 2 1 1 2 2 1 2 2 2 1 0 1 1 1 1 0 1
#c 0 2 0 2 2 2 1 0 2 2 0 0 0 0 1 2 0 0 2 0 0 0 1 2 1 0 1 0 1 0 0 1 1 2 0 1 0 1 0 2 1 1 2 0 2 1 0 1 1 2 1 2 1 1 2 0 2 0 2 2 2 0 1 2 1 2 1 1 0 1 0 1 0 1 2 2 0 2 1 2 1 1 2 2 1 2 2 2 1 0 1 1 1 1 0 1
8 7 76 89 11 0 68 7 25 12 14 91 90 47 6 92 24
22 28 57 38 70 34 30 36 21 16 17 20 46 13 29 72 55 61 43 94 10 2 27 19 28 31 52 64 67 73 88 78 53 32 95 71 26 93 41 84 66 62 22 37 50 45 40 80 35 69 81 48
#c 0 2 0 2 2 2 1 0 2 2 0 0 0 0 1 2 0 0 2 0 0 0 1 2 1 0 1 0 1 0 0 1 1 2 0 1 0 1 0 2 1 1 2 0 2 1 0 1 1 2 1 2 1 1 2 0 2 0 2 2 2 0 1 2 1 2 1 1 0 1 0 1 0 1 2 2 0 2 1 2 1 1 2 2 1 2 2 2 1 0 1 1 1 1 0 1
3 3 28 71 26 86 8 54
32 28 31 52 64 67 73 88 78 53 32 95 93 41 84 6 66 62 24 22 37 50 47 90 45 40 80 35 91 14 69 81 92 48 5 23 56 74 83 42 87 63 60 82 33 15 58 79 49 65 85 18 77 39 1 4 9 44 75 51 59 3
#c 0 2 0 2 2 2 1 0 2 2 0 0 0 0 1 2 0 0 2 0 0 0 1 2 1 0 1 0 1 0 0 1 1 2 0 1 0 1 0 2 1 1 2 0 2 1 0 1 1 2 1 2 1 1 2 0 2 0 2 2 2 0 1 2 1 2 1 1 0 1 0 1 0 1 2 2 0 2 1 2 1 1 2 2 1 2 2 2 1 0 1 1 1 1 0 1
6 6 87 65 18 49 23 1 84 37 32 35 53 91
25 29 5 56 74 83 86 42 54 63 60 82 33 15 58 79 8 85 77 39 4 9 44 75 51 59 3 28 31 52 64 67 73 88 78 95 71 26 93 41 6 66 62 24 22 50 47 90 45 40 80 14 69 81 92 48
#c 0 2 0 2 2 2 1 0 2 2 0 0 0 0 1 2 0 0 2 0 0 0 1 2 1 0 1 0 1 0 0 1 1 2 0 1 0 1 0 2 1 1 2 0 2 1 0 1 1 2 1 2 1 1 2 0 2 0 2 2 2 0 1 2 1 2 1 1 0 1 0 1 0 1 2 2 0 2 1 2 1 1 2 2 1 2 2 2 1 0 1 1 1 1 0 1
9 11 38 7 70 0 19 25 72 16 76 75 8 58 49 51 85 60 23 63 9 79
21 20 57 34 30 36 21 89 12 17 20 46 13 29 55 61 68 43 94 10 2 27 11 5 56 74 83 86 42 87 54 82 33 15 65 18 77 39 1 4 44 59 3
#c 0 2 0 2 2 2 1 0 2 2 0 0 0 0 1 2 0 0 2 0 0 0 1 2 1 0 1 0 1 0 0 1 1 2 0 1 0 1 0 2 1 1 2 0 2 1 0 1 1 2 1 2 1 1 2 0 2 0 2 2 2 0 1 2 1 2 1 1 0 1 0 1 0 1 2 2 0 2 1 2 1 1 2 2 1 2 2 2 1 0 1 1 1 1 0 1
#c 0 2 0 2 2 2 1 0 2 2 0 0 0 0 1 2 0 0 2 0 0 0 1 2 1 0 1 0 1 0 0 1 1 2 0 1 0 1 0 2 1 1 2 0 2 1 0 1 1 2 1 2 1 1 2 0 2 0 2 2 2 0 1 2 1 2 1 1 0 1 0 1 0 1 2 2 0 2 1 2 1 1 2 2 1 2 2 2 1 0 1 1 1 1 0 1
12 10 85 5 60 39 75 9 18 33 58 49 56 65 72 94 34 68 61 20 36 16 30 7
19 20 23 74 83 86 42 87 54 63 82 15 79 8 77 1 4 44 51 59 3 57 38 70 21 89 12 17 46 13 0 29 76 55 43 10 2 27 19 11 25
#c 0 2 0 2 2 2 1 0 2 2 0 0 0 0 1 2 0 0 2 0 0 0 1 2 1 0 1 0 1 0 0 1 1 2 0 1 0 1 0 2 1 1 2 0 2 1 0 1 1 2 1 2 1 1 2 0 2 0 2 2 2 0 1 2 1 2 1 1 0 1 0 1 0 1 2 2 0 2 1 2 1 1 2 2 1 2 2 2 1 0 1 1 1 1 0 1
14 14 13 0 36 76 19 12 57 43 29 46 17 21 10 25 90 88 35 6 24 80 45 53 14 52 81 67 62 84
16 21 38 70 34 30 89 16 20 72 55 7 61 68 94 2 27 11 28 31 64 73 78 32 95 71 26 93 41 66 22 37 50 47 40 91 69 92 48
#c 0 2 0 2 2 2 1 0 2 2 0 0 0 0 1 2 0 0 2 0 0 0 1 2 1 0 1 0 1 0 0 1 1 2 0 1 0 1 0 2 1 1 2 0 2 1 0 1 1 2 1 2 1 1 2 0 2 0 2 2 2 0 1 2 1 2 1 1 0 1 0 1 0 1 2 2 0 2 1 2 1 1 2 2 1 2 2 2 1 0 1 1 1 1 0 1
9 9 78 80 32 24 64 6 67 62 52 85 82 86 49 39 9 42 54 75
26 22 28 31 73 88 53 95 71 26 93 41 84 66 22 37 50 47 90 45 40 35 91 14 69 81 92 48 5 23 56 74 83 87 63 60 33 15 58 79 8 65 18 77 1 4 44 51 59 3
#c 0 2 0 2 2 2 1 0 2 2 0 0 0 0 1 2 0 0 2 0 0 0 1 2 1 0 1 0 1 0 0 1 1 2 0 1 0 1 0 2 1 1 2 0 2 1 0 1 1 2 1 2 1 1 2 0 2 0 2 2 2 0 1 2 1 2 1 1 0 1 0 1 0 1 2 2 0 2 1 2 1 1 2 2 1 2 2 2 1 0 1 1 1 1 0 1
7 7 15 51 33 59 60 83 4 47 28 91 84 80 52 69
24 28 5 23 56 74 86 42 87 54 63 82 58 79 49 8 65 85 18 77 39 1 9 44 75 3 31 64 67 73 88 78 53 32 95 71 26 93 41 6 66 62 24 22 37 50 90 45 40 35 14 81 92 48
#c 0 2 0 2 2 2 1 0 2 2 0 0 0 0 1 2 0 0 2 0 0 0 1 2 1 0 1 0 1 0 0 1 1 2 0 1 0 1 0 2 1 1 2 0 2 1 0 1 1 2 1 2 1 1 2 0 2 0 2 2 2 0 1 2 1 2 1 1 0 1 0 1 0 1 2 2 0 2 1 2 1 1 2 2 1 2 2 2 1 0 1 1 1 1 0 1
#c 0 2 0 2 2 2 1 0 2 2 0 0 0 0 1 2 0 0 2 0 0 0 1 2 1 0 1 0 1 0 0 1 1 2 0 1 0 1 0 2 1 1 2 0 2 1 0 1 1 2 1 2 1 1 2 0 2 0 2 2 2 0 1 2 1 2 1 1 0 1 0 1 0 1 2 2 0 2 1 2 1 1 2 2 1 2 2 2 1 0 1 1 1 1 0 1
6 6 71 90 78 48 62 31 89 17 68 94 43 34
29 24 28 52 64 67 73 88 53 32 95 26 93 41 84 6 66 24 22 37 50 47 45 40 80 35 91 14 69 81 92 57 38 70 30 36 21 12 16 20 46 13 0 29 76 72 55 7 61 10 2 27 19 11 25
#c 0 2 0 2 2 2 1 0 2 2 0 0 0 0 1 2 0 0 2 0 0 0 1 2 1 0 1 0 1 0 0 1 1 2 0 1 0 1 0 2 1 1 2 0 2 1 0 1 1 2 1 2 1 1 2 0 2 0 2 2 2 0 1 2 1 2 1 1 0 1 0 1 0 1 2 2 0 2 1 2 1 1 2 2 1 2 2 2 1 0 1 1 1 1 0 1
7 7 58 44 87 83 59 65 75 45 88 48 31 92 47 90
24 28 5 23 56 74 86 42 54 63 60 82 33 15 79 49 8 85 18 77 39 1 4 9 51 3 28 52 64 67 73 78 53 32 95 71 26 93 41 84 6 66 62 24 22 37 50 40 80 35 91 14 69 81
#c 0 2 0 2 2 2 1 0 2 2 0 0 0 0 1 2 0 0 2 0 0 0 1 2 1 0 1 0 1 0 0 1 1 2 0 1 0 1 0 2 1 1 2 0 2 1 0 1 1 2 1 2 1 1 2 0 2 0 2 2 2 0 1 2 1 2 1 1 0 1 0 1 0 1 2 2 0 2 1 2 1 1 2 2 1 2 2 2 1 0 1 1 1 1 0 1
#c 0 2 0 2 2 2 1 0 2 2 0 0 0 0 1 2 0 0 2 0 0 0 1 2 1 0 1 0 1 0 0 1 1 2 0 1 0 1 0 2 1 1 2 0 2 1 0 1 1 2 1 2 1 1 2 0 2 0 2 2 2 0 1 2 1 2 1 1 0 1 0 1 0 1 2 2 0 2 1 2 1 1 2 2 1 2 2 2 1 0 1 1 1 1 0 1
3 3 41 31 92 11 19 0
32 27 28 52 64 67 73 88 78 53 32 95 71 26 93 84 6 66 62 24 22 37 50 47 90 45 40 80 35 91 14 69 81 48 57 38 70 34 30 36 21 89 12 16 17 20 46 13 29 76 72 55 7 61 68 43 94 10 2 27 25
#c 0 2 0 2 2 2 1 0 2 2 0 0 0 0 1 2 0 0 2 0 0 0 1 2 1 0 1 0 1 0 0 1 1 2 0 1 0 1 0 2 1 1 2 0 2 1 0 1 1 2 1 2 1 1 2 0 2 0 2 2 2 0 1 2 1 2 1 1 0 1 0 1 0 1 2 2 0 2 1 2 1 1 2 2 1 2 2 2 1 0 1 1 1 1 0 1
9 9 5 54 75 51 77 82 15 23 1 25 17 38 36 12 21 20 57 55
22 21 56 74 83 86 42 87 63 60 33 58 79 49 8 65 85 18 39 4 9 44 59 3 70 34 30 89 16 46 13 0 29 76 72 7 61 68 43 94 10 2 27 19 11
#c 0 2 0 2 2 2 1 0 2 2 0 0 0 0 1 2 0 0 2 0 0 0 1 2 1 0 1 0 1 0 0 1 1 2 0 1 0 1 0 2 1 1 2 0 2 1 0 1 1 2 1 2 1 1 2 0 2 0 2 2 2 0 1 2 1 2 1 1 0 1 0 1 0 1 2 2 0 2 1 2 1 1 2 2 1 2 2 2 1 0 1 1 1 1 0 1
13 13 38 10 13 89 61 55 36 46 57 27 21 20 30 73 88 32 6 78 62 80 28 14 90 37 95 41
17 22 70 34 12 16 17 0 29 76 72 7 68 43 94 2 19 11 25 31 52 64 67 53 71 26 93 84 66 24 22 50 47 45 40 35 91 69 81 92 48
#c 0 2 0 2 2 2 1 0 2 2 0 0 0 0 1 2 0 0 2 0 0 0 1 2 1 0 1 0 1 0 0 1 1 2 0 1 0 1 0 2 1 1 2 0 2 1 0 1 1 2 1 2 1 1 2 0 2 0 2 2 2 0 1 2 1 2 1 1 0 1 0 1 0 1 2 2 0 2 1 2 1 1 2 2 1 2 2 2 1 0 1 1 1 1 0 1
7 7 73 71 37 32 88 22 84 49 60 15 23 79 86 77
28 24 28 31 52 64 67 78 53 95 26 93 41 6 66 62 24 50 47 90 45 40 80 35 91 14 69 81 92 48 5 56 74 83 42 87 54 63 82 33 58 8 65 85 18 39 1 4 9 44 75 51 59 3
#c 0 2 0 2 2 2 1 0 2 2 0 0 0 0 1 2 0 0 2 0 0 0 1 2 1 0 1 0 1 0 0 1 1 2 0 1 0 1 0 2 1 1 2 0 2 1 0 1 1 2 1 2 1 1 2 0 2 0 2 2 2 0 1 2 1 2 1 1 0 1 0 1 0 1 2 2 0 2 1 2 1 1 2 2 1 2 2 2 1 0 1 1 1 1 0 1
#c 0 2 0 2 2 2 1 0 2 2 0 0 0 0 1 2 0 0 2 0 0 0 1 2 1 0 1 0 1 0 0 1 1 2 0 1 0 1 0 2 1 1 2 0 2 1 0 1 1 2 1 2 1 1 2 0 2 0 2 2 2 0 1 2 1 2 1 1 0 1 0 1 0 1 2 2 0 2 1 2 1 1 2 2 1 2 2 2 1 0 1 1 1 1 0 1
8 8 17 13 7 61 16 70 27 29 84 93 31 64 22 35 80 45
22 27 57 38 34 30 36 21 89 12 20 46 0 76 72 55 68 43 94 10 2 19 11 25 28 52 67 73 88 78 53 32 95 71 26 41 6 66 62 24 37 50 47 90 40 91 14 69 81 92 48
#c 0 2 0 2 2 2 1 0 2 2 0 0 0 0 1 2 0 0 2 0 0 0 1 2 1 0 1 0 1 0 0 1 1 2 0 1 0 1 0 2 1 1 2 0 2 1 0 1 1 2 1 2 1 1 2 0 2 0 2 2 2 0 1 2 1 2 1 1 0 1 0 1 0 1 2 2 0 2 1 2 1 1 2 2 1 2 2 2 1 0 1 1 1 1 0 1
8 8 80 78 50 14 88 24 47 69 34 94 10 27 7 21 76 61
27 22 28 31 52 64 67 73 53 32 95 71 26 93 41 84 6 66 62 22 37 90 45 40 35 91 81 92 48 57 38 70 30 36 89 12 16 17 20 46 13 0 29 72 55 68 43 2 19 11 25
#c 0 2 0 2 2 2 1 0 2 2 0 0 0 0 1 2 0 0 2 0 0 0 1 2 1 0 1 0 1 0 0 1 1 2 0 1 0 1 0 2 1 1 2 0 2 1 0 1 1 2 1 2 1 1 2 0 2 0 2 2 2 0 1 2 1 2 1 1 0 1 0 1 0 1 2 2 0 2 1 2 1 1 2 2 1 2 2 2 1 0 1 1 1 1 0 1
9 9 18 87 51 54 4 86 8 39 9 29 11 13 68 7 17 61 20 27
22 21 5 23 56 74 83 42 63 60 82 33 15 58 79 49 65 85 77 1 44 75 59 3 57 38 70 34 30 36 21 89 12 16 46 0 76 72 55 43 94 10 2 19 25
#c 0 2 0 2 2 2 1 0 2 2 0 0 0 0 1 2 0 0 2 0 0 0 1 2 1 0 1 0 1 0 0 1 1 2 0 1 0 1 0 2 1 1 2 0 2 1 0 1 1 2 1 2 1 1 2 0 2 0 2 2 2 0 1 2 1 2 1 1 0 1 0 1 0 1 2 2 0 2 1 2 1 1 2 2 1 2 2 2 1 0 1 1 1 1 0 1
4 4 55 10 70 46 80 71 91 53
26 31 57 38 34 30 36 21 89 12 16 17 20 13 0 29 76 72 7 61 68 43 94 2 27 19 11 25 28 31 52 64 67 73 88 78 32 95 26 93 41 84 6 66 62 24 22 37 50 47 90 45 40 35 14 69 81 92 48
#c 0 2 0 2 2 2 1 0 2 2 0 0 0 0 1 2 0 0 2 0 0 0 1 2 1 0 1 0 1 0 0 1 1 2 0 1 0 1 0 2 1 1 2 0 2 1 0 1 1 2 1 2 1 1 2 0 2 0 2 2 2 0 1 2 1 2 1 1 0 1 0 1 0 1 2 2 0 2 1 2 1 1 2 2 1 2 2 2 1 0 1 1 1 1 0 1
3 3 26 95 48 89 2 43
32 27 28 31 52 64 67 73 88 78 53 32 71 93 41 84 6 66 62 24 22 37 50 47 90 45 40 80 35 91 14 69 81 92 57 38 70 34 30 36 21 12 16 17 20 46 13 0 29 76 72 55 7 61 68 94 10 27 19 11 25
#c 0 2 0 2 2 2 1 0 2 2 0 0 0 0 1 2 0 0 2 0 0 0 1 2 1 0 1 0 1 0 0 1 1 2 0 1 0 1 0 2 1 1 2 0 2 1 0 1 1 2 1 2 1 1 2 0 2 0 2 2 2 0 1 2 1 2 1 1 0 1 0 1 0 1 2 2 0 2 1 2 1 1 2 2 1 2 2 2 1 0 1 1 1 1 0 1
11 12 42 9 54 3 79 75 74 51 86 63 5 20 21 94 36 38 30 0 16 25 72 17 2
20 18 23 56 83 87 60 82 33 15 58 49 8 65 85 18 77 39 1 4 44 59 57 70 34 89 12 46 13 29 76 55 7 61 68 43 10 27 19 11
#c 0 2 0 2 2 2 1 0 2 2 0 0 0 0 1 2 0 0 2 0 0 0 1 2 1 0 1 0 1 0 0 1 1 2 0 1 0 1 0 2 1 1 2 0 2 1 0 1 1 2 1 2 1 1 2 0 2 0 2 2 2 0 1 2 1 2 1 1 0 1 0 1 0 1 2 2 0 2 1 2 1 1 2 2 1 2 2 2 1 0 1 1 1 1 0 1
2 2 76 89 18 82
28 29 57 38 70 34 30 36 21 12 16 17 20 46 13 0 29 72 55 7 61 68 43 94 10 2 27 19 11 25 5 23 56 74 83 86 42 87 54 63 60 33 15 58 79 49 8 65 85 77 39 1 4 9 44 75 51 59 3
#c 0 2 0 2 2 2 1 0 2 2 0 0 0 0 1 2 0 0 2 0 0 0 1 2 1 0 1 0 1 0 0 1 1 2 0 1 0 1 0 2 1 1 2 0 2 1 0 1 1 2 1 2 1 1 2 0 2 0 2 2 2 0 1 2 1 2 1 1 0 1 0 1 0 1 2 2 0 2 1 2 1 1 2 2 1 2 2 2 1 0 1 1 1 1 0 1
15 15 26 84 80 90 69 37 67 62 35 32 14 64 78 6 93 27 29 21 10 68 19 30 16 25 17 36 20 57 7 94
20 15 28 31 52 73 88 53 95 71 41 66 24 22 50 47 45 40 91 81 92 48 38 70 34 89 12 46 13 0 76 72 55 61 43 2 11
#c 0 2 0 2 2 2 1 0 2 2 0 0 0 0 1 2 0 0 2 0 0 0 1 2 1 0 1 0 1 0 0 1 1 2 0 1 0 1 0 2 1 1 2 0 2 1 0 1 1 2 1 2 1 1 2 0 2 0 2 2 2 0 1 2 1 2 1 1 0 1 0 1 0 1 2 2 0 2 1 2 1 1 2 2 1 2 2 2 1 0 1 1 1 1 0 1
15 16 85 9 54 42 75 58 59 74 56 82 3 77 87 4 83 29 10 16 34 61 17 19 13 55 38 30 68 89 43 72 0
16 14 5 23 86 63 60 33 15 79 49 8 65 18 39 1 44 51 57 70 36 21 12 20 46 76 7 94 2 27 11 25
#c 0 2 0 2 2 2 1 0 2 2 0 0 0 0 1 2 0 0 2 0 0 0 1 2 1 0 1 0 1 0 0 1 1 2 0 1 0 1 0 2 1 1 2 0 2 1 0 1 1 2 1 2 1 1 2 0 2 0 2 2 2 0 1 2 1 2 1 1 0 1 0 1 0 1 2 2 0 2 1 2 1 1 2 2 1 2 2 2 1 0 1 1 1 1 0 1
2 2 10 68 87 3
28 29 57 38 70 34 30 36 21 89 12 16 17 20 46 13 0 29 76 72 55 7 61 43 94 2 27 19 11 25 5 23 56 74 83 86 42 54 63 60 82 33 15 58 79 49 8 65 85 18 77 39 1 4 9 44 75 51 59
#c 0 2 0 2 2 2 1 0 2 2 0 0 0 0 1 2 0 0 2 0 0 0 1 2 1 0 1 0 1 0 0 1 1 2 0 1 0 1 0 2 1 1 2 0 2 1 0 1 1 2 1 2 1 1 2 0 2 0 2 2 2 0 1 2 1 2 1 1 0 1 0 1 0 1 2 2 0 2 1 2 1 1 2 2 1 2 2 2 1 0 1 1 1 1 0 1
#c 0 2 0 2 2 2 1 0 2 2 0 0 0 0 1 2 0 0 2 0 0 0 1 2 1 0 1 0 1 0 0 1 1 2 0 1 0 1 0 2 1 1 2 0 2 1 0 1 1 2 1 2 1 1 2 0 2 0 2 2 2 0 1 2 1 2 1 1 0 1 0 1 0 1 2 2 0 2 1 2 1 1 2 2 1 2 2 2 1 0 1 1 1 1 0 1
0 2 0 2 2 2 1 0 2 2 0 0 0 0 1 2 0 0 2 0 0 0 1 2 1 0 1 0 1 0 0 1 1 2 0 1 0 1 0 2 1 1 2 0 2 1 0 1 1 2 1 2 1 1 2 0 2 0 2 2 2 0 1 2 1 2 1 1 0 1 0 1 0 1 2 2 0 2 1 2 1 1 2 2 1 2 2 2 1 0 1 1 1 1 0 1
