#c 0 1 2 3 4 5 6 7 0 1 2 3 4 5 6 7 0 1 2 3 4 5 6 7 0 1 2 3 4 5 6 7 0 1
1 1 9 21
4 3 1 17 25 33 5 13 29
#c 0 1 2 3 4 5 6 7 0 1 2 3 4 5 6 7 0 1 2 3 4 5 6 7 0 1 2 3 4 5 6 7 0 1
1 1 18 3
3 3 2 10 26 11 19 27
#c 0 1 2 3 4 5 6 7 0 1 2 3 4 5 6 7 0 1 2 3 4 5 6 7 0 1 2 3 4 5 6 7 0 1
1 1 11 28
3 3 3 19 27 4 12 20
#c 0 1 2 3 4 5 6 7 0 1 2 3 4 5 6 7 0 1 2 3 4 5 6 7 0 1 2 3 4 5 6 7 0 1
2 2 12 4 16 24
2 3 20 28 0 8 32
#c 0 1 2 3 0 5 6 7 0 1 2 3 0 5 6 7 4 1 2 3 4 5 6 7 4 1 2 3 4 5 6 7 0 1
2 2 5 21 25 9
2 3 13 29 1 17 33
#c 0 1 2 3 0 1 6 7 0 5 2 3 0 5 6 7 4 1 2 3 4 1 6 7 4 5 2 3 4 5 6 7 0 1
2 2 30 6 16 24
2 2 14 22 20 28
#c 0 1 2 3 0 1 6 7 0 5 2 3 0 5 6 7 4 1 2 3 4 1 6 7 4 5 2 3 4 5 6 7 0 1
2 3 15 31 32 12 0
2 2 7 23 8 4
#c 7 1 2 3 0 1 6 7 0 5 2 3 7 5 6 0 4 1 2 3 4 1 6 7 4 5 2 3 4 5 6 0 7 1
1 1 8 11
3 3 4 15 31 3 19 27
#c 7 1 2 3 0 1 6 7 3 5 2 0 7 5 6 0 4 1 2 3 4 1 6 7 4 5 2 3 4 5 6 0 7 1
2 2 21 17 8 3
3 2 1 33 5 19 27
#c 7 1 2 3 0 1 6 7 3 5 2 0 7 5 6 0 4 1 2 3 4 1 6 7 4 5 2 3 4 5 6 0 7 1
2 3 10 2 15 31 4
2 1 18 26 11
#c 7 1 0 3 2 1 6 7 3 5 0 0 7 5 6 2 4 1 2 3 4 1 6 7 4 5 2 3 4 5 6 2 7 1
1 1 3 25
3 3 19 27 8 13 29 9
#c 7 1 0 3 2 1 6 7 3 5 0 0 7 5 6 2 4 1 2 3 4 1 6 7 4 5 2 3 4 5 6 2 7 1
1 1 16 9
3 3 20 28 24 13 29 25
#c 7 1 0 3 2 1 6 7 3 5 0 0 7 5 6 2 4 1 2 3 4 1 6 7 4 5 2 3 4 5 6 2 7 1
1 1 29 19
3 3 13 25 9 3 27 8
#c 7 1 0 3 2 1 6 7 3 5 0 0 7 5 6 2 4 1 2 3 4 1 6 7 4 5 2 3 4 5 6 2 7 1
1 1 30 27
3 3 6 14 22 3 19 8
#c 7 1 0 3 2 1 6 7 3 5 0 0 7 5 6 2 4 1 2 3 4 1 6 7 4 5 2 3 4 5 6 2 7 1
#c 7 1 0 3 2 1 6 7 3 5 0 0 7 5 6 2 4 1 2 3 4 1 6 7 4 5 2 3 4 5 6 2 7 1
#c 7 1 0 3 2 1 6 7 3 5 0 0 7 5 6 2 4 1 2 3 4 1 6 7 4 5 2 3 4 5 6 2 7 1
1 1 5 0
4 4 1 17 33 21 7 23 32 12
#c 7 1 0 3 2 1 6 7 3 5 0 0 7 5 6 2 4 1 2 3 4 1 6 7 4 5 2 3 4 5 6 2 7 1
2 1 15 4 5
3 4 18 26 31 1 17 33 21
#c 7 1 0 3 2 1 6 7 3 5 0 0 7 5 6 2 4 1 2 3 4 1 6 7 4 5 2 3 4 5 6 2 7 1
2 2 19 8 23 12
2 3 3 27 7 32 0
#c 7 1 0 3 2 1 6 7 3 5 0 0 7 5 6 2 4 1 2 3 4 1 6 7 4 5 2 3 4 5 6 2 7 1
2 2 20 16 15 18
2 3 28 24 26 31 4
#c 7 1 0 3 2 1 6 7 3 5 0 0 7 5 6 2 4 1 2 3 4 1 6 7 4 5 2 3 4 5 6 2 7 1
1 1 25 2
3 2 13 29 9 11 10
#c 7 1 5 3 2 1 6 7 3 5 0 0 7 5 6 2 4 1 2 3 4 1 6 7 4 0 2 3 4 5 6 2 7 1
1 1 30 5
3 4 6 14 22 1 17 33 21
#c 7 1 5 3 2 1 6 7 3 5 0 0 7 5 6 2 4 1 2 3 4 1 6 7 4 0 2 3 4 5 6 2 7 1
2 2 12 7 20 28
3 2 23 32 0 16 24
#c 7 1 5 3 2 1 6 7 3 5 0 0 7 5 6 2 4 1 2 3 4 1 6 7 4 0 2 3 4 5 6 2 7 1
1 1 10 14
2 3 11 25 6 22 30
#c 7 1 5 3 2 1 6 7 3 5 0 0 7 5 6 2 4 1 2 3 4 1 6 7 4 0 2 3 4 5 6 2 7 1
1 1 17 0
4 4 1 33 5 21 7 23 32 12
#c 1 1 5 3 2 1 6 7 3 5 0 0 7 5 6 2 4 7 2 3 4 1 6 7 4 0 2 3 4 5 6 2 7 1
1 1 4 16
4 3 18 26 15 31 20 28 24
#c 1 1 5 3 4 1 6 7 3 5 0 0 7 5 6 2 2 7 2 3 4 1 6 7 4 0 2 3 4 5 6 2 7 1
1 1 19 33
3 4 3 27 8 1 5 21 0
#c 1 1 5 3 4 1 6 7 3 5 0 0 7 5 6 2 2 7 2 3 4 1 6 7 4 0 2 3 4 5 6 2 7 1
2 2 20 24 12 7
2 3 28 4 23 32 17
#c 1 1 5 3 4 1 6 7 3 5 0 0 7 5 6 2 2 7 2 3 4 1 6 7 4 0 2 3 4 5 6 2 7 1
1 1 2 22
3 3 13 29 9 6 14 30
#c 1 1 5 3 4 1 6 7 3 5 0 0 7 5 6 2 2 7 2 3 4 1 6 7 4 0 2 3 4 5 6 2 7 1
1 1 14 8
3 3 6 22 30 3 19 27
#c 1 1 5 3 4 1 6 7 3 5 0 0 7 5 6 2 2 7 2 3 4 1 6 7 4 0 2 3 4 5 6 2 7 1
2 2 7 12 29 2
3 2 23 32 17 13 9
#c 1 1 5 3 4 1 6 7 3 5 0 0 7 5 6 2 2 7 2 3 4 1 6 7 4 0 2 3 4 5 6 2 7 1
#c 1 1 5 3 4 1 6 7 3 5 0 0 7 5 6 2 2 7 2 3 4 1 6 7 4 0 2 3 4 5 6 2 7 1
2 2 5 21 32 17
3 3 1 33 0 7 23 12
#c 1 1 5 3 4 1 6 7 3 5 0 0 7 5 6 2 2 7 2 3 4 1 6 7 4 0 2 3 4 5 6 2 7 1
1 1 15 11
4 2 18 26 31 16 10 25
#c 1 1 5 3 4 1 6 7 3 5 0 2 7 5 6 0 2 7 2 3 4 1 6 7 4 0 2 3 4 5 6 2 7 1
#c 1 1 5 3 4 1 6 7 3 5 0 2 7 5 6 0 2 7 2 3 4 1 6 7 4 0 2 3 4 5 6 2 7 1
1 3 28 8 19 3
3 1 20 24 4 27
#c 1 1 5 3 4 1 6 7 3 5 0 2 7 5 6 0 2 7 2 3 4 1 6 7 4 0 2 3 4 5 6 2 7 1
1 1 13 5
3 4 29 9 2 1 33 21 0
#c 1 1 5 3 4 1 6 7 3 5 0 2 7 5 6 0 2 7 2 3 4 1 6 7 4 0 2 3 4 5 6 2 7 1
2 2 14 6 1 5
2 3 22 30 33 21 0
#c 1 1 5 3 4 1 6 7 3 5 0 2 7 5 6 0 2 7 2 3 4 1 6 7 4 0 2 3 4 5 6 2 7 1
#c 1 1 5 3 4 1 6 7 3 5 0 2 7 5 6 0 2 7 2 3 4 1 6 7 4 0 2 3 4 5 6 2 7 1
1 1 10 31
2 4 25 15 18 26 16 11
#c 1 1 5 3 4 1 6 7 3 5 0 2 7 5 6 0 2 7 2 3 4 1 6 7 4 0 2 3 4 5 6 2 7 1
2 2 33 0 30 6
3 2 1 5 21 14 22
#c 6 1 5 3 4 1 1 7 3 5 0 2 7 5 6 0 2 7 2 3 4 1 6 7 4 0 2 3 4 5 1 2 7 6
1 1 26 28
4 3 18 31 16 11 20 24 4
#c 6 1 5 3 4 1 1 7 3 5 0 2 7 5 6 0 2 7 2 3 4 1 6 7 4 0 2 3 4 5 1 2 7 6
1 1 3 31
3 4 19 27 8 18 26 16 11
#c 6 1 5 3 4 1 1 7 3 5 0 2 7 5 6 0 2 7 2 3 4 1 6 7 4 0 2 3 4 5 1 2 7 6
2 2 4 20 1 21
2 3 28 24 5 30 6
#c 6 4 5 3 1 1 1 7 3 5 0 2 7 5 6 0 2 7 2 3 1 4 6 7 4 0 2 3 4 5 1 2 7 6
2 2 2 29 20 30
2 3 13 9 5 6 4
#c 6 4 5 3 1 1 1 7 3 5 0 2 7 5 6 0 2 7 2 3 1 4 6 7 4 0 2 3 4 5 1 2 7 6
2 2 22 14 15 25
2 1 33 0 10
#c 6 4 5 3 1 1 1 7 3 5 0 2 7 5 6 0 2 7 2 3 1 4 6 7 4 0 2 3 4 5 1 2 7 6
2 2 23 12 20 5
3 3 7 32 17 30 6 4
#c 6 4 5 3 1 1 1 7 3 5 0 2 7 5 6 0 2 7 2 3 1 4 6 7 4 0 2 3 4 5 1 2 7 6
1 2 25 0 33
2 2 10 15 14 22
#c 6 4 5 3 1 1 1 7 3 5 0 2 7 5 6 0 2 7 2 3 1 4 6 7 4 0 2 3 4 5 1 2 7 6
1 1 20 26
4 4 5 30 6 4 18 31 16 11
#c 6 4 5 3 1 1 1 7 3 5 0 2 7 5 6 0 2 7 2 3 1 4 6 7 4 0 2 3 4 5 1 2 7 6
#c 6 4 5 3 1 1 1 7 3 5 0 2 7 5 6 0 2 7 2 3 1 4 6 7 4 0 2 3 4 5 1 2 7 6
2 1 8 3 22
2 3 19 27 14 33 0
#c 6 4 5 3 1 1 1 7 3 5 0 2 7 5 6 0 2 7 2 3 1 4 6 7 4 0 2 3 4 5 1 2 7 6
1 1 24 4
3 4 28 1 21 5 30 6 20
#c 6 4 5 3 1 1 1 7 3 5 0 2 7 5 6 0 2 7 2 3 1 4 6 7 4 0 2 3 4 5 1 2 7 6
1 1 29 15
3 2 13 9 2 10 25
#c 6 4 5 3 1 1 1 7 3 5 0 2 7 5 6 0 2 7 2 3 1 4 6 7 4 0 2 3 4 5 1 2 7 6
#c 6 4 5 3 1 1 1 7 3 5 0 2 7 5 6 0 2 7 2 3 1 4 6 7 4 0 2 3 4 5 1 2 7 6
2 2 12 17 29 9
3 2 7 23 32 13 2
#c 6 4 5 3 1 1 1 7 3 5 0 2 7 5 6 0 2 7 2 3 1 4 6 7 4 0 2 3 4 5 1 2 7 6
1 1 25 1
2 3 10 15 28 24 21
#c 6 4 5 3 1 1 1 7 3 5 0 2 7 5 6 0 2 7 2 3 1 4 6 7 4 0 2 3 4 5 1 2 7 6
1 1 20 12
4 4 5 30 6 4 7 23 32 17
#c 6 4 5 3 1 1 1 7 3 5 0 2 1 5 6 0 2 7 2 3 7 4 6 7 4 0 2 3 4 5 1 2 7 6
2 2 31 16 23 7
3 3 18 26 11 32 17 20
#c 6 4 5 3 1 1 1 2 3 5 0 2 1 5 6 0 7 7 2 3 7 4 6 2 4 0 2 3 4 5 1 7 7 6
1 1 8 18
3 4 3 19 27 26 11 23 7
#c 6 4 5 3 1 1 1 2 2 5 0 2 1 5 6 0 7 7 3 3 7 4 6 2 4 0 2 3 4 5 1 7 7 6
#c 6 4 5 3 1 1 1 2 2 5 0 2 1 5 6 0 7 7 3 3 7 4 6 2 4 0 2 3 4 5 1 7 7 6
2 2 2 13 3 27
2 2 29 9 19 18
#c 6 4 5 3 1 1 1 2 2 5 0 2 1 5 6 0 7 7 3 3 7 4 6 2 4 0 2 3 4 5 1 7 7 6
#c 6 4 5 3 1 1 1 2 2 5 0 2 1 5 6 0 7 7 3 3 7 4 6 2 4 0 2 3 4 5 1 7 7 6
1 1 17 25
6 4 5 3 1 1 1 2 2 5 0 2 1 5 6 0 7 7 3 3 7 4 6 2 4 0 2 3 4 5 1 7 7 6
