#c 0 1 2 3 4 5 0 1 2 3 4 5 0 1 2 3 4 5 0 1 2 3 4 5 0 1 2 3 4 5 0 1 2 3 4 5 0 1 2 3 4 5 0 1 2 3 4 5 0 1 2 3 4 5 0 1 2
1 1 31 16
9 8 1 7 13 19 25 37 43 49 55 4 10 22 28 34 40 46 52
#c 0 1 2 3 4 5 0 1 2 3 4 5 0 1 2 3 4 5 0 1 2 3 4 5 0 1 2 3 4 5 0 1 2 3 4 5 0 1 2 3 4 5 0 1 2 3 4 5 0 1 2 3 4 5 0 1 2
4 2 2 32 56 8 7 31
6 8 14 20 26 38 44 50 1 13 19 25 37 43 49 55
#c 0 1 2 3 4 5 0 1 2 3 4 5 0 1 2 3 4 5 0 1 2 3 4 5 0 1 2 3 4 5 0 1 2 3 4 5 0 1 2 3 4 5 0 1 2 3 4 5 0 1 2 3 4 5 0 1 2
3 3 39 15 33 37 7 55
6 7 3 9 21 27 45 51 1 13 19 25 31 43 49
#c 0 1 2 3 4 5 0 1 2 3 4 5 0 1 2 3 4 5 0 1 2 3 4 5 0 1 2 3 4 5 0 1 2 3 4 5 0 1 2 3 4 5 0 1 2 3 4 5 0 1 2 3 4 5 0 1 2
2 4 16 52 56 26 38 50
7 6 4 10 22 28 34 40 46 2 8 14 20 32 44
#c 0 1 2 3 4 5 0 1 2 3 4 5 0 1 2 3 2 5 0 1 2 3 4 5 0 1 4 3 4 5 0 1 2 3 4 5 0 1 4 3 4 5 0 1 2 3 4 5 0 1 4 3 2 5 0 1 4
3 3 23 35 47 46 38 4
6 8 5 11 17 29 41 53 10 22 28 34 40 56 26 50
#c 0 1 2 3 5 5 0 1 2 3 4 5 0 1 2 3 2 5 0 1 2 3 4 4 0 1 4 3 4 5 0 1 2 3 4 4 0 1 5 3 4 5 0 1 2 3 5 4 0 1 4 3 2 5 0 1 4
1 2 12 26 47
9 9 0 6 18 24 30 36 42 48 54 10 22 28 34 40 56 50 23 35
#c 0 1 2 3 5 5 0 1 2 3 4 5 4 1 2 3 2 5 0 1 2 3 4 4 0 1 0 3 4 5 0 1 2 3 4 4 0 1 5 3 4 5 0 1 2 3 5 0 0 1 4 3 2 5 0 1 4
#c 0 1 2 3 5 5 0 1 2 3 4 5 4 1 2 3 2 5 0 1 2 3 4 4 0 1 0 3 4 5 0 1 2 3 4 4 0 1 5 3 4 5 0 1 2 3 5 0 0 1 4 3 2 5 0 1 4
4 4 20 14 44 32 46 5 41 38
4 5 2 8 16 52 11 17 29 53 4
#c 0 1 2 3 5 2 0 1 2 3 4 5 4 1 5 3 2 5 0 1 5 3 4 4 0 1 0 3 4 5 0 1 5 3 4 4 0 1 2 3 4 2 0 1 5 3 2 0 0 1 4 3 2 5 0 1 4
4 4 51 45 21 3 8 46 2 38
5 4 9 15 27 33 39 16 52 5 41
#c 0 1 3 2 5 2 0 1 3 3 4 5 4 1 5 3 2 5 0 1 5 2 4 4 0 1 0 3 4 5 0 1 5 3 4 4 0 1 3 3 4 2 0 1 5 2 3 0 0 1 4 2 2 5 0 1 4
#c 0 1 3 2 5 2 0 1 3 3 4 5 4 1 5 3 2 5 0 1 5 2 4 4 0 1 0 3 4 5 0 1 5 3 4 4 0 1 3 3 4 2 0 1 5 2 3 0 0 1 4 2 2 5 0 1 4
#c 0 1 3 2 5 2 0 1 3 3 4 5 4 1 5 3 2 5 0 1 5 2 4 4 0 1 0 3 4 5 0 1 5 3 4 4 0 1 3 3 4 2 0 1 5 2 3 0 0 1 4 2 2 5 0 1 4
1 1 30 44
10 8 0 6 18 24 36 42 48 54 26 47 11 17 29 53 4 20 14 32
#c 0 1 3 2 5 2 0 1 3 3 4 5 4 1 5 3 2 5 0 1 5 2 4 4 0 1 0 3 4 5 0 1 5 3 4 4 0 1 3 3 4 2 0 1 5 2 3 0 0 1 4 2 2 5 0 1 4
5 5 43 13 7 49 19 26 42 0 24 6
5 6 1 25 31 37 55 18 30 36 48 54 47
#c 0 1 3 2 5 2 0 1 3 3 4 5 4 1 5 3 2 5 0 1 5 2 4 4 0 1 0 3 4 5 0 1 5 3 4 4 0 1 3 3 4 2 0 1 5 2 3 0 0 1 4 2 2 5 0 1 4
2 1 21 45 26
6 10 16 52 5 41 51 3 0 6 18 24 30 36 42 48 54 47
#c 0 1 3 2 5 2 0 1 3 3 4 5 4 1 5 3 2 5 0 1 5 2 4 4 0 1 0 3 4 5 0 1 5 3 4 4 0 1 3 3 4 2 0 1 5 2 3 0 0 1 4 2 2 5 0 1 4
1 1 9 0
8 10 15 27 33 39 8 46 2 38 6 18 24 30 36 42 48 54 26 47
#c 3 1 3 2 5 2 0 1 3 0 4 5 4 1 5 3 2 5 0 1 5 2 4 4 0 1 0 3 4 5 0 1 5 3 4 4 0 1 3 3 4 2 0 1 5 2 3 0 0 1 4 2 2 5 0 1 4
2 2 12 28 46 2
8 7 10 22 34 40 56 50 23 35 15 27 33 39 8 38 0
#c 3 1 3 2 5 2 0 1 3 0 4 5 4 1 5 3 2 5 0 1 5 2 4 4 0 1 0 3 4 5 0 1 5 3 4 4 0 1 3 3 4 2 0 1 5 2 3 0 0 1 4 2 2 5 0 1 4
2 2 44 14 21 51
7 6 11 17 29 53 4 20 32 16 52 5 41 45 3
#c 3 1 3 2 5 2 0 1 3 0 4 5 4 1 5 3 2 5 0 1 5 2 4 4 0 1 0 3 4 5 0 1 5 3 4 4 0 1 3 3 4 2 0 1 5 2 3 0 0 1 4 2 2 5 0 1 4
1 1 30 17
10 8 6 18 24 36 42 48 54 26 47 9 11 29 53 4 20 14 44 32
#c 3 1 3 2 5 2 0 1 3 0 4 5 4 1 5 3 2 0 0 1 5 2 4 4 0 1 0 3 4 5 5 1 5 3 4 4 0 1 3 3 4 2 0 1 5 2 3 0 0 1 4 2 2 5 0 1 4
2 2 55 31 26 47
8 9 1 7 13 19 25 37 43 49 6 18 24 36 42 48 54 9 17
#c 3 1 3 2 5 2 0 1 3 0 4 5 4 1 5 3 2 0 0 1 5 2 4 4 0 1 0 3 4 5 5 1 5 3 4 4 0 1 3 3 4 2 0 1 5 2 3 0 0 1 4 2 2 5 0 1 4
#c 3 1 3 2 5 2 0 1 3 0 4 5 4 1 5 3 2 0 0 1 5 2 4 4 0 1 0 3 4 5 5 1 5 3 4 4 0 1 3 3 4 2 0 1 5 2 3 0 0 1 4 2 2 5 0 1 4
1 1 38 32
8 8 15 27 33 39 8 46 2 0 11 29 53 4 20 14 44 30
#c 3 1 3 2 5 2 0 1 3 0 4 5 4 1 5 3 2 0 0 1 5 2 4 4 0 1 0 3 4 5 5 1 5 3 4 4 0 1 3 3 4 2 0 1 5 2 3 0 0 1 4 2 2 5 0 1 4
#c 3 1 3 2 5 2 0 1 3 0 4 5 4 1 5 3 2 0 0 1 5 2 4 4 0 1 0 3 4 5 5 1 5 3 4 4 0 1 3 3 4 2 0 1 5 2 3 0 0 1 4 2 2 5 0 1 4
2 2 14 29 28 56
7 8 11 53 4 20 44 32 30 10 22 34 40 50 23 35 12
#c 3 1 3 2 5 2 0 1 3 0 4 5 4 1 5 3 2 0 0 1 5 2 4 4 0 1 0 3 4 5 5 1 5 3 4 4 0 1 3 3 4 2 0 1 5 2 3 0 0 1 4 2 2 5 0 1 4
2 1 26 47 19
9 9 6 18 24 36 42 48 54 9 17 1 7 13 25 31 37 43 49 55
#c 3 1 3 2 5 2 0 1 3 0 4 5 4 1 5 3 2 0 0 1 5 2 4 4 0 1 0 3 4 5 5 1 5 3 4 4 0 1 3 3 4 2 0 1 5 2 3 0 0 1 4 2 2 5 0 1 4
4 4 13 31 49 7 20 30 44 4
6 5 1 19 25 37 43 55 11 29 53 14 32
#c 3 1 3 2 5 2 0 1 3 0 4 5 4 1 5 3 2 0 0 1 5 2 4 4 0 1 0 3 4 5 5 1 5 3 4 4 0 1 3 3 4 2 0 1 5 2 3 0 0 1 4 2 2 5 0 1 4
3 3 3 5 45 27 2 8
5 6 16 52 41 51 21 15 33 39 46 38 0
#c 3 1 2 3 5 3 0 1 2 0 4 5 4 1 5 3 2 0 0 1 5 2 4 4 0 1 0 2 4 5 5 1 5 3 4 4 0 1 3 3 4 2 0 1 5 3 3 0 0 1 4 2 2 5 0 1 4
2 2 46 0 50 22
7 8 15 33 39 38 3 5 45 10 28 34 40 56 23 35 12
#c 4 1 2 3 5 3 0 1 2 0 4 5 4 1 5 3 2 0 0 1 5 2 3 4 0 1 0 2 4 5 5 1 5 3 4 4 0 1 3 3 4 2 0 1 5 3 4 0 0 1 3 2 2 5 0 1 4
3 4 0 23 12 47 36 18 26
7 7 10 28 34 40 56 35 46 6 24 42 48 54 9 17
#c 4 1 2 3 5 3 0 1 2 0 4 5 4 1 5 3 2 0 0 1 5 2 3 4 0 1 0 2 4 5 5 1 5 3 4 4 0 1 3 3 4 2 0 1 5 3 4 0 0 1 3 2 2 5 0 1 4
1 1 20 7
8 9 11 29 53 4 14 44 32 30 1 13 19 25 31 37 43 49 55
#c 4 1 2 3 5 3 0 5 2 0 4 5 4 1 5 3 2 0 0 1 1 2 3 4 0 1 0 2 4 5 5 1 5 3 4 4 0 1 3 3 4 2 0 1 5 3 4 0 0 1 3 2 2 5 0 1 4
4 4 24 42 54 6 15 50 3 38
7 5 18 36 48 26 47 9 17 33 39 5 45 22
#c 4 1 2 0 5 3 3 5 2 0 4 5 4 1 5 0 2 0 0 1 1 2 3 4 3 1 0 2 4 5 5 1 5 3 4 4 0 1 0 3 4 2 3 1 5 3 4 0 0 1 0 2 2 5 3 1 4
1 1 49 27
9 7 1 13 19 25 31 37 43 55 20 16 52 41 51 21 2 8
#c 4 1 2 0 5 3 3 5 2 0 4 5 4 1 5 0 2 0 0 1 1 2 3 4 3 1 0 1 4 5 5 1 5 3 4 4 0 1 0 3 4 2 3 1 5 3 4 0 0 2 0 2 2 5 3 1 4
3 3 2 8 52 0 46 23
5 7 16 41 51 21 49 10 28 34 40 56 35 12
#c 4 1 2 0 5 3 3 5 2 0 4 5 4 1 5 0 2 0 0 1 1 2 3 4 3 1 0 1 4 5 5 1 5 3 4 4 0 1 0 3 4 2 3 1 5 3 4 0 0 2 0 2 2 5 3 1 4
2 2 24 33 29 30
7 7 39 5 45 22 42 54 6 11 53 4 14 44 32 7
#c 4 1 2 0 5 3 3 5 2 0 4 5 4 1 5 0 2 0 0 1 1 2 3 4 3 1 0 1 4 5 5 1 5 3 4 4 0 1 0 3 4 2 3 1 5 3 4 0 0 2 0 2 2 5 3 1 4
#c 4 1 2 0 5 3 3 5 2 0 4 5 4 1 5 0 2 0 0 1 1 2 3 4 3 1 0 1 4 5 5 1 5 3 4 4 0 1 0 3 4 2 3 1 5 3 4 0 0 2 0 2 2 5 3 1 4
3 3 11 32 44 26 18 17
6 8 29 53 4 14 30 7 36 48 47 9 15 50 3 38
#c 4 1 2 0 5 3 3 5 2 0 4 0 4 1 5 0 2 5 5 1 1 2 3 4 3 1 5 1 4 5 5 1 0 3 4 4 0 1 0 3 4 2 3 1 0 3 4 0 0 2 0 2 2 5 3 1 4
#c 4 1 2 0 5 3 3 5 2 0 4 0 4 1 5 0 2 5 5 1 1 2 3 4 3 1 5 1 4 5 5 1 0 3 4 4 0 1 0 3 4 2 3 1 0 3 4 0 0 2 0 2 2 5 3 1 4
#c 4 1 2 0 5 3 3 5 2 0 4 0 4 1 5 0 2 5 5 1 1 2 3 4 3 1 5 1 4 5 5 1 0 3 4 4 0 1 0 3 4 2 3 1 0 3 4 0 0 2 0 2 2 5 3 1 4
2 2 49 16 47 15
6 9 52 41 51 21 2 8 36 48 9 50 3 38 11 32 44
#c 4 1 2 0 5 3 3 5 2 0 4 0 4 1 5 0 2 5 5 1 1 2 3 4 3 1 5 1 4 5 5 1 0 3 4 4 0 1 0 3 4 2 3 1 0 3 4 0 0 2 0 2 2 5 3 1 4
3 4 22 24 54 43 55 19 20
6 6 33 39 5 45 42 6 1 13 25 31 37 27
#c 4 1 2 0 5 3 3 5 2 0 4 0 4 1 5 0 2 5 5 1 1 2 3 4 3 1 5 1 4 5 5 1 0 3 4 4 0 1 0 3 4 2 3 1 0 3 4 0 0 2 0 2 2 5 3 1 4
3 3 56 28 46 19 13 25
7 7 10 34 40 23 35 12 0 1 31 37 43 55 20 27
#c 4 1 2 0 5 3 3 5 2 0 4 0 4 1 5 0 2 5 5 1 1 2 3 4 3 1 5 1 4 5 5 1 0 3 4 4 0 1 0 3 4 2 3 1 0 3 4 0 0 2 0 2 2 5 3 1 4
4 4 17 30 53 18 10 23 12 40
5 6 29 4 14 7 26 28 34 56 35 46 0
#c 4 1 2 0 5 3 3 5 2 0 4 0 4 1 5 0 2 5 5 1 1 2 3 4 3 1 5 1 4 5 5 1 0 3 4 4 0 1 0 3 4 2 3 1 0 3 4 0 0 2 0 2 2 5 3 1 4
#c 4 1 2 0 5 3 3 5 2 0 4 0 4 1 5 0 2 5 5 1 1 2 3 4 3 1 5 1 4 5 5 1 0 3 4 4 0 1 0 3 4 2 3 1 0 3 4 0 0 2 0 2 2 5 3 1 4
4 4 25 1 19 27 10 28 35 34
6 6 13 31 37 43 55 20 40 56 23 12 46 0
#c 4 1 2 0 5 3 3 5 2 0 4 0 4 1 5 0 2 5 5 1 1 2 3 4 3 1 5 1 4 5 5 1 0 3 4 4 0 1 0 3 4 2 3 1 0 3 4 0 0 2 0 2 2 5 3 1 4
4 4 51 21 41 52 10 28 46 34
4 6 16 2 8 49 40 56 23 35 12 0
#c 4 1 2 0 5 3 3 5 2 0 2 0 4 1 5 0 2 5 5 1 1 4 3 4 3 1 5 1 2 5 5 1 0 3 2 4 0 1 0 3 4 4 3 1 0 3 2 0 0 2 0 4 4 5 3 1 4
1 1 24 37
8 9 33 39 5 45 22 42 54 6 1 13 19 25 31 43 55 20 27
#c 4 1 2 0 5 3 3 5 2 0 2 0 4 1 5 0 2 5 5 1 1 4 3 4 3 1 5 1 2 5 5 1 0 3 2 4 0 1 0 3 4 4 3 1 0 3 2 0 0 2 0 4 4 5 3 1 4
2 2 21 40 42 33
8 7 56 23 35 12 0 51 41 52 39 5 45 22 24 54 6
#c 4 1 2 0 5 3 3 5 2 0 2 0 4 1 5 0 2 5 5 1 1 3 3 4 3 1 5 1 2 5 5 1 0 4 2 4 0 1 0 3 3 4 4 1 0 3 2 0 0 2 0 4 4 5 3 1 4
1 1 29 12
8 9 53 4 14 30 7 26 18 17 56 23 35 0 51 41 52 42 33
#c 4 1 2 0 5 3 3 5 2 0 2 0 4 1 5 0 2 5 5 1 1 3 3 4 3 1 5 1 2 5 5 1 0 4 2 4 0 1 0 3 3 4 4 1 0 3 2 0 0 2 0 4 4 5 3 1 4
5 7 38 48 36 44 3 18 29 7 30 26 14 53
6 2 47 9 15 50 11 32 4 17
#c 4 1 2 0 5 3 3 5 2 0 2 0 4 1 5 0 2 5 5 1 1 3 3 4 3 1 5 1 2 5 5 1 0 4 2 4 0 1 0 3 3 4 4 1 0 3 2 0 0 2 0 4 4 5 3 1 4
5 5 27 55 13 1 19 0 51 35 23 52
5 5 25 31 37 43 20 56 12 41 42 33
#c 4 1 2 0 5 3 3 5 2 0 2 0 4 1 5 0 2 5 5 1 1 3 3 4 3 1 5 1 2 5 5 1 0 4 2 4 0 1 0 3 3 4 4 1 0 3 2 0 0 2 0 4 4 5 3 1 4
4 4 34 16 28 10 29 53 4 14
4 5 2 8 49 46 30 7 26 18 17
#c 4 1 2 0 2 3 3 5 2 0 5 0 4 1 2 0 5 5 5 1 1 3 3 4 3 1 5 1 5 2 5 1 0 4 5 4 0 1 0 3 3 4 4 1 0 3 2 0 0 2 0 4 4 2 3 1 4
1 2 6 46 2
8 6 39 5 45 22 24 54 21 40 8 49 29 53 4 14
#c 4 1 2 0 2 3 3 5 2 0 5 0 4 1 2 0 5 5 5 1 1 3 3 4 3 1 5 1 5 2 5 1 0 4 5 4 0 1 0 3 3 4 4 1 0 3 2 0 0 2 0 4 4 2 3 1 4
4 4 42 56 51 33 29 4 49 14
6 4 23 35 12 0 41 52 2 8 46 53
#c 4 1 2 0 2 3 3 5 2 0 5 0 4 1 2 0 5 5 5 1 1 3 3 4 3 1 5 1 5 2 5 1 0 4 5 4 0 1 0 3 3 4 4 1 0 3 2 0 0 2 0 4 4 2 3 1 4
4 4 34 7 17 26 49 46 4 14
5 4 30 18 16 28 10 2 8 29 53
#c 4 1 2 0 2 3 3 5 2 0 5 0 4 1 2 0 5 5 5 1 1 3 3 4 3 1 5 1 5 2 5 1 0 4 5 4 0 1 0 3 3 4 4 1 0 3 2 0 0 2 0 4 4 2 3 1 4
1 1 38 53
10 7 36 48 47 9 15 50 3 11 32 44 2 8 49 46 29 4 14
#c 4 1 2 0 2 3 3 5 2 0 5 0 4 1 2 0 5 5 5 1 1 3 3 4 3 1 5 1 5 2 5 1 0 4 5 4 0 1 0 3 3 4 4 1 0 3 2 0 0 2 0 4 4 2 3 1 4
4 4 31 20 25 13 8 53 29 49
6 4 1 19 37 43 55 27 2 46 4 14
#c 4 1 2 0 2 3 3 5 2 0 5 0 4 1 2 0 5 5 5 1 1 3 3 4 3 1 5 1 5 2 5 1 0 4 5 4 0 1 0 3 3 4 4 1 0 3 2 0 0 2 0 4 4 2 3 1 4
#c 4 1 2 0 2 3 3 5 2 0 5 0 4 1 2 0 5 5 5 1 1 3 3 4 3 1 5 1 5 2 5 1 0 4 5 4 0 1 0 3 3 4 4 1 0 3 2 0 0 2 0 4 4 2 3 1 4
1 1 5 34
8 8 39 45 22 24 54 6 21 40 30 7 26 18 17 16 28 10
#c 4 1 2 0 2 5 3 5 2 0 5 0 4 1 2 0 5 5 5 1 1 3 3 4 3 1 5 1 5 2 5 1 0 4 3 4 0 1 0 3 3 4 4 1 0 3 2 0 0 2 0 4 4 2 3 1 4
5 5 52 33 35 0 42 30 26 5 16 18
5 4 56 23 12 51 41 7 17 28 10
#c 4 1 2 0 2 5 3 5 2 0 5 0 4 1 2 0 5 5 5 1 1 3 3 4 3 1 5 1 5 2 5 1 0 4 3 4 0 1 0 3 3 4 4 1 0 3 2 0 0 2 0 4 4 2 3 1 4
#c 4 1 2 0 2 5 3 5 2 0 5 0 4 1 2 0 5 5 5 1 1 3 3 4 3 1 5 1 5 2 5 1 0 4 3 4 0 1 0 3 3 4 4 1 0 3 2 0 0 2 0 4 4 2 3 1 4
#c 4 1 2 0 2 5 3 5 2 0 5 0 4 1 2 0 5 5 5 1 1 3 3 4 3 1 5 1 5 2 5 1 0 4 3 4 0 1 0 3 3 4 4 1 0 3 2 0 0 2 0 4 4 2 3 1 4
#c 4 1 2 0 2 5 3 5 2 0 5 0 4 1 2 0 5 5 5 1 1 3 3 4 3 1 5 1 5 2 5 1 0 4 3 4 0 1 0 3 3 4 4 1 0 3 2 0 0 2 0 4 4 2 3 1 4
3 3 14 4 29 12 23 35
5 7 2 8 49 46 53 56 0 51 41 52 42 33
#c 4 1 2 0 2 5 3 5 2 0 5 0 4 1 2 0 5 5 5 1 1 3 3 4 3 1 5 1 5 2 5 1 0 4 3 4 0 1 0 3 3 4 4 1 0 3 2 0 0 2 0 4 4 2 3 1 4
2 2 24 22 48 3
7 9 39 45 54 6 21 40 34 36 47 9 15 50 38 11 32 44
#c 4 1 2 0 2 5 3 5 2 0 5 0 4 1 2 0 5 5 5 1 1 3 3 4 3 1 5 1 5 2 5 1 0 4 3 4 0 1 0 3 3 4 4 1 0 3 2 0 0 2 0 4 4 2 3 1 4
2 2 56 52 7 30
8 7 23 35 12 0 51 41 42 33 26 18 17 16 28 10 5
#c 4 1 2 0 2 5 3 5 2 0 5 0 4 1 2 0 5 5 5 1 1 3 3 4 3 1 5 1 5 2 5 1 0 4 3 4 0 1 0 3 3 4 4 1 0 3 2 0 0 2 0 4 4 2 3 1 4
2 2 17 18 37 13
7 8 30 7 26 16 28 10 5 1 19 25 31 43 55 20 27
#c 4 1 2 0 2 5 3 5 2 0 5 0 4 1 2 0 5 5 5 1 1 3 3 4 3 1 5 1 5 2 5 1 0 4 3 4 0 1 0 3 3 4 4 1 0 3 2 0 0 2 0 4 4 2 3 1 4
2 2 3 36 26 7
9 7 48 47 9 15 50 38 11 32 44 30 18 17 16 28 10 5
#c 4 1 2 0 2 5 3 5 2 0 5 0 4 1 2 0 5 5 5 1 1 3 3 4 3 1 5 1 5 2 5 1 0 4 3 4 0 1 0 3 3 4 4 1 0 3 2 0 0 2 0 4 4 2 3 1 4
5 5 43 27 31 55 13 12 33 56 42 41
5 5 1 19 25 37 20 23 35 0 51 52
#c 4 1 2 0 2 5 3 5 2 0 5 0 4 1 2 0 5 5 5 1 1 3 3 4 3 1 5 1 5 2 5 1 0 4 3 4 0 1 0 3 3 4 4 1 0 3 2 0 0 2 0 4 4 2 3 1 4
2 3 8 29 55 13 43
6 7 2 49 46 53 4 14 1 19 25 31 37 20 27
#c 4 1 2 0 2 5 3 5 2 0 5 0 4 1 2 0 5 5 5 1 1 3 3 4 3 1 5 1 5 2 5 1 0 4 3 4 0 1 0 3 3 4 4 1 0 3 2 0 0 2 0 4 4 2 3 1 4
1 1 34 13
8 9 39 45 22 24 54 6 21 40 1 19 25 31 37 43 55 20 27
#c 4 1 2 0 2 5 3 5 2 0 5 0 4 1 2 0 5 5 5 1 1 3 3 4 3 1 5 1 5 2 5 1 0 4 3 4 0 1 0 3 3 4 4 1 0 3 2 0 0 2 0 4 4 2 3 1 4
5 5 35 41 52 56 33 20 43 13 25 27
5 5 23 12 0 51 42 1 19 31 37 55
#c 4 1 2 0 2 5 3 5 2 0 5 0 4 1 2 0 5 5 5 1 1 3 3 4 3 1 5 1 5 2 5 1 0 4 3 4 0 1 0 3 3 4 4 1 0 3 2 0 0 2 0 4 4 2 3 1 4
4 4 17 30 16 7 42 33 23 35
5 6 26 18 28 10 5 56 12 0 51 41 52
#c 4 1 2 0 2 5 3 5 2 0 5 0 4 1 2 0 5 5 5 1 1 3 3 4 3 1 5 1 5 2 5 1 0 4 3 4 0 1 0 3 3 4 4 1 0 3 2 0 0 2 0 4 4 2 3 1 4
4 4 38 32 47 15 43 25 20 55
7 6 36 48 9 50 3 11 44 1 13 19 31 37 27
#c 4 1 2 0 2 5 3 5 2 0 5 0 4 1 2 0 5 5 5 1 1 3 3 4 3 1 5 1 5 2 5 1 0 4 3 4 0 1 0 3 3 4 4 1 0 3 2 0 0 2 0 4 4 2 3 1 4
#c 4 1 2 0 2 5 3 5 2 0 5 0 4 1 2 0 5 5 5 1 1 3 3 4 3 1 5 1 5 2 5 1 0 4 3 4 0 1 0 3 3 4 4 1 0 3 2 0 0 2 0 4 4 2 3 1 4
1 1 4 43
7 9 2 8 49 46 29 53 14 1 13 19 25 31 37 55 20 27
#c 4 1 2 0 2 5 3 5 2 0 5 0 4 1 2 0 5 5 5 1 1 3 3 4 3 1 5 1 5 2 5 1 0 4 3 4 0 1 0 3 3 4 4 1 0 3 2 0 0 2 0 4 4 2 3 1 4
1 1 6 3
8 10 39 45 22 24 54 21 40 34 36 48 47 9 15 50 38 11 32 44
#c 4 1 2 0 2 5 3 5 2 0 5 0 4 1 2 0 5 5 5 1 1 3 3 4 3 1 5 1 5 2 5 1 0 4 3 4 0 1 0 3 3 4 4 1 0 3 2 0 0 2 0 4 4 2 3 1 4
2 2 12 0 13 31
8 8 56 23 35 51 41 52 42 33 1 19 25 37 43 55 20 27
#c 4 1 2 0 2 5 3 5 2 0 5 0 4 1 2 0 5 5 5 1 1 3 3 4 3 1 5 1 5 2 5 1 0 4 3 4 0 1 0 3 3 4 4 1 0 3 2 0 0 2 0 4 4 2 3 1 4
3 2 7 16 17 15 32
6 9 30 26 18 28 10 5 36 48 47 9 50 3 38 11 44
#c 4 1 2 0 2 5 3 5 2 0 5 0 4 1 2 0 5 5 5 1 1 3 3 4 3 1 5 1 5 2 5 1 0 4 3 4 0 1 0 3 3 4 4 1 0 3 2 0 0 2 0 4 4 2 3 1 4
1 2 32 20 27
10 8 36 48 47 9 15 50 3 38 11 44 1 13 19 25 31 37 43 55
#c 4 1 2 0 2 5 3 5 2 0 5 0 4 1 2 0 5 5 5 1 1 3 3 4 3 1 5 1 5 2 5 1 0 4 3 4 0 1 0 3 3 4 4 1 0 3 2 0 0 2 0 4 4 2 3 1 4
#c 4 1 2 0 2 5 3 5 2 0 5 0 4 1 2 0 5 5 5 1 1 3 3 4 3 1 5 1 5 2 5 1 0 4 3 4 0 1 0 3 3 4 4 1 0 3 2 0 0 2 0 4 4 2 3 1 4
2 2 2 46 21 45
6 7 8 49 29 53 4 14 39 22 24 54 6 40 34
#c 4 1 2 0 2 5 3 5 2 0 5 0 4 1 2 0 5 5 5 1 1 3 3 4 3 1 5 1 5 2 5 1 0 4 3 4 0 1 0 3 3 4 4 1 0 3 2 0 0 2 0 4 4 2 3 1 4
2 2 40 54 33 56
7 8 39 45 22 24 6 21 34 23 35 12 0 51 41 52 42
#c 4 1 2 0 2 5 3 5 2 0 5 0 4 1 2 0 5 5 5 1 1 3 3 4 3 1 5 1 5 2 5 1 0 4 3 4 0 1 0 3 3 4 4 1 0 3 2 0 0 2 0 4 4 2 3 1 4
3 3 35 12 51 29 2 46
7 5 56 23 0 41 52 42 33 8 49 53 4 14
#c 4 1 2 0 2 5 3 5 2 0 5 0 4 1 2 0 5 5 5 1 1 3 3 4 3 1 5 1 5 2 5 1 0 4 3 4 0 1 0 3 3 4 4 1 0 3 2 0 0 2 0 4 4 2 3 1 4
1 1 5 46
8 7 30 7 26 18 17 16 28 10 2 8 49 29 53 4 14
#c 4 1 2 0 2 5 3 5 2 0 5 0 4 1 2 0 5 5 5 1 1 3 3 4 3 1 5 1 5 2 5 1 0 4 3 4 0 1 0 3 3 4 4 1 0 3 2 0 0 2 0 4 4 2 3 1 4
5 5 3 36 47 44 32 18 7 10 30 28
6 4 48 9 15 50 38 11 26 17 16 5
#c 4 1 2 0 2 5 3 5 2 0 5 0 4 1 2 0 5 5 5 1 1 3 3 4 3 1 5 1 5 2 5 1 0 4 3 4 0 1 0 3 3 4 4 1 0 3 2 0 0 2 0 4 4 2 3 1 4
2 2 25 13 44 15
8 9 1 19 31 37 43 55 20 27 36 48 47 9 50 3 38 11 32
#c 4 1 2 0 2 5 3 5 2 0 5 0 4 1 2 0 5 5 5 1 1 3 3 4 3 1 5 1 5 2 5 1 0 4 3 4 0 1 0 3 3 4 4 1 0 3 2 0 0 2 0 4 4 2 3 1 4
#c 4 1 2 0 2 5 3 5 2 0 5 0 4 1 2 0 5 5 5 1 1 3 3 4 3 1 5 1 5 2 5 1 0 4 3 4 0 1 0 3 3 4 4 1 0 3 2 0 0 2 0 4 4 2 3 1 4
3 3 45 21 40 15 47 50
6 8 39 22 24 54 6 34 36 48 9 3 38 11 32 44
#c 4 1 2 0 2 5 3 5 2 0 5 0 4 1 2 0 5 5 5 1 1 3 3 4 3 1 5 1 5 2 5 1 0 4 3 4 0 1 0 3 3 4 4 1 0 3 2 0 0 2 0 4 4 2 3 1 4
3 3 56 41 23 14 46 49
7 5 35 12 0 51 52 42 33 2 8 29 53 4
#c 4 1 2 0 2 5 3 5 2 0 5 0 4 1 2 0 5 5 5 1 1 3 3 4 3 1 5 1 5 2 5 1 0 4 3 4 0 1 0 3 3 4 4 1 0 3 2 0 0 2 0 4 4 2 3 1 4
2 2 17 28 31 55
7 8 30 7 26 18 16 10 5 1 13 19 25 37 43 20 27
#c 4 1 2 0 2 5 3 5 2 0 5 0 4 1 2 0 5 1 5 1 1 3 3 4 3 1 5 1 1 2 5 5 0 4 3 4 0 1 0 3 3 4 4 1 0 3 2 0 0 2 0 4 4 2 3 5 4
#c 4 1 2 0 2 5 3 5 2 0 5 0 4 1 2 0 5 1 5 1 1 3 3 4 3 1 5 1 1 2 5 5 0 4 3 4 0 1 0 3 3 4 4 1 0 3 2 0 0 2 0 4 4 2 3 5 4
2 2 27 19 40 34
8 7 1 13 25 37 43 20 17 28 39 45 22 24 54 6 21
#c 4 1 2 0 2 5 3 5 2 0 5 0 4 1 2 0 5 1 5 1 1 3 3 4 3 1 5 1 1 2 5 5 0 4 3 4 0 1 0 3 3 4 4 1 0 3 2 0 0 2 0 4 4 2 3 5 4
3 3 49 29 4 43 17 13
5 7 2 8 46 53 14 1 19 25 37 20 27 28
#c 4 1 2 0 2 5 3 5 2 0 5 0 4 1 2 0 5 1 5 1 1 3 3 4 3 1 5 1 1 2 5 5 0 4 3 4 0 1 0 3 3 4 4 1 0 3 2 0 0 2 0 4 4 2 3 5 4
1 1 40 23
8 9 39 45 22 24 54 6 21 34 56 35 12 0 51 41 52 42 33
#c 4 1 2 0 2 5 3 5 2 0 5 0 4 1 2 0 5 1 5 1 1 3 3 4 3 1 5 1 1 2 5 5 0 4 3 4 0 1 0 3 3 4 4 1 0 3 2 0 0 2 0 4 4 2 3 5 4
4 4 42 51 35 23 30 7 10 16
6 5 56 12 0 41 52 33 26 18 5 31 55
#c 4 1 2 0 2 5 3 5 2 0 5 0 4 1 2 0 5 1 5 1 1 3 3 4 3 1 5 1 1 2 5 5 0 4 3 4 0 1 0 3 3 4 4 1 0 3 2 0 0 2 0 4 4 2 3 5 4
3 3 18 26 5 40 6 54
6 6 30 7 16 10 31 55 39 45 22 24 21 34
#c 4 1 2 0 2 5 3 5 2 0 5 0 4 1 2 0 5 1 5 1 1 3 3 4 3 1 5 1 1 2 5 5 0 4 3 4 0 1 0 3 3 4 4 1 0 3 2 0 0 2 0 4 4 2 3 5 4
4 4 15 9 47 32 6 24 39 40
7 5 36 48 50 3 38 11 44 45 22 54 21 34
#c 4 1 2 0 2 5 3 5 2 0 5 0 4 1 2 0 5 1 5 1 1 3 3 4 3 1 5 1 1 2 5 5 0 4 3 4 0 1 0 3 3 4 4 1 0 3 2 0 0 2 0 4 4 2 3 5 4
1 1 1 11
9 10 13 19 25 37 43 20 27 17 28 36 48 47 9 15 50 3 38 32 44
#c 4 1 2 0 2 5 3 5 2 0 5 0 4 1 2 0 5 1 5 1 1 3 3 4 3 1 5 1 1 2 5 5 0 4 3 4 0 1 0 3 3 4 4 1 0 3 2 0 0 2 0 4 4 2 3 5 4
4 2 29 46 49 14 41 35
4 8 2 8 53 4 56 23 12 0 51 52 42 33
#c 4 1 2 0 2 5 3 5 2 0 5 0 4 1 2 0 5 1 5 1 1 3 3 4 3 1 5 1 1 2 5 5 0 4 3 4 0 1 0 3 3 4 4 1 0 3 2 0 0 2 0 4 4 2 3 5 4
2 2 21 24 12 42
7 8 39 45 22 54 6 40 34 56 23 35 0 51 41 52 33
#c 4 1 2 0 2 5 3 5 2 0 5 0 4 1 2 0 5 1 5 1 1 3 3 4 3 1 5 1 1 2 5 5 0 4 3 4 0 1 0 3 3 4 4 1 0 3 2 0 0 2 0 4 4 2 3 5 4
5 5 52 0 33 51 35 17 1 27 20 19
5 5 56 23 12 41 42 13 25 37 43 28
#c 4 1 2 0 2 5 3 5 2 0 5 0 4 1 2 0 5 1 5 1 1 3 3 4 3 1 5 1 1 2 5 5 0 4 3 4 0 1 0 3 3 4 4 1 0 3 2 0 0 2 0 4 4 2 3 5 4
2 2 55 26 39 22
7 7 30 7 18 16 10 5 31 45 24 54 6 21 40 34
#c 4 1 2 0 2 5 3 5 2 0 5 0 4 1 2 0 5 1 5 1 1 3 3 4 3 1 5 1 1 2 5 5 0 4 3 4 0 1 0 3 3 4 4 1 0 3 2 0 0 2 0 4 4 2 3 5 4
3 5 3 32 11 2 53 8 49 29
8 3 36 48 47 9 15 50 38 44 46 4 14
#c 4 1 2 0 2 5 3 5 2 0 5 0 4 1 2 0 5 1 5 1 1 3 3 4 3 1 5 1 1 2 5 5 0 4 3 4 0 1 0 3 3 4 4 1 0 3 2 0 0 2 0 4 4 2 3 5 4
2 2 17 1 3 36
8 9 13 19 25 37 43 20 27 28 48 47 9 15 50 38 11 32 44
#c 4 1 2 0 2 5 3 5 2 0 5 0 4 1 2 0 5 1 5 1 1 3 3 4 3 1 5 1 1 2 5 5 0 4 3 4 0 1 0 3 3 4 4 1 0 3 2 0 0 2 0 4 4 2 3 5 4
#c 4 1 2 0 2 5 3 5 2 0 5 0 4 1 2 0 5 1 5 1 1 3 3 4 3 1 5 1 1 2 5 5 0 4 3 4 0 1 0 3 3 4 4 1 0 3 2 0 0 2 0 4 4 2 3 5 4
#c 4 1 2 0 2 5 3 5 2 0 5 0 4 1 2 0 5 1 5 1 1 3 3 4 3 1 5 1 1 2 5 5 0 4 3 4 0 1 0 3 3 4 4 1 0 3 2 0 0 2 0 4 4 2 3 5 4
#c 4 1 2 0 2 5 3 5 2 0 5 0 4 1 2 0 5 1 5 1 1 3 3 4 3 1 5 1 1 2 5 5 0 4 3 4 0 1 0 3 3 4 4 1 0 3 2 0 0 2 0 4 4 2 3 5 4
1 2 5 29 2
8 6 30 7 26 18 16 10 31 55 8 49 46 53 4 14
#c 4 1 2 0 2 5 3 5 2 0 5 0 4 1 2 0 5 1 5 1 1 3 3 4 3 1 5 1 1 2 5 5 0 4 3 4 0 1 0 3 3 4 4 1 0 3 2 0 0 2 0 4 4 2 3 5 4
1 1 47 10
10 8 36 48 9 15 50 3 38 11 32 44 30 7 26 18 16 5 31 55
#c 4 1 2 0 2 5 3 5 2 0 5 0 4 1 2 0 5 1 5 1 1 3 3 4 3 1 5 1 1 2 5 5 0 4 3 4 0 1 0 3 3 4 4 1 0 3 2 0 0 2 0 4 4 2 3 5 4
3 3 1 25 28 16 30 7
7 6 13 19 37 43 20 27 17 26 18 10 5 31 55
#c 4 1 2 0 2 5 3 5 2 0 5 0 4 1 2 0 5 1 5 1 1 3 3 4 3 1 5 1 1 2 5 5 0 4 3 4 0 1 0 3 3 4 4 1 0 3 2 0 0 2 0 4 4 2 3 5 4
2 1 4 8 5
6 8 2 49 46 29 53 14 30 7 26 18 16 10 31 55
#c 4 1 2 0 2 5 3 5 2 0 5 0 4 1 2 0 5 1 5 1 1 3 3 4 3 1 5 1 1 2 5 5 0 4 3 4 0 1 0 3 3 4 4 1 0 3 2 0 0 2 0 4 4 2 3 5 4
2 2 22 54 26 31
7 7 39 45 24 6 21 40 34 30 7 18 16 10 5 55
#c 4 1 2 0 2 5 3 5 2 0 5 0 4 1 2 0 5 1 5 1 1 3 3 4 3 1 5 1 1 2 5 5 0 4 3 4 0 1 0 3 3 4 4 1 0 3 2 0 0 2 0 4 4 2 3 5 4
4 4 41 56 12 51 48 9 44 36
6 7 23 35 0 52 42 33 47 15 50 3 38 11 32
#c 4 1 2 0 2 5 3 5 2 0 5 0 4 1 2 0 5 1 5 1 1 3 3 4 3 1 5 1 1 2 5 5 0 4 3 4 0 1 0 3 3 4 4 1 0 3 2 0 0 2 0 4 4 2 3 5 4
1 2 18 24 40
8 7 30 7 26 16 10 5 31 55 39 45 22 54 6 21 34
#c 4 1 2 0 2 5 3 5 2 0 5 0 4 1 2 0 5 1 5 1 1 3 3 4 3 1 5 1 1 2 5 5 0 4 3 4 0 1 0 3 3 4 4 1 0 3 2 0 0 2 0 4 4 2 3 5 4
4 4 50 11 44 38 37 43 28 27
7 6 36 48 47 9 15 3 32 1 13 19 25 20 17
#c 4 1 2 0 2 5 3 5 2 0 5 0 4 1 2 0 5 1 5 1 1 3 3 4 3 1 5 1 1 2 5 5 0 4 3 4 0 1 0 3 3 4 4 1 0 3 2 0 0 2 0 4 4 2 3 5 4
3 3 37 13 20 24 34 54
7 6 1 19 25 43 27 17 28 39 45 22 6 21 40
#c 4 1 2 0 2 5 3 5 2 0 5 0 4 1 2 0 5 1 5 1 1 3 3 4 3 1 5 1 1 2 5 5 0 4 3 4 0 1 0 3 3 4 4 1 0 3 2 0 0 2 0 4 4 2 3 5 4
#c 4 1 2 0 2 5 3 5 2 0 5 0 4 1 2 0 5 1 5 1 1 3 3 4 3 1 5 1 1 2 5 5 0 4 3 4 0 1 0 3 3 4 4 1 0 3 2 0 0 2 0 4 4 2 3 5 4
4 4 39 34 54 40 16 5 30 7
5 5 45 22 24 6 21 26 18 10 31 55
#c 4 1 2 0 2 3 3 3 2 0 5 0 4 1 2 0 3 1 5 1 1 3 3 4 3 1 5 1 1 2 3 5 0 4 5 4 0 1 0 5 5 4 4 1 0 3 2 0 0 2 0 4 4 2 5 5 4
1 1 42 38
9 10 56 23 35 12 0 51 41 52 33 36 48 47 9 15 50 3 11 32 44
#c 4 1 2 0 2 3 3 3 2 0 5 0 4 1 2 0 3 1 5 1 1 3 3 4 3 1 5 1 1 2 3 5 0 4 5 4 0 1 0 5 5 4 4 1 0 3 2 0 0 2 0 4 4 2 5 5 4
3 3 10 26 39 45 24 30
6 6 18 31 55 34 54 40 22 6 21 16 5 7
#c 4 1 2 0 2 3 3 3 2 0 5 0 4 1 2 0 3 1 5 1 1 3 3 4 3 1 5 1 1 2 3 5 0 4 5 4 0 1 0 5 5 4 4 1 0 3 2 0 0 2 0 4 4 2 5 5 4
5 5 44 32 15 9 47 31 26 39 54 55
6 4 36 48 50 3 38 11 18 10 34 40
#c 4 1 2 0 2 3 3 3 2 0 5 0 4 1 2 0 3 1 5 1 1 3 3 4 3 1 5 1 1 2 3 5 0 4 5 4 0 1 0 5 5 4 4 1 0 3 2 0 0 2 0 4 4 2 5 5 4
5 6 27 28 43 13 25 2 46 49 53 8 29
5 2 1 19 37 20 17 4 14
#c 4 1 2 0 2 3 3 3 2 0 5 0 4 1 2 0 3 1 5 1 1 3 3 4 3 1 5 1 1 2 3 5 0 4 5 4 0 1 0 5 5 4 4 1 0 3 2 0 0 2 0 4 4 2 5 5 4
4 4 49 46 2 14 28 20 13 27
4 6 8 29 53 4 1 19 25 37 43 17
#c 4 1 2 0 2 3 3 3 2 0 5 0 4 1 2 0 3 1 5 1 1 3 3 4 3 1 5 1 1 2 3 5 0 4 5 4 0 1 0 5 5 4 4 1 0 3 2 0 0 2 0 4 4 2 5 5 4
2 3 22 30 55 26 40
7 6 45 24 6 21 16 5 7 18 10 31 39 34 54
#c 4 1 2 0 2 3 3 3 2 0 5 0 4 1 2 0 3 1 5 1 1 3 3 4 3 1 5 1 1 2 3 5 0 4 5 4 0 1 0 5 5 4 4 1 0 3 2 0 0 2 0 4 4 2 5 5 4
1 1 56 34
9 8 23 35 12 0 51 41 52 42 33 26 18 10 31 55 39 54 40
#c 4 1 2 0 2 3 3 3 2 0 5 0 4 1 2 0 3 1 5 1 1 3 3 4 3 1 5 1 1 2 3 5 0 4 5 4 0 1 0 5 5 4 4 1 0 3 2 0 0 2 0 4 4 2 5 5 4
#c 4 1 2 0 2 3 3 3 2 0 5 0 4 1 2 0 3 1 5 1 1 3 3 4 3 1 5 1 1 2 3 5 0 4 5 4 0 1 0 5 5 4 4 1 0 3 2 0 0 2 0 4 4 2 5 5 4
4 4 32 50 15 48 6 7 21 16
7 5 36 47 9 3 38 11 44 45 22 24 5 30
#c 4 1 2 0 2 3 3 3 2 0 5 0 4 1 2 0 3 1 5 1 1 3 3 4 3 1 5 1 1 2 3 5 0 4 5 4 0 1 0 5 5 4 4 1 0 3 2 0 0 2 0 4 4 2 5 5 4
5 5 28 27 43 1 25 38 36 48 44 15
5 6 13 19 37 20 17 47 9 50 3 11 32
#c 4 1 2 0 2 3 3 3 2 0 5 0 4 1 2 0 3 1 5 1 1 3 3 4 3 1 5 1 1 2 3 5 0 4 5 4 0 1 0 5 5 4 4 1 0 3 2 0 0 2 0 4 4 2 5 5 4
1 1 46 40
7 8 2 8 49 29 53 4 14 26 18 10 31 55 39 34 54
#c 4 1 2 0 2 3 3 3 2 0 5 0 4 1 2 0 3 1 5 1 1 3 3 4 3 1 5 1 1 2 3 5 0 4 5 4 0 1 0 5 5 4 4 1 0 3 2 0 0 2 0 4 4 2 5 5 4
4 4 16 6 7 45 52 51 41 33
5 6 22 24 21 5 30 56 23 35 12 0 42
#c 4 1 2 0 2 3 3 3 2 0 5 0 4 1 2 0 3 1 5 1 1 3 3 4 3 1 5 1 1 2 3 5 0 4 5 4 0 1 0 5 5 4 4 1 0 3 2 0 0 2 0 4 4 2 5 5 4
4 4 41 42 23 52 16 45 6 22
6 5 56 35 12 0 51 33 24 21 5 30 7
#c 4 1 2 0 2 3 3 3 2 0 5 0 4 1 2 0 3 1 5 1 1 3 3 4 3 1 5 1 1 2 3 5 0 4 5 4 0 1 0 5 5 4 4 1 0 3 2 0 0 2 0 4 4 2 5 5 4
1 1 26 13
8 9 18 10 31 55 39 34 54 40 1 19 25 37 43 20 27 17 28
#c 4 1 2 0 2 3 3 3 2 0 5 0 4 1 2 0 3 1 5 1 1 3 3 4 3 1 5 1 1 2 3 5 0 4 5 4 0 1 0 5 5 4 4 1 0 3 2 0 0 2 0 4 4 2 5 5 4
5 5 38 44 47 9 36 46 49 14 2 29
6 3 48 15 50 3 11 32 8 53 4
#c 4 1 2 0 2 3 3 3 2 0 5 0 4 1 2 0 3 1 5 1 1 3 3 4 3 1 5 1 1 2 3 5 0 4 5 4 0 1 0 5 5 4 4 1 0 3 2 0 0 2 0 4 4 2 5 5 4
3 3 20 19 27 49 8 14
7 5 1 13 25 37 43 17 28 2 46 29 53 4
#c 4 1 2 0 2 3 3 3 1 0 5 0 4 1 1 0 3 1 5 2 2 3 3 4 3 1 5 2 1 2 3 5 0 4 5 4 0 1 0 5 5 4 4 1 0 3 2 0 0 1 0 4 4 2 5 5 4
1 1 46 0
7 9 2 29 53 4 20 19 27 56 23 35 12 51 41 52 42 33
#c 4 1 2 0 2 3 3 3 1 0 5 0 4 1 1 0 3 1 5 2 2 3 3 4 3 1 5 2 1 2 3 5 0 4 5 4 0 1 0 5 5 4 4 1 0 3 2 0 0 1 0 4 4 2 5 5 4
3 3 6 22 16 43 17 8
6 7 45 24 21 5 30 7 1 13 25 37 28 49 14
#c 4 1 2 0 2 3 3 3 1 0 5 0 4 1 1 0 3 1 5 2 2 3 3 4 3 1 5 2 1 2 3 5 0 4 5 4 0 1 0 5 5 4 4 1 0 3 2 0 0 1 0 4 4 2 5 5 4
4 2 42 12 41 33 26 39
6 7 56 23 35 0 51 52 18 10 31 55 34 54 40
#c 4 1 2 0 2 3 3 3 1 0 5 0 4 1 1 0 3 1 5 2 2 3 3 4 3 1 5 2 1 2 3 5 0 4 5 4 0 1 0 5 5 4 4 1 0 3 2 0 0 1 0 4 4 2 5 5 4
2 2 54 55 48 11
7 9 26 18 10 31 39 34 40 36 47 9 15 50 3 38 32 44
#c 4 1 2 0 2 3 3 3 1 0 5 0 4 1 1 0 3 1 5 2 2 3 3 4 3 1 5 2 1 2 3 5 0 4 5 4 0 1 0 5 5 4 4 1 0 3 2 0 0 1 0 4 4 2 5 5 4
1 1 11 12
10 9 36 48 47 9 15 50 3 38 32 44 56 23 35 0 51 41 52 42 33
#c 4 1 2 0 2 3 3 3 1 0 5 0 4 1 1 0 3 1 5 2 2 3 3 4 3 1 5 2 1 2 3 5 0 4 5 4 0 1 0 5 5 4 4 1 0 3 2 0 0 1 0 4 4 2 5 5 4
5 5 37 28 14 43 49 7 21 24 22 30
5 4 1 13 25 17 8 45 6 16 5
#c 4 1 2 0 2 3 3 3 1 0 5 0 4 1 1 0 3 1 5 2 2 3 3 4 3 1 5 2 1 2 3 5 0 4 5 4 0 1 0 5 5 4 4 1 0 3 2 0 0 1 0 4 4 2 5 5 4
1 3 2 8 28 1
7 7 46 29 53 4 20 19 27 13 25 37 43 17 49 14
#c 4 1 2 0 2 3 3 3 1 0 5 0 4 1 1 0 3 1 5 2 2 3 3 4 3 1 5 2 1 2 3 5 0 4 5 4 0 1 0 5 5 4 4 1 0 3 2 0 0 1 0 4 4 2 5 5 4
4 4 24 30 45 7 18 34 39 10
5 5 22 6 21 16 5 26 31 55 54 40
#c 4 1 2 0 2 3 3 3 1 0 5 0 4 1 1 0 3 1 5 2 2 3 3 4 3 1 5 2 1 2 3 5 0 4 5 4 0 1 0 5 5 4 4 1 0 3 2 0 0 1 0 4 4 2 5 5 4
3 3 0 41 23 44 9 47
7 8 56 35 12 51 52 42 33 36 48 15 50 3 38 11 32
#c 4 1 2 0 2 3 3 3 1 0 5 0 4 1 1 0 3 1 5 2 2 3 3 4 3 1 5 2 1 2 3 5 0 4 5 4 0 1 0 5 5 4 4 1 0 3 2 0 0 1 0 4 4 2 5 5 4
2 2 40 18 32 3
7 9 26 10 31 55 39 34 54 36 48 47 9 15 50 38 11 44
#c 4 1 2 0 2 3 3 3 1 0 5 0 4 1 1 0 3 1 5 2 2 3 3 4 3 1 5 2 1 2 3 5 0 4 5 4 0 1 0 5 5 4 4 1 0 3 2 0 0 1 0 4 4 2 5 5 4
5 5 38 15 11 32 44 0 12 42 41 52
6 5 36 48 47 9 50 3 56 23 35 51 33
#c 4 1 2 0 2 3 3 3 1 0 5 0 4 1 1 0 3 1 5 2 2 3 3 4 3 1 5 2 1 2 3 5 0 4 5 4 0 1 0 5 5 4 4 1 0 3 2 0 0 1 0 4 4 2 5 5 4
1 1 14 55
9 8 1 13 25 37 43 17 28 49 8 26 18 10 31 39 34 54 40
#c 4 1 2 0 2 3 3 3 1 0 5 0 4 1 5 0 3 1 5 2 2 3 3 4 3 1 5 2 1 2 3 5 0 4 5 4 0 1 0 5 5 4 4 1 0 3 2 0 0 1 0 4 4 2 5 1 4
3 3 29 2 53 30 22 7
5 6 46 4 20 19 27 45 24 6 21 16 5
#c 4 1 2 0 2 3 3 3 1 0 5 0 4 1 5 0 3 1 5 2 2 3 3 4 3 1 5 2 1 2 3 5 0 4 5 4 0 1 0 5 5 4 4 1 0 3 2 0 0 1 0 4 4 2 5 1 4
3 4 21 7 45 38 11 36 32
6 7 22 24 6 16 5 30 48 47 9 15 50 3 44
#c 4 1 2 0 2 3 3 3 1 0 5 0 4 1 5 0 3 1 5 2 2 3 3 4 3 1 5 2 1 2 3 5 0 4 5 4 0 1 0 5 5 4 4 1 0 3 2 0 0 1 0 4 4 2 5 1 4
1 1 56 44
9 10 23 35 12 0 51 41 52 42 33 36 48 47 9 15 50 3 38 11 32
#c 4 1 2 0 2 3 3 3 1 0 5 0 4 1 5 0 3 1 5 2 2 3 3 4 3 1 5 2 1 2 3 5 0 4 5 4 0 1 0 5 5 4 4 1 0 3 2 0 0 1 0 4 4 2 5 1 4
3 3 54 40 26 28 17 1
6 7 18 10 31 39 34 14 13 25 37 43 49 8 55
#c 4 1 2 0 2 3 3 3 1 0 5 0 4 1 5 0 3 1 5 2 2 3 3 4 3 1 5 2 1 2 3 5 0 4 5 4 0 1 0 5 5 4 4 1 0 3 2 0 0 1 0 4 4 2 5 1 4
2 2 3 15 39 54
9 7 36 48 47 9 50 38 11 32 44 26 18 10 31 34 40 14
#c 4 1 2 0 2 3 3 3 1 0 5 0 4 1 5 0 3 1 5 2 2 3 3 4 3 1 5 2 1 2 3 5 0 4 5 4 0 1 0 5 5 4 4 1 0 3 2 0 0 1 0 4 4 2 5 1 4
5 5 37 49 28 8 13 30 16 21 45 6
5 4 1 25 43 17 55 22 24 5 7
#c 4 1 2 0 2 3 3 3 1 0 5 0 4 1 5 0 3 1 5 2 2 3 3 4 3 1 5 2 1 2 3 5 0 4 5 4 0 1 0 5 5 4 4 1 0 3 2 0 0 1 0 4 4 2 5 1 4
3 1 53 46 29 30
5 8 2 4 20 19 27 45 22 24 6 21 16 5 7
#c 4 1 2 0 2 3 3 3 1 0 5 0 4 1 5 0 3 1 5 2 2 3 3 4 3 1 5 2 1 2 3 5 0 4 5 4 0 1 0 5 5 4 4 1 0 3 2 0 0 1 0 4 4 2 5 1 4
3 3 6 21 45 53 27 46
6 5 22 24 16 5 30 7 2 29 4 20 19
#c 4 1 2 0 2 3 2 3 1 0 5 0 4 1 5 0 3 1 5 2 2 2 3 4 3 1 5 3 1 2 3 5 0 4 5 4 0 1 0 5 5 4 4 1 0 2 3 0 0 1 0 4 4 3 5 1 4
3 3 12 23 56 34 54 40
7 6 35 0 51 41 52 42 33 26 18 10 31 39 14
#c 4 1 2 0 2 3 2 3 1 0 5 0 4 1 5 0 3 1 5 2 2 2 3 4 3 1 5 3 1 2 3 5 0 4 5 4 0 1 0 5 5 4 4 1 0 2 3 0 0 1 0 4 4 3 5 1 4
2 2 18 14 24 30
7 7 26 10 31 39 34 54 40 22 16 5 7 53 27 46
#c 4 1 2 0 2 3 2 3 1 0 5 0 4 1 5 0 3 1 5 2 2 2 3 4 3 1 5 3 1 2 3 5 0 4 5 4 0 1 0 5 5 4 4 1 0 2 3 0 0 1 0 4 4 3 5 1 4
2 2 38 9 43 28
9 8 36 48 47 15 50 3 11 32 44 1 13 25 37 17 49 8 55
#c 4 1 2 0 2 3 2 3 1 0 5 0 4 1 5 0 3 1 5 2 2 2 3 4 3 1 5 3 1 2 3 5 0 4 5 4 0 1 0 5 5 4 4 1 0 2 3 0 0 1 0 4 4 3 5 1 4
#c 4 1 2 0 2 3 2 3 1 0 5 0 4 1 5 0 3 1 5 2 2 2 3 4 3 1 5 3 1 2 3 5 0 4 5 4 0 1 0 5 5 4 4 1 0 2 3 0 0 1 0 4 4 3 5 1 4
2 2 6 2 53 5
6 7 29 4 20 19 21 45 22 24 16 30 7 27 46
#c 4 1 2 0 2 3 2 3 1 0 5 0 4 1 5 0 3 1 5 2 2 2 3 4 3 1 5 3 1 2 3 5 0 4 5 4 0 1 0 5 5 4 4 1 0 2 3 0 0 1 0 4 4 3 5 1 4
1 1 46 2
8 7 22 24 16 5 30 7 53 27 29 4 20 19 6 21 45
#c 4 1 2 0 2 3 2 3 1 0 5 0 4 1 5 0 3 1 5 2 2 2 3 4 3 1 5 3 1 2 3 5 0 4 5 4 0 1 0 5 5 4 4 1 0 2 3 0 0 1 0 4 4 3 5 1 4
1 1 51 3
9 10 56 23 35 12 0 41 52 42 33 36 48 47 9 15 50 38 11 32 44
#c 4 1 2 0 2 3 2 3 1 0 5 0 4 1 5 0 3 1 5 2 2 2 3 4 3 1 5 3 1 2 3 5 0 4 5 4 0 1 0 5 5 4 4 1 0 2 3 0 0 1 0 4 4 3 5 1 4
1 2 54 11 36
8 9 26 18 10 31 39 34 40 14 48 47 9 15 50 3 38 32 44
#c 4 1 2 0 2 3 2 3 1 0 5 0 4 1 5 0 3 1 5 2 2 2 3 4 3 1 5 3 1 2 3 5 0 4 5 4 0 1 0 5 5 4 4 1 0 2 3 0 0 1 0 4 4 3 5 1 4
#c 4 1 2 0 2 3 2 3 1 0 5 0 4 1 5 0 3 1 5 2 2 2 3 4 3 1 5 3 1 2 3 5 0 4 5 4 0 1 0 5 5 4 4 1 0 2 3 0 0 1 0 4 4 3 5 1 4
4 4 55 49 17 43 14 54 31 39
6 5 1 13 25 37 28 8 26 18 10 34 40
#c 4 1 2 0 2 3 2 3 1 0 5 0 4 1 5 0 3 1 5 2 2 2 3 4 3 1 5 3 1 2 3 5 0 4 5 4 0 1 0 5 5 4 4 1 0 2 3 0 0 1 0 4 4 3 5 1 4
2 2 6 29 51 56
6 8 2 4 20 19 21 45 23 35 12 0 41 52 42 33
#c 4 1 2 0 2 3 2 3 1 0 5 0 4 1 5 0 3 1 5 2 2 2 3 4 3 1 5 3 1 2 3 5 0 4 5 4 0 1 0 5 5 4 4 1 0 2 3 0 0 1 0 4 4 3 5 1 4
#c 4 1 2 0 2 3 2 3 1 0 5 0 4 1 5 0 3 1 5 2 2 2 3 4 3 1 5 3 1 2 3 5 0 4 5 4 0 1 0 5 5 4 4 1 0 2 3 0 0 1 0 4 4 3 5 1 4
3 3 33 23 52 26 40 39
7 6 56 35 12 0 51 41 42 18 10 31 34 54 14
#c 4 1 2 0 2 3 2 3 1 0 5 0 4 1 5 0 3 1 5 2 2 2 3 4 3 1 5 3 1 2 3 5 0 4 5 4 0 1 0 5 5 4 4 1 0 2 3 0 0 1 0 4 4 3 5 1 4
1 2 40 15 9
8 9 26 18 10 31 39 34 54 14 36 48 47 50 3 38 11 32 44
#c 4 1 2 0 2 3 2 3 1 0 5 0 4 1 5 0 3 1 5 2 2 2 3 4 3 1 5 3 1 2 3 5 0 4 5 4 0 1 0 5 5 4 4 1 0 2 3 0 0 1 0 4 4 3 5 1 4
3 3 32 9 47 4 20 6
8 5 36 48 15 50 3 38 11 44 2 29 19 21 45
#c 4 1 2 0 2 3 2 3 1 0 5 0 4 1 5 0 3 1 5 2 2 2 3 4 3 1 5 3 1 2 3 5 0 4 5 4 0 1 0 5 5 4 4 1 0 2 3 0 0 1 0 4 4 3 5 1 4
#c 4 1 2 0 2 3 2 3 1 0 5 0 4 1 5 0 3 1 5 2 2 2 3 4 3 1 5 3 1 2 3 5 0 4 5 4 0 1 0 5 5 4 4 1 0 2 3 0 0 1 0 4 4 3 5 1 4
2 2 45 19 34 18
6 7 2 29 4 20 6 21 26 10 31 39 54 40 14
#c 4 1 2 0 2 3 2 3 1 0 5 0 4 1 5 0 3 1 5 2 2 2 3 4 3 1 5 3 1 2 3 5 0 4 5 4 0 1 0 5 5 4 4 1 0 2 3 0 0 1 0 4 4 3 5 1 4
#c 4 1 2 0 2 3 2 3 1 0 5 0 4 1 5 0 3 1 5 2 2 2 3 4 3 1 5 3 1 2 3 5 0 4 5 4 0 1 0 5 5 4 4 1 0 2 3 0 0 1 0 4 4 3 5 1 4
5 5 56 0 33 41 12 26 54 31 18 40
5 4 23 35 51 52 42 10 39 34 14
#c 4 1 2 0 2 3 2 3 1 0 5 0 4 1 5 0 3 1 5 2 2 2 3 4 3 1 5 3 1 2 3 5 0 4 5 4 0 1 0 5 5 4 4 1 0 2 3 0 0 1 0 4 4 3 5 1 4
3 3 34 18 26 44 15 3
6 8 10 31 39 54 40 14 36 48 47 9 50 38 11 32
#c 4 1 2 0 2 3 2 3 1 0 5 0 4 1 5 0 3 1 5 2 2 2 3 4 3 1 5 3 1 2 3 5 0 4 5 4 0 1 0 5 5 4 4 1 0 2 3 0 0 1 0 4 4 3 5 1 4
1 3 47 26 34 10
10 6 36 48 9 15 50 3 38 11 32 44 18 31 39 54 40 14
#c 4 1 2 0 2 3 2 3 1 0 5 0 4 1 5 0 3 1 5 2 2 2 3 4 3 1 5 3 1 2 3 5 0 4 5 4 0 1 0 5 5 4 4 1 0 2 3 0 0 1 0 4 4 3 5 1 4
3 2 17 43 28 31 26
7 7 1 13 25 37 49 8 55 18 10 39 34 54 40 14
#c 4 1 2 0 2 3 2 3 1 0 5 0 4 1 5 0 3 1 5 2 2 2 3 4 3 1 5 3 1 2 3 5 0 4 5 4 0 1 0 5 5 4 4 1 0 2 3 0 0 1 0 4 4 3 5 1 4
2 2 20 29 17 37
6 8 2 4 19 6 21 45 1 13 25 43 28 49 8 55
#c 4 1 2 0 2 3 2 3 1 0 5 0 4 1 5 0 3 1 5 2 2 2 3 4 3 1 5 3 1 2 3 5 0 4 5 4 0 1 0 5 5 4 4 1 0 2 3 0 0 1 0 4 4 3 5 1 4
1 1 27 11
8 10 22 24 16 5 30 7 53 46 36 48 47 9 15 50 3 38 32 44
#c 4 1 2 0 2 3 2 3 1 0 5 0 4 1 5 0 3 1 5 2 2 2 3 4 3 1 5 3 1 2 3 5 0 4 5 4 0 1 0 5 5 4 4 1 0 2 3 0 0 1 0 4 4 3 5 1 4
2 2 0 41 27 7
8 7 56 23 35 12 51 52 42 33 22 24 16 5 30 53 46
#c 4 1 2 0 2 3 2 3 1 0 5 0 4 1 5 0 3 1 5 2 2 2 3 4 3 1 5 3 1 2 3 5 0 4 5 4 0 1 0 5 5 4 4 1 0 2 3 0 0 1 0 4 4 3 5 1 4
#c 4 1 2 0 2 3 2 3 1 0 5 0 4 1 5 0 3 1 5 2 2 2 3 4 3 1 5 3 1 2 3 5 0 4 5 4 0 1 0 5 5 4 4 1 0 2 3 0 0 1 0 4 4 3 5 1 4
1 1 15 42
10 9 36 48 47 9 50 3 38 11 32 44 56 23 35 12 0 51 41 52 33
#c 4 1 2 0 2 3 2 3 1 0 5 0 4 1 5 0 3 1 5 2 2 2 3 4 3 1 5 3 1 2 3 5 0 4 5 4 0 1 0 5 5 4 4 1 0 2 3 0 0 1 0 4 4 3 5 1 4
3 3 43 49 1 29 2 4
7 5 13 25 37 17 28 8 55 20 19 6 21 45
#c 4 1 2 0 2 3 2 3 1 0 5 0 4 1 5 0 3 1 5 2 2 2 3 4 3 1 5 3 1 2 3 5 0 4 5 4 0 1 0 5 5 4 4 1 0 2 3 0 0 1 0 4 4 3 5 1 4
3 3 4 29 2 8 37 43
5 7 20 19 6 21 45 1 13 25 17 28 49 55
#c 4 1 2 0 2 3 2 3 1 0 5 0 4 1 5 0 3 1 5 2 2 2 3 4 3 1 5 3 1 2 3 5 0 4 5 4 0 1 0 5 5 4 4 1 0 2 3 0 0 1 0 4 4 3 5 1 4
1 1 30 51
8 9 22 24 16 5 7 53 27 46 56 23 35 12 0 41 52 42 33
#c 4 1 2 0 2 3 2 3 1 0 5 0 4 1 5 0 3 1 5 2 2 2 3 4 3 1 5 3 1 2 3 5 0 4 5 4 0 1 0 5 5 4 4 1 0 2 3 0 0 1 0 4 4 3 5 1 4
#c 4 1 2 0 2 3 2 3 1 0 5 0 4 1 5 0 3 1 5 2 2 2 3 4 3 1 5 3 1 2 3 5 0 4 5 4 0 1 0 5 5 4 4 1 0 2 3 0 0 1 0 4 4 3 5 1 4
4 6 14 31 40 39 28 17 1 37 8 13
5 4 26 18 10 34 54 25 43 49 55
#c 4 1 2 0 2 3 2 3 1 0 5 0 4 1 5 0 3 1 5 2 2 2 3 4 3 1 5 3 1 2 3 5 0 4 5 4 0 1 0 5 5 4 4 1 0 2 3 0 0 1 0 4 4 3 5 1 4
1 1 32 35
10 9 36 48 47 9 15 50 3 38 11 44 56 23 12 0 51 41 52 42 33
#c 4 1 2 0 2 3 2 3 1 0 5 0 4 1 5 0 3 1 5 2 2 2 3 4 3 1 5 3 1 2 3 5 0 4 5 4 0 1 0 5 5 4 4 1 0 2 3 0 0 1 0 4 4 3 5 1 4
2 4 28 25 31 54 34 39
8 5 1 13 37 43 17 49 8 55 26 18 10 40 14
#c 4 1 2 0 2 3 2 3 1 0 5 0 4 1 5 0 3 1 5 2 2 2 3 4 3 1 5 3 1 2 3 5 0 4 5 4 0 1 0 5 5 4 4 1 0 2 3 0 0 1 0 4 4 3 5 1 4
#c 4 1 2 0 2 3 2 3 1 0 5 0 4 1 5 0 3 1 5 2 2 2 3 4 3 1 5 3 1 2 3 5 0 4 5 4 0 1 0 5 5 4 4 1 0 2 3 0 0 1 0 4 4 3 5 1 4
3 3 30 22 7 45 29 4
6 5 24 16 5 53 27 46 2 20 19 6 21
#c 4 1 2 0 2 3 2 3 1 0 5 0 4 1 5 0 3 1 5 2 2 2 3 4 3 1 5 3 1 2 3 5 0 4 5 4 0 1 0 5 5 4 4 1 0 2 3 0 0 1 0 4 4 3 5 1 4
1 1 12 26
9 8 56 23 35 0 51 41 52 42 33 18 10 31 39 34 54 40 14
#c 4 1 2 0 2 3 2 3 1 0 5 0 4 1 5 0 3 1 5 2 2 2 3 4 3 1 5 3 1 2 3 5 0 4 5 4 0 1 0 5 5 4 4 1 0 2 3 0 0 1 0 4 4 3 5 1 4
1 1 39 17
8 9 26 18 10 31 34 54 40 14 1 13 25 37 43 28 49 8 55
#c 4 1 2 0 2 3 2 3 1 0 5 0 4 1 5 0 3 1 5 2 2 2 3 4 3 1 5 3 1 2 3 5 0 4 5 4 0 1 0 5 5 4 4 1 0 2 3 0 0 1 0 4 4 3 5 1 4
1 1 36 0
10 9 48 47 9 15 50 3 38 11 32 44 56 23 35 12 51 41 52 42 33
#c 4 1 2 0 2 3 2 3 1 0 5 0 4 1 5 0 3 1 5 2 2 2 3 4 3 1 5 3 1 2 3 5 0 4 5 4 0 1 0 5 5 4 4 1 0 2 3 0 0 1 0 4 4 3 5 1 4
#c 4 1 2 0 2 3 2 3 1 0 5 0 4 1 5 0 3 1 5 2 2 2 3 4 3 1 5 3 1 2 3 5 0 4 5 4 0 1 0 5 5 4 4 1 0 2 3 0 0 1 0 4 4 3 5 1 4
2 3 29 21 9 15 11
6 8 2 4 20 19 6 45 36 48 47 50 3 38 32 44
#c 4 1 2 0 2 3 2 3 1 0 5 0 4 1 5 0 3 1 5 2 2 2 3 4 3 1 5 3 1 2 3 5 0 4 5 4 0 1 0 5 5 4 4 1 0 2 3 0 0 1 0 4 4 3 5 1 4
#c 4 1 2 0 2 3 2 3 1 0 5 0 4 1 5 0 3 1 5 2 2 2 3 4 3 1 5 3 1 2 3 5 0 4 5 4 0 1 0 5 5 4 4 1 0 2 3 0 0 1 0 4 4 3 5 1 4
2 2 41 42 36 11
8 9 56 23 35 12 0 51 52 33 48 47 9 15 50 3 38 32 44
#c 4 1 2 0 2 3 2 3 1 0 5 0 4 1 5 0 3 1 5 2 2 2 3 4 3 1 5 3 1 2 3 5 0 4 5 4 0 1 0 5 5 4 4 1 0 2 3 0 0 1 0 4 4 3 5 1 4
#c 4 1 2 0 2 3 2 3 1 0 5 0 4 1 5 0 3 1 5 2 2 2 3 4 3 1 5 3 1 2 3 5 0 4 5 4 0 1 0 5 5 4 4 1 0 2 3 0 0 1 0 4 4 3 5 1 4
3 3 48 47 32 17 28 55
8 7 36 9 15 50 3 38 11 44 1 13 25 37 43 49 8
#c 4 1 2 0 2 3 2 3 1 0 5 0 4 1 5 0 3 1 5 2 2 2 3 4 3 1 5 3 1 2 3 5 0 4 5 4 0 1 0 5 5 4 4 1 0 2 3 0 0 1 0 4 4 3 5 1 4
3 4 25 55 17 54 14 18 31
7 5 1 13 37 43 28 49 8 26 10 39 34 40
#c 4 1 2 0 2 3 2 3 1 0 5 0 4 1 1 0 3 5 1 2 2 2 3 4 3 5 5 3 1 2 3 1 0 4 5 4 0 1 0 5 5 4 4 1 0 2 3 0 0 1 0 4 4 3 1 5 4
2 2 19 21 39 10
6 6 2 29 4 20 6 45 26 34 40 25 55 17
#c 4 1 2 0 2 3 2 3 1 0 5 0 4 1 1 0 3 5 1 2 2 2 3 4 3 5 5 3 1 2 3 1 0 4 5 4 0 1 0 5 5 4 4 1 0 2 3 0 0 1 0 4 4 3 1 5 4
4 3 53 46 7 27 32 3 48
5 8 22 24 16 5 30 36 47 9 15 50 38 11 44
#c 4 1 2 0 2 3 2 3 1 0 5 0 4 1 1 0 3 5 1 2 2 2 3 4 3 5 5 3 1 2 3 1 0 4 5 4 0 1 0 5 5 4 4 1 0 2 3 0 0 1 0 4 4 3 1 5 4
2 2 35 23 8 28
8 9 56 12 0 51 41 52 42 33 1 13 37 43 49 54 14 18 31
#c 4 1 2 0 2 3 2 3 1 0 5 0 4 1 1 0 3 5 1 2 2 2 3 4 3 5 5 3 1 2 3 1 0 4 5 4 0 1 0 5 5 4 4 1 0 2 3 0 0 1 0 4 4 3 1 5 4
1 1 39 2
7 7 26 10 34 40 25 55 17 29 4 20 19 6 21 45
#c 4 1 2 0 2 3 2 3 1 0 5 0 4 1 1 0 3 5 1 2 2 2 3 4 3 5 5 3 1 2 3 1 0 4 5 4 0 1 0 5 5 4 4 1 0 2 3 0 0 1 0 4 4 3 1 5 4
5 5 9 44 3 48 32 51 42 52 12 23
6 5 36 47 15 50 38 11 56 35 0 41 33
#c 4 1 2 0 2 3 2 3 1 0 5 0 4 1 1 0 3 5 1 2 2 2 3 4 3 5 5 3 1 2 3 1 0 4 5 4 0 1 0 5 5 4 4 1 0 2 3 0 0 1 0 4 4 3 1 5 4
3 3 14 31 1 46 27 22
8 6 13 37 43 28 49 8 54 18 24 16 5 30 7 53
#c 4 1 2 0 2 3 2 3 1 0 5 0 4 1 1 0 3 5 1 2 2 2 3 4 3 5 5 3 1 2 3 1 0 4 5 4 0 1 0 5 5 4 4 1 0 2 3 0 0 1 0 4 4 3 1 5 4
1 1 19 18
7 10 2 29 4 20 6 21 45 1 13 37 43 28 49 8 54 14 31
#c 4 1 2 0 2 3 2 3 1 0 5 0 4 1 1 0 3 5 1 2 2 2 3 4 3 5 5 3 1 2 3 1 0 4 5 4 0 1 0 5 5 4 4 1 0 2 3 0 0 1 0 4 4 3 1 5 4
4 4 53 30 7 16 49 31 28 43
5 7 22 24 5 27 46 1 13 37 8 54 14 18
#c 4 1 2 0 2 3 2 3 1 0 5 0 4 1 1 0 3 5 1 2 2 2 3 4 3 5 5 3 1 2 3 1 0 4 5 4 0 1 0 5 5 4 4 1 0 2 3 0 0 1 0 4 4 3 1 5 4
1 1 0 45
9 7 56 23 35 12 51 41 52 42 33 2 29 4 20 19 6 21
#c 4 1 2 0 2 3 2 3 1 0 5 0 4 1 1 0 3 5 1 2 2 2 3 4 3 5 5 3 1 2 3 1 0 4 5 4 0 1 0 5 5 4 4 1 0 2 3 0 0 1 0 4 4 3 1 5 4
1 3 34 5 53 30
7 6 26 10 39 40 25 55 17 22 24 16 7 27 46
#c 4 1 2 0 2 3 2 3 1 0 5 0 4 1 1 0 3 5 1 2 2 2 3 4 3 5 5 3 1 2 3 1 0 4 5 4 0 1 0 5 5 4 4 1 0 2 3 0 0 1 0 4 4 3 1 5 4
2 2 9 44 17 34
9 6 36 48 47 15 50 3 38 11 32 26 10 39 40 25 55
#c 4 1 2 0 2 3 2 3 1 0 5 0 4 1 1 0 3 5 1 2 2 2 3 4 3 5 5 3 1 2 3 1 0 4 5 4 0 1 0 5 5 4 4 1 0 2 3 0 0 1 0 4 4 3 1 5 4
2 2 43 18 11 50
9 9 1 13 37 28 49 8 54 14 31 36 48 47 9 15 3 38 32 44
#c 4 1 2 0 2 3 2 3 1 0 5 1 4 1 1 0 3 5 0 2 2 2 3 4 3 5 5 3 1 2 3 1 0 4 5 4 0 1 0 5 5 4 4 0 0 2 3 0 0 1 1 4 4 3 1 5 4
2 2 21 4 40 26
6 6 2 29 20 19 6 45 10 39 34 25 55 17
#c 4 1 2 0 2 3 2 3 1 0 5 1 4 1 1 0 3 5 0 2 2 2 3 4 3 5 5 3 1 2 3 1 0 4 5 4 0 1 0 5 5 4 4 0 0 2 3 0 0 1 1 4 4 3 1 5 4
2 2 30 5 54 1
7 9 22 24 16 7 53 27 46 13 37 28 49 8 14 31 11 50
#c 4 1 2 0 2 3 2 3 1 0 5 1 4 1 1 0 3 5 0 2 2 2 3 4 3 5 5 3 1 2 3 1 0 4 5 4 0 1 0 5 5 4 4 0 0 2 3 0 0 1 1 4 4 3 1 5 4
#c 4 1 2 0 2 3 2 3 1 0 5 1 4 1 1 0 3 5 0 2 2 2 3 4 3 5 5 3 1 2 3 1 0 4 5 4 0 1 0 5 5 4 4 0 0 2 3 0 0 1 1 4 4 3 1 5 4
3 3 39 55 17 6 20 45
5 5 26 10 34 40 25 2 29 4 19 21
#c 4 1 2 0 2 3 2 3 1 0 5 1 4 1 1 0 3 5 0 2 2 2 3 4 3 5 5 3 1 2 3 1 0 4 5 4 0 1 0 5 5 4 4 0 0 2 3 0 0 1 1 4 4 3 1 5 4
4 4 44 38 32 36 22 7 30 27
7 5 48 47 9 15 3 43 18 24 16 5 53 46
#c 4 1 2 0 2 3 2 3 1 0 5 1 4 1 1 0 3 5 0 2 2 2 3 4 3 5 5 3 1 2 3 1 0 4 5 4 0 1 0 5 5 4 4 0 0 2 3 0 0 1 1 4 4 3 1 5 4
2 2 50 31 9 48
9 9 1 13 37 28 49 8 54 14 11 36 47 15 3 38 32 44 43 18
#c 4 1 2 0 2 3 2 3 1 0 5 1 4 1 1 0 3 5 0 2 2 2 3 4 3 5 5 3 1 2 3 1 0 4 5 4 0 1 0 5 5 4 4 0 0 2 3 0 0 1 1 4 4 3 1 5 4
3 3 29 19 45 54 14 11
5 8 2 4 20 6 21 1 13 37 28 49 8 31 50
#c 4 1 2 0 2 3 2 3 1 0 5 1 4 1 1 0 3 5 0 2 2 2 3 4 3 5 5 3 1 2 3 1 0 4 5 4 0 1 0 5 5 4 4 0 0 2 3 0 0 1 1 4 4 3 1 5 4
#c 4 1 2 0 2 3 2 3 1 0 5 1 4 1 1 0 3 5 0 2 2 2 3 4 3 5 5 3 1 2 3 1 0 4 5 4 0 1 0 5 5 4 4 0 0 2 3 0 0 1 1 4 4 3 1 5 4
4 6 41 33 23 12 24 22 5 16 53 27
6 3 56 35 0 51 52 42 30 7 46
#c 4 1 2 0 2 3 2 3 1 0 5 1 4 1 1 0 3 5 0 2 2 2 3 4 3 5 5 3 1 2 3 1 0 4 5 4 0 1 0 5 5 4 4 0 0 2 3 0 0 1 1 4 4 3 1 5 4
4 4 55 34 39 40 54 28 49 1
4 7 26 10 25 17 13 37 8 14 31 11 50
#c 4 1 2 0 2 3 2 3 1 0 5 1 4 1 1 0 3 5 0 2 2 2 3 4 3 5 5 3 1 2 3 1 0 4 5 4 0 1 0 5 5 4 4 0 0 2 3 0 0 1 1 4 4 3 1 5 4
1 1 36 25
10 7 48 47 9 15 3 38 32 44 43 18 26 10 39 34 40 55 17
#c 4 1 2 0 2 3 2 3 1 0 5 1 4 1 1 0 3 5 0 2 2 2 3 4 3 5 5 3 1 2 3 1 0 4 5 4 0 1 0 5 5 4 4 0 0 2 3 0 0 1 1 4 4 3 1 5 4
3 3 1 49 37 19 4 45
8 5 13 28 8 54 14 31 11 50 2 29 20 6 21
#c 4 1 2 0 2 3 2 3 1 0 5 1 4 1 1 0 3 5 0 2 2 2 3 4 3 5 5 3 1 2 3 1 0 4 5 4 0 1 0 5 5 4 4 0 0 2 3 0 0 1 1 4 4 3 1 5 4
3 1 6 20 2 41
5 9 29 4 19 21 45 56 23 35 12 0 51 52 42 33
#c 4 1 2 0 2 3 2 3 1 0 5 1 4 1 1 0 3 5 0 2 2 2 3 4 3 5 5 3 1 2 3 1 0 4 5 4 0 1 0 5 5 4 4 0 0 2 3 0 0 1 1 4 4 3 1 5 4
1 1 24 31
8 10 22 16 5 30 7 53 27 46 1 13 37 28 49 8 54 14 11 50
#c 4 1 2 0 2 3 2 3 1 0 5 1 4 1 1 0 3 5 0 2 2 2 3 4 3 5 5 3 1 2 3 1 0 4 5 4 0 1 0 5 5 4 4 0 0 2 3 0 0 1 1 4 4 3 1 5 4
#c 4 1 2 0 2 3 2 3 1 0 5 1 4 1 1 0 3 5 0 2 2 2 3 4 3 5 5 3 1 2 3 1 0 4 5 4 0 1 0 5 5 4 4 0 0 2 3 0 0 1 1 4 4 3 1 5 4
2 2 26 10 49 1
6 9 39 34 40 25 55 17 13 37 28 8 54 14 31 11 50
#c 4 1 2 0 2 3 2 3 1 0 5 1 4 1 1 0 3 5 0 2 2 2 3 4 3 5 5 3 1 2 3 1 0 4 5 4 0 1 0 5 5 4 4 0 0 2 3 0 0 1 1 4 4 3 1 5 4
3 3 36 9 43 17 55 40
8 5 48 47 15 3 38 32 44 18 26 10 39 34 25
#c 4 1 2 0 2 3 2 3 1 0 5 1 4 1 1 0 3 5 0 2 2 2 3 4 3 5 5 3 1 2 3 1 0 4 5 4 0 1 0 5 5 4 4 0 0 2 3 0 0 1 1 4 4 3 1 5 4
5 4 1 54 49 13 31 41 12 42 56
6 6 37 28 8 14 11 50 23 35 0 51 52 33
#c 4 1 2 0 2 3 2 3 1 0 5 1 4 1 1 0 3 5 0 2 2 2 3 4 3 5 5 3 1 2 3 1 0 4 5 4 0 1 0 5 5 4 4 0 0 2 3 0 0 1 1 4 4 3 1 5 4
1 1 45 1
7 10 2 29 4 20 19 6 21 13 37 28 49 8 54 14 31 11 50
#c 4 1 2 0 2 3 2 3 1 0 5 1 4 1 1 0 3 5 0 2 2 2 3 4 3 5 5 3 1 2 3 1 0 4 5 4 0 1 0 5 5 4 4 0 0 2 3 0 0 1 1 4 4 3 1 5 4
3 3 46 24 53 51 12 56
6 7 22 16 5 30 7 27 23 35 0 41 52 42 33
#c 4 1 2 0 2 3 2 3 1 0 5 1 4 1 1 0 3 5 0 2 2 2 3 4 3 5 5 3 1 2 3 1 0 4 5 4 0 1 0 5 5 4 4 0 0 2 3 0 0 1 1 4 4 3 1 5 4
1 3 35 39 17 26
9 5 56 23 12 0 51 41 52 42 33 10 34 40 25 55
#c 4 1 2 0 2 3 2 3 1 0 5 1 4 1 1 0 3 5 0 2 2 2 3 4 3 5 5 3 1 2 3 1 0 4 5 4 0 1 0 5 5 4 4 0 0 2 3 0 0 1 1 4 4 3 1 5 4
1 1 39 12
7 9 26 10 34 40 25 55 17 56 23 35 0 51 41 52 42 33
#c 4 1 2 0 2 3 2 3 1 0 5 1 4 1 1 0 3 5 0 2 2 2 3 4 3 5 5 3 1 2 3 1 0 4 5 4 0 1 0 5 5 4 4 0 0 2 3 0 0 1 1 4 4 3 1 5 4
#c 4 1 2 0 2 3 2 3 1 0 5 1 4 1 1 0 3 5 0 2 2 2 3 4 3 5 5 3 1 2 3 1 0 4 5 4 0 1 0 5 5 4 4 0 0 2 3 0 0 1 1 4 4 3 1 5 4
4 4 13 54 8 37 10 34 39 55
7 4 1 28 49 14 31 11 50 26 40 25 17
#c 4 1 2 0 2 3 2 3 1 0 5 1 4 1 1 0 3 5 0 2 2 2 3 4 3 5 5 3 1 2 3 1 0 4 5 4 0 1 0 5 5 4 4 0 0 2 3 0 0 1 1 4 4 3 1 5 4
4 1 2 0 2 3 2 3 1 0 5 1 4 1 1 0 3 5 0 2 2 2 3 4 3 5 5 3 1 2 3 1 0 4 5 4 0 1 0 5 5 4 4 0 0 2 3 0 0 1 1 4 4 3 1 5 4
