#c 0 1 2 3 4 5 6 7 8 9 0 1 2 3 4 5 6 7 8 9 0 1 2 3 4 5 6 7 8 9 0 1 2 3 4 5 6 7 8 9 0 1 2 3 4 5 6 7 8 9 0 1 2 3 4 5 6 7 8 9 0 1 2 3 4 5 6 7 8
1 1 61 37
6 6 1 11 21 31 41 51 7 17 27 47 57 67
#c 0 1 2 3 4 5 6 7 8 9 0 1 2 3 4 5 6 7 8 9 0 1 2 3 4 5 6 7 8 9 0 1 2 3 4 5 6 1 8 9 0 1 2 3 4 5 6 7 8 9 0 1 2 3 4 5 6 7 8 9 0 7 2 3 4 5 6 7 8
2 2 52 62 8 48
5 5 2 12 22 32 42 18 28 38 58 68
#c 0 1 2 3 4 5 6 7 2 9 0 1 2 3 4 5 6 7 8 9 0 1 2 3 4 5 6 7 8 9 0 1 2 3 4 5 6 1 8 9 0 1 2 3 4 5 6 7 2 9 0 1 8 3 4 5 6 7 8 9 0 7 8 3 4 5 6 7 8
2 2 43 23 38 68
5 5 3 13 33 53 63 18 28 58 52 62
#c 0 1 2 3 4 5 6 7 2 9 0 1 2 3 4 5 6 7 8 9 0 1 2 3 4 5 6 7 8 9 0 1 2 3 4 5 6 1 8 9 0 1 2 3 4 5 6 7 2 9 0 1 8 3 4 5 6 7 8 9 0 7 8 3 4 5 6 7 8
2 2 44 4 2 12
5 5 14 24 34 54 64 22 32 42 8 48
#c 0 1 2 3 4 5 6 7 2 9 0 1 2 3 4 5 6 7 8 9 0 1 2 3 4 5 6 7 8 9 0 1 2 3 4 5 6 1 8 9 0 1 2 3 4 5 6 7 2 9 0 1 8 3 4 5 6 7 8 9 0 7 8 3 4 5 6 7 8
#c 0 1 2 3 4 5 6 7 2 9 0 1 2 3 4 5 6 7 8 9 0 1 2 3 4 5 6 7 8 9 0 1 2 3 4 5 6 1 8 9 0 1 2 3 4 5 6 7 2 9 0 1 8 3 4 5 6 7 8 9 0 7 8 3 4 5 6 7 8
3 3 16 66 56 0 50 20
4 4 6 26 36 46 10 30 40 60
#c 0 1 2 3 4 5 6 7 2 9 0 1 2 3 4 5 6 7 8 9 0 1 2 3 4 5 6 7 8 9 0 1 2 3 4 5 6 1 8 9 0 1 2 3 4 5 6 7 2 9 0 1 8 3 4 5 6 7 8 9 0 7 8 3 4 5 6 7 8
2 2 47 67 25 35
5 5 7 17 27 57 61 5 15 45 55 65
#c 0 1 2 3 4 5 6 7 2 9 0 1 2 3 4 5 6 7 8 9 0 1 2 3 4 7 6 7 8 9 0 1 2 3 4 7 6 1 8 9 0 1 2 3 4 5 6 5 2 9 0 1 8 3 4 5 6 7 8 9 0 7 8 3 4 5 6 5 8
2 1 28 52 66
5 6 18 38 58 68 62 6 16 26 36 46 56
#c 0 1 2 3 4 5 6 7 2 9 0 1 2 3 4 5 6 7 8 9 0 1 2 3 4 7 6 7 8 9 0 1 2 3 4 7 6 1 8 9 0 1 2 3 4 5 6 5 2 9 0 1 8 3 4 5 6 7 8 9 0 7 8 3 4 5 6 5 8
3 1 29 59 9 28
3 6 19 39 49 18 38 58 68 52 62
#c 0 1 2 3 4 5 6 7 2 8 0 1 2 3 4 5 6 7 8 9 0 1 2 3 4 7 6 7 9 8 0 1 2 3 4 7 6 1 8 9 0 1 2 3 4 5 6 5 2 9 0 1 8 3 4 5 6 7 8 8 0 7 8 3 4 5 6 5 8
2 2 40 30 12 2
5 5 0 10 20 50 60 22 32 42 8 48
#c 0 1 2 3 4 5 6 7 2 8 0 1 2 3 4 5 6 7 8 9 0 1 2 3 4 7 6 7 9 8 0 1 2 3 4 7 6 1 8 9 0 1 2 3 4 5 6 5 2 9 0 1 8 3 4 5 6 7 8 8 0 7 8 3 4 5 6 5 8
2 2 51 1 44 14
5 5 11 21 31 41 37 4 24 34 54 64
#c 0 1 2 3 4 5 6 7 2 8 0 1 2 3 4 5 6 7 8 9 0 1 2 3 4 7 6 7 9 8 0 1 2 3 4 7 6 1 8 9 0 1 2 3 4 5 6 5 2 9 0 1 8 3 4 5 6 7 8 8 0 7 8 3 4 5 6 5 8
1 1 8 60
6 6 2 12 22 32 42 48 0 10 20 30 40 50
#c 0 1 2 3 4 5 6 7 2 8 0 1 2 3 4 5 6 7 8 9 0 1 2 3 4 7 6 7 9 8 0 1 2 3 4 7 6 1 8 9 0 1 2 3 4 5 6 5 2 9 0 1 8 3 4 5 6 7 8 8 0 7 8 3 4 5 6 5 8
2 2 23 33 17 7
5 5 3 13 43 53 63 27 57 61 25 35
#c 0 1 2 3 4 5 6 7 2 8 0 1 2 3 4 5 6 7 8 9 0 1 2 3 4 7 6 7 9 8 0 1 2 3 4 7 6 1 8 9 0 1 2 3 4 5 6 5 2 9 0 1 8 3 4 5 6 7 8 8 0 7 8 3 4 5 6 5 8
#c 0 1 2 3 4 5 6 7 2 8 0 1 2 3 4 5 6 7 8 9 0 1 2 3 4 7 6 7 9 8 0 1 2 3 4 7 6 1 8 9 0 1 2 3 4 5 6 5 2 9 0 1 8 3 4 5 6 7 8 8 0 7 8 3 4 5 6 5 8
3 3 67 5 47 19 28 39
4 1 15 45 55 65 49
#c 0 1 2 3 4 5 6 7 2 8 0 1 2 3 4 5 6 7 8 9 0 1 2 3 4 7 6 7 9 8 0 1 2 3 4 7 6 1 8 9 0 1 2 3 4 5 6 5 2 9 0 1 8 3 4 5 6 7 8 8 0 7 8 3 4 5 6 5 8
2 2 36 46 65 55
5 5 6 16 26 56 66 5 15 45 47 67
#c 0 1 2 3 4 5 6 7 2 8 0 1 2 3 4 5 6 7 8 9 0 1 2 3 4 7 6 7 9 8 0 1 2 3 4 7 5 1 8 9 0 1 2 3 4 5 5 5 2 9 0 1 8 3 4 6 6 7 8 8 0 7 8 3 4 6 6 5 8
3 3 25 57 61 5 67 45
4 4 7 17 27 35 15 47 36 46
#c 0 1 2 3 4 5 6 7 2 8 0 1 2 3 4 5 6 7 8 9 0 1 2 3 4 7 6 7 9 8 0 1 2 3 4 7 5 1 8 9 0 1 2 3 4 5 5 5 2 9 0 1 8 3 4 6 6 7 8 8 0 7 8 3 4 6 6 5 8
3 3 29 59 38 56 65 66
6 4 18 58 68 52 62 9 6 16 26 55
#c 0 1 2 3 4 5 6 7 2 8 0 1 2 3 4 5 6 7 8 9 0 1 2 3 4 7 6 7 9 8 0 1 2 3 4 7 5 1 8 9 0 1 2 3 4 5 5 5 2 9 0 1 8 3 4 6 6 7 8 8 0 7 8 3 4 6 6 5 8
1 1 49 51
3 6 19 39 28 1 11 21 31 41 37
#c 0 1 2 3 4 5 6 7 2 8 0 1 2 3 4 5 6 7 8 9 0 1 2 3 4 7 6 7 9 8 0 1 2 3 4 7 5 1 8 9 0 1 2 3 4 5 5 5 2 9 0 1 8 3 4 6 6 7 8 8 0 7 8 3 4 6 6 5 8
1 1 10 25
6 6 0 20 30 40 50 60 7 17 27 57 61 35
#c 0 1 2 3 4 5 6 7 2 8 7 1 2 3 4 5 6 7 8 9 0 1 2 3 4 0 6 7 9 8 0 1 2 3 4 7 5 1 8 9 0 1 2 3 4 5 5 5 2 9 0 1 8 3 4 6 6 7 8 8 0 7 8 3 4 6 6 5 8
2 2 1 37 67 47
5 5 11 21 31 41 51 5 15 45 36 46
#c 0 1 2 3 4 5 6 7 2 8 7 1 2 3 4 5 6 7 8 9 0 1 2 3 4 0 6 7 9 8 0 1 2 3 4 7 5 1 8 9 0 1 2 3 4 5 5 5 2 9 0 1 8 3 4 6 6 7 8 8 0 7 8 3 4 6 6 5 8
2 1 42 32 37
5 6 2 12 22 8 48 1 11 21 31 41 51
#c 0 1 2 3 4 5 6 7 2 8 7 1 2 3 4 5 6 7 8 9 0 1 2 3 4 0 6 7 9 8 0 1 2 3 4 7 5 1 8 9 0 1 2 3 4 5 5 5 2 9 0 1 8 3 4 6 6 7 8 8 0 7 8 3 4 6 6 5 8
1 1 53 4
6 6 3 13 23 33 43 63 14 24 34 44 54 64
#c 0 1 2 3 4 5 6 7 2 8 7 1 2 3 4 5 6 7 8 9 0 1 2 3 4 0 6 7 9 8 0 1 2 3 4 7 5 1 8 9 0 1 2 3 4 5 5 5 2 9 0 1 8 3 4 6 6 7 8 8 0 7 8 3 4 6 6 5 8
1 1 34 41
6 6 4 14 24 44 54 64 1 11 21 31 51 37
#c 0 1 2 3 4 5 6 7 2 8 7 1 2 3 4 5 6 7 8 9 0 1 2 3 4 0 6 7 9 8 0 1 2 3 1 7 5 1 8 9 0 4 2 3 4 5 5 5 2 9 0 1 8 3 4 6 6 7 8 8 0 7 8 3 4 6 6 5 8
2 2 67 45 43 23
5 5 5 15 47 36 46 3 13 33 53 63
#c 0 1 2 3 4 5 6 7 2 8 7 1 2 3 4 5 6 7 8 9 0 1 2 3 4 0 6 7 9 8 0 1 2 3 1 7 5 1 8 9 0 4 2 3 4 5 5 5 2 9 0 1 8 3 4 6 6 7 8 8 0 7 8 3 4 6 6 5 8
1 1 16 10
6 6 6 26 56 66 65 55 7 17 27 57 61 35
#c 0 1 2 3 4 5 6 7 2 8 6 1 2 3 4 5 7 7 8 9 0 1 2 3 4 0 6 7 9 8 0 1 2 3 1 7 5 1 8 9 0 4 2 3 4 5 5 5 2 9 0 1 8 3 4 6 6 7 8 8 0 7 8 3 4 6 6 5 8
3 4 35 7 16 22 8 48 42
4 3 17 27 57 61 2 12 32
#c 0 1 2 3 4 5 6 7 2 8 6 1 2 3 4 5 7 7 8 9 0 1 2 3 4 0 6 7 9 8 0 1 2 3 1 7 5 1 8 9 0 4 2 3 4 5 5 5 2 9 0 1 8 3 4 6 6 7 8 8 0 7 8 3 4 6 6 5 8
1 1 38 35
8 6 18 58 68 52 62 29 59 9 7 17 27 57 61 16
#c 0 1 2 3 4 5 6 7 2 8 6 1 2 3 4 5 7 7 8 9 0 1 2 3 4 0 6 7 9 8 0 1 2 3 1 7 5 1 8 9 0 4 2 3 4 5 5 5 2 9 0 1 8 3 4 6 6 7 8 8 0 7 8 3 4 6 6 5 8
1 1 39 12
3 6 19 49 28 2 22 32 42 8 48
#c 0 1 2 3 4 5 6 7 2 8 6 1 2 3 4 5 7 7 8 9 0 1 2 3 4 0 6 7 9 8 0 1 2 3 1 7 5 1 8 9 0 4 2 3 4 5 5 5 2 9 0 1 8 3 4 6 6 7 8 8 0 7 8 3 4 6 6 5 8
1 1 25 9
6 8 0 20 30 40 50 60 18 38 58 68 52 62 29 59
#c 0 1 2 3 4 5 6 7 2 8 6 1 2 3 4 5 7 7 8 9 0 1 2 3 4 0 6 7 9 8 0 1 2 3 1 7 5 1 8 9 0 4 2 3 4 5 5 5 2 9 0 1 8 3 4 6 6 7 8 8 0 7 8 3 4 6 6 5 8
2 3 11 34 49 19 39
5 1 1 21 31 51 37 28
#c 0 1 2 3 4 5 6 7 2 8 6 1 2 3 4 5 7 7 8 9 0 1 2 3 4 0 6 7 9 8 0 1 2 3 1 7 5 1 8 9 0 4 2 3 4 5 5 5 2 9 0 1 8 3 4 6 6 7 8 8 0 7 8 3 4 6 6 5 8
1 3 32 11 37 31
6 4 2 12 22 42 8 48 1 21 51 34
#c 0 1 2 3 4 5 6 7 2 8 6 1 2 3 4 5 7 7 8 9 0 1 2 3 4 0 6 7 9 8 0 1 2 3 1 7 5 1 8 9 0 4 2 3 4 5 5 5 2 9 0 1 8 3 4 6 6 7 8 8 0 7 8 3 4 6 6 5 8
3 3 63 33 23 39 49 28
4 1 3 13 43 53 19
#c 0 1 2 3 4 5 6 7 2 8 6 1 2 3 4 5 7 7 8 9 0 1 2 3 4 0 6 7 9 8 0 1 2 3 1 7 5 1 8 9 0 4 2 3 4 5 5 5 2 9 0 1 8 3 4 6 6 7 8 8 0 7 8 3 4 6 6 5 8
2 2 54 41 60 50
5 5 4 14 24 44 64 0 20 30 40 25
#c 0 1 2 3 4 5 6 7 2 8 6 1 2 3 4 5 7 7 8 9 0 1 2 3 4 0 6 7 9 8 0 1 2 3 1 7 5 1 8 9 0 4 2 3 4 5 5 5 2 9 0 1 8 3 4 6 6 7 8 8 0 7 8 3 4 6 6 5 8
1 1 67 29
6 8 5 15 45 47 36 46 18 38 58 68 52 62 59 9
#c 0 1 2 3 4 5 6 7 2 8 6 1 2 3 4 5 7 7 8 9 0 1 2 3 4 0 6 7 9 5 0 1 2 3 1 7 5 1 8 9 0 4 2 3 4 5 5 5 2 9 0 1 8 3 4 6 6 7 8 8 0 7 8 3 4 6 6 8 8
3 3 66 26 55 48 32 2
4 4 6 56 65 10 12 22 42 8
#c 0 1 2 3 4 5 6 7 2 8 6 1 2 3 4 5 7 7 8 9 0 1 2 3 4 0 6 7 9 5 0 1 2 3 1 7 5 1 8 9 0 4 2 3 4 5 5 5 2 9 0 1 8 3 4 6 6 7 8 8 0 7 8 3 4 6 6 8 8
3 3 7 35 57 62 52 58
4 6 17 27 61 16 18 38 68 59 9 67
#c 0 1 2 3 4 5 6 7 2 8 6 1 2 3 4 5 7 7 8 9 0 1 2 3 4 0 6 7 9 5 0 1 2 3 1 7 5 1 8 9 0 4 2 3 4 5 5 5 2 9 0 1 8 3 4 6 6 7 8 8 0 7 8 3 4 6 6 8 8
1 1 67 30
8 6 18 38 58 68 52 62 59 9 0 20 40 50 60 25
#c 0 1 2 3 4 5 6 7 2 8 6 1 2 3 4 5 7 7 8 9 0 1 2 3 4 0 6 7 9 5 0 1 2 3 1 7 5 1 8 9 0 4 2 3 4 5 5 5 2 9 0 1 8 3 4 6 6 7 8 8 0 7 8 3 4 6 6 8 8
1 2 49 29 46
3 5 19 39 28 5 15 45 47 36
#c 0 1 2 3 4 5 6 7 2 8 6 1 2 3 4 5 7 7 8 9 0 1 2 3 4 0 6 7 9 5 0 1 2 3 1 7 5 1 8 9 0 4 2 3 4 5 5 5 2 9 0 1 8 3 4 6 6 7 8 8 0 7 8 3 4 6 6 8 8
2 3 50 20 34 37 11
5 4 0 30 40 60 25 1 21 31 51
#c 0 1 2 3 4 5 6 7 2 8 6 1 2 3 4 5 7 7 8 9 0 1 2 3 4 0 6 7 9 5 0 1 2 3 1 7 5 1 8 9 0 4 2 3 4 5 5 5 2 9 0 1 8 3 4 6 6 7 8 8 0 7 8 3 4 6 6 8 8
3 3 31 37 1 28 19 49
4 1 11 21 51 34 39
#c 0 1 2 3 4 5 6 7 2 8 6 1 2 3 4 5 7 7 8 9 0 1 2 3 4 0 6 7 9 5 0 1 2 3 1 7 5 1 8 9 0 4 2 3 4 5 5 5 2 9 0 1 8 3 4 6 6 7 8 8 0 7 8 3 4 6 6 8 8
2 2 2 48 50 25
5 5 12 22 32 42 8 0 20 30 40 60
#c 0 1 2 3 4 5 6 7 2 8 6 1 2 3 4 5 7 7 8 9 0 1 2 3 4 0 6 7 9 5 0 1 2 3 1 7 5 1 8 9 0 4 2 3 4 5 5 5 2 9 0 1 8 3 4 6 6 7 8 8 0 7 8 3 4 6 6 8 8
1 1 63 38
6 8 3 13 23 33 43 53 18 58 68 52 62 59 9 67
#c 0 1 2 3 4 5 6 7 2 8 6 1 2 3 4 5 7 7 8 9 0 1 2 3 4 0 6 7 9 5 0 1 2 3 1 7 5 1 8 9 0 4 2 3 4 5 5 5 2 9 0 1 8 3 4 6 6 7 8 8 0 7 8 3 4 6 6 8 8
2 2 54 14 63 13
5 5 4 24 44 64 41 3 23 33 43 53
#c 0 1 2 3 4 5 6 7 2 8 6 1 2 3 4 5 7 7 8 9 0 1 2 3 4 0 6 7 9 5 0 1 2 3 1 7 5 1 8 9 0 4 2 3 4 5 5 5 2 9 0 1 8 3 4 6 6 7 8 8 0 7 8 3 4 6 6 8 8
#c 0 1 2 3 4 5 6 7 2 8 6 1 2 3 4 5 7 7 8 9 0 1 2 3 4 0 6 7 9 5 0 1 2 3 1 7 5 1 8 9 0 4 2 3 4 5 5 5 2 9 0 1 8 3 4 6 6 7 8 8 0 7 8 3 4 6 6 8 8
2 2 65 56 63 13
5 5 6 26 66 55 10 3 23 33 43 53
#c 0 1 2 3 4 5 6 7 2 8 6 1 2 3 4 5 7 7 8 9 0 1 2 3 4 0 6 7 9 5 0 1 2 3 1 7 5 1 8 9 0 4 2 3 4 5 5 5 2 9 0 1 8 3 4 6 6 7 8 8 0 7 8 3 4 6 6 8 8
2 2 57 17 30 60
5 5 7 27 61 35 16 0 20 40 50 25
#c 0 1 2 3 4 5 6 7 2 8 6 1 2 3 4 5 7 7 8 9 0 1 2 3 4 0 6 7 9 5 0 1 2 3 1 7 5 1 8 9 0 4 2 3 4 5 5 5 2 9 0 1 8 3 4 6 6 7 8 8 0 7 8 3 4 6 6 8 8
2 2 68 18 12 22
7 5 38 58 52 62 59 9 67 2 32 42 8 48
#c 0 1 2 3 4 5 6 7 2 8 6 1 2 3 4 5 7 7 8 9 0 1 2 3 4 0 6 7 9 5 0 1 2 3 1 7 5 1 8 9 0 4 2 3 4 5 5 5 2 9 0 1 8 3 4 6 6 7 8 8 0 7 8 3 4 6 6 8 8
1 1 19 0
3 6 39 49 28 20 30 40 50 60 25
#c 0 1 2 3 4 5 6 7 2 8 6 1 2 3 4 5 7 7 8 9 0 1 2 3 4 0 6 7 9 5 0 1 2 3 1 7 5 1 8 9 0 4 2 3 4 5 5 5 2 9 0 1 8 3 4 6 6 7 8 8 0 7 8 3 4 6 6 8 8
#c 0 1 2 3 4 5 6 7 2 8 6 1 2 3 4 5 7 7 8 9 0 1 2 3 4 0 6 7 9 5 0 1 2 3 1 7 5 1 8 9 0 4 2 3 4 5 5 5 2 9 0 1 8 3 4 6 6 7 8 8 0 7 8 3 4 6 6 8 8
1 1 31 0
6 6 1 11 21 51 37 34 20 30 40 50 60 25
#c 0 1 2 3 4 5 6 7 2 8 6 1 2 3 4 5 7 7 8 9 0 1 2 3 4 0 6 7 9 5 0 1 2 3 1 7 5 1 8 9 0 4 2 3 4 5 5 5 2 9 0 1 8 3 4 6 6 7 8 8 0 7 8 3 4 6 6 8 8
2 2 2 48 54 64
5 5 12 22 32 42 8 4 14 24 44 41
#c 0 1 2 3 4 5 6 7 2 8 6 1 2 3 4 5 7 7 8 9 0 1 2 3 4 0 6 7 9 5 0 1 2 3 1 7 5 1 8 9 0 4 2 3 4 5 5 5 2 9 0 1 8 3 4 6 6 7 8 8 0 7 8 3 4 6 6 8 8
2 2 13 33 22 12
5 5 3 23 43 53 63 2 32 42 8 48
#c 0 1 2 3 4 5 6 7 2 8 6 1 2 3 4 5 7 7 8 9 0 1 2 3 4 0 6 7 9 5 0 1 2 3 1 7 5 1 8 9 0 4 2 3 4 5 5 5 2 9 0 1 8 3 4 6 6 7 8 8 0 7 8 3 4 6 6 8 8
1 1 14 39
6 3 4 24 44 54 64 41 19 49 28
#c 0 1 2 3 4 5 6 7 2 8 6 1 2 3 4 5 7 7 8 9 0 1 2 3 4 0 6 7 9 5 0 1 2 3 1 7 5 1 8 9 0 4 2 3 4 5 5 5 2 9 0 1 8 3 4 6 6 7 8 8 0 7 8 3 4 6 6 8 8
2 2 15 47 32 22
5 5 5 45 36 46 29 2 12 42 8 48
#c 0 1 2 3 4 5 6 7 2 8 6 1 2 3 4 5 7 7 8 9 0 1 2 3 4 0 6 7 9 5 0 1 2 3 1 7 5 1 8 9 0 4 2 3 4 5 5 5 2 9 0 1 8 3 4 6 6 7 8 8 0 7 8 3 4 6 6 8 8
2 2 6 10 32 12
5 5 26 56 66 65 55 2 22 42 8 48
#c 0 1 2 3 4 5 6 7 2 8 6 1 2 3 4 5 7 7 8 9 0 1 2 3 4 0 6 7 9 5 0 1 2 3 1 7 5 1 8 9 0 4 2 3 4 5 5 5 2 9 0 1 8 3 4 6 6 7 8 8 0 7 8 3 4 6 6 8 8
2 2 27 17 50 40
5 5 7 57 61 35 16 0 20 30 60 25
#c 0 1 2 3 4 5 6 7 2 8 6 1 2 3 4 5 7 7 8 9 0 1 2 3 4 0 6 7 9 5 0 1 2 3 1 7 5 1 8 9 0 4 2 3 4 5 5 5 2 9 0 1 8 3 4 6 6 7 8 8 0 7 8 3 4 6 6 8 8
1 1 38 24
8 6 18 58 68 52 62 59 9 67 4 14 44 54 64 41
#c 0 1 2 3 4 5 6 7 2 8 6 1 2 3 4 5 7 7 8 9 0 1 2 3 4 0 6 7 9 5 0 1 2 3 1 7 5 1 8 9 0 4 2 3 4 5 5 5 2 9 0 1 8 3 4 6 6 7 8 8 0 7 8 3 4 6 6 8 8
2 2 49 28 33 13
2 5 19 39 3 23 43 53 63
#c 0 1 2 3 4 5 6 7 2 8 6 1 2 3 4 5 7 7 8 9 0 1 2 3 4 0 6 7 9 5 0 1 2 3 1 7 5 1 8 9 0 4 2 3 4 5 5 5 2 9 0 1 8 3 4 6 6 7 8 8 0 7 8 3 4 6 6 8 8
2 2 30 0 12 22
5 5 20 40 50 60 25 2 32 42 8 48
#c 0 1 2 3 4 5 6 7 2 8 6 1 2 3 4 5 7 7 8 9 0 1 2 3 4 0 6 7 9 5 0 1 2 3 1 7 5 1 8 9 0 4 2 3 4 5 5 5 2 9 0 1 8 3 4 6 6 7 8 8 0 7 8 3 4 6 6 8 8
#c 0 1 2 3 4 5 6 7 2 8 6 1 2 3 4 5 7 7 8 9 0 1 2 3 4 0 6 7 9 5 0 1 2 3 1 7 5 1 8 9 0 4 2 3 4 5 5 5 2 9 0 1 8 3 4 6 6 7 8 8 0 7 8 3 4 6 6 8 8
3 1 42 22 12 45
4 6 2 32 8 48 5 15 47 36 46 29
#c 0 1 2 3 4 5 6 7 2 8 6 1 2 3 4 5 7 7 8 9 0 1 2 3 4 0 6 7 9 5 0 1 2 3 1 7 5 1 8 9 0 4 2 3 4 5 5 5 2 9 0 1 8 3 4 6 6 7 8 8 0 7 8 3 4 6 6 8 8
1 1 53 42
6 6 3 13 23 33 43 63 2 12 22 32 8 48
#c 0 1 2 3 4 5 6 7 2 8 6 1 2 3 4 5 7 7 8 9 0 1 2 3 4 0 6 7 9 5 0 1 2 3 1 7 5 1 8 9 0 4 2 3 4 5 5 5 2 9 0 1 8 3 4 6 6 7 8 8 0 7 8 3 4 6 6 8 8
2 2 14 54 48 12
5 5 4 24 44 64 41 2 22 32 42 8
#c 0 1 2 3 4 5 6 7 2 8 6 1 4 3 2 5 7 7 8 9 0 1 2 3 4 0 6 7 9 5 0 1 2 3 1 7 5 1 8 9 0 4 2 3 4 5 5 5 4 9 0 1 8 3 2 6 6 7 8 8 0 7 8 3 4 6 6 8 8
2 2 15 45 33 3
5 5 5 47 36 46 29 13 23 43 53 63
#c 0 1 2 3 4 5 6 7 2 8 6 1 4 3 2 5 7 7 8 9 0 1 2 3 4 0 6 7 9 5 0 1 2 3 1 7 5 1 8 9 0 4 2 3 4 5 5 5 4 9 0 1 8 3 2 6 6 7 8 8 0 7 8 3 4 6 6 8 8
2 2 65 10 44 12
5 5 6 26 56 66 55 4 24 64 41 48
#c 0 1 2 3 4 5 6 7 2 8 6 1 4 3 2 5 7 7 8 9 0 1 2 3 4 0 6 7 9 5 0 1 2 3 1 7 5 1 8 9 0 4 2 3 4 5 5 5 4 9 0 1 8 3 2 6 6 7 8 8 0 7 8 3 4 6 6 8 8
3 3 27 35 7 51 11 21
4 4 17 57 61 16 1 31 37 34
#c 0 1 2 3 4 5 6 7 2 8 6 1 4 3 2 5 7 7 8 9 0 1 2 3 4 0 6 7 9 5 0 1 2 3 1 7 5 1 8 9 0 4 2 3 4 5 5 5 4 9 0 1 8 3 2 6 6 7 8 8 0 7 8 3 4 6 6 8 8
4 4 62 38 68 59 56 65 26 10
5 3 18 58 52 9 67 6 66 55
#c 0 1 2 3 4 5 6 7 2 8 8 1 4 3 2 5 7 7 8 9 0 1 2 3 4 0 8 7 9 5 0 1 2 3 1 7 5 1 6 9 0 4 2 3 4 5 5 5 4 9 0 1 8 3 2 6 8 7 8 6 0 7 6 3 4 8 6 8 6
1 1 39 66
3 6 19 49 28 6 55 62 38 68 59
#c 0 1 2 3 4 5 6 7 2 8 8 1 4 3 2 5 7 7 8 9 0 1 2 3 4 0 8 7 9 5 0 1 2 3 1 7 5 1 6 6 0 4 2 3 4 5 5 5 4 9 0 1 8 3 2 6 8 7 8 6 0 7 6 3 4 8 9 8 6
2 2 30 60 6 38
5 5 0 20 40 50 25 55 62 68 59 39
#c 0 1 2 3 4 5 6 7 2 8 8 1 4 3 2 5 7 7 8 9 0 1 2 3 4 0 8 7 9 5 0 1 2 3 1 7 5 1 6 6 0 4 2 3 4 5 5 5 4 9 0 1 8 3 2 6 8 7 8 6 0 7 6 3 4 8 9 8 6
#c 0 1 2 3 4 5 6 7 2 8 8 1 4 3 2 5 7 7 8 9 0 1 2 3 4 0 8 7 9 5 0 1 2 3 1 7 5 1 6 6 0 4 2 3 4 5 5 5 4 9 0 1 8 3 2 6 8 7 8 6 0 7 6 3 4 8 9 8 6
3 1 54 8 22 55
4 6 2 32 42 14 6 62 38 68 59 39
#c 0 1 2 3 4 5 6 7 2 8 8 1 4 3 2 5 7 7 8 9 0 1 2 3 4 0 8 7 9 5 0 1 2 3 1 7 5 1 6 6 0 4 2 3 4 5 5 5 4 9 0 1 8 3 2 6 8 7 8 6 0 7 6 3 4 8 9 8 6
2 2 63 53 29 15
5 5 3 13 23 33 43 5 45 47 36 46
#c 0 1 2 3 4 5 6 7 2 8 8 1 4 3 2 5 7 7 8 9 0 1 2 3 4 0 8 7 9 5 0 1 2 3 1 7 5 1 6 6 0 4 2 3 4 5 5 5 4 9 0 1 8 3 2 6 8 7 8 6 0 7 6 3 4 8 9 8 6
1 1 48 13
6 6 4 24 44 64 41 12 3 23 33 43 53 63
#c 0 1 2 3 4 5 6 7 2 8 8 1 4 3 2 5 7 7 8 9 0 1 2 3 4 0 8 7 9 5 0 1 2 3 1 7 5 1 6 6 0 4 2 3 4 5 5 5 4 9 0 1 8 3 2 6 8 7 8 6 0 7 6 3 4 8 9 8 6
3 3 45 36 15 4 12 48
4 4 5 47 46 29 24 44 64 41
#c 0 1 2 3 5 5 6 7 2 8 8 1 5 3 2 4 7 7 8 9 0 1 2 3 4 0 8 7 9 5 0 1 2 3 1 7 4 1 6 6 0 4 2 3 4 4 5 5 5 9 0 1 8 3 2 6 8 7 8 6 0 7 6 3 4 8 9 8 6
2 2 59 38 0 50
5 5 6 55 62 68 39 20 30 40 60 25
#c 0 1 2 3 5 5 6 7 2 8 8 1 5 3 2 4 7 7 8 9 0 1 2 3 4 0 8 7 9 5 0 1 2 3 1 7 4 1 6 6 0 4 2 3 4 4 5 5 5 9 0 1 8 3 2 6 8 7 8 6 0 7 6 3 4 8 9 8 6
1 1 16 55
6 6 7 17 27 57 61 35 6 62 38 68 59 39
#c 0 1 2 3 5 5 6 7 2 8 8 1 5 3 2 4 7 7 8 9 0 1 2 3 4 0 8 7 9 5 0 1 2 3 1 7 4 1 6 6 0 4 2 3 4 4 5 5 5 9 0 1 8 3 2 6 8 7 8 6 0 7 6 3 4 8 9 8 6
2 2 52 65 16 61
7 5 18 58 9 67 56 26 10 7 17 27 57 35
#c 0 1 2 3 5 5 6 7 2 8 8 1 5 3 2 4 8 7 8 9 0 1 2 3 4 0 8 7 9 5 0 1 2 3 1 7 4 1 6 6 0 4 2 3 4 4 5 5 5 9 0 1 7 3 2 6 8 7 8 6 0 8 6 3 4 7 9 8 6
2 1 28 19 58
2 8 49 66 18 9 67 56 26 10 16 61
#c 0 1 2 3 5 5 6 7 2 8 8 1 5 3 2 4 8 7 8 9 0 1 2 3 4 0 8 7 9 5 0 1 2 3 1 7 4 1 6 6 0 4 2 3 4 4 5 5 5 9 0 1 7 3 2 6 8 7 8 6 0 8 6 3 4 7 9 8 6
#c 0 1 2 3 5 5 6 7 2 8 8 1 5 3 2 4 8 7 8 9 0 1 2 3 4 0 8 7 9 5 0 1 2 3 1 7 4 1 6 6 0 4 2 3 4 4 5 5 5 9 0 1 7 3 2 6 8 7 8 6 0 8 6 3 4 7 9 8 6
2 2 51 11 43 63
5 5 1 21 31 37 34 3 13 23 33 53
#c 0 1 2 3 5 5 6 7 2 8 8 3 5 3 2 4 8 7 8 9 0 1 2 3 4 0 8 7 9 5 0 1 2 3 1 7 4 1 6 6 0 4 2 1 4 4 5 5 5 9 0 3 7 3 2 6 8 7 8 6 0 8 6 1 4 7 9 8 6
3 3 32 2 54 47 5 29
4 4 22 42 8 14 46 4 12 48
#c 0 1 2 3 5 5 6 7 2 8 8 3 5 3 2 4 8 7 8 9 0 1 2 3 4 0 8 7 9 5 0 1 2 3 1 7 4 1 6 6 0 4 2 1 4 4 5 5 5 9 0 3 7 3 2 6 8 7 8 6 0 8 6 1 4 7 9 8 6
#c 0 1 2 3 5 5 6 7 2 8 8 3 5 3 2 4 8 7 8 9 0 1 2 3 4 0 8 7 9 5 0 1 2 3 1 7 4 1 6 6 0 4 2 1 4 4 5 5 5 9 0 3 7 3 2 6 8 7 8 6 0 8 6 1 4 7 9 8 6
3 3 41 15 36 34 21 63
4 4 24 44 64 45 1 31 37 43
#c 0 1 2 3 5 5 6 7 2 8 8 3 5 3 2 4 8 7 8 9 0 1 2 3 4 0 8 7 9 5 0 1 2 3 1 7 4 1 6 6 0 4 2 1 4 4 5 5 5 9 0 3 7 3 2 6 8 7 8 6 0 8 6 1 4 7 9 8 6
1 1 46 42
6 6 5 47 29 4 12 48 2 22 32 8 14 54
#c 0 1 2 3 5 5 6 7 2 8 8 3 5 3 2 4 8 7 8 9 0 1 2 3 4 0 8 7 9 5 0 1 2 3 1 7 4 1 6 6 0 4 2 1 4 4 5 5 5 9 0 3 7 3 2 6 8 7 8 6 0 8 6 1 4 7 9 8 6
2 1 68 59 51
5 6 6 55 62 38 39 3 13 23 33 53 11
#c 0 1 2 3 5 5 6 7 2 8 8 3 5 3 2 4 8 7 8 9 0 1 2 3 4 0 8 7 9 5 0 1 2 3 1 7 4 1 6 6 0 4 2 1 4 4 5 5 5 9 0 3 7 3 2 6 8 7 8 6 0 8 6 1 4 7 9 8 6
#c 0 1 2 3 5 5 6 7 2 8 8 3 5 3 2 4 8 7 8 9 0 1 2 3 4 0 8 7 9 5 0 1 2 3 1 7 4 1 6 6 0 4 2 1 4 4 5 5 5 9 0 3 7 3 2 6 8 7 8 6 0 8 6 1 4 7 9 8 6
4 4 18 58 61 67 4 47 29 48
5 3 9 56 26 10 16 5 46 12
#c 0 1 2 3 5 5 6 7 2 8 8 3 5 3 2 4 8 7 8 9 0 1 2 3 4 0 8 7 9 5 0 1 2 3 1 7 4 1 6 6 0 4 2 1 4 4 5 5 5 9 0 3 7 3 2 6 8 7 8 6 0 8 6 1 4 7 9 8 6
2 2 28 19 67 16
2 7 49 66 18 58 9 56 26 10 61
#c 0 1 2 3 5 5 6 7 2 8 8 3 5 3 2 4 8 7 8 9 0 1 2 3 4 0 8 7 9 5 0 1 2 3 1 7 4 1 6 6 0 4 2 1 4 4 5 5 5 9 0 3 7 3 2 6 8 7 8 6 0 8 6 1 4 7 9 8 6
1 1 20 62
6 6 0 30 40 50 60 25 6 55 38 68 59 39
#c 0 1 2 3 5 5 6 7 2 8 8 3 5 3 2 4 8 7 8 9 6 1 2 3 4 0 8 7 9 5 0 1 2 3 1 7 4 1 6 6 0 4 2 1 4 4 5 5 5 9 0 3 7 3 2 6 8 7 8 6 0 8 0 1 4 7 9 8 6
1 1 43 47
6 6 1 21 31 37 34 63 5 46 29 4 12 48
#c 0 1 2 3 5 5 6 7 2 8 8 3 5 3 2 4 8 7 8 9 6 1 2 3 4 0 8 7 9 5 0 1 2 3 1 7 4 1 6 6 0 4 2 1 4 4 5 5 5 9 0 3 7 3 2 6 8 7 8 6 0 8 0 1 4 7 9 8 6
1 1 14 56
6 8 2 22 32 42 8 54 18 58 9 67 26 10 16 61
#c 0 1 2 3 5 5 6 7 2 8 8 3 5 3 2 4 8 7 8 9 6 1 2 3 4 0 8 7 9 5 0 1 2 3 1 7 4 1 6 6 0 4 2 1 4 4 5 5 5 9 0 3 7 3 2 6 8 7 8 6 0 8 0 1 4 7 9 8 6
2 2 13 11 66 28
5 2 3 23 33 53 51 19 49
#c 0 1 2 3 5 5 6 7 2 8 8 3 5 3 2 4 8 7 8 9 6 1 2 3 4 0 8 7 9 5 0 1 2 3 1 7 4 1 6 6 0 4 2 1 4 4 5 5 5 9 0 3 7 3 2 6 8 7 8 6 0 8 0 1 4 7 9 8 6
3 3 44 64 36 31 43 34
4 4 24 41 45 15 1 21 37 63
#c 0 1 2 3 5 5 6 7 2 8 8 3 5 3 2 4 8 7 8 9 6 1 2 3 4 0 8 7 9 5 0 1 2 3 1 7 4 1 6 6 0 4 2 1 4 4 5 5 5 9 0 3 7 3 2 6 8 7 8 6 0 8 0 1 4 7 9 8 6
1 1 29 8
6 6 5 47 46 4 12 48 2 22 32 42 14 54
#c 0 1 2 3 5 5 6 7 2 8 8 3 5 3 2 4 8 7 8 9 6 1 2 3 4 0 8 7 9 5 0 1 2 3 1 7 4 1 6 6 0 4 2 1 4 4 5 5 5 9 0 3 7 3 2 6 8 7 8 6 0 8 0 1 4 7 9 8 6
3 3 55 39 38 17 65 27
4 4 6 68 59 20 7 57 35 52
#c 0 1 2 3 5 5 6 7 2 8 8 3 5 3 2 4 8 7 8 9 6 1 2 3 4 0 8 7 9 5 0 1 2 3 1 7 4 1 6 6 0 4 2 1 4 4 5 5 5 9 0 3 7 3 2 6 8 7 8 6 0 8 0 1 4 7 9 8 6
1 1 7 40
6 6 17 27 57 35 52 65 0 30 50 60 25 62
#c 0 1 2 3 5 5 6 7 2 8 8 3 5 3 2 4 8 7 8 9 6 1 2 3 4 0 8 7 9 5 0 1 2 3 1 7 4 1 6 6 0 4 2 1 4 4 5 5 5 9 0 3 7 3 2 6 8 7 8 6 0 8 0 1 4 7 9 8 6
1 1 67 4
8 6 18 58 9 56 26 10 16 61 5 47 46 29 12 48
#c 0 1 2 3 5 5 6 7 2 8 8 3 5 3 2 4 8 7 8 9 6 1 2 3 4 0 8 7 9 5 0 1 2 3 1 7 4 1 6 6 0 4 2 1 4 4 5 5 5 9 0 3 7 3 2 6 8 7 8 6 0 8 0 1 4 7 9 8 6
2 2 19 49 63 31
2 5 28 66 1 21 37 34 43
#c 0 1 2 3 5 5 6 7 2 8 8 3 5 3 2 4 8 7 8 9 6 1 2 3 4 0 8 7 9 5 0 1 2 3 1 7 4 1 6 6 0 4 2 1 4 4 5 5 5 9 0 3 7 3 2 6 8 7 8 6 0 8 0 1 4 7 9 8 6
1 1 60 63
6 6 0 30 40 50 25 62 1 21 31 37 34 43
#c 0 1 2 3 5 5 6 7 2 8 8 3 5 3 2 4 8 7 8 9 6 1 2 3 4 0 8 7 9 5 0 1 2 3 1 7 4 1 6 6 0 4 2 1 4 4 5 5 5 9 0 3 7 3 2 6 8 7 8 6 0 8 0 1 4 7 9 8 6
3 3 1 34 37 47 29 48
4 4 21 31 43 63 5 46 4 12
#c 0 1 2 3 5 5 6 7 2 8 8 3 5 3 2 4 8 7 8 9 6 1 2 3 4 0 8 7 9 5 0 1 2 3 1 7 4 1 6 6 0 4 2 1 4 4 5 5 5 9 0 3 7 3 2 6 8 7 8 6 0 8 0 1 4 7 9 8 6
2 2 14 42 19 28
5 2 2 22 32 8 54 49 66
#c 0 1 2 3 5 5 6 7 2 8 8 3 5 3 2 4 8 7 8 9 6 1 2 3 4 0 8 7 9 5 0 1 2 3 1 7 4 1 6 6 0 4 2 1 4 4 5 5 5 9 0 3 7 3 2 6 8 7 8 6 0 8 0 1 4 7 9 8 6
3 3 11 23 51 26 56 61
4 6 3 13 33 53 18 58 9 67 10 16
#c 0 1 2 3 5 5 6 7 2 8 8 8 5 3 2 4 8 7 8 9 6 1 2 8 4 0 3 7 9 5 0 1 2 3 1 7 4 1 6 6 0 4 2 1 4 4 5 5 5 9 0 8 7 3 2 6 3 7 8 6 0 3 0 1 4 7 9 8 6
1 3 24 33 56 26
6 4 44 64 41 45 36 15 3 13 53 61
#c 0 1 2 3 5 5 6 7 2 8 8 8 5 3 2 4 8 7 8 9 6 1 2 8 3 0 4 7 9 5 0 1 2 4 1 7 4 1 6 6 0 4 2 1 4 4 5 5 5 9 0 8 7 3 2 6 4 7 8 6 0 3 0 1 4 7 9 8 6
2 2 5 4 38 20
5 5 47 46 29 12 48 6 55 68 59 39
#c 0 1 2 3 5 5 6 7 2 8 8 8 5 3 2 4 8 7 8 9 6 1 2 8 3 0 4 7 9 5 0 1 2 4 1 7 4 1 6 6 0 4 2 1 4 4 5 5 5 9 0 8 7 3 2 6 4 7 8 6 0 3 0 1 4 7 9 8 6
1 1 68 60
6 6 6 55 38 59 39 20 0 30 40 50 25 62
#c 0 1 2 3 5 5 6 7 2 8 8 8 5 3 2 4 8 7 8 9 6 1 2 8 3 0 4 7 9 5 0 1 2 4 1 7 4 1 6 6 0 4 2 1 4 4 5 5 5 9 0 8 7 3 2 6 4 7 8 6 0 3 0 1 4 7 9 8 6
3 3 35 17 27 4 29 5
4 4 7 57 52 65 47 46 12 48
#c 0 1 2 3 7 7 6 7 2 8 8 8 5 3 2 4 8 5 8 9 6 1 2 8 3 0 4 5 9 7 0 1 2 4 1 5 4 1 6 6 0 4 2 1 4 4 5 5 5 9 0 8 7 3 2 6 4 7 8 6 0 3 0 1 4 7 9 8 6
1 1 16 4
8 6 18 58 9 67 10 11 23 51 7 57 52 65 29 5
#c 0 1 2 3 8 7 6 7 2 8 8 8 5 3 2 4 7 5 8 9 6 1 2 8 3 0 4 5 9 7 0 1 2 4 1 5 4 1 6 6 0 4 2 1 4 4 5 5 5 9 0 8 7 3 2 6 4 7 8 6 0 3 0 1 4 7 9 8 6
2 2 49 28 34 21
2 5 19 66 1 31 37 43 63
#c 0 1 2 3 8 7 6 7 2 8 8 8 5 3 2 4 7 5 8 9 6 9 2 8 3 0 4 5 1 7 0 1 2 4 9 5 4 1 6 6 0 4 2 1 4 4 5 5 5 1 0 8 7 3 2 6 4 7 8 6 0 3 0 1 4 7 9 8 6
1 1 50 15
6 8 0 30 40 60 25 62 44 64 41 45 36 33 56 26
#c 0 1 2 3 8 7 6 7 2 8 8 8 5 3 2 4 7 5 8 9 6 9 2 8 3 0 4 5 1 7 0 1 2 4 9 5 4 1 6 6 0 4 2 1 4 4 5 5 5 1 0 8 7 3 2 6 4 7 8 6 0 3 0 1 4 7 9 8 6
#c 0 1 2 3 8 7 6 7 2 8 8 8 5 3 2 4 7 5 8 9 6 9 2 8 3 0 4 5 1 7 0 1 2 4 9 5 4 1 6 6 0 4 2 1 4 4 5 5 5 1 0 8 7 3 2 6 4 7 8 6 0 3 0 1 4 7 9 8 6
1 1 54 13
6 4 2 22 32 42 8 14 3 53 61 24
#c 0 1 2 3 8 7 6 7 2 8 8 8 5 3 2 4 7 5 8 9 6 9 2 8 3 0 4 5 1 7 0 1 2 4 9 5 4 1 6 6 0 4 2 1 4 4 5 5 5 1 0 8 7 3 2 6 4 7 8 6 0 3 0 1 4 7 9 8 6
1 1 3 12
4 6 13 53 61 24 47 46 48 35 17 27
#c 0 1 2 3 8 7 6 7 2 8 8 8 5 3 2 4 7 5 8 9 6 9 2 8 3 0 4 5 1 7 0 1 2 4 9 5 4 1 6 6 0 4 2 1 4 4 5 5 5 1 0 8 7 3 2 6 4 7 8 6 0 3 0 1 4 7 9 8 6
3 3 15 26 44 31 63 28
6 4 64 41 45 36 33 56 1 37 43 49
#c 0 1 2 3 8 7 6 7 2 8 8 8 5 3 2 4 7 5 8 9 6 9 2 8 3 0 4 5 1 7 0 1 2 4 9 5 4 1 6 6 0 4 2 1 4 4 5 5 5 1 0 8 7 3 2 6 4 7 8 6 0 3 0 1 4 7 9 8 6
1 1 47 54
6 6 46 12 48 35 17 27 2 22 32 42 8 14
#c 0 1 2 3 8 7 6 7 2 8 8 8 5 3 2 4 7 5 8 9 6 9 2 8 3 0 4 5 1 7 0 1 2 4 9 5 4 1 6 6 0 4 2 1 4 4 5 5 5 1 0 8 7 3 2 6 4 7 8 6 0 3 0 1 4 7 9 8 6
2 2 39 55 12 48
5 5 6 38 68 59 20 47 46 35 17 27
#c 0 1 2 3 8 7 6 7 2 8 8 8 5 3 2 4 7 5 8 9 6 9 2 8 3 0 4 5 1 7 0 1 2 4 9 5 4 1 6 6 0 4 2 1 4 4 5 5 5 1 0 8 7 3 2 6 4 7 8 6 0 3 0 1 4 7 9 8 6
2 2 5 7 66 21
5 2 57 52 65 29 16 19 34
#c 0 1 2 3 8 7 6 7 2 8 8 8 5 3 2 4 7 5 8 9 6 9 2 8 3 0 4 5 1 7 0 1 2 4 9 5 4 1 6 6 0 4 2 1 4 4 5 5 5 1 0 8 7 3 2 6 4 7 8 6 0 3 0 1 4 7 9 8 6
3 2 10 11 58 20 68
6 5 18 9 67 23 51 4 6 55 38 59 39
#c 0 1 2 3 8 7 6 7 2 8 6 6 5 3 2 4 7 5 8 9 8 9 2 8 3 0 4 5 1 7 0 1 2 4 9 5 4 1 6 6 0 4 2 1 4 4 5 5 5 1 0 8 7 3 2 6 4 7 6 6 0 3 0 1 4 7 9 8 8
3 8 19 66 21 44 64 45 36 15 33 56 26
#c 0 1 2 3 8 7 6 7 2 8 6 6 5 3 2 4 7 5 8 9 8 9 2 8 3 0 4 5 1 7 0 1 2 4 4 5 4 1 6 6 0 9 2 1 4 4 5 5 5 1 0 8 7 3 2 6 4 7 6 6 0 3 0 1 4 7 9 8 8
2 2 50 25 45 56
5 7 0 30 40 60 62 44 64 36 15 33 26 34
#c 0 1 2 3 8 7 6 7 2 8 6 6 5 3 2 4 7 5 8 9 8 9 2 8 3 0 4 5 1 7 0 1 2 4 4 5 4 1 6 6 0 9 2 1 4 4 5 5 5 1 0 8 7 3 2 6 4 7 6 6 0 3 0 1 4 7 9 8 8
3 4 37 1 49 34 15 36 44
4 5 31 43 63 28 64 45 33 56 26
#c 0 1 2 3 8 7 6 7 2 8 6 6 5 3 2 4 7 5 8 9 8 9 2 8 3 0 4 5 1 7 0 1 2 4 4 5 4 1 6 6 0 9 2 1 4 4 5 5 5 1 0 8 7 3 2 6 4 7 6 6 0 3 0 1 4 7 9 8 8
1 1 14 68
6 7 2 22 32 42 8 54 18 9 67 23 51 4 20
#c 0 1 2 3 8 7 6 7 2 8 6 6 5 3 2 4 7 5 8 9 8 9 2 8 3 0 4 5 1 7 0 1 2 4 4 5 4 1 6 6 0 9 2 1 4 4 5 5 5 1 0 8 7 3 2 6 4 7 6 6 0 3 0 1 4 7 9 8 8
1 1 53 68
4 7 3 13 61 24 18 9 67 23 51 4 20
#c 0 1 2 3 8 7 6 7 2 8 6 6 5 3 2 4 7 5 8 9 8 9 2 8 3 0 4 5 1 7 0 1 2 4 4 5 4 1 6 6 0 9 2 1 4 4 5 5 5 1 0 8 7 3 2 6 4 7 6 6 0 3 0 1 4 7 9 8 8
3 3 45 34 36 61 24 3
6 2 44 64 15 33 56 26 13 53
#c 0 1 2 4 8 7 6 7 2 8 6 6 5 3 2 4 7 5 8 9 8 9 2 8 4 0 4 5 1 7 0 1 2 4 3 5 3 1 6 6 0 9 2 1 4 3 5 5 5 1 0 8 7 3 2 6 4 7 6 6 0 4 0 1 4 7 9 8 8
3 4 17 35 47 14 8 32 54
4 3 46 12 48 27 2 22 42
#c 0 1 2 4 8 7 6 7 5 8 6 6 5 3 5 4 7 2 8 9 8 9 2 8 4 0 4 5 1 7 0 1 5 4 3 2 3 1 6 6 0 9 2 1 4 3 5 2 5 1 0 8 7 3 5 6 4 7 6 6 0 4 0 1 4 7 9 8 8
#c 0 1 2 4 8 7 6 7 5 8 6 6 5 3 5 4 7 2 8 9 8 9 2 8 4 0 4 5 1 7 0 1 5 4 3 2 3 1 6 6 0 9 2 1 4 3 5 2 5 1 0 8 7 3 5 6 4 7 6 6 0 4 0 1 4 7 9 8 8
2 2 7 65 35 2
5 4 57 52 29 5 16 22 42 17 47
#c 0 1 2 4 8 7 6 7 5 8 6 6 5 3 5 4 7 2 8 9 8 9 2 8 4 0 4 5 1 7 0 1 5 4 3 2 3 1 6 6 0 9 2 1 4 3 5 2 5 1 0 8 7 3 5 6 4 7 6 6 0 4 0 1 4 7 9 8 8
4 4 67 4 51 9 39 6 10 58
4 4 18 23 20 68 55 38 59 11
#c 0 1 2 4 8 7 6 7 5 8 6 6 5 3 5 4 7 2 8 9 8 9 2 8 4 0 4 5 1 7 0 1 5 4 3 2 3 1 6 6 0 9 2 1 4 3 5 2 5 1 0 8 7 3 5 6 4 7 6 6 0 4 0 1 4 7 9 8 8
#c 0 1 2 4 8 7 6 7 5 8 6 6 5 3 5 4 7 2 8 9 8 9 2 8 4 0 4 5 1 7 0 1 5 4 3 2 3 1 6 6 0 9 2 1 4 3 5 2 5 1 0 8 7 3 5 6 4 7 6 6 0 4 0 1 4 7 9 8 8
1 1 30 4
6 7 0 40 50 60 25 62 18 9 67 23 51 20 68
#c 0 1 2 4 0 7 6 7 5 8 6 6 5 3 5 4 7 2 8 9 8 9 2 8 4 0 4 5 1 7 8 1 5 4 3 2 3 1 6 6 0 9 2 1 4 3 5 2 5 1 0 8 7 3 5 6 4 7 6 6 0 4 0 1 4 7 9 8 8
#c 0 1 2 4 0 7 6 7 5 8 6 6 5 3 5 4 7 2 8 9 8 9 2 8 4 0 4 5 1 7 8 1 5 4 3 2 3 1 6 6 0 9 2 1 4 3 5 2 5 1 0 8 7 3 5 6 4 7 6 6 0 4 0 1 4 7 9 8 8
2 2 42 22 45 53
4 3 2 17 35 47 13 34 36
#c 0 1 2 4 0 7 6 7 5 8 6 6 5 3 5 4 7 2 8 9 8 9 2 8 4 0 4 5 1 7 8 1 5 4 3 2 3 1 6 6 0 9 2 1 4 3 5 2 5 1 0 8 7 3 5 6 4 7 6 6 0 4 0 1 4 7 9 8 8
#c 0 1 2 4 0 7 6 7 5 8 6 6 5 3 5 4 7 2 8 9 8 9 2 8 4 0 4 5 1 7 8 1 5 4 3 2 3 1 6 6 0 9 2 1 4 3 5 2 5 1 0 8 7 3 5 6 4 7 6 6 0 4 0 1 4 7 9 8 8
4 4 15 44 26 56 60 50 40 25
5 3 64 33 61 24 3 0 62 4
#c 0 1 2 4 0 7 6 7 5 8 6 6 5 3 5 4 7 2 8 9 8 9 2 8 4 0 4 5 1 7 8 1 5 4 3 2 3 1 6 6 0 9 2 1 4 3 5 2 5 1 0 8 7 3 5 6 4 7 6 6 0 4 0 1 4 7 9 8 8
#c 0 1 2 4 0 7 6 7 5 8 6 6 5 3 5 4 7 2 8 9 8 9 2 8 4 0 4 5 1 7 8 1 5 4 3 2 3 1 6 6 0 9 2 1 4 3 5 2 5 1 0 8 7 3 5 6 4 7 6 6 0 4 0 1 4 7 9 8 8
1 2 38 41 21
7 2 6 55 59 39 10 11 58 19 66
#c 0 1 2 4 0 7 6 7 5 8 6 6 5 3 5 4 7 2 8 9 8 9 2 8 4 0 4 5 1 7 8 1 5 4 3 2 3 1 6 6 0 9 2 1 4 3 5 2 5 1 0 8 7 3 5 6 4 7 6 6 0 4 0 1 4 7 9 8 8
3 3 57 52 16 48 32 14
4 5 7 65 29 5 46 12 27 8 54
#c 0 1 2 4 0 7 6 7 5 8 6 6 5 3 5 4 7 2 8 9 8 9 2 8 4 0 4 5 1 7 8 1 5 4 3 2 3 1 6 6 0 9 2 1 4 3 5 2 5 1 0 8 7 3 5 6 4 7 6 6 0 4 0 1 4 7 9 8 8
1 1 20 21
7 3 18 9 67 23 51 68 30 19 66 41
#c 0 1 2 4 0 7 6 7 5 8 6 6 5 3 5 4 7 2 8 9 8 9 2 8 4 0 4 5 1 7 8 1 5 4 3 2 3 1 6 6 0 9 2 1 4 3 5 2 5 1 0 8 7 3 5 6 4 7 6 6 0 4 0 1 4 7 9 8 8
2 2 21 19 65 5
2 5 66 41 7 57 52 29 16
#c 0 1 2 4 0 7 6 7 5 8 6 6 5 3 5 4 7 2 8 9 8 9 2 8 4 0 4 5 1 7 8 1 5 4 3 2 3 1 6 6 0 9 2 1 4 3 5 2 5 1 0 8 7 3 5 6 4 7 6 6 0 4 0 1 4 7 9 8 8
3 3 0 4 25 34 53 36
4 2 40 50 60 62 13 45
#c 0 1 2 4 0 7 6 7 5 8 6 6 5 3 5 4 7 2 8 9 8 9 2 8 4 0 4 5 1 7 8 1 5 4 3 2 3 1 6 6 0 9 2 1 4 3 5 2 5 1 0 8 7 3 5 6 4 7 6 6 0 4 0 1 4 7 9 8 8
3 3 1 37 31 6 55 59
4 5 43 63 49 28 38 39 10 11 58
#c 0 1 2 4 0 7 6 7 5 8 6 6 5 3 5 4 7 2 8 9 8 9 2 8 4 0 4 5 1 7 8 1 5 4 3 2 3 1 6 6 0 9 2 1 4 3 5 2 5 1 0 8 7 3 5 6 4 7 6 6 0 4 0 1 4 7 9 8 8
#c 0 1 2 4 0 7 6 7 5 8 6 6 5 3 5 4 7 2 8 9 8 9 2 8 4 0 4 5 1 7 8 1 5 4 3 2 3 1 6 6 0 9 2 1 4 3 5 2 5 1 0 8 7 3 5 6 4 7 6 6 0 4 0 1 4 7 9 8 8
1 2 34 67 51
4 6 13 53 45 36 18 9 23 20 68 30
#c 0 1 2 4 0 7 6 7 5 8 6 6 5 3 5 4 7 2 8 9 8 9 2 8 4 0 4 5 1 7 8 1 5 4 8 2 3 1 6 6 0 9 2 1 4 3 5 2 5 1 0 3 7 3 5 6 4 7 6 6 0 4 0 1 4 7 9 3 8
4 5 44 15 26 64 6 55 58 10 59
5 3 33 56 61 24 3 38 39 11
#c 0 1 2 4 0 7 6 7 5 8 6 6 5 3 5 4 7 2 8 9 8 9 2 8 4 0 4 5 1 7 8 1 5 4 8 2 3 1 6 6 0 9 2 1 4 3 5 2 5 1 0 3 7 3 5 6 4 7 6 6 0 4 0 1 4 7 9 3 8
3 3 27 14 54 17 47 35
5 3 46 12 48 8 32 2 22 42
#c 0 1 2 4 0 7 6 7 5 8 6 6 5 3 5 4 7 2 8 9 8 9 2 8 4 0 4 5 1 7 8 1 5 4 8 2 3 1 6 6 0 9 2 1 4 3 5 2 5 1 0 3 7 3 5 6 4 7 6 6 0 4 0 1 4 7 9 3 8
4 3 6 59 10 39 26 24 61
4 6 55 38 11 58 44 64 15 33 56 3
#c 0 1 2 4 0 7 4 7 5 8 4 6 5 3 5 4 7 2 8 9 8 9 2 8 6 0 6 5 1 7 8 1 5 4 8 2 3 1 6 4 0 9 2 1 4 3 5 2 5 1 0 3 7 3 5 6 4 7 6 4 0 6 0 1 4 7 9 3 8
3 3 29 7 57 19 41 21
4 1 52 65 5 16 66
#c 0 1 2 4 0 7 4 7 5 8 4 6 5 3 5 4 7 2 8 9 8 9 2 8 6 0 6 5 1 7 8 1 5 4 8 2 3 1 6 4 0 9 2 1 4 3 5 2 5 1 0 3 7 3 5 6 4 7 6 4 0 6 0 1 4 7 9 3 8
1 1 30 16
6 6 18 9 23 20 68 34 7 57 52 65 29 5
#c 0 1 2 4 0 7 4 7 5 8 4 6 5 3 5 4 7 2 8 9 8 9 2 8 6 0 6 5 1 7 8 1 5 4 8 2 3 1 6 4 0 9 2 1 4 3 5 2 5 1 0 3 7 3 5 6 4 7 6 4 0 6 0 1 4 7 9 3 8
1 2 66 61 55
3 5 19 21 41 38 11 58 26 24
#c 0 1 2 4 0 7 4 7 5 8 4 6 5 3 5 4 7 2 8 9 8 9 2 8 6 0 6 5 1 7 8 1 5 4 8 2 3 1 6 4 0 9 2 1 4 3 5 2 5 1 0 3 7 3 5 6 4 7 6 4 0 6 0 1 4 7 9 3 8
1 1 62 66
6 3 0 40 50 60 25 4 19 21 41
#c 0 1 2 4 0 7 4 7 5 8 4 6 5 3 5 4 7 2 8 9 8 9 2 8 6 0 6 5 1 7 8 1 5 4 8 2 3 1 6 4 0 9 2 1 4 3 5 2 5 1 0 3 7 3 5 6 4 7 6 4 0 6 0 1 4 7 9 3 8
1 1 1 61
6 6 31 37 43 63 49 28 55 38 11 58 26 24
#c 0 6 2 4 0 7 4 7 5 8 4 6 5 3 5 4 7 2 8 9 8 9 2 8 6 0 6 5 1 7 8 1 5 4 8 2 3 1 6 4 0 9 2 1 4 3 5 2 5 1 0 3 7 3 5 6 4 7 6 4 0 1 0 1 4 7 9 3 8
2 2 17 2 32 14
4 6 22 42 35 47 46 12 48 27 8 54
#c 0 6 2 4 0 7 4 7 5 8 4 6 5 3 5 4 7 2 8 9 8 9 2 8 6 0 6 5 1 7 8 1 5 4 8 2 3 1 6 4 0 9 2 1 4 3 5 2 5 1 0 3 7 3 5 6 4 7 6 4 0 1 0 1 4 7 9 3 8
3 3 51 67 13 0 60 40
3 4 53 45 36 50 25 62 4
#c 0 6 2 4 0 7 4 7 5 8 4 6 5 3 5 4 7 2 8 9 8 9 2 8 6 0 6 5 1 7 8 1 5 4 8 2 3 1 6 4 0 9 2 1 4 3 5 2 5 1 0 3 7 3 5 6 4 7 6 4 0 1 0 1 4 7 9 3 8
3 3 10 33 3 46 8 54
7 5 44 64 15 56 6 59 39 12 48 27 14 32
#c 0 6 2 4 0 7 4 7 5 8 4 6 5 3 5 4 7 2 8 9 8 9 2 8 6 0 6 5 1 7 8 1 5 4 8 2 3 1 6 4 0 9 2 1 4 3 5 2 5 1 0 3 7 3 5 6 4 7 6 4 0 1 0 1 4 7 9 3 8
3 3 8 27 32 25 4 40
5 4 46 12 48 14 54 0 50 60 62
#c 0 6 2 4 0 7 4 7 5 8 4 6 5 3 5 4 7 2 8 9 8 9 2 8 6 0 6 5 1 7 8 1 5 4 8 2 3 1 6 4 0 9 2 1 4 3 5 2 5 1 0 3 7 3 5 6 4 7 6 4 0 1 0 1 4 7 9 3 8
1 1 26 7
6 6 55 38 11 58 24 1 57 52 65 29 5 16
#c 0 6 2 4 0 7 4 7 5 8 4 6 5 3 5 4 7 2 8 9 8 9 2 8 6 0 6 5 1 7 8 1 5 4 8 2 3 1 6 4 0 9 2 1 4 3 5 2 5 1 0 3 7 3 5 6 4 7 6 4 0 1 0 1 4 7 9 3 8
#c 0 6 2 4 0 7 4 7 5 8 4 6 5 3 5 4 7 2 8 9 8 9 2 8 6 0 6 5 1 7 8 1 5 4 8 2 3 1 6 4 0 9 2 1 4 3 5 2 5 1 0 3 7 3 5 6 4 7 6 4 0 1 0 1 4 7 9 3 8
2 2 18 30 38 26
5 5 9 23 20 68 34 55 11 58 24 1
#c 0 6 2 4 0 7 4 7 5 8 4 6 5 3 5 4 7 2 8 9 8 9 2 8 6 0 6 5 1 7 8 1 5 4 8 2 3 1 6 4 0 9 2 1 4 3 5 2 5 1 0 3 7 3 5 6 4 7 6 4 0 1 0 1 4 7 9 3 8
1 1 19 61
3 6 66 21 41 31 37 43 63 49 28
#c 0 6 2 4 0 7 4 7 5 8 4 6 5 3 5 4 7 2 8 9 8 9 2 8 6 0 6 5 1 7 8 1 5 4 8 2 3 1 6 4 0 9 2 1 4 3 5 2 5 1 0 3 7 3 5 6 4 7 6 4 0 1 0 1 4 7 9 3 8
#c 0 6 2 4 0 7 4 7 5 8 4 6 5 3 5 4 7 2 8 9 8 9 2 8 6 0 6 5 1 7 8 1 5 4 8 2 3 1 6 4 0 9 2 1 4 3 5 2 5 1 0 3 7 3 5 6 4 7 6 4 0 1 0 1 4 7 9 3 8
1 2 43 9 23
6 5 31 37 63 49 28 61 18 20 68 30 34
#c 0 6 2 4 0 7 4 7 5 8 4 6 5 3 5 4 7 2 8 9 8 9 2 8 6 0 6 5 1 7 8 1 5 4 8 2 3 1 6 4 0 9 2 1 4 3 5 2 5 1 0 3 7 3 5 6 4 7 6 4 0 1 0 1 4 7 9 3 8
3 3 47 35 2 57 65 5
3 4 22 42 17 7 52 29 16
#c 0 6 2 4 0 7 4 7 5 8 4 6 5 3 5 4 7 2 8 9 8 9 2 8 6 0 6 5 1 7 8 1 5 4 8 2 3 1 6 4 0 9 2 1 4 3 5 2 5 1 0 3 7 3 5 6 4 7 6 4 0 1 0 1 4 7 9 3 8
1 1 67 66
5 3 13 53 45 36 51 19 21 41
#c 0 6 2 4 0 7 4 7 5 8 4 6 5 3 5 4 7 2 8 9 8 9 2 8 6 0 6 5 1 7 8 1 5 4 8 2 3 1 6 4 0 9 2 1 4 3 5 2 5 1 0 3 7 3 5 6 4 7 6 4 0 1 0 1 4 7 9 3 8
#c 0 6 2 4 0 7 4 7 5 8 4 6 5 3 5 4 7 2 8 9 8 9 2 8 6 0 6 5 1 7 8 1 5 4 8 2 3 1 6 4 0 9 2 1 4 3 5 2 5 1 0 3 7 3 5 6 4 7 6 4 0 1 0 1 4 7 9 3 8
3 2 27 8 46 20 18
5 5 12 48 14 32 54 9 23 68 30 34
#c 0 6 2 4 0 7 4 7 5 8 4 6 5 3 5 4 7 2 8 9 8 9 2 8 6 0 6 5 1 7 8 1 5 4 8 2 3 1 6 4 0 9 2 1 4 3 5 2 5 1 0 3 7 3 5 6 4 7 6 4 0 1 0 1 4 7 9 3 8
3 3 24 1 55 48 54 8
4 5 38 11 58 26 46 12 27 14 32
#c 0 6 2 4 0 7 4 7 5 8 4 6 5 3 5 4 7 2 8 9 8 9 2 8 6 0 6 5 1 7 8 1 5 4 8 2 3 1 6 4 0 9 2 1 4 3 5 2 5 1 0 3 7 3 5 6 4 7 6 4 0 1 0 1 4 7 9 3 8
3 2 7 29 5 41 21
4 2 57 52 65 16 19 66
#c 0 6 2 4 0 7 4 7 5 8 4 6 5 3 5 4 7 2 8 9 8 9 2 8 6 0 6 5 1 7 8 1 5 4 8 2 3 1 6 4 0 9 2 1 4 3 5 2 5 1 0 3 7 3 5 6 4 7 6 4 0 1 0 1 4 7 9 3 8
#c 0 6 2 4 0 7 4 7 5 8 4 6 5 3 5 4 7 2 8 9 8 9 2 8 6 0 6 5 1 7 8 1 5 4 8 2 3 1 6 4 0 9 2 1 4 3 5 2 5 1 0 3 7 3 5 6 4 7 6 4 0 1 0 1 4 7 9 3 8
2 2 66 19 27 14
2 6 21 41 46 12 48 8 32 54
#c 0 6 2 4 0 7 4 7 5 8 4 6 5 3 5 4 7 2 8 9 8 9 2 8 6 0 6 5 1 7 8 1 5 4 8 2 3 1 6 4 0 9 2 1 4 3 5 2 5 1 0 3 7 3 5 6 4 7 6 4 0 1 0 1 4 7 9 3 8
3 3 25 4 62 30 18 68
4 4 0 40 50 60 9 23 20 34
#c 0 6 2 4 0 7 4 7 5 8 4 6 5 3 5 4 7 2 8 9 8 9 2 8 6 0 6 5 1 7 8 1 5 4 8 2 3 1 6 4 0 9 2 1 4 3 5 2 5 1 0 3 7 3 5 6 4 7 6 4 0 1 0 1 4 7 9 3 8
#c 0 6 2 4 0 7 4 7 5 8 4 6 5 3 5 4 7 2 8 9 8 9 2 8 6 0 6 5 1 7 8 1 5 4 8 2 3 1 6 4 0 9 2 1 4 3 5 2 5 1 0 3 7 3 5 6 4 7 6 4 0 1 0 1 4 7 9 3 8
3 3 2 22 42 34 9 18
3 4 17 35 47 23 20 68 30
#c 0 6 2 4 0 7 4 7 5 8 4 6 5 3 5 4 7 2 8 9 8 9 2 8 6 0 6 5 1 7 8 1 5 4 8 2 3 1 6 4 0 9 2 1 4 3 5 2 5 1 0 3 7 3 5 6 4 7 6 4 0 1 0 1 4 7 9 3 8
1 1 67 40
5 6 13 53 45 36 51 0 50 60 25 62 4
#c 0 6 2 4 0 7 4 7 5 8 4 6 5 3 5 4 7 2 8 9 8 9 2 8 6 0 6 5 1 7 8 1 5 4 8 2 3 1 6 4 0 9 2 1 4 3 5 2 5 1 0 3 7 3 5 6 4 7 6 4 0 1 0 1 4 7 9 3 8
3 3 59 15 6 21 41 19
7 1 44 64 33 56 3 10 39 66
#c 0 6 2 4 0 7 4 7 5 8 4 6 5 3 5 4 7 2 8 9 8 9 2 8 6 0 6 5 1 7 8 1 5 4 8 2 3 1 6 4 0 9 2 1 4 3 5 2 5 1 0 3 7 3 5 6 4 7 6 4 0 1 0 1 4 7 9 3 8
3 4 8 54 46 68 34 23 20
5 3 12 48 27 14 32 18 9 30
#c 0 6 2 4 0 7 4 7 5 8 4 6 5 3 5 4 7 2 8 9 8 9 2 8 6 0 6 5 1 7 8 1 5 4 8 2 3 1 6 4 0 9 2 1 4 3 5 2 5 1 0 3 7 3 5 6 4 7 6 4 0 1 0 1 4 7 9 3 8
#c 0 6 2 4 0 7 4 7 5 8 4 6 5 3 5 4 7 2 8 9 8 9 2 8 6 0 6 5 1 7 8 1 5 4 8 2 3 1 6 4 0 9 2 1 4 3 5 2 5 1 0 3 7 3 5 6 4 7 6 4 0 1 0 1 4 7 9 3 8
1 1 16 58
6 6 7 57 52 65 29 5 55 38 11 26 24 1
#c 0 6 2 4 0 7 4 7 5 8 4 6 5 3 5 4 7 2 8 9 8 9 2 8 6 0 6 5 1 7 8 1 5 4 8 2 3 1 6 4 0 9 2 1 4 3 5 2 5 1 0 3 7 3 5 6 4 7 6 4 0 1 0 1 4 7 9 3 8
2 2 34 68 14 8
5 6 18 9 23 20 30 46 12 48 27 32 54
#c 0 6 2 4 0 7 4 7 8 8 4 6 5 3 8 4 7 2 8 9 8 9 2 8 6 0 6 5 1 7 8 1 5 4 5 2 3 1 6 4 0 9 2 1 4 3 5 2 5 1 0 3 7 3 5 6 4 7 6 4 0 1 0 1 4 7 9 3 5
2 2 21 66 52 16
2 5 19 41 7 57 65 29 5
#c 0 6 2 4 0 7 4 7 8 8 4 6 5 3 8 4 7 2 8 9 8 9 2 8 6 0 6 5 1 7 8 1 5 4 5 2 3 1 6 4 0 9 2 1 4 3 5 2 5 1 0 3 7 3 5 6 4 7 6 4 0 1 0 1 4 7 9 3 5
1 1 0 66
6 3 40 50 60 25 62 4 19 21 41
#c 0 6 2 4 0 7 4 7 8 8 4 6 5 3 8 4 7 2 8 9 8 9 2 8 6 0 6 5 1 7 8 1 5 4 5 2 3 1 6 4 0 9 2 1 4 3 5 2 5 1 0 3 7 3 5 6 4 7 6 4 0 1 0 1 4 7 9 3 5
1 1 31 44
6 9 37 43 63 49 28 61 64 15 33 56 3 6 59 10 39
#c 0 6 2 4 0 7 4 7 8 8 4 6 5 3 8 4 7 2 8 9 8 9 2 8 6 0 6 5 1 7 8 4 5 4 5 2 3 1 6 4 0 9 2 1 1 3 5 2 5 1 0 3 7 3 5 6 4 7 6 4 0 1 0 1 4 7 9 3 5
2 3 47 42 41 19 66
4 1 2 22 17 35 21
#c 0 6 2 4 0 7 4 7 8 8 4 6 5 3 8 4 7 2 8 9 8 9 2 8 6 0 6 5 1 7 8 4 5 4 5 2 3 1 6 4 0 9 2 1 1 3 5 2 5 1 0 3 7 3 5 6 4 7 6 4 0 1 0 1 4 7 9 3 5
2 1 36 67 48
4 7 13 53 45 51 46 12 27 32 54 34 68
#c 0 6 2 4 0 7 4 7 8 8 4 6 5 3 8 4 7 2 8 9 8 9 2 8 6 0 6 5 1 7 8 4 5 4 5 2 5 1 6 4 0 9 2 1 1 3 5 2 3 1 0 3 7 3 5 6 4 7 6 4 0 1 0 1 4 7 9 5 5
1 1 39 45
9 4 64 15 33 56 3 6 59 10 31 13 53 51 48
#c 0 6 2 4 0 7 4 7 8 8 4 6 5 3 8 4 7 2 8 9 8 9 2 8 6 0 6 5 1 7 8 4 5 4 5 2 5 1 6 3 0 9 2 1 1 4 5 2 3 1 0 3 7 3 5 6 4 7 6 4 0 1 0 1 4 7 9 5 5
3 3 54 27 68 21 41 66
6 1 46 12 32 34 36 67 19
#c 0 6 2 4 0 7 4 7 8 8 4 6 5 3 8 4 7 2 8 9 8 9 2 8 6 0 6 5 1 7 8 4 5 4 5 2 5 1 6 3 0 9 2 1 1 4 5 2 3 1 0 3 7 3 5 6 4 7 6 4 0 1 0 1 4 7 9 5 5
2 1 11 1 34
5 8 55 38 58 26 24 46 12 27 32 54 68 36 67
#c 0 6 2 4 0 7 4 7 8 8 4 6 5 3 8 4 7 2 8 9 8 9 2 8 6 0 6 5 1 7 8 4 5 4 5 2 5 1 6 3 0 9 2 1 1 4 5 2 3 1 0 3 7 3 5 6 4 7 6 4 0 1 0 1 4 7 9 5 5
2 2 5 7 1 55
5 5 57 52 65 29 16 38 11 58 26 24
#c 0 6 2 4 0 7 4 7 8 8 4 6 5 3 8 4 7 2 8 9 8 9 2 8 6 0 6 5 1 7 8 4 5 4 5 2 5 1 6 3 0 9 2 1 1 4 5 2 3 1 0 3 7 3 5 6 4 7 6 4 0 1 0 1 4 7 9 5 5
1 1 20 33
6 9 18 9 23 30 14 8 64 15 56 3 6 59 10 31 45
#c 0 6 2 4 0 7 4 7 8 8 4 6 5 3 8 4 7 2 8 9 4 9 2 8 6 0 6 5 1 7 8 4 5 8 5 2 5 1 6 3 0 9 2 1 1 4 5 2 3 1 0 3 7 3 5 6 4 7 6 4 0 1 0 1 4 7 9 5 5
1 1 21 10
3 9 19 66 41 64 15 56 3 6 59 31 45 20
#c 0 6 2 4 0 7 4 7 8 8 4 6 5 3 8 4 7 2 8 9 4 9 2 8 6 0 6 5 1 7 8 4 5 8 5 2 5 1 6 3 0 9 2 1 1 4 5 2 3 1 0 3 7 3 5 6 4 7 6 4 0 1 0 1 4 7 9 5 5
3 3 0 4 25 3 45 31
4 7 40 50 60 62 64 15 56 6 59 10 20
#c 0 6 2 4 0 7 4 7 8 8 4 6 5 3 8 4 7 2 8 9 4 9 2 8 6 0 6 5 1 7 8 4 5 8 5 2 5 1 6 3 0 9 2 1 1 4 5 2 3 1 0 3 7 3 5 6 4 7 6 4 0 1 0 1 4 7 9 5 5
2 4 43 28 40 62 60 50
5 3 37 63 49 61 44 0 25 4
#c 0 6 2 4 0 7 4 7 8 8 4 6 5 3 8 4 7 2 8 9 4 9 2 8 6 0 6 5 1 7 8 4 5 8 5 2 5 1 6 3 0 9 2 1 1 4 5 2 3 1 0 3 7 3 5 6 4 7 6 4 0 1 0 1 4 7 9 5 5
3 3 47 42 35 50 60 40
3 4 2 22 17 0 25 62 4
#c 0 6 2 4 0 7 4 7 8 8 4 6 5 3 8 4 7 2 8 9 4 9 2 8 6 0 6 5 1 7 8 4 5 8 5 2 5 1 6 3 0 9 2 1 1 4 5 2 3 1 0 3 7 3 5 6 4 7 6 4 0 1 0 1 4 7 9 5 5
1 1 48 2
4 5 13 53 51 39 22 42 17 35 47
#c 0 6 2 4 0 7 4 7 8 8 4 6 5 3 8 4 7 2 8 9 4 9 2 8 6 0 6 5 1 7 8 4 5 8 5 2 5 1 6 3 0 9 2 1 1 4 5 2 3 1 0 3 7 3 5 6 4 7 6 4 0 1 0 1 4 7 9 5 5
3 3 6 10 31 65 57 29
0 6 2 4 0 7 4 7 8 8 4 6 5 3 8 4 7 2 8 9 4 9 2 8 6 0 6 5 1 7 8 4 5 8 5 2 5 1 6 3 0 9 2 1 1 4 5 2 3 1 0 3 7 3 5 6 4 7 6 4 0 1 0 1 4 7 9 5 5
