#c 0 1 2 3 4 0 1 2 3 4 0 1 2 3 4 0 1 2 3 4 0 1 2 3 4 0 1 2 3 4 0 1 2 3 4 0
1 1 26 3
6 6 1 6 11 16 21 31 8 13 18 23 28 33
#c 0 1 2 3 4 0 1 2 3 4 0 1 2 3 4 0 1 2 3 4 0 1 2 3 4 0 1 2 3 4 0 1 2 3 4 0
1 1 2 19
6 6 7 12 17 22 27 32 4 9 14 24 29 34
#c 0 1 2 3 4 0 1 2 3 4 0 1 2 3 4 0 1 2 3 4 0 1 2 3 4 0 1 2 3 4 0 1 2 3 4 0
3 3 13 33 28 35 0 30
4 5 3 8 18 23 5 10 15 20 25
#c 3 1 2 3 4 0 1 2 3 4 0 1 2 0 4 0 1 2 3 4 0 1 2 3 4 0 1 2 0 4 3 1 2 0 4 3
1 1 14 12
6 6 4 9 19 24 29 34 2 7 17 22 27 32
#c 3 1 2 3 4 0 1 2 3 4 0 1 2 0 4 0 1 2 3 4 0 1 2 3 4 0 1 2 0 4 3 1 2 0 4 3
3 3 13 25 15 2 22 32
5 4 5 10 20 33 28 7 12 17 27
#c 3 1 2 3 4 0 1 2 3 4 0 1 2 0 4 0 1 2 3 4 0 1 2 3 4 0 1 2 0 4 3 1 2 0 4 3
#c 3 1 2 3 4 0 1 2 3 4 0 1 2 0 4 0 1 2 3 4 0 1 2 3 4 0 1 2 0 4 3 1 2 0 4 3
3 3 17 32 2 23 30 8
4 4 7 12 22 27 3 18 35 0
#c 3 1 2 3 4 0 1 2 3 4 0 1 2 0 4 0 1 2 3 4 0 1 2 3 4 0 1 2 0 4 3 1 2 0 4 3
1 1 18 28
6 7 3 8 23 35 0 30 5 10 15 20 25 13 33
#c 3 1 2 3 4 0 1 2 3 4 0 1 2 0 4 0 1 2 3 4 0 1 2 3 4 0 1 2 0 4 3 1 2 0 4 3
3 3 34 9 24 32 27 22
4 4 4 14 19 29 2 7 12 17
#c 3 1 2 3 4 0 1 2 3 4 0 1 2 0 4 0 1 2 3 4 0 1 2 3 4 0 1 2 0 4 3 1 2 0 4 3
1 1 33 29
7 6 5 10 15 20 25 13 28 4 9 14 19 24 34
#c 3 1 2 3 4 0 1 2 3 4 0 1 2 0 4 0 1 2 3 4 0 1 2 3 4 0 1 2 0 0 3 1 2 4 4 3
#c 3 1 2 3 4 0 1 2 3 4 0 1 2 0 4 0 1 2 3 4 0 1 2 3 4 0 1 2 0 0 3 1 2 4 4 3
#c 3 1 2 3 4 0 1 2 3 4 0 1 2 0 4 0 1 2 3 4 0 1 2 3 4 0 1 2 0 0 3 1 2 4 4 3
2 2 8 30 22 7
5 5 3 18 23 35 0 2 12 17 27 32
#c 3 1 2 3 4 0 1 2 3 4 0 1 2 0 4 0 1 2 3 4 0 1 2 3 4 0 1 2 0 0 3 1 2 4 4 3
1 1 4 12
6 6 9 14 19 24 34 33 2 7 17 22 27 32
#c 3 1 2 3 4 0 1 2 3 4 0 1 2 0 4 0 1 2 3 4 0 1 2 3 4 0 1 2 0 0 3 1 2 4 4 3
1 1 25 23
7 6 5 10 15 20 13 28 29 3 8 18 35 0 30
#c 3 1 2 3 4 0 1 2 3 4 0 1 2 0 4 0 1 2 3 4 0 1 2 3 4 0 1 2 0 0 3 1 2 4 4 3
1 1 1 2
6 6 6 11 16 21 26 31 7 12 17 22 27 32
#c 3 1 2 3 4 0 1 2 3 4 0 1 2 0 4 0 1 2 3 4 0 1 2 3 4 0 1 2 0 0 3 1 2 4 4 3
#c 3 1 2 3 4 0 1 2 3 4 0 1 2 0 4 0 1 2 3 4 0 1 2 3 4 0 1 2 0 0 3 1 2 4 4 3
3 3 30 35 18 9 4 24
4 4 3 8 23 0 14 19 34 33
#c 3 1 2 3 4 0 1 2 3 4 0 1 2 0 4 0 1 2 3 4 0 1 2 3 4 0 1 2 0 0 3 1 2 4 4 3
2 2 4 24 2 12
5 5 9 14 19 34 33 7 17 22 27 32
#c 3 1 2 3 4 0 1 2 3 4 0 1 2 0 4 0 1 2 3 4 0 1 2 3 4 0 1 2 0 0 3 1 2 4 4 3
3 3 13 29 10 26 16 1
5 4 5 15 20 25 28 6 11 21 31
#c 3 1 2 3 4 0 1 2 3 4 0 1 2 0 4 0 1 2 3 4 0 1 2 3 4 0 1 2 0 0 3 1 2 4 4 3
3 4 16 1 31 24 4 19 9
4 3 6 11 21 26 14 34 33
#c 3 1 2 3 4 0 1 2 3 4 0 1 2 0 4 0 1 2 3 4 0 1 2 3 4 0 1 2 0 0 3 1 2 4 4 3
#c 3 1 2 3 4 0 1 2 3 4 0 1 2 0 4 0 1 2 3 4 0 1 2 3 4 0 1 2 0 0 3 1 2 4 4 3
3 1 35 30 23 14
4 6 3 8 18 0 4 9 19 24 34 33
#c 3 1 2 3 4 0 1 2 3 4 0 1 2 0 3 0 1 2 3 4 0 1 2 4 4 0 1 2 0 0 4 1 2 4 4 4
2 1 24 30 8
7 4 4 9 19 34 33 35 23 3 18 0 14
#c 3 1 2 3 4 0 1 2 3 4 0 1 2 0 3 0 1 2 3 4 0 1 2 4 4 0 1 2 0 0 4 1 2 4 4 4
3 3 20 15 10 18 14 0
5 2 5 25 13 28 29 3 8
#c 0 1 2 3 4 0 1 2 3 4 3 1 2 0 0 3 1 2 0 4 3 1 2 4 4 0 1 2 0 0 4 1 2 4 4 4
1 1 21 20
6 4 1 6 11 16 26 31 3 8 15 10
#c 0 1 2 3 4 0 1 2 3 4 3 1 2 0 0 3 1 2 0 4 1 3 2 4 4 0 1 2 0 0 4 1 2 4 4 4
2 2 27 22 10 21
5 3 2 7 12 17 32 3 8 15
#c 0 1 2 3 4 0 1 2 3 4 3 1 2 0 0 3 1 2 0 4 1 3 2 4 4 0 1 2 0 0 4 1 2 4 4 4
1 1 21 33
4 8 3 8 15 10 4 9 19 24 34 35 30 23
#c 0 1 2 3 4 0 1 2 3 4 3 1 2 0 0 3 1 2 0 4 1 3 2 4 4 0 1 2 0 0 4 1 2 4 4 4
4 4 19 34 35 33 6 20 1 31
5 3 4 9 24 30 23 11 16 26
#c 0 1 2 3 4 0 1 2 3 4 3 1 2 0 0 3 1 2 0 4 1 3 2 4 4 0 1 2 0 0 4 1 2 4 4 4
4 3 28 14 29 5 30 9 4
4 6 25 13 18 0 19 24 34 33 35 23
#c 0 1 2 3 4 0 1 2 3 4 3 1 2 0 0 3 1 2 0 4 1 3 2 4 4 0 1 2 0 0 4 1 2 4 4 4
2 2 11 16 7 12
5 5 1 6 26 31 20 2 17 22 27 32
#c 0 1 2 3 4 0 1 2 3 4 3 1 2 0 0 3 1 2 0 4 1 3 2 4 4 0 1 2 0 0 4 1 2 4 4 4
#c 0 1 2 3 4 0 1 2 3 4 3 1 2 0 0 3 1 2 0 4 1 3 2 4 4 0 1 2 0 0 4 1 2 4 4 4
#c 0 1 2 3 4 0 1 2 3 4 3 1 2 0 0 3 1 2 0 4 1 3 2 4 4 0 1 2 0 0 4 1 2 4 4 4
3 3 9 35 24 29 0 25
6 5 4 19 34 33 30 23 5 13 28 18 14
#c 0 1 2 3 4 0 1 2 3 4 3 1 2 0 0 3 1 2 0 4 1 3 2 4 4 0 1 2 0 0 4 1 2 4 4 4
2 2 13 18 32 12
6 5 5 25 28 29 14 0 2 7 17 22 27
#c 0 1 2 3 4 0 1 2 3 4 3 1 2 0 0 3 1 2 0 4 1 3 2 4 4 0 1 2 0 0 4 1 2 4 4 4
3 3 6 11 1 8 21 3
4 2 16 26 31 20 15 10
#c 0 1 2 3 4 0 1 2 3 4 3 1 2 0 0 3 1 2 0 4 1 3 2 4 4 0 1 2 0 0 4 1 2 4 4 4
1 1 32 10
6 4 2 7 12 17 22 27 3 8 15 21
#c 0 1 2 3 4 0 1 2 3 4 3 1 2 0 0 3 1 2 0 4 1 3 2 4 4 0 1 2 0 0 4 1 2 4 4 4
2 2 10 21 30 4
3 7 3 8 15 9 19 24 34 33 35 23
#c 0 1 2 3 4 0 1 2 3 4 3 1 2 0 0 3 1 2 0 4 1 3 2 4 4 0 1 2 0 0 4 1 2 4 4 4
1 1 23 0
8 7 4 9 19 24 34 33 35 30 5 25 13 28 29 18 14
#c 0 1 2 3 4 0 1 2 3 4 3 1 2 0 0 3 1 2 0 4 1 3 2 4 4 0 1 2 0 0 4 1 2 4 4 4
4 4 5 28 25 0 16 26 20 11
4 3 13 29 18 14 1 6 31
#c 0 1 2 3 4 0 1 2 3 4 3 1 2 0 0 3 1 2 0 4 1 3 2 4 4 0 1 2 0 0 4 1 2 4 4 4
2 2 26 20 21 3
5 3 1 6 11 16 31 8 15 10
#c 0 1 2 3 4 0 1 2 3 4 3 1 2 0 0 3 1 2 0 4 1 3 2 4 4 0 1 2 0 0 4 1 2 4 4 4
2 4 22 32 21 8 15 10
5 1 2 7 12 17 27 3
#c 0 1 2 3 4 0 1 2 3 4 3 1 2 0 0 3 1 2 0 4 1 3 2 4 4 0 1 2 0 0 4 1 2 4 4 4
2 3 15 10 31 26 16
3 4 3 8 21 1 6 11 20
#c 0 1 2 3 4 0 1 2 3 4 3 1 2 0 0 3 1 2 0 4 1 3 2 4 4 0 1 2 0 0 4 1 2 4 4 4
2 2 30 34 6 20
7 5 4 9 19 24 33 35 23 1 11 16 26 31
#c 0 1 2 3 4 0 1 2 3 4 3 1 2 0 0 3 1 2 0 4 1 3 2 4 4 0 1 2 0 0 4 1 2 4 4 4
4 4 18 29 14 0 22 27 7 2
4 3 5 25 13 28 12 17 32
#c 0 1 2 3 4 0 1 2 3 4 3 1 2 0 0 3 1 2 0 4 1 3 2 4 4 0 1 2 0 0 4 1 2 4 4 4
1 1 16 13
6 7 1 6 11 26 31 20 5 25 28 29 18 14 0
#c 0 1 2 3 4 0 1 2 3 4 3 1 2 0 0 3 1 2 0 4 1 3 2 4 4 0 1 2 0 0 4 1 2 4 4 4
1 1 32 19
6 8 2 7 12 17 22 27 4 9 24 34 33 35 30 23
#c 0 1 2 3 4 0 1 2 3 4 3 1 2 0 0 3 1 2 0 4 1 3 2 4 4 0 1 2 0 0 4 1 2 4 4 4
2 2 10 8 18 5
3 6 3 15 21 25 13 28 29 14 0
#c 0 1 2 3 4 0 1 2 3 4 3 1 2 0 0 3 1 2 0 4 1 3 2 4 4 0 1 2 0 0 4 1 2 4 4 4
4 3 9 33 34 35 28 29 0
5 5 4 19 24 30 23 5 25 13 18 14
#c 4 1 2 3 4 0 1 2 3 0 3 1 2 0 0 3 1 2 0 4 1 3 2 4 4 0 1 2 4 4 4 1 2 0 0 0
#c 4 1 2 3 4 0 1 2 3 0 3 1 2 0 0 3 1 2 0 4 1 3 2 4 4 0 1 2 4 4 4 1 2 0 0 0
2 2 6 1 32 2
5 5 11 16 26 31 20 7 12 17 22 27
#c 4 1 2 3 4 0 1 2 3 0 3 1 2 0 0 3 1 2 0 4 1 3 2 4 4 0 1 2 4 4 4 1 2 0 0 0
2 2 2 12 15 3
5 3 7 17 22 27 32 8 10 21
#c 4 1 2 3 4 0 1 2 3 0 3 1 2 0 0 3 1 2 0 4 1 3 2 4 4 0 1 2 4 4 4 1 2 0 0 0
2 2 8 21 31 16
3 5 3 15 10 1 6 11 26 20
#c 4 1 2 3 4 0 1 2 3 0 3 1 2 0 0 3 1 2 0 4 1 3 2 4 4 0 1 2 4 4 4 1 2 0 0 0
2 2 28 0 3 15
6 3 4 19 24 30 23 29 8 10 21
#c 4 1 2 3 4 0 1 2 3 0 3 1 2 0 0 3 1 2 0 4 1 3 2 4 4 0 1 2 4 4 4 1 2 0 0 0
2 2 18 13 16 31
7 5 5 25 14 9 33 34 35 1 6 11 26 20
#c 4 1 2 3 4 0 1 2 3 0 3 1 2 0 0 3 1 2 0 4 1 3 2 4 4 0 1 2 4 4 4 1 2 0 0 0
1 2 26 8 3
6 3 1 6 11 16 31 20 15 10 21
#c 4 1 2 3 4 0 1 2 3 0 3 1 2 0 0 3 1 2 0 4 1 3 2 4 4 0 1 2 4 4 4 1 2 0 0 0
2 2 32 27 18 9
5 7 2 7 12 17 22 5 25 13 14 33 34 35
#c 4 1 2 3 4 0 1 2 3 2 3 1 2 0 0 3 1 2 2 4 1 3 2 4 4 0 1 0 4 4 4 1 0 0 0 0
#c 4 1 2 3 4 0 1 2 3 2 3 1 2 0 0 3 1 2 2 4 1 3 2 4 4 0 1 0 4 4 4 1 0 0 0 0
2 1 29 30 14
6 8 4 19 24 23 28 0 5 25 13 33 34 35 32 27
#c 4 1 2 3 4 0 1 2 3 2 3 1 2 0 0 3 1 2 2 4 1 3 2 4 4 0 1 0 4 4 4 1 0 0 0 0
3 5 32 35 13 16 11 20 6 26
6 2 5 25 14 33 34 27 1 31
#c 4 1 2 3 4 0 1 2 3 2 3 1 2 0 0 3 1 2 2 4 1 3 2 4 4 0 1 0 4 4 4 1 0 0 0 0
#c 4 1 2 3 4 0 1 2 3 2 3 1 2 0 0 3 1 2 2 4 1 3 2 4 4 0 1 0 4 4 4 1 0 0 0 0
3 3 2 9 12 11 16 1
4 4 7 17 22 18 6 26 31 20
#c 4 1 2 3 4 0 1 2 3 2 3 1 2 0 0 3 1 2 2 4 1 3 2 4 4 0 1 0 4 4 4 1 0 0 0 0
1 1 15 33
4 8 3 8 10 21 5 25 13 14 34 35 32 27
#c 4 1 2 3 4 0 1 2 3 2 3 1 2 0 0 3 1 2 2 4 1 3 2 4 4 0 1 0 4 4 4 1 0 0 0 0
3 3 30 28 23 8 3 15
5 2 4 19 24 29 0 10 21
#c 4 1 2 3 4 0 1 2 3 2 3 1 2 0 0 3 1 2 2 4 1 3 2 4 4 0 1 0 4 4 4 1 0 0 0 0
4 4 27 25 13 35 23 4 24 29
5 4 5 14 33 34 32 19 30 28 0
#c 4 1 2 3 4 0 1 2 3 2 3 1 2 0 0 3 1 2 2 4 1 3 2 4 4 0 1 0 4 4 4 1 0 0 0 0
#c 4 1 2 3 4 0 1 2 3 2 3 1 2 0 0 3 1 2 2 4 1 3 2 4 4 0 1 0 4 4 4 1 0 0 0 0
#c 4 1 2 3 4 0 1 2 3 2 3 1 2 0 0 3 1 2 2 4 1 3 2 4 4 0 1 0 4 4 4 1 0 0 0 0
1 1 10 0
4 7 3 8 15 21 4 19 24 30 23 28 29
#c 4 1 2 3 4 0 1 2 3 2 3 1 2 0 0 3 1 2 2 4 1 3 2 4 4 0 1 0 4 4 4 1 0 0 0 0
3 3 4 30 24 1 31 20
5 4 19 23 28 29 0 6 11 16 26
#c 4 1 2 3 4 0 1 2 3 2 3 1 2 0 0 3 1 2 2 4 1 3 2 4 4 0 1 0 4 4 4 1 0 0 0 0
2 2 34 5 11 1
7 5 25 13 14 33 35 32 27 6 16 26 31 20
#c 4 1 2 3 4 0 1 2 3 2 3 1 2 0 0 3 1 2 2 4 1 3 2 4 4 0 1 0 4 4 4 1 0 0 0 0
1 1 1 18
6 6 6 11 16 26 31 20 2 7 12 17 22 9
#c 4 1 2 3 4 0 1 2 3 2 3 1 2 0 0 3 1 2 2 4 1 3 2 4 4 0 1 0 4 4 4 1 0 0 0 0
2 2 7 22 10 3
5 3 2 12 17 18 9 8 15 21
#c 4 1 2 3 4 0 1 2 3 2 3 1 2 0 0 3 1 2 2 4 1 3 2 4 4 0 1 0 4 4 4 1 0 0 0 0
2 2 3 8 28 0
3 6 15 10 21 4 19 24 30 23 29
#c 4 1 2 3 4 0 1 2 3 2 3 1 2 0 0 3 1 2 2 4 1 3 2 4 4 0 1 0 4 4 4 1 0 0 0 0
4 4 24 28 19 23 7 9 17 18
4 3 4 30 29 0 2 12 22
#c 4 1 2 3 4 0 1 2 3 2 3 1 2 0 0 3 1 2 2 4 1 3 2 4 4 0 1 0 4 4 4 1 0 0 0 0
3 3 13 33 35 28 29 19
6 5 5 25 14 34 32 27 4 24 30 23 0
#c 4 1 2 3 4 0 1 2 3 2 3 1 2 4 0 3 1 2 2 0 1 3 2 4 4 0 1 0 0 0 4 1 0 4 0 4
3 3 26 16 11 29 5 25
4 6 1 6 31 20 14 34 32 27 28 19
#c 4 1 2 3 4 0 1 2 3 2 3 1 2 4 0 3 1 2 2 0 1 3 2 4 4 0 1 0 0 0 4 1 0 4 0 4
1 1 17 0
6 7 2 7 12 22 18 9 4 24 30 23 13 33 35
#c 2 1 2 3 4 0 1 2 3 2 3 1 2 4 0 3 1 4 2 0 1 3 2 4 4 0 1 0 0 0 4 1 0 4 0 4
2 2 15 10 19 34
3 7 3 8 21 5 25 14 32 27 28 29
#c 2 1 2 3 4 0 1 2 3 2 3 1 2 4 0 3 1 4 2 0 1 3 2 4 4 0 1 0 0 0 4 1 0 4 0 4
1 1 4 26
7 6 24 30 23 13 33 35 17 1 6 11 16 31 20
#c 2 1 2 3 4 0 1 2 3 2 3 1 2 4 0 3 1 4 2 0 1 3 2 4 4 0 1 0 0 0 4 1 0 4 0 4
1 1 14 24
8 7 5 25 34 32 27 28 29 19 4 30 23 13 33 35 17
#c 2 1 2 3 4 0 1 2 3 2 3 1 2 4 0 3 1 4 2 0 1 3 2 4 4 0 1 0 0 0 4 1 0 4 0 4
3 3 11 20 16 32 28 19
4 6 1 6 26 31 5 25 14 34 27 29
#c 2 1 2 3 4 0 1 2 3 2 3 1 2 4 0 3 1 4 2 0 1 3 2 4 4 0 1 0 0 0 4 1 0 4 0 4
#c 2 1 2 3 4 0 1 2 3 2 3 1 2 4 0 3 1 4 2 0 1 3 2 4 4 0 1 0 0 0 4 1 0 4 0 4
4 7 3 8 10 21 4 24 30 23 13 35 17
#c 2 1 2 3 4 0 1 2 3 2 3 1 2 4 0 3 1 4 2 0 1 3 2 4 4 0 1 0 0 0 4 1 0 4 0 4
3 3 23 4 30 12 2 7
5 4 24 13 33 35 17 22 18 9 0
#c 2 1 2 3 4 0 1 2 3 2 3 1 2 4 0 3 1 4 2 0 1 3 2 4 4 0 1 0 0 0 4 1 0 4 0 4
2 2 34 28 35 23
7 6 5 25 14 32 27 29 19 4 24 30 13 33 17
#c 2 1 2 3 4 0 1 2 3 2 3 1 2 4 0 3 1 4 2 0 1 3 2 4 4 0 1 0 0 0 4 1 0 4 0 4
#c 2 1 2 3 4 0 1 2 3 2 3 1 2 4 0 3 1 4 2 0 1 3 2 4 4 0 1 0 0 0 4 1 0 4 0 4
2 2 22 12 25 29
5 7 2 7 18 9 0 5 14 34 32 27 28 19
#c 2 1 2 3 4 0 1 2 3 2 3 1 0 4 0 3 1 4 2 0 1 3 0 4 4 2 1 0 0 2 4 1 0 4 0 4
1 1 21 2
4 6 3 8 15 10 7 18 9 0 25 29
#c 2 1 2 3 4 0 1 2 3 2 3 1 0 4 0 3 1 4 2 0 1 3 0 4 4 2 1 0 0 2 4 1 0 4 0 4
3 3 4 13 17 27 12 19
5 6 24 30 23 33 35 5 14 34 32 28 22
#c 2 1 2 3 4 0 1 2 3 2 3 1 0 4 0 3 1 4 2 0 1 3 0 4 4 2 1 0 0 2 4 1 0 4 0 4
1 1 27 31
8 6 5 14 34 32 28 19 22 12 1 6 11 16 26 20
#c 2 1 2 3 4 0 1 2 3 2 3 1 0 4 0 3 1 4 2 0 1 3 0 4 4 2 1 0 0 2 4 1 0 4 0 4
1 1 31 15
6 4 1 6 11 16 26 20 3 8 10 21
#c 2 1 2 3 4 0 1 2 3 2 3 1 0 4 0 3 1 4 2 0 1 3 0 4 4 2 1 0 0 2 4 1 0 4 0 4
3 3 9 7 0 12 27 5
4 6 2 18 25 29 14 34 32 28 19 22
#c 2 1 2 3 4 0 1 2 3 2 3 1 0 4 0 3 1 4 2 0 1 3 0 4 4 2 1 0 0 2 4 1 0 4 0 4
2 2 8 15 14 12
3 7 3 10 21 5 34 32 27 28 19 22
#c 2 1 2 3 4 0 1 2 3 2 3 1 0 4 0 3 1 4 2 0 1 3 0 4 4 2 1 0 0 2 4 1 0 4 0 4
2 2 35 13 27 19
6 7 4 24 30 23 33 17 5 14 34 32 28 22 12
#c 2 1 2 3 4 0 1 2 3 2 3 1 0 4 0 3 1 4 2 0 1 3 0 4 4 2 1 0 0 2 4 1 0 4 0 4
1 1 32 0
8 6 5 14 34 27 28 19 22 12 2 7 18 9 25 29
#c 2 1 2 3 4 0 1 2 3 2 3 1 0 4 0 3 1 4 2 0 1 3 0 4 4 2 1 0 0 2 4 1 0 4 0 4
3 3 1 16 26 25 2 0
4 4 6 11 31 20 7 18 9 29
#c 2 1 2 3 4 0 1 2 3 2 3 1 0 4 0 3 1 4 2 0 1 3 0 4 4 2 1 0 0 2 4 1 0 4 0 4
1 1 0 13
6 7 2 7 18 9 25 29 4 24 30 23 33 35 17
#c 2 1 2 3 4 0 1 2 3 2 3 1 0 4 0 3 1 4 2 0 1 3 0 4 4 2 1 0 0 2 4 1 0 4 0 4
2 2 3 21 24 4
3 6 8 15 10 30 23 13 33 35 17
#c 2 1 2 3 4 0 1 2 3 2 3 1 0 4 0 3 1 4 2 0 1 3 0 4 4 2 1 0 0 2 4 1 0 4 0 4
2 3 23 35 20 16 11
6 4 4 24 30 13 33 17 1 6 26 31
#c 2 1 2 3 4 0 1 2 3 2 3 1 0 4 0 3 1 4 2 0 1 3 0 4 4 2 1 0 0 2 4 1 0 4 0 4
3 3 27 5 28 20 6 1
6 4 14 34 32 19 22 12 11 16 26 31
#c 2 1 2 3 4 0 1 2 3 2 3 1 0 4 0 3 1 4 2 0 1 3 0 4 4 2 1 0 0 2 4 1 0 4 0 4
2 2 20 26 2 29
5 5 1 6 11 16 31 7 18 9 0 25
#c 2 1 2 3 4 0 1 2 3 2 3 1 0 4 0 3 1 4 2 0 1 3 0 4 4 2 1 0 0 2 4 1 0 4 0 4
1 1 9 1
6 6 2 7 18 0 25 29 6 11 16 26 31 20
#c 2 2 2 3 4 0 1 2 3 1 3 1 0 4 0 3 1 4 2 0 1 3 0 4 4 2 1 0 0 2 4 1 0 4 0 4
1 1 8 30
4 7 3 15 10 21 4 24 23 13 33 35 17
#c 2 2 2 3 4 0 1 2 3 1 3 1 0 4 0 3 1 4 2 0 1 3 0 4 4 2 1 0 0 2 4 1 0 4 0 4
#c 2 2 2 3 4 0 1 2 3 1 3 1 0 4 0 3 1 4 2 0 1 3 0 4 4 2 1 0 0 2 4 1 0 4 0 4
2 2 14 34 11 6
7 5 5 32 27 28 19 22 12 16 26 31 20 9
#c 2 2 2 3 4 0 1 2 3 1 3 1 0 4 0 3 1 4 2 0 1 3 0 4 4 2 1 0 0 2 4 1 0 4 0 4
2 2 11 6 10 3
5 3 16 26 31 20 9 8 15 21
#c 2 2 2 3 4 0 1 2 3 1 3 1 0 4 0 3 1 4 2 0 1 3 0 4 4 2 1 0 0 2 4 1 0 4 0 4
3 3 18 25 1 35 30 33
4 5 2 7 0 29 4 24 23 13 17
#c 2 2 2 3 4 0 1 2 3 1 3 1 0 4 0 3 1 4 2 0 1 3 0 4 4 2 1 0 0 2 4 1 0 4 0 4
2 2 3 21 35 23
3 6 8 15 10 4 24 30 13 33 17
#c 2 2 2 3 4 0 1 2 3 1 3 1 0 4 0 3 1 4 2 0 1 3 0 4 4 2 1 0 0 2 4 1 0 4 0 4
2 2 2 3 4 0 1 2 3 1 3 1 0 4 0 3 1 4 2 0 1 3 0 4 4 2 1 0 0 2 4 1 0 4 0 4
