#c 0 1 2 3 4 0 1 2 3 4 0 1 2 3 4 0 1 2 3 4 0 1 2 3 4 0 1 2 3 4 0 1 2 3 4 0 1 2 3 4 0 1 2 3 4 0 1 2 3 4 0 1
5 5 11 1 6 41 51 23 28 48 33 18
6 5 16 21 26 31 36 46 3 8 13 38 43
#c 0 3 2 3 4 0 3 2 3 4 0 3 2 3 4 0 1 2 1 4 0 1 2 1 4 0 1 2 1 4 0 1 2 1 4 0 1 2 3 4 0 3 2 3 4 0 1 2 1 4 0 3
1 1 32 36
9 10 2 7 12 17 22 27 37 42 47 16 21 26 31 46 23 28 48 33 18
#c 0 3 2 3 4 0 3 2 3 4 0 3 2 3 4 0 1 2 1 4 0 1 2 1 4 0 1 2 1 4 0 1 2 1 4 0 1 2 3 4 0 3 2 3 4 0 1 2 1 4 0 3
2 2 51 6 31 18
8 9 3 8 13 38 43 11 1 41 16 21 26 36 46 23 28 48 33
#c 0 3 2 3 4 0 1 2 3 4 0 3 2 3 4 0 1 2 3 4 0 1 2 1 4 0 1 2 1 4 0 3 2 1 4 0 1 2 3 4 0 3 2 3 4 0 1 2 1 4 0 1
#c 0 3 2 3 4 0 1 2 3 4 0 3 2 3 4 0 1 2 3 4 0 1 2 1 4 0 1 2 1 4 0 3 2 1 4 0 1 2 3 4 0 3 2 3 4 0 1 2 1 4 0 1
5 5 35 40 50 15 10 38 31 43 3 1
6 5 0 5 20 25 30 45 8 13 11 41 18
#c 0 3 2 3 4 0 1 2 3 4 0 3 2 3 4 0 1 2 3 4 0 1 2 1 4 0 1 2 1 4 0 3 2 1 4 0 1 2 3 4 0 3 2 3 4 0 1 2 1 4 0 1
3 3 36 23 28 49 14 44
8 7 16 21 26 46 48 33 51 6 4 9 19 24 29 34 39
#c 0 3 2 3 4 0 1 2 3 4 0 3 2 3 4 0 1 2 3 4 0 1 2 1 4 0 1 2 1 4 0 3 2 1 4 0 1 2 3 4 0 3 2 3 4 0 1 2 1 4 0 1
3 3 7 27 17 34 14 9
7 7 2 12 22 32 37 42 47 4 19 24 29 39 44 49
#c 0 3 2 3 4 0 1 4 3 2 0 3 2 3 2 0 1 4 3 4 0 1 2 1 4 0 1 4 1 4 0 3 2 1 2 0 1 2 3 4 0 3 2 3 4 0 1 2 1 4 0 1
3 3 3 13 18 46 33 16
7 8 8 38 43 11 1 41 31 21 26 36 23 28 48 51 6
#c 0 3 2 3 4 0 1 4 3 2 0 3 2 3 2 0 1 4 3 4 0 1 2 1 4 0 1 4 1 4 0 3 2 1 2 0 1 2 3 4 0 3 2 3 4 0 1 2 1 4 0 1
3 3 7 4 44 18 43 31
7 7 19 24 29 39 49 27 17 3 8 13 38 11 1 41
#c 0 3 2 3 4 0 1 4 3 2 0 3 2 3 2 0 1 4 3 4 0 1 2 1 4 0 1 4 1 4 0 3 2 1 2 0 1 2 3 4 0 3 2 3 4 0 1 2 1 4 0 1
3 3 5 15 25 1 31 3
8 7 0 10 20 30 35 40 45 50 8 13 38 43 11 41 18
#c 0 3 2 3 4 0 1 4 3 2 0 3 2 3 2 0 1 4 3 4 0 1 2 1 4 0 1 4 1 4 0 3 2 1 2 0 1 2 3 4 0 3 2 3 4 0 1 2 1 4 0 1
#c 0 3 2 3 4 0 1 4 3 2 0 3 2 3 2 0 1 4 3 4 0 1 2 1 4 0 1 4 1 4 0 3 2 1 2 0 1 2 3 4 0 3 2 3 4 0 1 2 1 4 0 1
5 5 2 47 22 37 42 44 29 27 39 17
5 5 12 32 34 14 9 4 19 24 49 7
#c 0 3 4 3 4 0 1 4 3 2 0 3 2 3 2 0 1 2 3 4 0 1 4 1 4 0 1 2 1 2 0 3 2 1 2 0 1 4 3 2 0 3 4 3 2 0 1 4 1 4 0 1
5 5 31 13 41 1 3 39 17 12 44 27
5 5 8 38 43 11 18 32 34 14 9 29
#c 0 3 4 3 4 0 1 4 3 2 0 3 2 3 2 0 1 2 3 4 0 1 4 1 4 0 1 2 1 2 0 3 2 1 2 0 1 4 3 2 0 3 4 3 2 0 1 4 1 4 0 1
4 4 47 2 7 42 25 15 30 45
6 7 4 19 24 49 22 37 0 5 10 20 35 40 50
#c 0 3 0 3 4 0 1 0 3 2 0 3 2 3 2 4 1 2 3 4 0 1 4 1 4 4 1 2 1 2 4 3 2 1 2 0 1 4 3 2 0 3 0 3 2 4 1 0 1 4 0 1
3 3 35 50 0 34 29 44
8 7 5 10 20 40 47 2 7 42 12 32 14 9 27 39 17
#c 0 3 0 3 4 0 1 0 3 2 0 3 2 3 2 4 1 2 3 4 0 1 4 1 4 4 1 2 1 2 4 3 2 1 2 0 1 4 3 2 0 3 0 3 2 4 1 0 1 4 0 1
5 5 6 23 48 46 26 27 32 29 14 39
6 5 16 21 36 28 33 51 12 34 9 44 17
#c 0 3 0 3 4 0 1 0 3 2 0 3 2 3 2 4 1 2 3 4 0 1 4 1 4 4 1 2 1 2 4 3 2 1 2 0 1 4 3 2 0 3 0 3 2 4 1 0 1 4 0 1
5 5 27 12 34 14 17 43 13 1 3 11
5 5 32 9 44 29 39 8 38 41 31 18
#c 0 2 0 2 4 0 1 0 3 2 0 2 3 2 3 4 1 3 3 4 0 1 4 1 4 4 1 3 1 2 4 3 2 1 3 0 1 4 3 2 0 3 0 2 2 4 1 0 1 4 0 1
2 2 31 8 9 44
8 8 38 41 18 27 12 34 14 17 32 29 39 43 13 1 3 11
#c 0 2 0 2 4 0 1 0 3 2 0 2 3 2 3 4 1 3 3 4 0 1 4 1 4 4 1 3 1 2 4 3 2 1 3 0 1 4 3 2 0 3 0 2 2 4 1 0 1 4 0 1
3 3 25 30 22 16 48 6
7 8 4 19 24 49 37 15 45 21 26 36 46 23 28 33 51
#c 0 2 0 2 4 0 1 0 3 2 0 2 3 2 3 4 1 3 3 4 0 1 4 1 4 4 1 3 1 2 4 3 2 1 3 0 1 4 3 2 0 3 0 2 2 4 1 0 1 4 0 1
#c 0 2 0 2 4 0 1 0 3 2 0 2 3 2 3 4 1 3 3 4 0 1 4 1 4 4 1 3 1 2 4 3 2 1 3 0 1 4 3 2 0 3 0 2 2 4 1 0 1 4 0 1
4 4 51 21 23 16 19 15 49 25
7 6 26 36 46 28 48 33 6 4 24 22 37 30 45
#c 0 2 0 2 4 0 1 0 3 2 0 2 3 2 3 4 1 3 3 4 0 1 4 1 4 4 1 3 1 2 4 3 2 1 3 0 1 4 3 2 0 3 0 2 2 4 1 0 1 4 0 1
1 1 32 26
9 10 9 44 29 39 43 13 1 3 11 16 21 36 46 23 28 48 33 51 6
#c 0 2 0 2 4 0 1 0 3 2 0 2 3 2 3 4 1 3 3 4 0 1 4 1 4 4 1 3 1 2 4 3 2 1 3 0 1 4 3 2 0 3 0 2 2 4 1 0 1 4 0 1
5 5 41 34 17 38 14 28 46 26 6 23
5 6 8 31 18 27 12 16 21 36 48 33 51
#c 0 2 0 2 4 0 1 0 3 2 0 2 3 2 3 4 1 3 3 4 0 1 4 1 4 4 1 3 1 2 4 3 2 1 3 0 1 4 3 2 0 3 0 2 2 4 1 0 1 4 0 1
2 2 19 24 46 36
8 9 4 49 22 37 25 15 30 45 16 21 26 23 28 48 33 51 6
#c 0 2 0 2 4 0 1 0 3 2 0 2 3 2 3 4 1 3 3 4 0 1 4 1 4 4 1 3 1 2 4 3 2 1 3 0 1 4 3 2 0 3 0 2 2 4 1 0 1 4 0 1
1 3 2 15 49 25
10 7 0 5 10 20 35 40 50 47 7 42 4 19 24 22 37 30 45
#c 0 2 0 2 4 0 1 0 3 2 0 2 3 2 3 4 1 3 3 4 0 1 4 1 4 4 1 3 1 2 4 3 2 1 3 0 1 4 3 2 0 3 0 2 2 4 1 0 1 4 0 1
3 3 26 23 6 2 50 42
8 8 16 21 36 46 28 48 33 51 0 5 10 20 35 40 47 7
#c 0 2 0 2 4 0 1 0 3 2 0 2 3 2 3 4 1 3 3 4 0 1 4 1 4 4 1 3 1 2 4 3 2 1 3 0 1 4 3 2 0 3 0 2 2 4 1 0 1 4 0 1
5 5 3 9 39 32 1 36 26 21 48 51
5 6 44 29 43 13 11 16 46 23 28 33 6
#c 0 2 0 2 4 0 1 0 3 2 0 2 3 2 3 4 1 3 3 4 0 1 4 1 4 4 1 3 1 2 4 3 2 1 3 0 1 4 3 2 0 3 0 2 2 4 1 0 1 4 0 1
5 6 17 8 27 18 38 22 49 4 30 15 19
5 4 41 31 12 34 14 24 37 25 45
#c 0 2 0 2 4 0 1 0 3 2 0 2 3 2 3 4 1 3 3 4 0 1 4 1 4 4 1 3 1 2 4 3 2 1 3 0 1 4 3 2 0 3 0 2 2 4 1 0 1 4 0 1
2 2 49 25 32 1
8 8 4 19 24 22 37 15 30 45 9 44 29 39 43 13 3 11
#c 0 4 0 2 4 0 1 0 3 2 0 2 3 2 3 4 1 3 3 4 0 1 4 1 4 2 1 3 1 2 4 3 4 1 3 0 1 4 3 2 0 3 0 2 2 4 1 0 1 2 0 1
1 1 42 46
10 10 0 5 10 20 35 40 50 47 2 7 16 21 26 36 23 28 48 33 51 6
#c 0 4 0 2 4 0 1 0 3 2 0 2 3 2 3 4 1 3 3 4 0 1 4 1 4 2 1 3 1 2 4 3 4 1 3 0 1 4 3 2 0 3 1 2 2 4 0 0 1 2 0 1
5 5 26 28 23 51 48 25 29 44 3 49
6 5 16 21 36 33 6 42 9 39 43 13 11
#c 0 4 0 2 4 0 1 0 3 2 0 2 3 2 3 4 1 3 3 4 0 1 4 1 4 2 1 3 1 2 4 3 4 1 3 0 1 4 3 2 0 3 1 2 2 4 0 0 1 2 0 1
4 4 13 3 49 43 37 4 19 22
6 6 9 44 29 39 11 25 24 15 30 45 32 1
#c 0 4 0 4 2 0 1 0 3 2 0 2 3 4 3 4 1 3 3 2 0 1 2 1 4 2 1 3 1 2 4 3 4 1 3 0 1 2 3 2 0 3 1 4 2 4 0 0 1 4 0 1
4 4 41 34 14 27 48 28 36 42
6 7 8 38 31 18 12 17 16 21 26 23 33 51 6
#c 0 4 0 4 2 0 1 0 3 2 0 2 3 4 3 4 1 3 3 2 0 1 2 1 4 2 1 3 1 2 4 3 4 1 3 0 1 2 3 2 0 3 1 4 2 4 0 0 1 4 0 1
#c 0 4 0 4 2 0 1 0 3 2 0 2 3 4 3 4 1 3 3 2 0 1 2 1 4 2 1 3 1 2 4 3 4 1 3 0 1 2 3 2 0 3 1 4 2 4 0 0 1 4 0 1
2 3 50 47 27 38 12
9 7 0 5 10 20 35 40 2 7 46 8 41 31 18 34 14 17
#c 0 4 0 4 2 0 1 0 3 2 0 2 3 4 3 4 1 3 3 2 0 1 2 1 4 2 1 3 1 2 4 3 4 1 3 0 1 2 3 2 0 3 1 4 2 4 0 0 1 4 0 1
1 1 23 38
10 9 16 21 26 36 28 48 33 51 6 42 8 41 31 18 27 12 34 14 17
#c 0 4 0 4 2 0 1 0 3 2 0 2 3 4 3 4 1 3 3 2 0 1 2 1 4 2 1 3 1 2 4 3 4 1 3 0 1 2 3 2 0 3 1 4 2 4 0 0 1 4 0 1
#c 0 4 0 4 2 0 1 0 3 2 0 2 3 4 3 4 1 3 3 2 0 1 2 1 4 2 1 3 1 2 4 3 4 1 3 0 1 2 3 2 0 3 1 4 2 4 0 0 1 4 0 1
5 3 41 18 12 17 31 19 22 25
5 7 8 38 27 34 14 9 44 29 39 11 37 4
#c 0 4 0 4 2 0 1 0 3 2 0 2 3 4 3 4 1 3 3 2 0 1 2 1 4 2 1 3 1 2 4 3 4 1 3 0 1 2 3 2 0 3 1 4 2 4 0 0 1 4 0 1
3 1 13 43 32 10
7 10 24 15 30 45 1 3 49 0 5 20 35 40 50 47 2 7 46
#c 0 4 0 4 2 0 1 0 3 2 0 2 3 4 3 4 1 3 3 2 0 1 2 1 4 2 1 3 1 2 4 3 4 1 3 0 1 2 3 2 0 3 1 4 2 4 0 0 1 4 0 1
1 1 5 13
10 9 0 10 20 35 40 50 47 2 7 46 24 15 30 45 32 1 3 49 43
#c 0 4 0 4 2 0 1 0 3 2 0 2 3 4 3 4 1 3 3 2 0 1 2 1 4 2 1 3 1 2 4 3 4 1 3 0 1 2 3 2 0 3 1 4 2 4 0 0 1 4 0 1
4 4 42 26 36 48 4 11 29 9
7 6 16 21 23 28 33 51 6 44 39 25 37 19 22
#c 0 4 0 4 2 0 1 0 3 2 0 2 3 4 3 4 1 3 3 2 0 1 2 1 4 2 1 3 1 2 4 3 4 1 3 0 1 2 3 2 0 3 1 4 2 4 0 0 1 4 0 1
2 2 25 29 40 7
8 9 9 44 39 11 37 4 19 22 0 5 10 20 35 50 47 2 46
#c 0 4 0 4 2 0 1 0 3 2 0 2 3 4 3 4 1 3 3 2 0 1 2 1 4 2 1 3 1 2 4 3 4 1 3 0 1 2 3 2 0 3 1 4 2 4 0 0 1 4 0 1
3 3 27 41 8 19 37 9
7 7 38 31 18 12 34 14 17 44 29 39 11 25 4 22
#c 0 4 0 4 2 0 1 0 2 3 0 2 3 4 3 4 1 3 3 3 0 1 2 1 4 2 1 2 1 2 4 3 4 1 3 0 1 3 3 2 0 2 1 4 2 4 0 0 1 4 0 1
2 2 45 30 26 36
8 9 24 15 32 1 13 3 49 43 16 21 23 28 48 33 51 6 42
#c 0 4 0 4 2 0 1 0 2 3 0 2 3 4 3 4 1 3 3 3 0 1 2 1 4 2 1 2 1 2 4 3 4 1 3 0 1 3 3 2 0 2 1 4 2 4 0 0 1 4 0 1
3 3 35 50 5 3 15 1
8 7 0 10 20 40 47 2 7 46 24 30 45 32 13 49 43
#c 0 4 0 4 2 0 1 0 2 3 0 2 3 4 3 4 1 3 3 3 0 1 2 1 4 2 1 2 1 2 4 3 4 1 3 0 1 3 3 2 0 2 1 4 2 4 0 0 1 4 0 1
5 5 51 6 21 16 23 44 41 39 22 8
6 5 26 36 28 48 33 42 29 11 25 4 27
#c 0 4 0 4 2 0 1 0 2 3 0 2 3 4 3 4 1 3 3 3 0 1 2 1 4 2 1 2 1 2 4 3 4 1 3 0 1 3 3 2 0 2 1 4 2 4 0 0 1 4 0 1
5 5 11 22 29 41 39 38 17 34 14 9
5 5 44 25 4 27 8 31 18 12 19 37
#c 0 4 0 4 2 0 1 0 2 3 0 2 3 4 3 4 1 3 3 3 0 1 2 1 4 2 1 2 1 2 4 3 4 1 3 0 1 3 3 2 0 2 1 4 2 4 0 0 1 4 0 1
2 2 38 31 25 29
8 8 18 12 34 14 17 19 37 9 44 39 11 4 22 27 41 8
#c 0 4 0 4 2 0 1 0 2 3 0 2 3 4 3 4 1 3 3 3 0 1 2 1 4 2 1 2 1 2 4 3 4 1 3 0 1 3 3 2 0 2 1 4 2 4 0 0 1 4 0 1
3 3 49 43 15 16 33 28
7 8 24 30 45 32 1 13 3 21 26 36 23 48 51 6 42
#c 0 4 0 4 2 0 1 0 2 3 0 2 3 4 3 4 1 3 3 3 0 1 2 1 4 2 1 2 1 2 4 3 4 1 3 0 1 3 3 2 0 2 1 4 2 4 0 0 1 4 0 1
4 4 46 20 2 35 34 18 31 37
7 6 0 5 10 40 50 47 7 38 12 14 17 19 9
#c 0 4 0 4 2 0 1 0 2 3 0 2 3 4 3 4 1 3 3 3 0 1 2 1 4 2 1 2 1 2 4 3 4 1 3 0 1 3 3 2 0 2 1 4 2 4 0 0 1 4 0 1
#c 0 4 0 4 2 0 1 0 2 3 0 2 3 4 3 4 1 3 3 3 0 1 2 1 4 2 1 2 1 2 4 3 4 1 3 0 1 3 3 2 0 2 1 4 2 4 0 0 1 4 0 1
4 4 22 41 44 25 6 26 23 42
6 7 29 39 11 4 27 8 16 21 36 28 48 33 51
#c 0 4 0 4 2 0 1 0 2 3 0 2 3 4 3 4 1 3 3 3 0 1 2 1 4 2 1 2 1 2 4 3 4 1 3 0 1 3 3 2 0 2 1 4 2 4 0 0 1 4 0 1
3 2 17 18 19 6 33
7 9 38 31 12 34 14 37 9 16 21 26 36 23 28 48 51 42
#c 0 4 0 4 2 0 1 0 2 3 0 2 3 4 3 4 1 3 3 3 0 1 2 1 4 2 1 2 1 2 4 3 4 1 3 0 1 3 3 2 0 2 1 4 2 4 0 0 1 4 0 1
4 4 43 24 30 32 40 35 7 50
6 7 15 45 1 13 3 49 0 5 10 20 47 2 46
#c 0 4 0 4 2 0 1 0 2 3 0 2 3 4 3 4 1 3 3 3 0 1 2 1 4 2 1 2 1 2 4 3 4 1 3 0 1 3 3 2 0 2 1 4 2 4 0 0 1 4 0 1
1 3 5 17 38 31
10 7 0 10 20 35 40 50 47 2 7 46 18 12 34 14 19 37 9
#c 0 4 0 4 2 0 1 0 2 3 0 2 3 4 3 4 1 3 3 3 0 1 2 1 4 2 1 2 1 2 4 3 4 1 3 0 1 3 3 2 0 2 1 4 2 4 0 0 1 4 0 1
5 5 28 6 48 36 26 40 7 46 0 2
6 6 16 21 23 33 51 42 5 10 20 35 50 47
#c 0 4 0 4 2 0 1 0 2 3 0 2 3 4 3 4 1 3 3 3 0 1 2 1 4 2 1 2 1 2 4 3 4 1 3 0 1 3 3 2 0 2 1 4 2 4 0 0 1 4 0 1
3 3 27 8 4 26 51 48
7 8 44 29 39 11 25 22 41 16 21 36 23 28 33 6 42
#c 0 4 0 4 2 0 1 0 2 3 0 2 3 4 3 4 1 3 3 3 0 1 2 1 4 2 1 2 1 2 4 3 4 1 3 0 1 3 3 2 0 2 1 4 2 4 0 0 1 4 0 1
#c 0 4 0 4 2 0 1 0 2 3 0 2 3 4 3 4 1 3 3 3 0 1 2 1 4 2 1 2 1 2 4 3 4 1 3 0 1 3 3 2 0 2 1 4 2 4 0 0 1 4 0 1
5 6 24 43 3 1 15 11 29 39 27 8 22
5 4 30 45 32 13 49 44 25 4 41
#c 0 4 0 4 2 0 1 0 2 3 0 2 3 4 3 4 1 3 3 3 0 1 2 1 4 2 1 2 1 2 4 3 4 1 3 0 1 3 3 2 0 2 1 4 2 4 0 0 1 4 0 1
3 3 0 46 47 21 16 6
8 8 5 10 20 35 40 50 2 7 26 36 23 28 48 33 51 42
#c 0 4 0 4 2 0 1 0 2 3 0 2 3 4 3 4 1 3 3 3 0 1 2 1 4 2 1 2 1 2 4 3 4 1 3 0 1 3 3 2 0 2 1 4 2 4 0 0 1 4 0 1
#c 0 4 0 4 2 0 1 0 2 3 0 2 3 4 3 4 1 3 3 3 0 1 2 1 4 2 1 2 1 2 4 3 4 1 3 0 1 3 3 2 0 2 1 4 2 4 0 0 1 4 0 1
5 5 22 41 25 27 39 34 9 14 38 17
5 5 44 29 11 4 8 31 18 12 19 37
#c 0 4 0 4 2 0 1 0 2 3 0 2 3 4 3 4 1 3 3 3 0 1 2 1 4 2 1 2 1 2 4 3 4 1 3 0 1 3 3 2 0 2 1 4 2 4 0 0 1 4 0 1
#c 0 4 0 4 2 0 1 0 2 3 0 2 3 4 3 4 1 3 3 3 0 1 2 1 4 2 1 2 1 2 4 3 4 1 3 0 1 3 3 2 0 2 1 4 2 4 0 0 1 4 0 1
4 4 32 15 1 30 41 8 11 39
6 6 24 45 13 3 49 43 44 29 25 4 22 27
#c 0 4 0 4 2 0 1 0 2 3 0 2 3 4 3 4 1 3 3 3 0 1 2 1 4 2 1 2 1 2 4 3 4 1 3 0 1 3 3 2 0 2 1 4 2 4 0 0 1 4 0 1
2 2 10 0 11 39
9 8 5 20 35 40 50 47 2 7 46 44 29 25 4 22 27 41 8
#c 0 4 0 4 2 0 1 0 2 3 0 2 3 4 3 4 1 3 3 3 0 1 2 1 4 2 1 2 1 2 4 3 4 1 3 0 1 3 3 2 0 2 1 4 2 4 0 0 1 4 0 1
3 3 21 26 36 32 49 45
8 7 16 23 28 48 33 51 6 42 24 15 30 1 13 3 43
#c 0 4 0 4 2 0 1 0 2 3 0 2 3 4 3 4 1 3 3 3 0 4 2 1 4 2 4 2 1 2 4 3 1 1 3 0 4 3 3 2 0 2 1 4 2 1 0 0 1 1 0 1
1 1 11 50
9 10 44 29 39 25 4 22 27 41 8 0 5 10 20 35 40 47 2 7 46
#c 0 4 0 4 2 0 1 0 2 3 0 2 3 4 3 4 1 3 3 3 0 4 2 1 4 2 4 2 1 2 4 3 1 1 3 0 4 3 3 2 0 2 1 4 2 1 0 0 1 1 0 1
2 2 14 19 35 46
8 9 38 31 18 12 34 17 37 9 0 5 10 20 40 50 47 2 7
#c 0 4 0 4 2 0 1 0 2 3 0 2 3 4 3 4 1 3 3 3 0 4 2 1 4 2 4 2 1 2 4 3 1 1 3 0 4 3 3 2 0 2 1 4 2 1 0 0 1 1 0 1
5 6 26 43 3 13 15 4 11 41 44 25 39
5 4 24 30 1 21 36 29 22 27 8
#c 0 4 0 4 2 0 1 0 2 3 0 2 3 4 3 4 1 3 3 3 0 4 2 1 4 2 4 2 1 2 4 3 1 1 3 0 4 3 3 2 0 2 1 4 2 1 0 0 1 1 0 1
3 3 50 35 0 36 15 13
8 7 5 10 20 40 47 2 7 46 24 30 1 3 43 21 26
#c 0 4 0 4 2 0 1 0 2 3 0 2 3 4 3 4 1 3 3 3 0 4 2 1 4 2 4 2 1 2 4 3 1 1 3 0 4 3 3 2 0 2 1 4 2 1 0 0 1 1 0 1
4 4 42 33 23 48 46 20 35 50
7 7 16 28 51 6 32 49 45 0 5 10 40 47 2 7
#c 0 4 0 4 2 0 1 0 2 3 0 2 3 4 3 4 1 3 3 3 0 4 2 1 4 2 4 2 1 2 4 3 1 1 3 0 4 3 3 2 0 2 1 4 2 1 0 0 1 1 0 1
#c 0 4 0 4 2 0 1 0 2 3 0 2 3 4 3 4 1 3 3 3 0 4 2 1 4 2 4 2 1 2 4 3 1 1 3 0 4 3 3 2 0 2 1 4 2 1 0 0 1 1 0 1
5 6 18 34 19 37 17 22 27 44 11 39 25
5 4 38 31 12 14 9 29 4 41 8
#c 0 4 0 4 2 0 1 0 2 3 0 2 3 4 3 4 1 3 3 3 0 4 2 1 4 2 4 2 1 2 4 3 1 1 3 0 4 3 3 2 0 2 1 4 2 1 0 0 1 1 0 1
1 1 3 47
9 10 24 15 30 1 13 43 21 26 36 0 5 10 20 35 40 50 2 7 46
#c 0 4 0 4 2 0 1 0 2 3 0 2 3 4 3 4 1 3 3 3 0 4 2 1 4 2 4 2 1 2 4 3 1 1 3 0 4 3 3 2 0 2 1 4 2 1 0 0 1 1 0 1
4 3 7 47 20 50 24 13 15
7 7 0 5 10 35 40 2 46 30 1 3 43 21 26 36
#c 0 4 0 4 2 0 1 0 2 3 0 2 3 4 3 4 1 3 3 3 0 4 2 1 4 2 4 2 1 2 4 3 1 1 3 0 4 3 3 2 0 2 1 4 2 1 0 0 1 1 0 1
5 5 23 28 33 45 42 8 44 4 41 29
6 5 16 48 51 6 32 49 39 11 25 22 27
#c 0 4 0 4 2 0 1 0 2 3 0 2 3 4 3 4 1 3 3 3 0 4 2 1 4 2 4 2 1 2 4 3 1 1 3 0 4 3 3 2 0 2 1 4 2 1 0 0 1 1 0 1
3 4 44 29 11 46 40 0 20
7 7 39 25 4 22 27 41 8 5 10 35 50 47 2 7
#c 0 4 0 4 2 0 1 0 2 3 0 2 3 4 3 4 1 3 3 3 0 4 2 1 4 2 4 2 1 2 4 3 1 1 3 0 4 3 3 2 0 2 1 4 2 1 0 0 1 1 0 1
3 3 38 37 18 7 50 2
7 8 31 12 34 14 17 19 9 0 5 10 20 35 40 47 46
#c 0 4 0 4 2 0 1 0 2 3 0 2 3 4 3 4 1 3 3 3 0 4 2 1 4 2 4 2 1 2 4 3 1 1 3 0 4 3 3 2 0 2 1 4 2 1 0 0 1 1 0 1
5 5 26 30 24 21 43 47 5 10 0 20
5 6 15 1 13 3 36 35 40 50 2 7 46
#c 0 4 0 4 2 0 1 0 2 3 0 2 3 4 3 4 1 3 3 3 0 4 2 1 4 2 4 2 1 2 4 3 1 1 3 0 4 3 3 2 0 2 1 4 2 1 0 0 1 1 0 1
1 1 47 45
10 10 0 5 10 20 35 40 50 2 7 46 16 23 28 48 33 51 6 42 32 49
#c 0 4 0 4 2 0 1 0 2 3 0 2 3 4 3 4 1 3 3 3 0 4 2 1 4 2 4 2 1 2 4 3 1 1 3 0 4 3 3 2 0 2 1 4 2 1 0 0 1 1 0 1
4 4 23 49 6 45 43 36 3 1
7 6 16 28 48 33 51 42 32 24 15 30 13 21 26
#c 0 4 0 4 2 0 1 0 2 3 0 2 3 4 3 4 1 3 3 3 0 4 2 1 4 2 4 2 1 2 4 3 1 1 3 0 4 3 3 2 0 2 1 4 2 1 0 0 1 1 0 1
2 3 27 39 33 16 42
8 8 44 29 11 25 4 22 41 8 23 28 48 51 6 32 49 45
#c 0 4 0 4 2 0 1 0 2 3 0 2 3 4 3 4 1 3 3 3 0 4 2 1 4 2 4 2 1 2 4 3 1 1 3 0 4 3 3 2 0 2 1 4 2 1 0 0 1 1 0 1
#c 0 4 0 4 2 0 1 0 2 3 0 2 3 4 3 4 1 3 3 3 0 4 2 1 4 2 4 2 1 2 4 3 1 1 3 0 4 3 3 2 0 2 1 4 2 1 0 0 1 1 0 1
#c 0 4 0 4 2 0 1 0 2 3 0 2 3 4 3 4 1 3 3 3 0 4 2 1 4 2 4 2 1 2 4 3 1 1 3 0 4 3 3 2 0 2 1 4 2 1 0 0 1 1 0 1
2 2 46 40 15 3
9 8 0 5 10 20 35 50 47 2 7 24 30 1 13 43 21 26 36
#c 0 4 0 4 2 0 1 0 2 3 0 2 3 4 3 4 1 3 3 3 0 4 2 1 4 2 4 2 1 2 4 3 1 1 3 0 4 3 3 2 0 2 1 4 2 1 0 0 1 1 0 1
1 1 51 29
10 9 16 23 28 48 33 6 42 32 49 45 44 39 11 25 4 22 27 41 8
#c 0 4 0 4 2 0 1 0 2 3 0 2 3 4 3 4 1 3 3 3 0 4 2 1 4 2 4 2 1 2 4 3 1 1 3 0 4 3 3 2 0 2 1 4 2 1 0 0 1 1 0 1
#c 0 4 0 4 2 0 1 0 2 3 0 2 3 4 3 4 1 3 3 3 0 4 2 1 4 2 4 2 1 2 4 3 1 1 3 0 4 3 3 2 0 2 1 4 2 1 0 0 1 1 0 1
5 5 9 12 37 19 18 5 50 46 10 47
5 6 38 31 34 14 17 0 20 35 40 2 7
#c 0 4 0 4 2 0 1 0 2 3 0 2 3 4 3 4 1 3 3 3 0 4 2 1 4 2 4 2 1 2 4 3 1 1 3 0 4 3 3 2 0 2 1 4 2 1 0 0 1 1 0 1
1 1 13 2
9 10 24 15 30 1 3 43 21 26 36 0 5 10 20 35 40 50 47 7 46
#c 0 4 4 4 2 0 1 0 2 3 0 2 3 0 3 4 1 3 3 3 0 4 2 1 4 2 4 2 1 2 4 3 1 1 3 0 4 3 3 2 0 2 1 4 2 1 0 0 1 1 0 1
3 3 20 13 50 22 8 25
8 7 0 5 10 35 40 47 7 46 44 29 39 11 4 27 41
#c 0 4 4 4 2 0 1 0 2 3 0 2 3 0 3 4 1 3 3 3 0 4 2 1 4 2 4 2 1 2 4 3 1 1 3 0 4 3 3 2 0 2 1 4 2 1 0 0 1 1 0 1
4 4 48 45 32 33 3 30 15 36
7 6 16 23 28 51 6 42 49 24 1 43 21 26 2
#c 0 4 4 4 2 0 1 0 2 3 0 2 3 0 3 4 1 3 3 3 0 4 2 1 4 2 4 2 1 2 4 3 1 1 3 0 4 3 3 2 0 2 1 4 2 1 0 0 1 1 0 1
3 3 8 39 4 12 17 31
7 7 44 29 11 25 22 27 41 38 18 34 14 19 37 9
#c 0 4 4 4 2 0 1 0 2 3 0 2 3 0 3 4 1 3 3 3 0 4 2 1 4 2 4 2 1 2 4 3 1 1 3 0 4 3 3 2 0 2 1 4 2 1 0 0 1 1 0 1
5 5 17 19 34 18 9 13 10 47 0 46
5 6 38 31 12 14 37 5 20 35 40 50 7
#c 0 4 4 4 2 0 1 0 2 3 0 2 3 0 3 4 1 3 3 3 0 4 2 1 4 2 4 2 1 2 4 3 1 1 3 0 4 3 3 2 0 2 1 4 2 1 0 0 1 1 0 1
3 3 24 26 21 8 41 25
7 7 15 30 1 3 43 36 2 44 29 39 11 4 22 27
#c 0 4 4 4 2 0 1 0 2 3 0 2 3 0 3 4 1 3 3 3 0 4 2 1 4 2 4 2 1 2 4 3 1 1 3 0 4 3 3 2 0 2 1 4 2 1 0 0 1 1 0 1
#c 0 4 4 4 2 0 1 0 2 3 0 2 3 0 3 4 1 3 3 3 0 4 2 1 4 2 4 2 1 2 4 3 1 1 3 0 4 3 3 2 0 2 1 4 2 1 0 0 1 1 0 1
5 5 33 51 48 16 6 9 12 31 14 17
6 5 23 28 42 32 49 45 38 18 34 19 37
#c 0 4 4 4 2 0 1 0 2 3 0 2 3 0 3 4 1 3 3 3 0 4 2 1 4 2 4 2 1 2 4 3 1 1 3 0 4 3 3 2 0 2 1 4 2 1 0 0 1 1 0 1
3 3 25 44 29 14 12 34
7 7 39 11 4 22 27 41 8 38 31 18 17 19 37 9
#c 0 4 4 4 2 0 1 0 2 3 0 2 3 0 3 4 1 3 3 3 0 4 2 1 4 2 4 2 1 2 4 3 1 1 3 0 4 3 3 2 0 2 1 4 2 1 0 0 1 1 0 1
1 1 38 7
9 10 31 18 12 34 14 17 19 37 9 0 5 10 20 35 40 50 47 46 13
#c 0 4 4 4 2 0 1 0 2 3 0 2 3 0 3 4 1 3 3 3 0 4 2 1 4 2 4 2 1 2 4 3 1 1 3 0 4 3 3 2 0 2 1 4 2 1 0 0 1 1 0 1
#c 0 4 4 4 2 0 1 0 2 3 0 2 3 0 3 4 1 3 3 3 0 4 2 1 4 2 4 2 1 2 4 3 1 1 3 0 4 3 3 2 0 2 1 4 2 1 0 0 1 1 0 1
2 3 5 13 30 36 15
9 7 0 10 20 35 40 50 47 7 46 24 1 3 43 21 26 2
#c 0 4 4 4 2 0 1 0 2 3 0 2 3 0 3 4 1 3 3 3 0 4 2 1 4 2 4 2 1 2 4 3 1 1 3 0 4 3 3 2 0 2 1 4 2 1 0 0 1 1 0 1
3 3 49 16 51 2 30 15
8 7 23 28 48 33 6 42 32 45 24 1 3 43 21 26 36
#c 0 4 4 4 2 0 1 0 2 3 0 2 3 0 3 4 1 3 3 3 0 4 2 1 4 2 4 2 1 2 4 3 1 1 3 0 4 3 3 2 0 2 1 4 2 1 0 0 1 1 0 1
2 2 27 39 26 3
8 8 44 29 11 25 4 22 41 8 24 15 30 1 43 21 36 2
#c 0 4 4 4 2 0 1 0 2 3 0 2 3 0 3 4 1 3 3 3 0 4 2 1 4 2 4 2 1 2 4 3 1 1 3 0 4 3 3 2 0 2 1 4 2 1 0 0 1 1 0 1
2 2 18 17 10 13
8 9 38 31 12 34 14 19 37 9 0 5 20 35 40 50 47 7 46
#c 0 4 4 4 2 0 1 0 2 3 0 2 3 0 3 4 1 3 3 3 0 4 2 1 4 2 4 2 1 2 4 3 1 1 3 0 4 3 3 2 0 2 1 4 2 1 0 0 1 1 0 1
5 5 3 1 24 15 30 48 42 6 45 49
5 6 43 21 26 36 2 16 23 28 33 51 32
#c 0 4 4 4 2 0 1 0 2 3 0 2 3 0 3 4 1 3 3 3 0 4 2 1 4 2 4 2 1 2 4 3 1 1 3 0 4 3 3 2 0 2 1 4 2 1 0 0 1 1 0 1
3 1 10 13 50 11
8 9 0 5 20 35 40 47 7 46 44 29 39 25 4 22 27 41 8
#c 0 4 4 4 2 0 1 0 2 3 0 2 3 0 3 4 1 3 3 3 0 4 2 1 4 2 4 2 1 2 4 3 1 1 3 0 4 3 3 2 0 2 1 4 2 1 0 0 1 1 0 1
#c 0 4 4 4 2 0 1 0 2 3 0 2 3 0 3 4 1 3 3 3 0 4 2 1 4 2 4 2 1 2 4 3 1 1 3 0 4 3 3 2 0 2 1 4 2 1 0 0 1 1 0 1
#c 0 4 4 4 2 0 1 0 2 3 0 2 3 0 3 4 1 3 3 3 0 4 2 1 4 2 4 2 1 2 4 3 1 1 3 0 4 3 3 2 0 2 1 4 2 1 0 0 1 1 0 1
3 3 12 19 18 50 10 7
7 8 38 31 34 14 17 37 9 0 5 20 35 40 47 46 13
#c 0 4 4 4 2 0 1 0 2 3 0 2 3 0 3 4 1 3 3 3 0 4 2 1 4 2 4 2 1 2 4 3 1 1 3 0 4 3 3 2 0 2 1 4 2 1 0 0 1 1 0 1
5 5 3 24 2 21 26 32 6 42 33 16
5 6 15 30 1 43 36 23 28 48 51 49 45
#c 0 4 4 4 2 0 1 0 2 3 0 2 3 0 3 4 1 3 3 3 0 4 2 1 4 2 4 2 1 2 4 3 1 1 3 0 4 3 3 2 0 2 1 4 2 1 0 0 1 1 0 1
5 6 47 0 35 5 10 39 25 44 4 11 22
6 4 20 40 50 7 46 13 29 27 41 8
#c 0 4 4 4 2 0 1 0 2 3 0 2 3 0 3 4 1 3 3 3 0 4 2 1 4 2 4 2 1 2 4 3 1 1 3 0 4 3 3 2 0 2 1 4 2 1 0 0 1 1 0 1
5 5 45 32 28 33 6 31 17 18 19 12
6 5 16 23 48 51 42 49 38 34 14 37 9
#c 0 4 4 4 2 0 1 0 2 3 0 2 3 0 3 4 1 3 3 3 0 4 2 1 4 2 4 2 1 2 4 3 1 1 3 0 4 3 3 2 0 2 1 4 2 1 0 0 1 1 0 1
#c 0 4 4 4 2 0 1 0 2 3 0 2 3 0 3 4 1 3 3 3 0 4 2 1 4 2 4 2 1 2 4 3 1 1 3 0 4 3 3 2 0 2 1 4 2 1 0 0 1 1 0 1
1 2 19 8 41
9 8 38 31 18 12 34 14 17 37 9 44 29 39 11 25 4 22 27
#c 0 4 4 4 2 0 1 0 2 3 0 2 3 0 3 4 1 3 3 3 0 4 2 1 4 2 4 2 1 2 4 3 1 1 3 0 4 3 3 2 0 2 1 4 2 1 0 0 1 1 0 1
2 2 43 24 29 44
8 8 15 30 1 3 21 26 36 2 39 11 25 4 22 27 41 8
#c 0 4 4 4 2 0 1 0 2 3 0 2 3 0 3 4 1 3 3 3 0 4 2 1 4 2 4 2 1 2 4 3 1 1 3 0 4 3 3 2 0 2 1 4 2 1 0 0 1 1 0 1
#c 0 4 4 4 2 0 1 0 2 3 0 2 3 0 3 4 1 3 3 3 0 4 2 1 4 2 4 2 1 2 4 3 1 1 3 0 4 3 3 2 0 2 1 4 2 1 0 0 1 1 0 1
#c 0 4 4 4 2 0 1 0 2 3 0 2 3 0 3 4 1 3 3 3 0 4 2 1 4 2 4 2 1 2 4 3 1 1 3 0 4 3 3 2 0 2 1 4 2 1 0 0 1 1 0 1
#c 0 4 4 4 2 0 1 0 2 3 0 2 3 0 3 4 1 3 3 3 0 4 2 1 4 2 4 2 1 2 4 3 1 1 3 0 4 3 3 2 0 2 1 4 2 1 0 0 1 1 0 1
2 2 37 34 40 47
8 9 38 31 18 12 14 17 19 9 0 5 10 20 35 50 7 46 13
#c 0 4 4 4 2 0 1 0 2 3 0 2 3 0 3 4 1 3 3 3 0 4 2 1 4 2 4 2 1 2 4 3 1 1 3 0 4 3 3 2 0 2 1 4 2 1 0 0 1 1 0 1
4 5 1 21 43 30 11 4 41 39 27
6 5 24 15 3 26 36 2 44 29 25 22 8
#c 0 4 4 4 2 0 1 0 2 3 0 2 3 0 3 4 1 3 3 3 0 4 2 1 4 2 4 2 1 2 4 3 1 1 3 0 4 3 3 2 0 2 1 4 2 1 0 0 1 1 0 1
#c 0 4 4 4 2 0 1 0 2 3 0 2 3 0 3 4 1 3 3 3 0 4 2 1 4 2 4 2 1 2 4 3 1 1 3 0 4 3 3 2 0 2 1 4 2 1 0 0 1 1 0 1
#c 0 4 4 4 2 0 1 0 2 3 0 2 3 0 3 4 1 3 3 3 0 4 2 1 4 2 4 2 1 2 4 3 1 1 3 0 4 3 3 2 0 2 1 4 2 1 0 0 1 1 0 1
2 2 4 22 0 47
8 9 44 29 39 11 25 27 41 8 5 10 20 35 40 50 7 46 13
#c 0 4 4 4 2 0 1 0 2 3 0 2 3 0 3 4 1 3 3 3 0 4 2 1 4 2 4 2 1 2 4 3 1 1 3 0 4 3 3 2 0 2 1 4 2 1 0 0 1 1 0 1
1 1 38 5
9 10 31 18 12 34 14 17 19 37 9 0 10 20 35 40 50 47 7 46 13
#c 0 4 4 4 2 0 1 0 2 3 0 2 3 0 3 4 1 3 3 3 0 4 2 1 4 2 4 2 1 2 4 3 1 1 3 0 4 3 3 2 0 2 1 4 2 1 0 0 1 1 0 1
5 5 21 30 36 3 26 46 0 47 40 10
5 6 24 15 1 43 2 5 20 35 50 7 13
#c 4 4 4 0 2 0 1 0 2 3 4 2 3 0 3 4 1 3 3 3 0 0 2 1 4 2 0 2 1 2 0 3 1 1 3 0 0 3 3 2 4 2 1 4 2 1 4 4 1 1 0 1
#c 4 4 4 0 2 0 1 0 2 3 4 2 3 0 3 4 1 3 3 3 0 0 2 1 4 2 0 2 1 2 0 3 1 1 3 0 0 3 3 2 4 2 1 4 2 1 4 4 1 1 0 1
4 4 23 49 48 45 8 22 39 29
7 6 16 28 33 51 6 42 32 44 11 25 4 27 41
#c 4 4 4 0 2 0 1 0 2 3 4 2 3 0 3 4 1 3 3 3 0 0 2 1 4 2 0 2 1 2 0 3 1 1 3 0 0 3 3 2 4 2 1 4 2 1 4 4 1 1 0 1
3 3 8 22 11 14 34 19
7 7 44 29 39 25 4 27 41 38 31 18 12 17 37 9
#c 4 4 4 0 2 0 1 0 2 3 4 2 3 0 3 4 1 3 3 3 0 0 2 1 4 2 0 2 1 2 0 3 1 1 3 0 0 3 3 2 4 2 1 4 2 1 4 4 1 1 0 1
#c 4 4 4 0 2 0 1 0 2 3 4 2 3 0 3 4 1 3 3 3 0 0 2 1 4 2 0 2 1 2 0 3 1 1 3 0 0 3 3 2 4 2 1 4 2 1 4 4 1 1 0 1
#c 4 4 4 0 2 0 1 0 2 3 4 2 3 0 3 4 1 3 3 3 0 0 2 1 4 2 0 2 1 2 0 3 1 1 3 0 0 3 3 2 4 2 1 4 2 1 4 4 1 1 0 1
4 4 35 20 36 13 18 38 19 9
7 6 5 50 7 21 30 3 26 31 12 34 14 17 37
#c 4 4 4 0 2 0 1 0 2 3 4 2 3 0 3 4 1 3 3 3 0 0 2 1 4 2 0 2 1 2 0 3 1 1 3 0 0 3 3 2 4 2 1 4 2 1 4 4 1 1 0 1
1 1 48 40
10 9 16 23 28 33 51 6 42 32 49 45 24 15 1 43 2 46 0 47 10
#c 4 4 4 0 2 0 1 0 2 3 4 2 3 0 3 4 1 3 3 3 0 0 2 1 4 2 0 2 1 2 0 3 1 1 3 0 0 3 3 2 4 2 1 4 2 1 4 4 1 1 0 1
2 2 27 4 18 38
8 8 44 29 39 11 25 22 41 8 31 12 34 14 17 19 37 9
#c 4 4 4 0 2 0 1 0 2 3 4 2 3 0 3 4 1 3 3 3 0 0 2 1 4 2 0 2 1 2 0 3 1 1 3 0 0 3 3 2 4 2 1 4 2 1 4 4 1 1 0 1
#c 4 4 4 0 2 0 1 0 2 3 4 2 3 0 3 4 1 3 3 3 0 0 2 1 4 2 0 2 1 2 0 3 1 1 3 0 0 3 3 2 4 2 1 4 2 1 4 4 1 1 0 1
2 2 2 10 20 50
8 9 24 15 1 43 46 0 47 40 5 35 7 13 21 30 36 3 26
#c 4 4 4 0 2 0 1 0 2 3 4 2 3 0 3 4 1 3 3 3 0 0 2 1 4 2 0 2 1 2 0 3 1 1 3 0 0 3 3 2 4 2 1 4 2 1 4 4 1 1 0 1
5 4 13 35 7 5 50 14 18 37 19
6 6 20 21 30 36 3 26 38 31 12 34 17 9
#c 4 4 4 0 2 0 1 0 2 3 4 2 3 0 3 4 1 3 3 3 0 0 2 1 4 2 0 2 1 2 0 3 1 1 3 0 0 3 3 2 4 2 1 4 2 1 4 4 1 1 0 1
1 2 42 22 27
10 8 16 23 28 48 33 51 6 32 49 45 44 29 39 11 25 4 41 8
#c 4 4 4 0 2 0 1 0 2 3 4 2 3 0 3 4 1 3 3 3 0 0 2 1 4 2 0 2 1 2 0 3 1 1 3 0 0 3 3 2 4 2 1 4 2 1 4 4 1 1 0 1
5 5 29 41 44 11 4 2 46 43 40 0
5 5 39 25 22 27 8 24 15 1 47 10
#c 4 4 4 0 2 0 1 0 2 3 4 2 3 0 3 4 1 3 3 3 0 0 2 1 4 2 0 2 1 2 0 3 1 1 3 0 0 3 3 2 4 2 1 4 2 1 4 4 1 1 0 1
#c 4 4 4 0 2 0 1 0 2 3 4 2 3 0 3 4 1 3 3 3 0 0 2 1 4 2 0 2 1 2 0 3 1 1 3 0 0 3 3 2 4 2 1 4 2 1 4 4 1 1 0 1
3 4 47 2 1 4 44 25 29
7 6 24 15 43 46 0 40 10 39 11 22 27 41 8
#c 4 4 4 0 2 0 1 0 2 3 4 2 3 0 3 4 1 3 3 3 0 0 2 1 4 2 0 2 1 2 0 3 1 1 3 0 0 3 3 2 4 2 1 4 2 1 4 4 1 1 0 1
1 1 5 2
10 9 20 35 50 7 13 21 30 36 3 26 24 15 1 43 46 0 47 40 10
#c 4 4 4 0 2 0 1 0 2 3 4 2 3 0 3 4 1 3 3 3 0 0 2 1 4 2 0 2 1 2 0 3 1 1 3 0 0 3 3 2 4 2 1 4 2 1 4 4 1 1 0 1
2 3 45 33 26 13 7
9 8 16 23 28 48 51 6 42 32 49 5 20 35 50 21 30 36 3
#c 4 4 4 0 2 0 1 0 2 3 4 2 3 0 3 4 1 3 3 3 0 0 2 1 4 2 0 2 1 2 0 3 1 1 3 0 0 3 3 2 4 2 1 4 2 1 4 4 1 1 0 1
5 5 25 39 29 8 11 14 18 17 37 38
5 5 44 4 22 27 41 31 12 34 19 9
#c 4 4 4 0 2 0 1 0 2 3 4 2 3 0 3 4 1 3 3 3 0 0 2 1 4 2 0 2 1 2 0 3 1 1 3 0 0 3 3 2 4 2 1 4 2 1 4 4 1 1 0 1
2 2 38 37 50 35
8 9 31 18 12 34 14 17 19 9 5 20 7 13 21 30 36 3 26
#c 4 4 4 0 2 0 1 0 2 3 4 2 3 0 3 4 1 3 3 3 0 0 2 1 4 2 0 2 1 2 0 3 1 1 3 0 0 3 3 2 4 2 1 4 2 1 4 4 1 1 0 1
4 4 24 40 15 47 29 39 25 44
6 6 1 43 2 46 0 10 11 4 22 27 41 8
#c 4 4 4 0 2 0 1 0 2 3 4 2 3 0 3 4 1 3 3 3 0 0 2 1 4 2 0 2 1 2 0 3 1 1 3 0 0 3 3 2 4 2 1 4 2 1 4 4 1 1 0 1
#c 4 4 4 0 2 0 1 0 2 3 4 2 3 0 3 4 1 3 3 3 0 0 2 1 4 2 0 2 1 2 0 3 1 1 3 0 0 3 3 2 4 2 1 4 2 1 4 4 1 1 0 1
4 4 16 32 33 23 41 11 8 27
7 6 28 48 51 6 42 49 45 44 29 39 25 4 22
#c 4 4 4 0 2 0 1 0 2 3 4 2 3 0 3 4 1 3 3 3 0 0 2 1 4 2 0 2 1 2 0 3 1 1 3 0 0 3 3 2 4 2 1 4 2 1 4 4 1 1 0 1
1 1 11 51
4 4 4 0 2 0 1 0 2 3 4 2 3 0 3 4 1 3 3 3 0 0 2 1 4 2 0 2 1 2 0 3 1 1 3 0 0 3 3 2 4 2 1 4 2 1 4 4 1 1 0 1
