#c 0 1 2 3 4 5 6 7 8 0 1 2 3 4 5 6 7 8 0 1 2 3 4 5 6 7 8 0 1 2 3 4 5 6 7 8 0 1 2 3 4 5 6 7 8 0 1 2 3 4 5 6 7 8 0 1 2 3 4 5 6 7 8 0 1 2 3 4 5 6 7 8 0 1 2 3 4 5 6 7
4 4 10 19 64 28 50 77 41 14
5 5 1 37 46 55 73 5 23 32 59 68
#c 0 1 2 3 4 5 6 7 8 0 1 2 3 4 5 6 7 8 0 1 2 3 4 5 6 7 8 0 1 2 3 4 5 6 7 8 0 1 2 3 4 5 6 7 8 0 1 2 3 4 5 6 7 8 0 1 2 3 4 5 6 7 8 0 1 2 3 4 5 6 7 8 0 1 2 3 4 5 6 7
4 4 29 11 74 2 72 27 63 9
5 5 20 38 47 56 65 0 18 36 45 54
#c 0 1 0 3 4 5 6 7 8 2 1 0 3 4 5 6 7 8 0 1 2 3 4 5 6 7 8 2 1 0 3 4 5 6 7 8 0 1 2 3 4 5 6 7 8 0 1 2 3 4 5 6 7 8 0 1 2 3 4 5 6 7 8 2 1 2 3 4 5 6 7 8 2 1 0 3 4 5 6 7
1 1 30 37
8 8 3 12 21 39 48 57 66 75 1 10 19 28 46 55 64 73
#c 0 1 0 3 4 5 6 7 8 2 1 0 3 4 5 6 7 8 0 1 2 3 4 5 6 7 8 2 1 0 1 4 5 6 7 8 0 3 2 3 4 5 6 7 8 0 1 2 3 4 5 6 7 8 0 1 2 3 4 5 6 7 8 2 1 2 3 4 5 6 7 8 2 1 0 3 4 5 6 7
4 3 49 76 58 67 53 71 8
5 5 4 13 22 31 40 17 26 35 44 62
#c 0 1 0 3 4 5 6 7 4 2 1 0 3 4 5 6 7 8 0 1 2 3 4 5 6 7 8 2 1 0 1 4 5 6 7 8 0 3 2 3 4 5 6 7 8 0 1 2 3 8 5 6 7 4 0 1 2 3 8 5 6 7 8 2 1 2 3 8 5 6 7 4 2 1 0 3 8 5 6 7
4 4 41 50 5 68 36 29 11 74
5 5 14 23 32 59 77 0 18 45 54 2
#c 0 1 0 3 4 0 6 7 4 2 1 5 3 4 5 6 7 8 0 1 2 3 4 5 6 7 8 2 1 5 1 4 5 6 7 8 5 3 2 3 4 0 6 7 8 0 1 2 3 8 0 6 7 4 0 1 2 3 8 5 6 7 8 2 1 2 3 8 0 6 7 4 2 1 5 3 8 5 6 7
2 2 42 78 58 26
7 7 6 15 24 33 51 60 69 17 35 44 62 49 76 67
#c 0 1 0 3 4 0 6 7 4 2 1 5 3 4 5 6 7 8 0 1 2 3 4 5 6 7 6 2 1 5 1 4 5 6 7 8 5 3 2 3 4 0 8 7 8 0 1 2 3 8 0 6 7 4 0 1 2 3 6 5 6 7 8 2 1 2 3 8 0 6 7 4 2 1 5 3 8 5 8 7
2 2 25 43 63 38
7 7 7 16 34 52 61 70 79 20 47 56 65 72 27 9
#c 0 1 0 3 4 0 6 7 4 2 1 5 3 4 5 6 7 8 0 1 2 3 4 5 6 7 6 2 1 5 1 4 5 6 7 8 5 3 2 3 4 0 8 7 8 0 1 2 3 8 0 6 7 4 0 1 2 3 6 5 6 7 8 2 1 2 3 8 0 6 7 4 2 1 5 3 8 5 8 7
3 1 17 67 35 20
6 8 44 62 49 76 42 78 38 47 56 65 72 27 63 9
#c 0 1 0 3 4 0 6 7 4 2 1 5 3 4 5 6 7 8 0 1 2 3 4 5 6 7 6 2 1 5 1 4 5 6 7 8 5 3 2 3 4 0 8 7 8 0 1 2 3 8 0 6 7 4 0 1 2 3 6 5 6 7 8 2 1 2 3 8 0 6 7 4 2 1 5 3 8 5 8 7
1 1 2 32
8 8 0 18 45 54 41 50 5 68 14 23 59 77 36 29 11 74
#c 0 1 5 3 4 0 6 7 4 2 1 5 3 4 5 6 7 8 0 1 2 3 4 5 6 7 6 2 1 5 1 4 0 6 7 8 5 3 2 3 4 0 8 7 8 0 1 2 3 8 0 6 7 4 0 1 2 3 6 5 6 7 8 2 1 2 3 8 0 6 7 4 2 1 5 3 8 5 8 7
1 1 1 65
8 8 10 19 28 46 55 64 73 30 20 38 47 56 72 27 63 9
#c 0 2 5 3 4 0 6 7 4 2 1 5 3 4 5 6 7 8 0 1 2 3 4 5 6 7 6 2 1 5 1 4 0 6 7 8 5 3 2 3 4 0 8 7 8 0 1 2 3 8 0 6 7 4 0 1 2 3 6 5 6 7 8 2 1 1 3 8 0 6 7 4 2 1 5 3 8 5 8 7
1 1 47 62
8 8 20 38 56 72 27 63 9 1 17 35 44 49 76 67 42 78
#c 0 2 5 3 4 0 6 7 4 2 1 5 3 4 5 6 7 8 0 1 2 3 4 5 6 7 6 2 1 5 1 4 0 6 7 8 5 3 2 3 4 0 8 7 8 0 1 2 3 8 0 6 7 4 0 1 2 3 6 5 6 7 8 2 1 1 3 8 0 6 7 4 2 1 5 3 8 5 8 7
3 3 57 37 48 24 15 33
6 6 3 12 21 39 66 75 6 51 60 69 58 26
#c 0 2 5 3 4 0 6 7 4 2 1 5 3 4 5 3 7 8 0 1 2 3 4 5 3 7 6 2 1 5 1 4 0 3 7 8 5 6 2 3 4 0 8 7 8 0 1 2 6 8 0 6 7 4 0 1 2 6 6 5 6 7 8 2 1 1 3 8 0 6 7 4 2 1 5 3 8 5 8 7
3 2 31 8 71 33 15
5 7 4 13 22 40 53 3 12 21 39 66 75 24
#c 0 2 5 3 4 0 6 7 4 2 1 5 3 4 5 3 7 8 0 1 2 3 4 5 3 7 6 2 1 5 1 4 0 3 7 8 5 6 2 3 4 0 8 7 8 0 1 2 6 8 0 6 7 4 0 1 2 6 6 5 6 7 8 2 1 1 3 8 0 6 7 4 2 1 5 3 8 5 8 7
#c 0 2 5 3 4 0 6 7 4 2 1 5 3 4 5 3 7 8 0 1 2 3 4 5 3 7 6 2 1 5 1 4 0 3 7 8 5 6 2 3 4 0 8 7 8 0 1 2 6 8 0 6 7 4 0 1 2 6 6 5 6 7 8 2 1 1 3 8 0 6 7 4 2 1 5 3 8 5 8 7
4 4 48 69 57 6 56 72 38 9
5 5 51 60 58 26 37 20 47 27 63 1
#c 0 2 5 3 4 0 6 7 4 2 1 5 3 4 5 3 7 8 0 1 2 3 4 5 3 7 6 2 1 5 1 4 0 3 7 8 5 6 2 3 4 0 8 7 8 0 1 2 6 8 0 6 7 4 0 1 2 6 6 5 6 7 8 2 1 1 3 8 0 6 7 4 2 1 5 3 8 5 8 7
4 4 61 70 52 16 72 20 56 27
5 5 7 25 34 43 79 38 47 63 9 1
#c 0 2 5 3 4 0 6 7 4 2 1 5 3 4 5 3 2 8 0 1 7 3 4 5 3 7 6 7 1 5 1 4 0 3 7 8 5 6 2 3 4 0 8 7 8 0 1 2 6 8 0 6 2 4 0 1 7 6 6 5 6 2 8 2 1 1 3 8 0 6 2 4 7 1 5 3 8 5 8 7
4 6 42 49 62 35 75 3 24 39 15 33
5 3 17 44 76 67 78 12 21 66
#c 0 2 5 3 4 0 6 7 4 2 1 5 3 4 5 3 2 8 0 1 7 3 4 5 3 7 6 7 1 5 1 4 0 3 7 8 5 6 2 3 4 0 8 7 8 0 1 2 6 8 0 6 2 4 0 1 7 6 6 5 6 2 8 2 1 1 3 8 0 6 2 4 7 1 5 3 8 5 8 7
3 3 41 45 32 3 33 75
6 6 0 18 54 50 5 68 12 21 39 66 24 15
#c 0 2 5 0 4 0 6 7 4 2 1 5 3 4 5 3 2 8 0 1 7 3 4 5 3 7 6 7 1 5 1 4 3 0 7 8 5 6 2 3 4 3 8 7 8 3 1 2 6 8 0 6 2 4 0 1 7 6 6 5 6 2 8 2 1 1 3 8 0 6 2 4 7 1 5 0 8 5 8 7
1 1 64 45
8 8 10 19 28 46 55 73 30 65 12 21 39 66 24 15 41 32
#c 0 2 5 0 4 0 6 7 4 2 1 5 3 4 5 3 2 8 0 1 7 3 4 5 3 7 6 7 1 5 1 4 3 0 7 8 5 6 2 3 4 3 8 7 8 1 1 2 6 8 0 6 2 4 0 1 7 6 6 5 6 2 8 2 3 1 3 8 0 6 2 4 7 1 5 0 8 5 8 7
1 1 38 44
8 8 47 63 9 1 61 70 52 16 17 35 62 49 76 67 42 78
#c 0 2 5 0 4 0 6 7 4 2 1 5 3 4 5 3 2 8 0 1 7 3 4 5 3 7 6 7 1 5 1 4 3 0 7 8 5 6 2 3 4 3 8 7 8 1 1 2 6 8 0 6 2 4 0 1 7 6 6 5 6 2 8 2 3 1 3 8 0 6 2 4 7 1 5 0 8 5 8 7
#c 0 2 5 0 4 0 6 7 4 2 1 5 3 4 5 3 2 8 0 1 7 3 4 5 3 7 6 7 1 5 1 4 3 0 7 8 5 6 2 3 4 3 8 7 8 1 1 2 6 8 0 6 2 4 0 1 7 6 6 5 6 2 8 2 3 1 3 8 0 6 2 4 7 1 5 0 8 5 8 7
2 2 13 40 75 5
6 7 4 22 31 53 71 8 0 18 54 50 68 3 33
#c 0 2 5 0 4 0 6 7 4 2 1 5 3 4 5 3 2 8 0 1 7 3 4 5 3 7 6 7 1 5 1 4 3 0 7 8 5 6 2 3 4 3 8 7 8 1 1 2 6 8 0 6 2 4 0 1 7 6 6 5 6 2 8 2 3 1 3 8 0 6 2 4 7 1 5 0 8 5 8 7
2 2 36 2 58 69
7 7 14 23 59 77 29 11 74 6 51 60 26 57 37 48
#c 0 2 5 0 4 0 6 7 4 2 1 5 3 4 5 3 2 8 0 1 7 3 4 5 3 7 6 7 1 5 1 4 3 0 7 8 5 6 2 3 4 3 8 7 8 1 1 2 6 8 0 6 2 4 0 1 7 6 6 5 6 2 8 2 3 1 3 8 0 6 2 4 7 1 5 0 8 5 8 7
2 2 51 37 9 52
7 7 6 60 69 58 26 57 48 38 47 63 1 61 70 16
#c 0 2 5 0 4 0 6 7 4 2 1 5 3 4 5 3 2 8 0 1 7 3 4 5 3 7 6 7 1 5 1 4 3 0 7 8 5 6 2 3 4 3 8 7 8 1 1 2 6 8 0 6 2 4 0 1 7 6 6 5 6 2 8 2 3 1 3 8 0 6 2 4 7 1 5 0 8 5 8 7
4 4 27 72 7 20 0 18 3 68
5 5 25 34 43 79 56 54 50 5 33 75
#c 7 2 5 7 4 0 6 0 4 2 1 5 3 4 5 3 2 8 7 1 0 3 4 5 3 7 6 0 1 5 1 4 3 0 7 8 5 6 2 3 4 3 8 7 8 1 1 2 6 8 0 6 2 4 0 1 7 6 6 5 6 2 8 2 3 1 3 8 7 6 2 4 0 1 5 0 8 5 8 7
4 4 17 44 42 35 31 13 22 53
5 4 62 49 76 67 78 4 40 71 8
#c 7 2 5 7 4 0 6 0 4 2 1 5 3 4 5 3 2 8 7 1 0 3 4 5 3 7 6 0 1 5 1 4 3 0 7 8 5 6 2 3 4 3 8 7 8 1 1 2 6 8 0 6 2 4 0 1 7 6 6 5 6 2 8 2 3 1 3 8 7 6 2 4 0 1 5 0 8 5 8 7
#c 7 2 5 7 4 0 6 0 4 2 1 5 3 4 5 3 2 8 7 1 0 3 4 5 3 7 6 0 1 5 1 4 3 0 7 8 5 6 2 3 4 3 8 7 8 1 1 2 6 8 0 6 2 4 0 1 7 6 6 5 6 2 8 2 3 1 3 8 7 6 2 4 0 1 5 0 8 5 8 7
4 4 73 19 28 10 58 51 60 37
5 5 46 55 30 65 45 6 69 26 57 48
#c 7 2 5 7 4 0 6 0 4 2 1 5 3 4 5 3 2 8 7 1 0 3 4 5 3 7 6 0 1 5 1 4 3 0 7 8 5 6 2 3 4 3 8 7 8 1 1 2 6 8 0 6 2 4 0 1 7 6 6 5 6 2 8 2 3 1 3 8 7 6 2 4 0 1 5 0 8 5 8 7
4 4 16 1 70 9 40 8 13 4
5 4 38 47 63 61 52 22 31 53 71
#c 7 4 5 7 2 0 6 0 2 4 1 5 3 2 5 3 4 8 7 1 0 3 4 5 3 7 6 0 1 5 1 4 3 0 7 8 5 6 2 3 2 3 8 7 8 1 1 2 6 8 0 6 2 4 0 1 7 6 6 5 6 2 8 2 3 1 3 8 7 6 4 4 0 1 5 0 8 5 8 7
4 4 12 32 21 41 11 36 2 29
5 5 39 66 24 15 64 14 23 59 77 74
#c 7 4 5 7 2 0 6 0 2 4 1 5 3 2 5 3 4 8 7 1 0 3 4 5 3 7 6 0 1 5 1 4 3 0 7 8 5 6 2 3 2 3 8 7 8 1 1 2 6 8 0 6 2 4 0 1 7 6 6 5 6 2 8 2 3 1 3 8 7 6 4 4 0 1 5 0 8 5 8 7
1 1 16 39
7 8 22 31 53 71 1 70 9 12 21 66 24 15 41 32 64
#c 7 4 5 7 2 0 6 0 2 4 1 5 3 2 5 3 4 8 7 1 0 3 4 5 3 7 6 0 1 5 1 4 3 0 7 8 5 6 2 3 2 3 8 7 8 1 1 2 6 8 0 6 2 4 0 1 7 6 6 5 6 2 8 2 3 1 3 8 7 6 4 4 0 1 5 0 8 5 8 7
3 3 74 2 29 30 10 28
6 6 14 23 59 77 36 11 19 46 55 73 65 45
#c 7 4 1 7 2 0 6 0 2 4 5 5 3 2 5 3 4 8 7 1 0 3 4 5 3 7 6 0 5 1 5 4 3 0 7 8 5 6 2 3 2 3 8 7 8 1 1 2 6 8 0 6 2 4 0 1 7 6 6 5 6 2 8 2 3 1 3 8 7 6 4 4 0 1 1 0 8 5 8 7
2 2 60 51 42 67
7 7 6 69 58 26 57 37 48 17 35 44 62 49 76 78
#c 7 4 1 7 2 0 6 0 2 4 5 5 3 2 5 3 4 8 7 1 0 3 4 5 3 7 6 0 5 1 5 4 3 0 7 8 5 6 2 3 2 3 8 7 8 1 1 2 6 8 0 6 2 4 0 1 7 6 6 5 6 2 8 2 3 1 3 8 7 6 4 4 0 1 1 0 8 5 8 7
2 2 18 79 60 57
7 7 25 34 43 56 0 3 68 6 51 69 58 26 37 48
#c 7 4 1 7 2 0 6 0 2 4 5 5 3 2 5 3 4 8 6 1 0 3 4 5 3 7 6 0 5 1 5 4 3 0 7 8 5 6 2 3 2 3 8 7 8 1 1 2 6 8 0 6 2 4 0 1 7 7 6 5 7 2 8 2 3 1 3 8 7 6 4 4 0 1 1 0 8 5 8 6
2 2 78 67 39 12
7 7 17 35 44 62 49 76 42 21 66 24 15 41 32 64
#c 7 4 1 7 2 0 6 0 2 4 5 5 3 2 5 3 4 8 6 1 0 3 4 5 3 7 6 0 5 1 5 4 3 0 7 8 5 6 2 3 2 3 8 7 8 1 1 2 6 8 0 6 2 4 0 1 7 7 6 5 7 2 8 2 3 1 3 8 7 6 4 4 0 1 1 0 8 5 8 6
4 4 50 20 7 75 26 58 69 37
5 5 54 5 33 27 72 6 51 48 18 79
#c 7 4 1 7 2 0 6 0 2 4 5 5 3 2 5 3 4 8 6 1 0 3 4 5 3 7 6 0 5 1 5 4 3 0 7 8 5 6 2 3 2 3 8 7 8 1 1 2 6 8 0 6 2 4 0 1 7 7 6 5 7 2 8 2 3 1 3 8 7 6 4 4 0 1 1 0 8 5 8 6
2 2 19 73 79 51
7 7 46 55 65 45 74 2 29 6 69 58 26 37 48 18
#c 7 4 1 7 2 0 6 0 2 4 5 5 3 2 5 3 4 8 6 1 0 3 4 5 3 7 6 0 5 1 5 4 3 0 7 8 5 6 2 3 2 3 8 7 8 1 1 2 6 8 0 6 2 4 0 1 7 7 6 5 7 2 8 2 3 1 3 8 7 6 4 4 0 1 1 0 8 5 8 6
#c 7 4 1 7 2 0 6 0 2 4 5 5 3 2 5 3 4 8 6 1 0 3 4 5 3 7 6 0 5 1 5 4 3 0 7 8 5 6 2 3 2 3 8 7 8 1 1 2 6 8 0 6 2 4 0 1 7 7 6 5 7 2 8 2 3 1 3 8 7 6 4 4 0 1 1 0 8 5 8 6
4 4 39 12 24 41 60 57 68 3
5 5 21 66 15 32 64 25 34 43 56 0
#c 7 4 1 7 2 0 6 0 2 4 5 5 3 2 5 3 4 8 6 1 0 3 4 5 3 7 6 0 5 1 5 4 3 0 7 8 5 6 2 3 2 3 8 7 8 1 1 2 6 8 0 6 2 4 0 1 7 7 6 5 7 2 8 2 3 1 3 8 7 6 4 4 0 1 1 0 8 5 8 6
2 2 53 31 49 42
6 7 22 71 16 1 70 9 17 35 44 62 76 67 78
#c 7 4 1 7 2 0 6 0 2 4 5 5 3 2 5 3 4 8 6 1 0 3 4 5 3 7 6 0 5 1 5 4 3 0 7 8 5 6 2 3 2 3 8 7 8 1 1 2 6 8 0 6 2 4 0 1 7 7 6 5 7 2 8 2 3 1 3 8 7 6 4 4 0 1 1 0 8 5 8 6
1 1 30 52
8 8 14 23 59 77 36 11 10 28 38 47 63 61 40 8 13 4
#c 7 4 1 7 2 0 6 0 2 4 5 5 3 2 5 3 4 8 6 1 0 3 4 5 3 7 6 0 5 1 5 4 3 0 7 8 5 6 2 3 2 3 8 7 8 1 1 2 6 8 0 6 2 4 0 1 7 7 6 5 7 2 8 2 3 1 3 8 7 6 4 4 0 1 1 0 8 5 8 6
#c 7 4 1 7 2 0 6 0 2 4 5 5 3 2 5 3 4 8 6 1 0 3 4 5 3 7 6 0 5 1 5 4 3 0 7 8 5 6 2 3 2 3 8 7 8 1 1 2 6 8 0 6 2 4 0 1 7 7 6 5 7 2 8 2 3 1 3 8 7 6 4 4 0 1 1 0 8 5 8 6
2 2 60 3 64 24
7 7 25 34 43 56 0 68 57 12 21 39 66 15 41 32
#c 7 4 1 7 2 0 6 0 2 4 5 5 3 2 5 3 4 8 6 1 0 3 4 5 3 7 6 0 5 1 5 4 3 0 7 8 5 6 2 3 2 3 8 7 8 1 1 2 6 8 0 6 2 4 0 1 7 7 6 5 7 2 8 2 3 1 3 8 7 6 4 4 0 1 1 0 8 5 8 6
3 3 49 78 35 20 72 50
6 6 17 44 62 76 67 42 54 5 33 75 27 7
#c 7 4 1 7 2 0 6 0 2 4 5 5 3 2 5 3 4 8 6 1 0 3 4 5 3 7 6 0 5 1 5 4 3 0 7 8 5 6 2 3 2 3 8 7 8 1 1 2 6 8 0 6 2 4 0 1 7 7 6 5 7 2 8 2 3 1 3 8 7 6 4 4 0 1 1 0 8 5 8 6
2 2 33 50 31 9
7 6 54 5 75 27 72 7 20 22 53 71 16 1 70
#c 7 4 1 7 2 0 6 0 2 4 5 5 3 2 5 3 4 8 6 1 0 3 4 5 3 7 6 0 5 1 5 4 3 0 7 8 5 6 2 3 2 3 8 7 8 1 1 2 6 8 0 6 2 4 0 1 7 7 6 5 7 2 8 2 3 1 3 8 7 6 4 4 0 1 1 0 8 5 8 6
#c 7 4 1 7 2 0 6 0 2 4 5 5 3 2 5 3 4 8 6 1 0 3 4 5 3 7 6 0 5 1 5 4 3 0 7 8 5 6 2 3 2 3 8 7 8 1 1 2 6 8 0 6 2 4 0 1 7 7 6 5 7 2 8 2 3 1 3 8 7 6 4 4 0 1 1 0 8 5 8 6
4 4 8 63 47 52 36 10 59 28
5 5 38 61 40 13 4 14 23 77 11 30
#c 7 4 1 7 2 0 6 0 2 4 5 5 3 2 5 3 4 8 6 1 0 3 4 5 3 7 6 0 5 1 5 4 3 0 7 8 5 6 2 3 2 3 8 7 8 1 1 2 6 8 0 6 2 4 0 1 7 7 6 5 7 2 8 2 3 1 3 8 7 6 4 4 0 1 1 0 8 5 8 6
1 2 66 3 0
8 7 12 21 39 24 15 41 32 64 25 34 43 56 68 60 57
#c 7 4 1 7 2 0 6 0 2 4 5 5 3 2 5 3 4 8 6 1 0 3 4 5 3 7 6 0 5 1 5 4 3 0 7 8 5 6 2 3 2 3 8 7 8 1 1 2 6 8 0 6 2 4 0 1 7 7 6 5 7 2 8 2 3 1 3 8 7 6 4 4 0 1 1 0 8 5 8 6
2 2 16 31 6 58
6 7 22 53 71 1 70 9 51 69 26 37 48 18 79
#c 7 4 1 7 2 0 6 0 2 4 5 5 3 2 5 3 4 8 6 1 0 3 4 5 3 7 6 0 5 1 5 4 3 0 7 8 5 6 2 3 2 3 8 7 8 1 1 2 6 8 0 6 2 4 0 1 7 7 6 5 7 2 8 2 3 1 3 8 7 6 4 4 0 1 1 0 8 5 8 6
2 2 59 11 57 43
7 7 14 23 77 36 30 10 28 25 34 56 0 3 68 60
#c 7 4 1 7 2 0 6 0 2 4 5 5 3 2 5 3 4 8 6 1 0 3 4 5 3 7 6 0 5 1 5 4 3 0 7 8 5 6 2 3 2 3 8 7 8 1 1 2 6 8 0 6 2 4 0 1 7 7 6 5 7 2 8 2 3 1 3 8 7 6 4 4 0 1 1 0 8 5 8 6
1 1 51 32
8 8 6 69 58 26 37 48 18 79 12 21 39 66 24 15 41 64
#c 7 4 1 7 2 0 6 0 2 4 5 5 3 2 5 3 4 8 6 1 0 3 4 5 3 7 6 0 5 1 5 4 3 0 7 8 5 6 2 3 2 3 8 7 8 1 1 2 6 8 0 6 2 4 0 1 7 7 6 5 7 2 8 2 3 1 3 8 7 6 4 4 0 1 1 0 8 5 8 6
1 1 3 4
8 8 25 34 43 56 0 68 60 57 38 47 63 61 52 40 8 13
#c 7 4 1 7 2 0 6 0 2 4 5 5 3 2 5 3 4 8 6 1 0 3 4 5 3 7 6 0 5 1 5 4 3 0 7 8 5 6 2 3 2 3 8 7 8 1 1 2 6 8 0 6 2 4 0 1 7 7 6 5 7 2 8 2 3 1 3 8 7 6 4 4 0 1 1 0 8 5 8 6
2 2 35 78 34 60
7 7 17 44 62 49 76 67 42 25 43 56 0 3 68 57
#c 7 4 1 7 2 0 6 0 2 4 5 5 3 2 5 3 4 8 6 1 0 3 4 5 3 7 6 0 5 1 5 4 3 0 7 8 5 6 2 3 2 3 8 7 8 1 1 2 6 8 0 6 2 4 0 1 7 7 6 5 7 2 8 2 3 1 3 8 7 6 4 4 0 1 1 0 8 5 8 6
4 4 54 5 72 33 51 6 69 79
5 5 50 75 27 7 20 58 26 37 48 18
#c 7 4 1 7 2 6 0 0 2 4 5 5 3 2 5 3 4 8 6 1 0 3 4 5 3 7 6 0 5 1 5 4 3 6 7 8 5 6 2 3 2 3 8 7 8 1 1 2 6 8 0 0 2 4 6 1 7 7 6 5 7 2 8 2 3 1 3 8 7 0 4 4 6 1 1 0 8 5 8 0
1 1 29 11
8 8 19 46 55 73 65 45 74 2 14 23 59 77 36 30 10 28
#c 7 4 1 7 2 6 0 0 2 4 5 5 3 2 5 3 4 8 6 1 0 3 4 5 3 7 6 0 5 1 5 4 3 6 7 8 5 6 2 3 2 3 8 7 8 1 1 2 6 8 0 0 2 4 6 1 7 7 6 5 7 2 8 2 3 1 3 8 7 0 4 4 6 1 1 0 8 5 8 0
2 2 4 63 77 14
7 7 38 47 61 52 40 8 13 23 59 36 11 30 10 28
#c 7 4 1 7 2 6 0 0 2 4 5 5 3 2 5 3 4 8 6 1 0 3 4 5 3 7 6 0 5 1 5 4 3 6 7 8 5 6 2 3 2 3 8 7 8 1 1 2 6 8 0 0 2 4 6 1 7 7 6 5 7 2 8 2 3 1 3 8 7 0 4 4 6 1 1 0 8 5 8 0
1 1 12 10
8 8 21 39 66 24 15 41 32 64 14 23 59 77 36 11 30 28
#c 7 4 1 7 2 6 0 0 2 4 5 5 3 2 5 3 4 8 6 1 0 3 4 5 3 7 6 0 5 1 5 4 3 6 7 8 5 6 2 3 2 3 8 7 8 1 1 2 6 8 0 0 2 4 6 1 7 7 6 5 7 2 8 2 3 1 3 8 7 0 4 4 6 1 1 0 8 5 8 0
2 2 16 70 72 33
6 7 22 31 53 71 1 9 58 26 37 48 18 54 5
#c 7 4 1 7 2 6 0 0 2 4 5 5 3 2 5 3 4 8 6 1 0 3 4 5 3 7 6 0 5 1 5 4 3 6 7 8 5 6 2 3 2 3 8 7 8 1 1 2 6 8 0 0 2 4 6 1 7 7 6 5 7 2 8 2 3 1 3 8 7 0 4 4 6 1 1 0 8 5 8 0
4 4 11 23 77 30 56 25 68 3
5 5 14 59 36 10 28 34 43 0 60 57
#c 7 4 1 7 2 6 0 0 2 4 5 5 3 2 5 3 4 8 6 1 0 3 4 5 3 7 6 0 5 1 5 4 3 6 7 8 5 6 2 3 2 3 8 7 8 1 1 2 6 8 0 0 2 4 6 1 7 7 6 5 7 2 8 2 3 1 3 8 7 0 4 4 6 1 1 0 8 5 8 0
#c 7 4 1 7 2 6 0 0 2 4 5 5 3 2 5 3 4 8 6 1 0 3 4 5 3 7 6 0 5 1 5 4 3 6 7 8 5 6 2 3 2 3 8 7 8 1 1 2 6 8 0 0 2 4 6 1 7 7 6 5 7 2 8 2 3 1 3 8 7 0 4 4 6 1 1 0 8 5 8 0
#c 7 4 1 7 2 6 0 0 2 4 5 5 3 2 5 3 4 8 6 1 0 3 4 5 3 7 6 0 5 1 5 4 3 6 7 8 5 6 2 3 2 3 8 7 8 1 1 2 6 8 0 0 2 4 6 1 7 7 6 5 7 2 8 2 3 1 3 8 7 0 4 4 6 1 1 0 8 5 8 0
2 2 78 42 30 14
7 7 17 35 44 62 49 76 67 23 59 77 36 11 10 28
#c 7 4 1 7 2 6 0 0 2 4 5 5 3 2 5 3 4 8 6 1 0 3 4 5 3 7 6 0 5 1 5 4 3 6 7 8 5 6 2 3 2 3 8 7 8 1 1 2 6 8 0 0 2 4 6 1 7 7 6 5 7 2 8 2 3 1 3 8 7 0 4 4 6 1 1 0 8 5 8 0
4 4 79 27 75 50 58 18 48 37
5 5 7 20 51 6 69 26 54 5 72 33
#c 7 4 1 7 2 6 0 0 2 4 5 5 3 2 5 3 4 8 6 1 0 3 4 5 3 7 6 0 5 1 5 4 3 6 7 8 5 6 2 3 2 3 8 7 8 1 1 2 6 8 0 0 2 4 6 1 7 7 6 5 7 2 8 2 3 1 3 8 7 0 4 4 6 1 1 0 8 5 8 0
3 3 2 74 45 31 9 1
6 5 19 46 55 73 65 29 22 53 71 16 70
#c 7 4 1 7 2 6 0 0 2 4 5 5 3 2 5 3 4 8 6 1 0 3 4 5 3 7 6 0 5 1 5 4 3 6 7 8 5 6 2 3 2 3 8 7 8 1 1 2 6 8 0 0 2 4 6 1 7 7 6 5 7 2 8 2 3 1 3 8 7 0 4 4 6 1 1 0 8 5 8 0
4 3 4 13 38 40 5 18 54
5 6 47 63 61 52 8 58 26 37 48 72 33
#c 7 4 1 7 6 2 0 0 2 4 5 5 3 6 5 3 4 8 2 1 0 3 4 5 3 7 6 0 5 1 5 4 3 6 7 8 5 6 6 3 6 3 8 7 8 1 1 2 6 8 0 0 2 4 2 1 7 7 6 5 7 2 8 2 3 1 3 8 7 0 4 4 6 1 1 0 8 5 8 0
1 1 21 62
8 8 12 39 66 24 15 41 32 64 17 35 44 49 76 67 42 78
#c 7 4 1 7 6 2 0 0 2 4 5 5 3 6 5 3 4 8 2 1 0 3 4 5 3 7 6 0 5 1 5 4 3 6 7 8 5 6 6 3 6 3 8 7 8 1 1 2 6 8 0 0 2 4 2 1 7 7 6 5 7 2 8 2 3 1 3 8 7 0 4 4 6 1 1 0 8 5 8 0
2 2 1 70 77 14
6 7 22 31 53 71 16 9 23 59 36 11 30 10 28
#c 7 4 1 7 6 2 0 0 2 4 5 5 3 6 5 3 4 8 2 1 0 3 4 5 3 7 6 0 5 1 5 4 3 6 7 8 5 6 6 3 6 3 8 7 8 1 1 2 6 8 0 0 2 4 2 1 7 7 6 5 7 2 8 2 3 1 3 8 7 0 4 4 6 1 1 0 8 5 8 0
4 5 77 11 59 28 42 35 76 62 44
5 4 14 23 36 30 10 17 49 67 78
#c 7 4 1 7 6 2 0 0 2 4 5 8 3 6 5 3 4 8 2 1 0 3 4 5 3 7 6 0 8 1 5 4 3 6 7 5 5 6 6 3 6 3 5 7 5 1 1 2 6 8 0 0 2 4 2 1 7 7 6 8 7 2 5 2 3 1 3 8 7 0 4 4 6 1 1 0 5 8 8 0
5 5 13 40 72 48 58 32 21 39 64 41
5 4 26 37 33 4 38 12 66 24 15
#c 7 4 1 7 6 2 0 0 2 4 5 8 3 6 5 3 4 8 2 1 0 3 4 5 3 7 6 0 8 1 5 4 3 6 7 5 5 6 6 3 6 3 5 7 5 1 1 2 6 8 0 0 2 4 2 1 7 7 6 8 7 2 5 2 3 1 3 8 7 0 4 4 6 1 1 0 5 8 8 0
4 5 56 57 34 3 63 47 18 5 8
5 3 25 43 0 68 60 61 52 54
#c 7 4 1 7 6 2 0 0 2 4 5 8 3 6 5 3 4 8 2 1 0 3 4 5 3 7 6 0 8 1 5 4 3 6 7 5 5 6 6 3 6 3 5 7 5 1 1 2 6 8 0 0 2 4 2 1 7 7 6 8 7 2 5 2 3 1 3 8 7 0 4 4 6 1 1 0 5 8 8 0
4 4 78 17 59 49 36 44 62 23
4 6 67 77 11 28 14 30 10 42 35 76
#c 7 4 1 7 6 2 0 0 2 4 5 8 3 6 5 3 4 8 2 1 0 3 4 5 3 7 6 0 8 1 5 4 3 6 7 5 5 6 6 3 6 3 5 7 5 1 1 2 6 8 0 0 2 4 2 1 7 7 6 8 7 2 5 2 3 1 3 8 7 0 4 4 6 1 1 0 5 8 8 0
4 4 75 27 7 51 4 13 40 26
5 6 50 20 6 69 79 58 37 48 72 33 38
#c 7 4 1 7 6 2 0 0 2 4 5 8 3 6 5 3 4 8 2 1 0 3 4 5 3 7 6 0 8 1 5 4 3 6 7 5 5 6 6 3 6 3 5 7 5 1 1 2 6 8 0 0 2 4 2 1 7 7 6 8 7 2 5 2 3 1 3 8 7 0 4 4 6 1 1 0 5 8 8 0
1 1 73 13
8 9 19 46 55 65 45 74 2 29 58 26 37 48 72 33 4 38 40
#c 7 4 1 7 6 2 0 0 2 4 5 8 3 1 5 3 4 8 2 1 0 3 4 5 3 7 6 0 8 1 5 4 3 6 7 5 5 6 6 3 6 3 5 7 5 1 1 2 6 8 0 0 2 4 2 1 7 7 6 8 7 2 5 2 3 1 3 8 7 0 4 4 6 6 1 0 5 8 8 0
3 1 5 54 61 44
5 9 47 63 52 8 18 14 23 36 30 10 42 35 76 62
#c 7 4 1 7 6 2 0 0 2 4 5 8 3 1 5 3 4 8 2 1 0 3 4 5 3 7 6 0 8 1 5 4 3 6 7 5 5 6 6 3 6 3 5 7 5 1 1 2 6 8 0 0 2 4 2 1 7 7 6 8 7 2 5 2 3 1 3 8 7 0 4 4 6 6 1 0 5 8 8 0
2 2 64 39 53 22
7 6 12 21 66 24 15 41 32 31 71 16 1 70 9
#c 7 4 1 7 6 2 0 0 2 4 5 8 3 1 5 3 4 8 2 1 0 3 3 5 3 7 6 0 8 1 5 4 3 6 7 5 5 6 6 4 6 3 5 7 5 1 1 2 6 8 0 0 2 3 2 1 7 7 6 8 7 2 5 2 4 1 3 8 7 0 4 4 6 6 1 0 5 8 8 0
2 2 16 39 0 43
6 7 31 71 1 70 9 64 25 34 56 3 68 60 57
#c 7 4 1 7 6 2 0 0 2 4 5 8 3 1 5 3 4 8 2 1 0 3 3 5 3 7 6 0 8 1 5 4 3 6 7 5 5 6 6 4 6 3 5 7 5 1 1 2 6 8 0 0 2 3 2 1 7 7 6 8 7 2 5 2 4 1 3 8 7 0 4 4 6 6 1 0 5 8 8 0
4 4 76 35 30 44 12 41 32 21
6 5 14 23 36 10 42 62 66 24 15 53 22
#c 7 4 1 7 6 2 0 0 2 4 5 8 3 1 5 3 4 8 2 1 0 3 3 5 3 7 6 0 8 1 5 4 3 6 7 5 5 6 6 4 6 3 5 7 5 1 1 2 6 8 0 0 2 3 2 1 7 7 6 8 7 2 5 2 4 1 3 8 7 0 4 4 6 6 1 0 5 8 8 0
5 6 26 4 38 73 72 3 0 60 56 68 43
5 3 58 37 48 33 40 25 34 57
#c 7 4 1 7 6 2 0 0 2 4 5 8 3 1 5 3 4 8 2 1 0 3 3 5 3 7 6 0 8 1 5 4 3 6 7 5 5 6 6 4 6 3 5 7 5 1 1 2 6 8 0 0 2 3 2 1 7 7 6 8 7 2 5 2 4 1 3 8 7 0 4 4 6 6 1 0 5 8 8 0
4 6 68 43 25 57 15 24 32 41 21 22
5 3 34 56 0 3 60 12 66 53
#c 7 4 1 7 6 2 0 0 2 4 5 8 3 1 5 3 4 8 2 1 0 3 3 5 3 7 6 0 8 1 5 4 3 6 7 5 5 6 6 4 6 3 5 7 5 1 1 2 6 8 0 0 2 3 2 1 7 7 6 8 7 2 5 2 4 1 3 8 7 0 4 4 6 6 1 0 5 8 8 0
2 2 78 49 41 22
6 7 17 67 77 11 59 28 12 21 66 24 15 32 53
#c 7 4 1 7 6 2 0 0 2 4 5 8 3 1 5 3 4 8 2 1 0 3 3 5 3 7 6 0 8 1 5 4 3 6 7 5 5 6 6 4 6 3 5 7 5 1 1 2 6 8 0 0 2 3 2 1 7 7 6 8 7 2 5 2 4 1 3 8 7 0 4 4 6 6 1 0 5 8 8 0
1 2 51 42 62
8 8 50 75 27 7 20 6 69 79 14 23 36 30 10 35 76 44
#c 7 4 1 7 6 2 0 0 2 4 5 8 3 1 5 3 4 8 2 1 0 3 3 5 3 7 6 0 8 1 5 4 3 6 7 5 5 6 6 4 6 3 5 7 5 1 1 2 6 8 0 0 2 3 2 1 7 7 6 8 7 2 5 2 4 1 3 8 7 0 4 4 6 6 1 0 5 8 8 0
1 1 13 57
8 8 19 46 55 65 45 74 2 29 25 34 43 56 0 3 68 60
#c 7 4 1 7 6 2 0 0 2 4 5 8 3 1 5 3 4 8 2 1 0 3 3 5 3 7 6 0 8 1 5 4 3 6 7 5 5 6 6 4 6 3 5 7 5 1 1 2 6 8 0 0 2 3 2 1 7 7 6 8 7 2 5 2 4 1 3 8 7 0 4 4 6 6 1 0 5 8 8 0
2 3 47 8 16 71 39
6 5 63 61 52 5 18 54 31 1 70 9 64
#c 7 4 1 7 6 2 0 0 2 4 5 8 3 1 5 3 4 8 2 1 0 3 3 5 3 7 6 0 8 1 5 4 3 6 7 5 5 6 6 4 6 3 5 7 5 1 1 2 6 8 0 0 2 3 2 1 7 7 6 8 7 2 5 2 4 1 3 8 7 0 4 4 6 6 1 0 5 8 8 0
1 1 66 34
8 8 12 21 24 15 41 32 53 22 25 43 56 0 3 68 60 57
#c 7 4 1 7 6 2 0 0 2 4 5 8 3 1 5 3 4 8 2 1 0 3 3 5 3 7 6 0 8 1 5 4 3 6 7 5 5 6 6 4 6 3 5 7 5 1 1 2 6 8 0 0 2 3 2 1 7 7 6 8 7 2 5 2 4 1 3 8 7 0 4 4 6 6 1 0 5 8 8 0
1 1 31 50
7 8 71 16 1 70 9 64 39 75 27 7 20 51 6 69 79
#c 7 4 1 7 6 2 0 0 2 4 5 8 3 1 5 3 4 8 2 1 0 3 3 5 3 7 6 0 8 1 5 4 3 6 7 5 5 6 6 4 6 3 5 7 5 1 1 2 6 8 0 0 2 3 2 1 7 7 6 8 7 2 5 2 4 1 3 8 7 0 4 4 6 6 1 0 5 8 8 0
5 5 76 14 10 23 62 39 31 70 71 64
5 3 36 30 42 35 44 16 1 9
#c 7 4 1 7 6 2 0 0 2 4 5 8 3 1 5 3 4 8 2 1 0 3 3 5 3 7 6 0 8 1 5 4 3 6 7 5 5 6 6 4 6 3 5 7 5 1 1 2 6 8 0 0 2 3 2 1 7 7 6 8 7 2 5 2 4 1 3 8 7 0 4 4 6 6 1 0 5 8 8 0
1 1 38 7
9 8 58 26 37 48 72 33 4 40 73 50 75 27 20 51 6 69 79
#c 7 4 1 7 6 2 0 0 2 4 5 8 3 1 5 3 4 8 2 1 0 3 3 5 3 7 6 0 8 1 5 4 3 6 7 5 5 6 6 4 6 3 5 7 5 1 1 2 6 8 0 0 2 3 2 1 7 7 6 8 7 2 5 2 4 1 3 8 7 0 4 4 6 6 1 0 5 8 8 0
1 1 0 47
8 7 25 34 43 56 3 68 60 57 63 61 52 8 5 18 54
#c 7 4 1 7 6 2 0 0 2 4 5 8 3 1 5 3 4 8 2 1 0 3 3 5 3 7 6 0 8 1 5 4 3 6 7 5 5 6 6 4 6 3 5 7 5 1 1 2 6 8 0 0 2 3 2 1 7 7 6 8 7 2 5 2 4 1 3 8 7 0 4 4 6 6 1 0 5 8 8 0
#c 7 4 1 7 6 2 0 0 2 4 5 8 3 1 5 3 4 8 2 1 0 3 3 5 3 7 6 0 8 1 5 4 3 6 7 5 5 6 6 4 6 3 5 7 5 1 1 2 6 8 0 0 2 3 2 1 7 7 6 8 7 2 5 2 4 1 3 8 7 0 4 4 6 6 1 0 5 8 8 0
#c 7 4 1 7 6 2 0 0 2 4 5 8 3 1 5 3 4 8 2 1 0 3 3 5 3 7 6 0 8 1 5 4 3 6 7 5 5 6 6 4 6 3 5 7 5 1 1 2 6 8 0 0 2 3 2 1 7 7 6 8 7 2 5 2 4 1 3 8 7 0 4 4 6 6 1 0 5 8 8 0
2 1 19 46 16
7 7 55 65 45 74 2 29 13 31 71 1 70 9 64 39
#c 7 4 1 7 6 2 0 0 2 4 5 8 3 1 5 3 1 8 2 4 0 3 3 5 3 7 6 0 8 1 5 4 3 6 7 5 5 6 6 4 6 3 5 7 5 1 4 2 6 8 0 0 2 3 2 1 7 7 6 8 7 2 5 2 4 1 3 8 7 0 4 4 6 6 1 0 5 8 8 0
3 3 54 18 63 0 34 57
5 6 47 61 52 8 5 25 43 56 3 68 60
#c 7 4 1 7 6 2 0 0 2 4 5 8 3 1 5 3 1 8 2 4 0 3 3 5 3 7 6 0 8 1 5 4 3 6 7 5 5 6 6 4 6 3 5 7 5 1 4 2 6 8 0 0 2 3 2 1 7 7 6 8 7 2 5 2 4 1 3 8 7 0 4 4 6 6 1 0 5 8 8 0
#c 7 4 1 7 6 2 0 0 2 4 5 8 3 1 5 3 1 8 2 4 0 3 3 5 3 7 6 0 8 1 5 4 3 6 7 5 5 6 6 4 6 3 5 7 5 1 4 2 6 8 0 0 2 3 2 1 7 7 6 8 7 2 5 2 4 1 3 8 7 0 4 4 6 6 1 0 5 8 8 0
3 3 19 9 64 53 22 15
6 6 31 71 1 70 39 46 12 21 66 24 41 32
#c 7 4 1 7 6 2 0 0 2 4 5 8 3 1 5 3 1 8 2 4 0 3 3 5 3 7 6 0 8 1 5 4 3 6 7 5 5 6 6 4 6 3 5 7 5 1 4 2 6 8 0 0 2 3 2 1 7 7 6 8 7 2 5 2 4 1 3 8 7 0 4 4 6 6 1 0 5 8 8 0
1 1 35 71
9 8 14 23 36 30 10 42 76 62 44 31 1 70 9 64 39 19 46
#c 7 4 1 7 6 2 0 0 2 4 5 8 3 1 5 3 1 8 2 4 0 3 3 5 3 7 6 0 8 1 5 4 3 6 7 4 5 6 6 4 6 3 5 7 5 1 4 2 6 8 0 0 2 3 2 1 7 7 6 8 7 2 5 2 4 1 3 8 7 0 4 5 6 6 1 0 5 8 8 0
2 2 37 48 55 2
8 6 58 26 72 33 4 38 40 73 65 45 74 29 13 16
#c 7 4 1 7 6 2 0 0 2 4 5 8 3 1 5 3 1 8 2 4 0 3 3 5 3 7 6 0 8 1 5 4 3 6 7 4 5 6 6 4 6 3 5 7 5 1 4 2 6 8 0 0 2 3 2 1 7 7 6 8 7 2 5 2 4 1 3 8 7 0 4 5 6 6 1 0 5 8 8 0
3 3 3 0 57 62 44 14
6 7 25 34 43 56 68 60 23 36 30 10 42 76 71
#c 5 4 1 5 6 2 0 0 2 4 5 8 3 1 7 3 1 8 2 4 0 3 3 5 3 7 6 0 8 1 5 4 3 6 7 4 5 6 6 4 6 3 5 7 7 1 4 2 6 8 0 0 2 3 2 1 7 5 6 8 7 2 7 2 4 1 3 8 7 0 4 5 6 6 1 0 5 8 8 0
4 4 59 49 11 17 12 22 53 15
4 5 67 78 77 28 21 66 24 41 32
#c 5 4 1 5 6 2 0 0 2 4 5 8 3 1 7 3 1 8 2 4 0 3 3 5 3 7 6 0 8 1 5 4 3 6 7 4 5 6 6 4 6 3 5 7 7 1 4 2 6 8 0 0 2 3 2 1 7 5 6 8 7 2 7 2 4 1 3 8 7 0 4 5 6 6 1 0 5 8 8 0
2 2 79 51 49 17
7 6 50 75 27 7 20 6 69 67 78 77 11 59 28
#c 5 4 1 5 6 2 0 0 2 4 5 8 3 1 7 3 1 8 2 4 0 3 3 5 3 7 6 0 8 1 5 4 3 6 7 4 5 6 6 4 6 3 5 7 7 1 4 2 6 8 0 0 2 3 2 1 7 5 6 8 7 2 7 2 4 1 3 8 7 0 4 5 6 6 1 0 5 8 8 0
4 3 65 45 74 55 47 52 54
4 5 2 29 13 16 63 61 8 5 18
#c 5 4 1 5 6 2 0 0 2 4 5 8 3 1 7 3 1 8 2 4 0 3 3 5 3 7 6 0 8 1 5 4 3 6 7 4 5 6 6 4 6 3 5 7 7 2 4 1 6 8 0 0 1 3 1 2 7 5 6 8 7 2 7 2 4 2 3 8 7 0 4 5 6 6 2 0 5 8 8 0
2 1 45 55 66
7 8 63 61 8 5 18 65 74 12 21 24 15 41 32 53 22
#c 5 4 1 5 6 2 0 0 2 4 5 8 3 1 7 3 1 8 2 4 0 3 3 5 3 7 6 0 8 1 5 4 3 6 7 4 5 6 6 4 6 3 5 7 7 2 4 1 6 8 0 0 1 3 1 2 7 5 6 8 7 2 7 2 4 2 3 8 7 0 4 5 6 6 2 0 5 8 8 0
4 4 12 53 41 22 11 28 67 78
5 4 21 66 24 15 32 17 49 77 59
#c 5 4 1 5 6 2 0 0 2 4 5 8 3 1 7 3 1 8 2 4 0 3 3 5 3 7 6 0 8 1 5 4 3 6 7 4 5 6 6 4 6 3 5 7 7 2 4 1 6 8 0 0 1 3 1 2 7 5 6 8 7 2 7 2 4 2 3 8 7 0 4 5 6 6 2 0 5 8 8 0
2 1 35 31 69
7 8 1 70 9 64 39 19 46 50 75 27 7 20 51 6 79
#c 5 4 1 5 6 2 0 0 2 4 5 8 3 1 7 3 1 8 2 4 0 3 3 5 3 7 6 0 8 1 5 4 3 6 7 4 5 6 6 4 6 3 5 7 7 2 4 1 6 8 0 0 1 3 1 2 7 5 6 8 7 2 7 2 4 2 3 8 7 0 4 5 6 6 2 0 5 8 8 0
4 4 42 30 36 57 60 25 56 62
6 5 23 10 76 71 3 0 34 43 68 44 14
#c 5 4 1 5 6 2 0 0 2 4 5 8 3 1 7 3 1 8 2 4 0 3 3 5 3 7 6 0 8 1 5 4 3 6 7 4 5 6 6 4 6 3 5 7 7 2 4 1 6 8 0 0 1 3 1 2 7 5 6 8 7 2 7 2 4 2 3 8 7 0 4 5 6 6 2 0 5 8 8 0
3 3 58 48 40 47 13 54
7 4 26 37 72 33 4 38 73 2 29 16 52
#c 5 4 1 5 6 2 0 0 2 4 5 8 3 1 7 3 1 8 2 4 0 3 3 5 3 7 6 0 8 1 5 4 3 6 7 4 5 6 6 4 6 3 5 7 7 2 4 1 6 8 0 0 1 3 1 2 7 5 6 8 7 2 7 2 4 2 3 8 7 0 4 5 6 6 2 0 5 8 8 0
3 3 44 34 68 32 21 12
6 6 25 43 56 60 62 14 66 24 15 41 53 22
#c 5 4 1 5 6 2 0 0 2 4 5 8 7 1 7 3 1 8 2 4 0 7 3 5 3 7 6 0 8 1 5 4 7 6 3 4 5 6 6 4 6 3 5 7 3 2 4 1 6 8 0 0 1 3 1 2 7 5 6 8 7 2 7 2 4 2 3 8 3 0 4 5 6 6 2 0 5 8 8 0
2 2 77 17 0 57
6 8 49 67 78 11 59 28 23 36 30 10 42 76 71 3
#c 8 4 1 5 6 2 0 0 2 4 5 8 7 1 7 3 1 5 2 4 0 7 3 5 3 7 6 0 8 1 5 4 7 6 3 4 5 6 6 4 6 3 5 7 3 2 4 1 6 8 0 0 1 3 1 2 7 8 6 8 7 2 7 2 4 2 3 8 3 0 4 5 6 6 2 0 5 5 8 0
4 3 50 27 7 75 16 13 29
5 4 20 51 6 69 79 2 47 52 54
#c 8 4 1 5 6 2 0 0 2 4 5 8 7 1 7 3 1 5 2 4 0 7 3 5 3 7 6 0 8 1 5 4 7 6 3 4 5 6 6 4 6 3 5 7 3 2 4 1 6 8 0 0 1 3 1 2 7 8 6 8 7 2 7 2 4 2 3 8 3 0 4 5 6 6 2 0 5 5 8 0
3 3 47 29 16 68 22 41
4 6 2 13 52 54 66 24 15 53 44 34
#c 8 4 1 5 6 2 0 0 2 4 5 8 7 1 7 3 1 5 2 4 0 7 3 5 3 7 6 0 8 1 5 4 7 6 3 4 5 6 6 4 6 3 5 7 3 2 4 1 6 8 0 0 1 3 1 2 7 8 6 8 7 2 7 2 4 2 3 8 3 0 4 5 6 6 2 0 5 5 8 0
1 1 55 67
8 7 63 61 8 5 18 65 45 74 49 78 11 59 28 0 57
#c 8 4 1 5 6 2 0 0 2 4 5 8 7 1 7 3 1 5 2 4 0 7 3 5 3 7 6 0 8 1 5 4 7 6 3 4 5 6 6 4 6 3 5 7 3 2 4 1 6 8 0 0 1 3 1 2 7 8 6 8 7 2 7 2 4 2 3 8 3 0 4 5 6 6 2 0 5 5 8 0
2 2 15 41 79 51
7 7 66 24 53 22 44 34 68 50 75 27 7 20 6 69
#c 8 4 1 5 6 2 0 0 2 4 5 8 7 1 7 3 1 5 2 4 0 7 3 5 3 7 6 0 8 1 5 4 7 6 3 4 5 6 6 4 6 3 5 7 3 2 4 1 6 8 0 0 1 3 1 2 7 8 6 8 7 2 7 2 4 2 3 8 3 0 4 5 6 6 2 0 5 5 8 0
4 4 46 31 35 9 44 15 66 41
5 5 1 70 64 39 19 24 53 22 34 68
#c 8 4 1 5 6 2 0 0 2 4 5 8 7 1 7 3 1 5 2 4 0 7 3 5 3 7 6 0 8 1 5 4 7 6 3 4 5 6 6 4 6 3 5 7 3 2 4 1 6 8 0 0 1 3 1 2 7 8 6 8 7 2 7 2 4 2 3 8 3 0 4 5 6 6 2 0 5 5 8 0
5 5 23 76 71 3 10 16 29 13 47 2
5 2 36 30 42 77 17 52 54
#c 8 4 1 5 6 2 0 0 2 4 5 8 7 1 7 3 1 5 2 4 0 7 3 5 3 7 6 0 8 1 5 4 7 6 3 4 5 6 6 4 6 3 5 7 3 2 4 1 6 8 0 0 1 3 1 2 7 8 6 8 7 2 7 2 4 2 3 8 3 0 4 5 6 6 2 0 5 5 8 0
5 5 4 37 26 40 73 47 2 16 52 54
5 2 58 48 72 33 38 29 13
#c 8 4 1 5 6 2 0 0 2 4 5 8 7 1 7 3 1 5 2 4 0 7 3 5 3 7 6 0 8 1 5 4 7 6 3 4 5 6 6 4 6 3 5 7 3 2 4 1 6 8 0 0 1 3 1 2 7 8 6 8 7 2 7 2 4 2 3 8 3 0 4 5 6 6 2 0 5 5 8 0
2 2 14 43 9 31
7 7 25 56 60 62 32 21 12 1 70 64 39 19 46 35
#c 8 4 1 5 6 2 0 0 2 4 5 8 7 1 7 3 1 5 2 4 0 7 3 5 3 7 6 0 8 1 5 4 7 6 3 4 5 6 6 4 6 3 5 7 3 2 4 1 6 8 0 0 1 3 1 2 7 8 6 8 7 2 7 2 4 2 3 8 3 0 4 5 6 6 2 0 5 5 8 0
1 1 57 50
7 8 49 67 78 11 59 28 0 75 27 7 20 51 6 69 79
#c 8 4 1 5 6 2 0 0 2 4 5 8 7 1 7 3 1 5 2 4 0 7 3 5 3 7 6 0 8 1 5 4 7 6 3 4 5 6 6 4 6 3 5 7 3 2 4 1 6 8 0 0 1 3 1 2 7 8 6 8 7 2 7 2 4 2 3 8 3 0 4 5 6 6 2 0 5 5 8 0
#c 8 4 1 5 6 2 0 0 2 4 5 8 7 1 7 3 1 5 2 4 0 7 3 5 3 7 6 0 8 1 5 4 7 6 3 4 5 6 6 4 6 3 5 7 3 2 4 1 6 8 0 0 1 3 1 2 7 8 6 8 7 2 7 2 4 2 3 8 3 0 4 5 6 6 2 0 5 5 8 0
2 2 16 2 3 10
5 8 29 13 47 52 54 23 36 30 42 76 71 77 17
#c 8 4 5 1 6 2 0 0 2 4 1 8 7 1 7 3 5 5 2 4 0 7 3 5 3 7 6 0 8 1 5 4 7 6 3 4 5 6 6 4 6 3 5 7 3 2 4 1 6 8 0 0 1 3 1 2 7 8 6 8 7 2 7 2 4 2 3 8 3 0 4 5 6 6 2 0 5 5 8 0
4 4 5 74 63 8 50 7 75 69
5 5 61 18 65 45 55 27 20 51 6 79
#c 8 4 5 1 6 2 0 0 2 4 1 8 7 1 7 3 5 5 2 4 0 7 3 5 3 7 6 0 8 1 5 4 7 6 3 4 5 6 6 4 6 3 5 7 3 2 4 1 6 8 0 0 1 3 1 2 7 8 6 8 7 2 7 2 4 2 3 8 3 0 4 5 6 6 2 0 5 5 8 0
4 4 66 41 15 53 47 3 10 54
5 3 24 22 44 34 68 29 13 52
#c 8 4 5 1 6 2 0 0 2 4 1 8 7 1 7 3 5 5 2 4 0 7 3 5 3 7 6 0 8 1 5 4 7 6 3 4 5 6 6 4 6 3 5 7 3 2 4 1 6 8 0 0 1 3 1 2 7 8 6 8 7 2 7 2 4 2 3 8 3 0 4 5 6 6 2 0 5 5 8 0
3 3 39 64 35 13 29 10
6 4 31 1 70 9 19 46 47 52 54 3
#c 8 4 5 1 6 2 0 0 2 4 1 8 7 1 7 3 5 5 2 4 0 7 3 5 3 7 6 0 8 1 5 4 7 6 3 4 5 6 6 4 6 3 5 7 3 2 4 1 6 8 0 0 1 3 1 2 7 8 6 8 7 2 7 2 4 2 3 8 3 0 4 5 6 6 2 0 5 5 8 0
1 1 71 3
9 6 23 36 30 42 76 77 17 16 2 29 13 47 52 54 10
#c 8 4 5 5 6 2 0 0 2 4 1 8 7 1 7 3 5 5 2 4 0 7 3 5 3 7 6 0 8 1 5 4 7 6 3 4 5 6 6 4 6 3 5 7 3 2 4 1 6 8 0 0 1 3 1 2 7 8 6 8 7 2 7 2 4 2 3 8 3 0 4 1 6 6 2 0 5 5 8 0
1 2 4 53 68
9 7 58 26 37 48 72 33 38 40 73 66 24 15 41 22 44 34
#c 8 4 5 5 6 2 0 0 2 4 1 8 7 1 7 3 5 5 2 4 0 7 3 5 3 7 6 0 8 1 5 4 7 6 3 4 5 6 6 4 6 3 5 7 3 2 4 1 6 8 0 0 1 3 1 2 7 8 6 8 7 2 7 2 4 2 3 8 3 0 4 1 6 6 2 0 5 5 8 0
2 2 14 12 65 5
7 7 25 43 56 60 62 32 21 63 61 8 18 45 74 55
#c 8 4 5 5 6 2 0 0 2 4 1 8 7 1 7 3 5 5 2 4 0 7 3 5 3 7 6 0 8 1 5 4 7 6 3 4 5 6 6 4 6 3 5 7 3 2 4 1 6 8 0 0 1 3 1 2 7 8 6 8 7 2 7 2 4 2 3 8 3 0 4 1 6 6 2 0 5 5 8 0
3 3 0 78 59 44 34 24
5 6 49 67 11 28 57 66 15 41 53 22 68
#c 8 4 5 5 6 2 0 0 2 4 1 8 7 1 7 3 5 5 2 4 0 7 3 5 3 7 6 0 8 1 5 4 7 6 3 4 5 6 6 4 6 3 5 7 3 2 4 1 6 8 0 0 1 3 1 2 7 8 6 8 7 2 7 2 4 2 3 8 3 0 4 1 6 6 2 0 5 5 8 0
2 2 27 20 65 63
7 7 50 75 7 51 6 69 79 61 8 5 18 45 74 55
#c 8 4 5 5 6 2 0 0 2 4 1 8 7 1 7 3 5 5 2 4 0 7 3 5 3 7 6 0 8 1 5 4 7 6 3 4 5 6 6 4 6 3 5 7 3 2 4 1 6 8 0 0 1 3 1 2 7 8 6 8 7 2 7 2 4 2 3 8 3 0 4 1 6 6 2 0 5 5 8 0
1 2 47 69 7
6 7 29 13 52 54 10 71 50 75 27 20 51 6 79
#c 8 4 5 5 6 2 0 0 2 4 1 8 7 1 7 3 5 5 2 4 0 7 3 5 3 7 6 0 8 1 5 4 7 6 3 4 5 6 6 4 6 3 5 7 3 2 4 1 6 8 0 0 1 3 1 2 7 8 6 8 7 2 7 2 4 2 3 8 3 0 4 1 6 6 2 0 5 5 8 0
1 1 63 11
8 7 61 8 5 18 65 45 74 55 49 67 78 59 28 0 57
#c 8 4 5 5 6 2 0 0 2 4 1 8 7 1 7 3 5 5 2 4 0 7 3 5 3 7 6 0 8 1 5 4 7 6 3 4 5 6 6 4 6 3 5 7 3 2 4 1 6 8 0 0 1 3 1 2 7 8 6 8 7 2 7 2 4 2 3 8 3 0 4 1 6 6 2 0 5 5 8 0
2 2 68 66 13 52
7 5 24 15 41 53 22 44 34 29 47 54 10 71
#c 8 4 5 5 6 2 0 0 2 4 1 8 7 1 7 3 5 5 2 4 0 7 3 5 3 7 6 0 8 1 5 4 7 6 3 4 5 6 6 4 6 3 5 7 3 2 4 1 6 8 0 0 1 3 1 2 7 8 6 8 7 2 7 2 4 2 3 8 3 0 4 1 6 6 2 0 5 5 8 0
4 3 64 31 46 9 25 12 62
5 6 1 70 39 19 35 43 56 60 14 32 21
#c 8 4 5 5 6 2 0 0 2 4 1 8 7 1 7 3 5 5 2 4 0 7 3 5 3 7 6 0 8 1 5 4 7 6 3 4 5 6 6 4 6 3 5 7 3 2 4 1 6 8 0 0 1 3 1 2 7 8 6 8 7 2 7 2 4 2 3 8 3 0 4 1 6 6 2 0 5 5 8 0
3 3 3 77 23 74 55 45
7 6 36 30 42 76 17 16 2 63 61 8 5 18 65
#c 8 4 5 5 6 2 0 0 2 4 1 8 7 1 7 3 5 5 2 4 0 7 3 5 3 7 6 0 8 1 5 4 7 6 3 4 5 6 6 4 6 3 5 7 3 2 4 1 6 8 0 0 1 3 1 2 7 8 6 8 7 2 7 2 4 2 3 8 3 0 4 1 6 6 2 0 5 5 8 0
1 1 72 23
9 9 58 26 37 48 33 4 38 40 73 36 30 42 76 77 17 16 2 3
#c 8 4 5 5 6 2 0 0 2 4 1 8 7 1 7 3 5 5 2 4 0 7 3 6 3 7 6 0 8 1 5 4 7 6 3 4 5 6 6 4 6 3 5 7 3 2 4 1 6 8 0 0 1 3 1 2 7 8 6 8 7 2 7 2 4 2 3 8 3 0 4 1 5 6 2 0 5 5 8 0
3 3 60 62 21 71 54 47
6 4 25 43 56 14 32 12 29 13 52 10
#c 8 4 5 5 6 2 0 0 2 4 1 8 7 1 7 3 5 5 2 4 0 7 3 6 3 7 6 0 8 1 5 4 7 6 3 4 5 6 6 4 6 3 5 7 3 2 4 1 6 8 0 0 1 3 1 2 7 8 6 8 7 2 7 2 4 2 3 8 3 0 4 1 5 6 2 0 5 5 8 0
4 4 78 0 59 57 1 64 46 70
4 5 49 67 11 28 31 9 39 19 35
#c 8 4 5 5 6 2 0 0 2 4 1 8 7 1 7 3 5 5 2 4 0 7 3 6 3 7 6 0 8 1 5 4 7 6 3 4 5 6 6 4 6 3 5 7 3 2 4 1 6 8 0 0 1 3 1 2 7 8 6 8 7 2 7 2 4 2 3 8 3 0 4 1 5 6 2 0 5 5 8 0
3 2 6 7 20 35 1
6 7 50 75 27 51 69 79 31 70 9 64 39 19 46
#c 8 4 5 5 6 2 0 0 2 4 1 8 7 1 7 3 5 5 2 4 0 7 3 6 3 7 6 0 8 1 5 4 7 6 3 4 5 6 6 4 6 3 5 7 3 2 4 1 6 8 0 0 1 3 1 2 7 8 6 8 7 2 7 2 4 2 3 8 3 0 4 1 5 6 2 0 5 5 8 0
#c 8 4 5 5 6 2 0 0 2 4 1 8 7 1 7 3 5 5 2 4 0 7 3 6 3 7 6 0 8 1 5 4 7 6 3 4 5 6 6 4 6 3 5 7 3 2 4 1 6 8 0 0 1 3 1 2 7 8 6 8 7 2 7 2 4 2 3 8 3 0 4 1 5 6 2 0 5 5 8 0
2 2 74 63 56 43
7 7 61 8 5 18 65 45 55 25 60 62 14 32 21 12
#c 8 4 5 5 6 2 0 0 2 4 1 8 7 1 7 3 5 5 2 4 0 7 3 6 3 7 6 0 8 1 5 4 7 6 3 4 5 6 6 4 6 3 5 7 3 2 4 1 6 8 0 0 1 3 1 2 7 8 6 8 7 2 7 2 4 2 3 8 3 0 4 1 5 6 2 0 5 5 8 0
1 1 68 6
8 8 66 24 15 41 53 22 44 34 50 75 27 7 20 51 69 79
#c 8 4 5 5 6 2 0 0 2 4 1 8 7 1 7 3 5 5 2 4 0 7 3 6 3 7 6 0 8 1 5 4 7 6 3 4 5 6 6 4 6 3 5 7 3 2 4 1 6 8 0 0 1 3 1 2 7 8 6 8 7 2 7 2 4 2 3 8 3 0 4 1 5 6 2 0 5 5 8 0
#c 8 4 5 5 6 2 0 0 2 4 1 8 7 1 7 3 5 5 2 4 0 7 3 6 3 7 6 0 8 1 5 4 7 6 3 4 5 6 6 4 6 3 5 7 3 2 4 1 6 8 0 0 1 3 1 2 7 8 6 8 7 2 7 2 4 2 3 8 3 0 4 1 5 6 2 0 5 5 8 0
3 3 77 2 17 78 28 49
7 5 36 30 42 76 16 3 72 67 11 59 0 57
#c 8 4 8 5 6 2 0 0 2 4 1 8 7 1 7 3 5 8 2 4 0 7 3 6 3 7 6 0 5 1 5 4 7 6 3 4 5 6 6 4 6 3 5 7 3 2 4 1 6 5 0 0 1 3 1 2 7 8 6 8 7 2 7 2 4 2 3 8 3 0 4 1 5 6 2 0 5 8 5 0
5 5 4 23 38 40 26 69 79 6 20 27
5 4 58 37 48 33 73 50 75 7 51
#c 8 4 8 5 6 2 0 0 2 4 1 8 7 1 7 3 5 8 2 4 0 7 3 6 3 7 6 0 5 1 5 4 7 6 3 4 5 6 6 4 6 3 5 7 3 2 4 1 6 5 0 0 1 3 1 2 7 8 6 8 7 2 7 2 4 2 3 8 3 0 4 1 5 6 2 0 5 8 5 0
1 1 25 0
8 7 43 56 60 62 14 32 21 12 67 11 59 57 77 2 17
#c 7 4 8 5 6 2 0 0 2 4 1 8 7 1 7 3 5 8 2 4 0 7 3 6 3 8 6 0 5 1 5 4 7 6 3 4 5 6 6 4 6 3 5 7 3 2 4 1 6 5 0 0 1 3 1 2 7 8 6 8 7 2 7 2 4 2 3 8 3 0 4 1 5 6 2 0 5 8 5 0
2 2 11 57 70 1
6 7 67 59 77 2 17 25 31 9 64 39 19 46 35
#c 7 4 8 5 6 2 0 0 2 4 1 8 7 1 7 3 5 8 2 4 0 7 3 6 3 8 6 0 5 1 5 4 7 6 3 4 5 6 6 4 6 3 5 7 3 2 4 1 6 5 0 0 1 3 1 2 7 8 6 8 7 2 7 2 4 2 3 8 3 0 4 1 5 6 2 0 5 8 5 0
2 2 7 51 66 15
7 7 50 75 27 20 6 69 79 24 41 53 22 44 34 68
#c 7 4 8 5 6 2 0 0 2 4 1 8 7 1 7 3 5 8 2 4 0 7 3 6 3 8 6 0 5 1 5 4 7 6 3 4 5 6 6 4 6 3 5 7 3 2 4 1 6 5 0 0 1 3 1 2 7 8 6 8 7 2 7 2 4 2 3 8 3 0 4 1 5 6 2 0 5 8 5 0
#c 7 4 8 5 6 2 0 0 2 4 1 8 7 1 7 3 5 8 2 4 0 7 3 6 3 8 6 0 5 1 5 4 7 6 3 4 5 6 6 4 6 3 5 7 3 2 4 1 6 5 0 0 1 3 1 2 7 8 6 8 7 2 7 2 4 2 3 8 3 0 4 1 5 6 2 0 5 8 5 0
3 3 18 65 55 37 33 38
6 7 63 61 8 5 45 74 58 26 48 4 40 73 23
#c 7 4 8 5 6 2 0 0 2 4 1 8 7 1 7 3 5 8 2 4 0 7 3 6 3 8 6 0 5 1 5 4 7 6 3 4 5 6 6 4 6 3 5 7 3 2 4 1 6 5 0 0 1 3 1 2 7 8 6 8 7 2 7 2 4 2 3 8 3 0 4 1 5 6 2 0 5 8 5 0
2 2 41 53 18 5
7 7 66 24 15 22 44 34 68 63 61 8 65 45 74 55
#c 7 4 8 5 6 2 0 0 2 4 1 8 7 1 7 3 5 8 2 4 0 7 3 6 3 8 6 0 5 1 5 4 7 6 3 4 5 6 6 4 6 3 5 7 3 2 4 1 6 5 0 0 1 3 1 2 7 8 6 8 7 2 7 2 4 2 3 8 3 0 4 1 5 6 2 0 5 8 5 0
1 1 46 79
8 8 31 1 70 9 64 39 19 35 50 75 27 7 20 51 6 69
#c 7 4 8 5 6 2 0 0 2 4 1 8 7 1 7 3 5 8 2 4 0 7 3 6 3 8 6 0 5 1 5 4 7 6 3 4 5 6 6 4 6 3 5 7 3 2 4 1 6 5 0 0 1 3 1 2 7 8 6 8 7 2 7 2 4 2 3 8 3 0 4 1 5 6 2 0 5 8 5 0
4 4 30 16 36 76 11 67 77 2
6 4 42 3 72 78 28 49 59 57 17 25
#c 7 4 8 5 6 2 0 0 2 4 1 8 7 1 7 3 5 8 2 4 0 7 3 6 3 8 6 0 5 1 5 4 7 6 3 4 5 6 6 4 6 3 5 7 3 2 4 1 6 5 0 0 1 3 1 2 7 8 6 8 7 2 7 2 4 2 3 8 3 0 4 1 5 6 2 0 5 8 5 0
1 1 33 14
9 8 58 26 37 48 4 38 40 73 23 43 56 60 62 32 21 12 0
#c 7 4 8 5 6 2 0 0 2 4 1 8 7 1 7 3 5 8 2 4 0 7 3 6 3 8 6 0 5 1 5 4 7 6 3 4 5 6 6 4 6 3 5 7 3 2 4 1 6 5 0 0 1 3 1 2 7 8 6 8 7 2 7 2 4 2 3 8 3 0 4 1 5 6 2 0 5 8 5 0
4 4 12 21 60 43 72 36 30 78
5 6 56 62 14 32 0 42 76 16 3 28 49
#c 7 4 8 5 6 2 0 0 2 4 1 8 7 1 7 3 5 8 2 4 0 7 3 6 3 8 6 0 5 1 5 4 7 6 3 4 5 6 6 4 6 3 5 7 3 2 4 1 6 5 0 0 1 3 1 2 7 8 6 8 7 2 7 2 4 2 3 8 3 0 4 1 5 6 2 0 5 8 5 0
3 3 67 17 11 10 13 29
5 4 59 57 77 2 25 47 52 54 71
#c 7 4 8 5 6 2 0 0 2 4 1 8 7 1 7 3 5 8 2 4 0 7 3 6 3 8 6 0 5 1 5 4 7 6 3 4 5 6 6 4 6 3 5 7 3 2 4 1 6 5 0 0 1 3 1 2 7 8 6 8 7 2 7 2 4 2 3 8 3 0 4 1 5 6 2 0 5 8 5 0
4 4 6 50 27 7 11 2 57 77
5 4 75 20 51 69 79 67 59 17 25
#c 7 4 8 5 6 2 0 0 2 4 1 8 7 1 7 3 5 8 2 4 0 7 3 6 3 8 6 0 5 1 5 4 7 6 3 4 5 6 6 4 6 3 5 7 3 2 4 1 6 5 0 0 1 3 1 2 7 8 6 8 7 2 7 2 4 2 3 8 3 0 4 1 5 6 2 0 5 8 5 0
#c 7 4 8 5 6 2 0 0 2 4 1 8 7 1 7 3 5 8 2 4 0 7 3 6 3 8 6 0 5 1 5 4 7 6 3 4 5 6 6 4 6 3 5 7 3 2 4 1 6 5 0 0 1 3 1 2 7 8 6 8 7 2 7 2 4 2 3 8 3 0 4 1 5 6 2 0 5 8 5 0
#c 7 4 8 5 6 2 0 0 2 4 1 8 7 1 7 3 5 8 2 4 0 7 3 6 3 8 6 0 5 1 5 4 7 6 3 4 5 6 6 4 6 3 5 7 3 2 4 1 6 5 0 0 1 3 1 2 7 8 6 8 7 2 7 2 4 2 3 8 3 0 4 1 5 6 2 0 5 8 5 0
4 4 41 34 68 22 36 28 3 72
5 6 66 24 15 53 44 30 42 76 16 78 49
#c 7 4 8 5 6 2 0 0 2 4 1 8 7 1 7 3 5 8 2 4 0 7 3 6 3 8 6 0 5 1 5 4 7 6 3 4 5 6 6 4 6 3 5 7 3 2 4 1 6 5 0 0 1 3 1 2 7 8 6 8 7 2 7 2 4 2 3 8 3 0 4 1 5 6 2 0 5 8 5 0
3 3 9 39 35 23 58 37
6 7 31 1 70 64 19 46 26 48 33 4 38 40 73
#c 7 4 8 5 6 2 0 0 2 4 1 8 7 1 7 3 5 8 2 4 0 7 3 6 3 8 6 0 5 1 5 4 7 6 3 4 5 6 6 4 6 3 5 7 3 2 4 1 6 5 0 0 1 3 1 2 7 8 6 8 7 2 7 2 4 2 3 8 3 0 4 1 5 6 2 0 5 8 5 0
#c 7 4 8 5 6 2 0 0 2 4 1 8 7 1 7 3 5 8 2 4 0 7 3 6 3 8 6 0 5 1 5 4 7 6 3 4 5 6 6 4 6 3 5 7 3 2 4 1 6 5 0 0 1 3 1 2 7 8 6 8 7 2 7 2 4 2 3 8 3 0 4 1 5 6 2 0 5 8 5 0
4 4 37 38 48 4 19 35 70 9
6 5 58 26 33 40 73 23 31 1 64 39 46
#c 7 4 8 5 6 2 0 0 2 4 1 8 7 1 7 3 5 8 2 4 0 7 3 6 3 8 6 0 5 1 5 4 7 6 3 4 5 6 6 4 6 3 5 7 3 2 4 1 6 5 0 0 1 3 1 2 7 8 6 8 7 2 7 2 4 2 3 8 3 0 4 1 5 6 2 0 5 8 5 0
2 2 0 21 16 76
7 8 43 56 60 62 14 32 12 36 30 42 3 72 78 28 49
#c 7 4 8 5 6 2 0 0 2 4 1 8 7 1 7 3 5 8 2 4 0 7 3 6 3 8 6 0 5 1 5 4 7 6 3 4 5 6 6 4 6 3 5 7 3 2 4 1 6 5 0 0 1 3 1 2 7 8 6 8 7 2 7 2 4 2 3 8 3 0 4 1 5 6 2 0 5 8 5 0
4 4 77 2 17 25 33 37 38 40
4 6 67 11 59 57 58 26 48 4 73 23
#c 7 4 8 5 6 2 0 0 2 4 1 8 7 1 7 3 5 8 2 4 0 7 3 6 3 8 6 0 5 1 5 4 7 6 3 4 5 6 6 4 6 3 5 7 3 2 4 1 6 5 0 0 1 3 1 2 7 8 6 8 7 2 7 2 4 2 3 8 3 0 4 1 5 6 2 0 5 8 5 0
3 3 27 6 20 76 36 78
6 7 50 75 7 51 69 79 30 42 16 3 72 28 49
#c 7 4 8 5 6 2 0 0 2 4 1 8 7 1 7 3 5 8 2 4 0 7 3 6 3 8 6 0 5 1 5 4 7 6 3 4 5 6 6 4 6 3 5 7 3 2 4 1 6 5 0 0 1 3 1 2 7 8 6 8 7 2 7 2 4 2 3 8 3 0 4 1 5 6 2 0 5 8 5 0
2 2 52 47 56 32
5 7 29 13 54 10 71 43 60 62 14 21 12 0
#c 7 4 8 5 6 2 0 0 2 4 1 8 7 1 7 3 5 8 2 4 0 7 3 6 3 8 6 0 5 1 5 4 7 6 3 4 5 6 6 4 6 3 5 7 3 2 4 1 6 5 0 0 1 3 1 2 7 8 6 8 7 2 7 2 4 2 3 8 3 0 4 1 5 6 2 0 5 8 5 0
1 1 61 39
8 8 63 8 5 18 65 45 74 55 31 1 70 9 64 19 46 35
#c 7 4 8 5 6 2 0 0 2 4 1 8 7 1 7 3 5 8 2 4 0 7 3 6 3 8 6 0 5 1 5 4 7 6 3 4 5 6 6 4 6 3 5 7 3 2 4 1 6 5 0 0 1 3 1 2 7 8 6 8 7 2 7 2 4 2 3 8 3 0 4 1 5 6 2 0 5 8 5 0
3 3 24 41 66 10 13 71
6 4 15 53 22 44 34 68 29 47 52 54
#c 7 4 8 5 6 2 0 0 2 4 1 8 7 1 7 3 5 8 2 4 0 7 3 6 3 8 6 0 5 1 5 4 7 6 3 4 5 6 6 4 6 3 5 7 3 2 4 1 6 5 0 0 1 3 1 2 7 8 6 8 7 2 7 2 4 2 3 8 3 0 4 1 5 6 2 0 5 8 5 0
2 2 64 70 55 45
7 7 31 1 9 39 19 46 35 63 61 8 5 18 65 74
#c 7 4 8 5 6 2 0 0 2 4 1 8 7 1 7 3 5 8 2 4 0 7 3 6 3 8 6 0 5 1 5 4 7 6 3 4 5 6 6 4 6 3 5 7 3 2 4 1 6 5 0 0 1 3 1 2 7 8 6 8 7 2 7 2 4 2 3 8 3 0 4 1 5 6 2 0 5 8 5 0
#c 7 4 8 5 6 2 0 0 2 4 1 8 7 1 7 3 5 8 2 4 0 7 3 6 3 8 6 0 5 1 5 4 7 6 3 4 5 6 6 4 6 3 5 7 3 2 4 1 6 5 0 0 1 3 1 2 7 8 6 8 7 2 7 2 4 2 3 8 3 0 4 1 5 6 2 0 5 8 5 0
5 7 48 38 4 58 73 77 59 2 25 67 57 11
5 1 26 37 33 40 23 17
#c 7 4 8 5 6 2 0 0 2 4 1 8 7 1 7 3 5 8 2 4 0 7 3 6 3 8 6 0 5 1 5 4 7 6 3 4 5 6 6 4 6 3 5 7 3 2 4 1 6 5 0 0 1 3 1 2 7 8 6 8 7 2 7 2 4 2 3 8 3 0 4 1 5 6 2 0 5 8 5 0
1 1 14 67
8 7 43 56 60 62 32 21 12 0 11 59 57 77 2 17 25
#c 7 4 8 5 6 2 0 0 2 4 1 8 7 1 7 3 5 8 2 4 0 7 3 6 3 8 6 0 5 1 5 4 7 6 3 4 5 6 6 4 6 3 5 7 3 2 4 1 6 5 0 0 1 3 1 2 7 8 6 8 7 2 7 2 4 2 3 8 3 0 4 1 5 6 2 0 5 8 5 0
1 1 2 29
7 6 67 11 59 57 77 17 25 13 47 52 54 10 71
#c 7 4 8 5 6 2 0 0 2 4 1 8 7 1 7 3 5 8 2 4 0 7 3 6 3 8 6 0 5 1 5 4 7 6 3 4 5 6 6 4 6 3 5 7 3 2 4 1 6 5 0 0 1 3 1 2 7 8 6 8 7 2 7 2 4 2 3 8 3 0 4 1 5 6 2 0 5 8 5 0
3 3 6 50 79 48 58 40
6 7 75 27 7 20 51 69 26 37 33 4 38 73 23
#c 7 4 8 5 6 2 0 0 2 4 1 8 7 1 7 3 5 8 2 4 0 7 3 6 3 8 6 0 5 1 5 4 7 6 3 4 5 6 6 4 6 3 5 7 3 2 4 1 6 5 0 0 1 3 1 2 7 8 6 8 7 2 7 2 4 2 3 8 3 0 4 1 5 6 2 0 5 8 5 0
#c 7 4 8 5 6 2 0 0 2 4 1 8 7 1 7 3 5 8 2 4 0 7 3 6 3 8 6 0 5 1 5 4 7 6 3 4 5 6 6 4 6 3 5 7 3 2 4 1 6 5 0 0 1 3 1 2 7 8 6 8 7 2 7 2 4 2 3 8 3 0 4 1 5 6 2 0 5 8 5 0
1 1 65 27
8 8 63 61 8 5 18 45 74 55 50 75 7 20 51 6 69 79
#c 7 4 8 5 6 2 0 0 2 4 1 8 7 1 7 3 5 8 2 4 0 7 3 6 3 8 6 0 5 1 5 4 7 6 3 4 5 6 6 4 6 3 5 7 3 2 4 1 6 5 0 0 1 3 1 2 7 8 6 8 7 2 7 2 4 2 3 8 3 0 4 1 5 6 2 0 5 8 5 0
2 3 41 24 78 3 16
7 7 66 15 53 22 44 34 68 36 30 42 76 72 28 49
#c 7 4 8 5 6 2 0 0 2 4 1 8 7 1 7 3 5 8 2 4 0 7 3 6 3 8 6 0 5 1 5 4 7 6 3 4 5 6 6 4 6 3 5 7 3 2 4 1 6 5 0 0 1 3 1 2 7 8 6 8 7 2 7 2 4 2 3 8 3 0 4 1 5 6 2 0 5 8 5 0
1 1 1 55
8 8 31 70 9 64 39 19 46 35 63 61 8 5 18 65 45 74
#c 7 4 8 5 6 2 0 0 2 4 1 8 7 1 7 3 5 8 2 4 0 7 3 6 3 8 6 0 5 1 5 4 7 6 3 4 5 6 6 4 6 3 5 7 3 2 4 1 6 5 0 0 1 3 1 2 7 8 6 8 7 2 7 2 4 2 3 8 3 0 4 1 5 6 2 0 5 8 5 0
4 4 72 78 76 28 9 39 35 64
6 5 36 30 42 16 3 49 31 1 70 19 46
#c 7 4 8 5 6 2 0 0 2 4 1 8 7 1 7 3 5 8 2 4 0 7 3 6 3 8 6 0 5 1 5 4 7 6 3 4 5 6 6 4 6 3 5 7 3 2 4 1 6 5 0 0 1 3 1 2 7 8 6 8 7 2 7 2 4 2 3 8 3 0 4 1 5 6 2 0 5 8 5 0
5 4 37 73 38 40 58 21 56 32 62
5 5 26 48 33 4 23 43 60 14 12 0
#c 7 4 8 5 6 2 0 0 2 4 1 8 7 1 7 3 5 8 2 4 0 7 3 6 3 8 6 0 5 1 5 4 7 6 3 4 5 6 6 4 6 3 5 7 3 2 4 1 6 5 0 0 1 3 1 2 7 8 6 8 7 2 7 2 4 2 3 8 3 0 4 1 5 6 2 0 5 8 5 0
1 1 14 55
8 8 43 56 60 62 32 21 12 0 63 61 8 5 18 65 45 74
#c 7 4 8 5 6 2 0 0 2 4 1 8 7 1 2 3 5 8 2 4 0 7 3 6 3 8 6 0 5 1 5 4 7 6 3 4 5 6 6 4 6 3 5 7 3 2 4 1 6 5 0 0 1 3 1 7 7 8 6 8 7 2 7 2 4 2 3 8 3 0 4 1 5 6 2 0 5 8 5 0
4 4 67 11 59 25 28 3 49 36
4 6 57 77 2 17 30 42 76 16 72 78
#c 7 4 8 5 6 2 0 0 2 4 1 8 7 1 2 3 5 8 2 4 0 7 3 6 3 8 6 0 5 1 5 4 7 6 3 4 5 6 6 4 6 3 5 7 3 2 4 1 6 5 0 0 1 3 1 7 7 8 6 8 7 2 7 2 4 2 3 8 3 0 4 1 5 6 2 0 5 8 5 0
#c 7 4 8 5 6 2 0 0 2 4 1 8 7 1 2 3 5 8 2 4 0 7 3 6 3 8 6 0 5 1 5 4 7 6 3 4 5 6 6 4 6 3 5 7 3 2 4 1 6 5 0 0 1 3 1 7 7 8 6 8 7 2 7 2 4 2 3 8 3 0 4 1 5 6 2 0 5 8 5 0
2 1 29 47 17
5 7 13 52 54 10 71 67 11 59 57 77 2 25
#c 7 4 8 5 6 2 0 0 2 4 1 8 7 1 2 3 5 8 2 4 0 7 3 6 3 8 6 0 5 1 5 4 7 6 3 4 5 6 6 4 6 3 5 7 3 2 4 1 6 5 0 0 1 3 1 7 7 8 6 8 7 2 7 2 4 2 3 8 3 0 4 1 5 6 2 0 5 8 5 0
3 3 61 65 63 37 38 23
6 7 8 5 18 45 74 14 58 26 48 33 4 40 73
#c 7 4 8 5 6 2 0 0 2 4 1 8 7 1 2 3 5 8 2 4 0 7 3 6 3 8 6 0 5 1 5 4 7 6 3 4 5 6 6 4 6 3 5 7 3 2 4 1 6 5 0 0 1 3 1 7 7 8 6 8 7 2 7 2 4 2 3 8 3 0 4 1 5 6 2 0 5 8 5 0
3 3 24 53 41 50 20 27
6 6 66 15 22 44 34 68 75 7 51 6 69 79
#c 7 4 8 5 6 2 0 0 2 4 1 8 7 1 2 3 5 8 2 4 0 7 3 6 3 8 6 0 5 1 5 4 7 6 3 4 5 6 6 4 6 3 5 7 3 2 4 1 6 5 0 0 1 3 1 7 7 8 6 8 7 2 7 2 4 2 3 8 3 0 4 1 5 6 2 0 5 8 5 0
2 2 39 31 17 57
7 6 1 70 9 64 19 46 35 67 11 59 77 2 25
#c 7 4 8 5 6 2 0 0 2 4 1 8 7 1 2 3 5 8 2 4 0 7 3 6 3 8 6 0 5 1 5 4 7 6 3 4 5 6 6 4 6 3 5 7 3 2 4 1 6 5 0 0 1 3 1 7 7 8 6 8 7 2 7 2 4 2 3 8 3 0 4 1 5 6 2 0 5 8 5 0
5 5 16 28 42 76 36 24 34 15 41 68
5 4 30 3 72 78 49 66 53 22 44
#c 7 4 8 5 6 2 0 0 2 4 1 8 7 1 2 3 5 8 2 4 0 7 3 6 3 8 6 0 5 1 5 4 7 6 3 4 5 6 6 4 6 3 5 7 3 2 4 1 6 5 0 0 1 3 1 7 7 8 6 8 7 2 7 2 4 2 3 8 3 0 4 1 5 6 2 0 5 8 5 0
3 3 48 4 33 39 1 64
7 6 58 26 37 38 40 73 23 31 70 9 19 46 35
#c 7 4 8 5 6 2 0 0 2 4 1 8 7 1 2 3 5 8 2 4 0 7 3 6 3 8 6 0 5 1 5 4 7 6 3 4 5 6 6 4 6 3 5 7 3 2 4 1 6 5 0 0 1 3 1 7 7 8 6 8 7 2 7 2 4 2 3 8 3 0 4 1 5 6 2 0 5 8 5 0
4 4 56 60 32 21 74 61 18 5
5 5 43 62 12 0 55 63 8 65 45 14
#c 7 4 8 5 6 2 0 0 2 4 1 8 7 1 2 3 5 8 2 4 0 7 3 6 3 8 6 0 5 1 5 4 7 6 3 4 5 6 6 4 6 3 5 7 3 2 4 1 6 5 0 0 1 3 1 7 7 8 6 8 7 2 7 2 4 2 3 8 3 0 4 1 5 6 2 0 5 8 5 0
4 4 2 67 11 77 8 5 61 74
4 5 59 57 17 25 63 18 65 45 14
#c 7 4 8 5 6 2 0 0 2 4 1 8 7 1 2 3 5 8 2 4 0 7 3 6 3 8 6 0 5 1 5 4 7 6 3 4 5 6 6 4 6 3 5 7 3 2 4 1 6 5 0 0 1 3 1 7 7 8 6 8 7 2 7 2 4 2 3 8 3 0 4 1 5 6 2 0 5 8 5 0
1 1 51 49
8 9 50 75 27 7 20 6 69 79 36 30 42 76 16 3 72 78 28
#c 7 4 8 5 6 2 0 0 2 4 1 8 7 1 2 3 5 8 2 4 0 7 3 6 3 8 6 0 5 1 5 4 7 6 3 4 5 6 6 4 6 3 5 7 3 2 4 1 6 5 0 0 1 3 1 7 7 8 6 8 7 2 7 2 4 2 3 8 3 0 4 1 5 6 2 0 5 8 5 0
3 3 13 52 71 56 21 43
4 6 29 47 54 10 60 62 32 12 0 55
#c 7 4 8 5 6 2 0 0 2 4 1 8 7 1 2 3 5 8 2 4 0 7 3 6 3 8 6 0 5 1 5 4 7 6 3 4 5 6 6 4 6 3 5 7 3 2 4 1 6 5 0 0 1 3 1 7 7 8 6 8 7 2 7 2 4 2 3 8 3 0 4 1 5 6 2 0 5 8 5 0
3 4 45 61 5 57 17 2 67
6 4 63 8 18 65 74 14 11 59 77 25
#c 7 4 8 5 6 2 0 0 2 4 1 8 7 1 2 3 5 8 2 4 0 7 3 6 3 8 6 0 5 1 5 4 7 6 3 4 5 6 6 4 6 3 5 7 3 2 4 1 6 5 0 0 1 3 1 7 7 8 6 8 7 2 7 2 4 2 3 8 3 0 4 1 5 6 2 0 5 8 5 0
#c 7 4 8 5 6 2 0 0 2 4 1 8 7 1 2 3 5 8 2 4 0 7 3 6 3 8 6 0 5 1 5 4 7 6 3 4 5 6 6 4 6 3 5 7 3 2 4 1 6 5 0 0 1 3 1 7 7 8 6 8 7 2 7 2 4 2 3 8 3 0 4 1 5 6 2 0 5 8 5 0
3 2 70 9 31 30 78
6 8 1 64 39 19 46 35 36 42 76 16 3 72 28 49
#c 7 4 8 5 6 2 0 0 2 4 1 8 7 1 2 3 5 8 2 4 0 7 3 6 3 8 6 0 5 1 5 4 7 6 3 4 5 6 6 4 6 3 5 7 3 2 4 1 6 5 0 0 1 3 1 7 7 8 6 8 7 2 7 2 4 2 3 8 3 0 4 1 5 6 2 0 5 8 5 0
#c 7 4 8 5 6 2 0 0 2 4 1 8 7 1 2 3 5 8 2 4 0 7 3 6 3 8 6 0 5 1 5 4 7 6 3 4 5 6 6 4 6 3 5 7 3 2 4 1 6 5 0 0 1 3 1 7 7 8 6 8 7 2 7 2 4 2 3 8 3 0 4 1 5 6 2 0 5 8 5 0
5 5 23 33 58 38 37 77 25 59 57 2
5 3 26 48 4 40 73 67 11 17
#c 7 4 8 5 6 2 0 0 2 4 1 8 7 1 2 3 5 8 2 4 0 7 3 6 3 8 6 0 5 1 5 4 7 6 3 4 5 6 6 4 6 3 5 7 3 2 4 1 6 5 0 0 1 3 1 7 7 8 6 8 7 2 7 2 4 2 3 8 3 0 4 1 5 6 2 0 5 8 5 0
2 2 32 43 13 29
7 5 56 60 62 21 12 0 55 47 52 54 10 71
#c 7 4 8 5 6 2 0 0 2 4 1 8 7 1 2 3 5 8 2 4 0 7 3 6 3 8 6 0 5 1 5 4 7 6 3 4 5 6 6 4 6 3 5 7 3 2 4 1 6 5 0 0 1 3 1 7 7 8 6 8 7 2 7 2 4 2 3 8 3 0 4 1 5 6 2 0 5 8 5 0
4 4 57 59 77 25 63 65 45 74
4 5 67 11 2 17 61 8 5 18 14
#c 7 4 8 5 6 2 0 0 2 4 1 8 7 1 2 3 5 8 2 4 0 7 3 6 3 8 6 0 5 1 5 4 7 6 3 4 5 6 6 4 6 3 5 7 3 2 4 1 6 5 0 0 1 3 1 7 7 8 6 8 7 2 7 2 4 2 3 8 3 0 4 1 5 6 2 0 5 8 5 0
3 4 7 6 79 22 24 41 15
6 5 50 75 27 20 51 69 66 53 44 34 68
#c 7 4 8 5 6 2 0 0 2 4 1 8 7 1 2 3 5 8 2 4 0 7 3 6 3 8 6 0 5 1 5 4 7 6 3 4 5 6 6 4 6 3 5 7 3 2 4 1 6 5 0 0 1 3 1 7 7 8 6 8 7 2 7 2 4 2 3 8 3 0 4 1 5 6 2 0 5 8 5 0
1 1 10 78
6 9 29 13 47 52 54 71 36 30 42 76 16 3 72 28 49
#c 7 4 8 5 6 2 0 0 2 4 1 8 7 1 2 3 5 8 2 4 0 7 3 6 3 8 6 0 5 1 5 4 7 6 3 4 5 6 6 4 6 3 5 7 3 2 4 1 6 5 0 0 1 3 1 7 7 8 6 8 7 2 7 2 4 2 3 8 3 0 4 1 5 6 2 0 5 8 5 0
3 4 63 5 74 7 75 69 20
6 5 61 8 18 65 45 14 50 27 51 6 79
#c 7 4 8 5 6 2 0 0 2 4 1 8 7 1 2 3 5 8 2 4 0 7 3 6 3 8 6 0 5 1 5 4 7 6 3 4 5 6 6 4 6 3 5 7 3 2 4 1 6 5 0 0 1 3 1 7 7 8 6 8 7 2 7 2 4 2 3 8 3 0 4 1 5 6 2 0 5 8 5 0
4 5 15 22 68 24 1 46 19 39 70
5 4 66 41 53 44 34 31 9 64 35
#c 7 4 8 5 6 2 0 0 2 4 1 8 7 1 2 3 5 8 2 4 0 7 3 6 3 8 6 0 5 1 5 4 7 6 3 4 5 6 6 4 6 3 5 7 3 2 4 1 6 5 0 0 1 3 1 7 7 8 6 8 7 2 7 2 4 2 3 8 3 0 4 1 5 6 2 0 5 8 5 0
2 2 19 46 41 68
7 7 31 1 70 9 64 39 35 66 24 15 53 22 44 34
#c 7 4 8 5 6 2 0 0 2 4 1 8 7 1 2 3 5 8 2 4 0 7 3 6 3 8 6 0 5 1 5 4 7 6 3 4 5 6 6 4 6 3 5 7 3 2 4 1 6 5 0 0 1 3 1 7 7 8 6 8 7 2 7 2 4 2 3 8 3 0 4 1 5 6 2 0 5 8 5 0
5 5 72 78 42 49 16 64 35 31 1 19
5 4 36 30 76 3 28 70 9 39 46
#c 7 4 8 5 6 2 0 0 2 4 1 8 7 1 2 3 5 8 2 4 0 7 3 6 3 8 6 0 5 1 5 4 7 6 3 4 5 6 6 4 6 3 5 7 3 2 4 1 6 5 0 0 1 3 1 7 7 8 6 8 7 2 7 2 4 2 3 8 3 0 4 1 5 6 2 0 5 8 5 0
2 1 37 4 19
8 8 58 26 48 33 38 40 73 23 31 1 70 9 64 39 46 35
#c 7 4 8 5 4 2 0 0 2 4 1 8 7 1 2 3 5 8 2 6 0 7 3 6 3 8 6 0 5 1 5 4 7 6 3 4 5 4 6 4 6 3 5 7 3 2 4 1 6 5 0 0 1 3 1 7 7 8 6 8 7 2 7 2 4 2 3 8 3 0 4 1 5 6 2 0 5 8 5 0
3 3 60 32 12 65 74 5
6 6 43 56 62 21 0 55 63 61 8 18 45 14
#c 7 4 8 5 4 2 0 0 2 4 1 8 7 1 2 3 5 8 2 6 0 7 3 6 3 8 6 0 5 1 5 4 7 6 3 4 5 4 6 4 6 3 5 7 3 2 4 1 6 5 0 0 1 3 1 7 7 8 6 8 7 2 7 2 4 2 3 8 3 0 4 1 5 6 2 0 5 8 5 0
2 2 67 57 75 79
6 7 11 59 77 2 17 25 50 27 7 20 51 6 69
#c 7 4 8 5 4 2 0 0 2 4 1 8 7 1 2 3 5 8 2 6 0 7 3 6 3 8 6 0 5 1 5 4 7 6 3 4 5 4 6 4 6 3 5 7 3 2 4 1 6 5 0 0 1 3 1 7 7 8 6 8 7 2 7 2 4 2 3 8 3 0 4 1 5 6 2 0 5 8 5 0
2 2 79 27 42 72
7 8 50 75 7 20 51 6 69 36 30 76 16 3 78 28 49
#c 7 4 8 5 4 2 0 0 2 4 1 8 7 1 2 3 5 8 2 6 0 7 3 6 3 8 6 0 5 1 5 4 7 6 3 4 5 4 6 4 6 3 5 7 3 2 4 1 6 5 0 0 1 3 1 7 7 8 6 8 7 2 7 2 4 2 3 8 3 0 4 1 5 6 2 0 5 8 5 0
#c 7 4 8 5 4 2 0 0 2 4 1 8 7 1 2 3 5 8 2 6 0 7 3 6 3 8 6 0 5 1 5 4 7 6 3 4 5 4 6 4 6 3 5 7 3 2 4 1 6 5 0 0 1 3 1 7 7 8 6 8 7 2 7 2 4 2 3 8 3 0 4 1 5 6 2 0 5 8 5 0
3 3 61 74 63 68 41 34
6 6 8 5 18 65 45 14 66 24 15 53 22 44
#c 7 4 8 5 4 2 0 0 2 4 1 8 7 1 2 3 5 8 2 6 0 7 3 6 3 8 6 0 5 1 5 4 7 6 3 4 5 4 6 4 6 3 5 7 3 2 4 1 6 5 0 0 1 3 1 7 7 8 6 8 7 2 7 2 4 2 3 8 3 0 4 1 5 6 2 0 5 8 5 0
2 1 22 44 77
7 7 66 24 15 41 53 34 68 67 11 59 57 2 17 25
#c 7 4 8 5 4 2 0 0 2 4 1 8 7 1 2 3 5 8 2 6 0 7 3 6 3 8 6 0 5 1 5 4 7 6 3 4 5 4 6 4 6 3 5 7 3 2 4 1 6 5 0 0 1 3 1 7 7 8 6 8 7 2 7 2 4 2 3 8 3 0 4 1 5 6 2 0 5 8 5 0
1 1 1 52
9 6 31 70 9 64 39 46 35 37 4 29 13 47 54 10 71
#c 7 4 8 5 4 2 0 0 2 4 1 8 7 1 2 3 5 8 2 6 0 7 3 6 3 8 6 0 5 1 5 4 7 6 3 4 5 4 6 4 6 3 5 7 3 2 4 1 6 5 0 0 1 3 1 7 7 8 6 8 7 2 7 2 4 2 3 8 3 0 4 1 5 6 2 0 5 8 5 0
1 1 49 61
9 8 36 30 42 76 16 3 72 78 28 63 8 5 18 65 45 74 14
#c 7 4 8 5 4 2 0 0 2 4 1 8 7 1 2 3 5 8 2 6 0 7 3 6 3 8 6 0 5 1 5 4 7 6 3 4 5 4 6 4 6 3 5 7 3 2 4 1 6 5 0 0 1 3 1 7 7 8 6 8 7 2 7 2 4 2 3 8 3 0 4 1 5 6 2 0 5 8 5 0
3 3 58 73 48 45 63 74
6 6 26 33 38 40 23 19 61 8 5 18 65 14
#c 7 4 8 5 4 2 0 0 2 4 1 8 7 1 2 3 5 8 2 6 0 7 3 6 3 8 6 0 5 1 5 4 7 6 3 4 5 4 6 4 6 3 5 7 3 2 4 1 6 5 0 0 1 3 1 7 7 8 6 8 7 2 7 2 4 2 3 8 3 0 4 1 5 6 2 0 5 8 5 0
1 1 56 41
8 8 43 60 62 32 21 12 0 55 66 24 15 53 22 44 34 68
#c 7 4 8 5 4 2 0 0 2 4 1 8 7 1 2 3 5 8 2 6 0 7 3 6 3 8 6 0 5 1 5 4 7 6 3 4 5 4 6 4 6 3 5 7 3 2 4 1 6 5 0 0 1 3 1 7 7 8 6 8 7 2 7 2 4 2 3 8 3 0 4 1 5 6 2 0 5 8 5 0
2 2 25 59 49 30
6 8 67 11 57 77 2 17 36 42 76 16 3 72 78 28
#c 7 4 8 5 4 2 0 0 2 4 1 8 7 1 2 3 5 8 2 6 0 7 3 6 3 8 6 0 5 1 5 4 7 6 3 4 5 4 6 4 6 3 5 7 3 2 4 1 6 5 0 0 1 3 1 7 7 8 6 8 7 2 7 2 4 2 3 8 3 0 4 1 5 6 2 0 5 8 5 0
1 1 75 29
8 6 50 27 7 20 51 6 69 79 13 47 52 54 10 71
#c 7 4 8 5 4 2 0 0 2 4 1 8 7 1 2 3 5 8 2 6 0 7 3 6 3 8 6 0 5 1 5 4 7 6 3 4 5 4 6 4 6 3 5 7 3 2 4 1 6 5 0 0 1 3 1 7 7 8 6 8 7 2 7 2 4 2 3 8 3 0 4 1 5 6 2 0 5 8 5 0
3 5 29 10 13 5 18 14 45 65
4 4 47 52 54 71 63 61 8 74
#c 7 4 8 5 4 2 0 0 2 4 1 8 7 1 2 3 5 8 2 6 0 7 3 6 3 8 6 0 5 1 5 4 7 6 3 4 5 4 6 4 6 3 5 7 3 2 4 1 6 5 0 0 1 3 1 7 7 8 6 8 7 2 7 2 4 2 3 8 3 0 4 1 5 6 2 0 5 8 5 0
3 3 45 5 65 58 19 73
6 6 63 61 8 18 74 14 26 48 33 38 40 23
#c 7 4 8 5 4 2 0 0 2 4 1 8 7 1 2 3 5 8 2 6 0 7 3 6 3 8 6 0 5 1 5 4 7 6 3 4 5 4 6 4 6 3 5 7 3 2 4 1 6 5 0 0 1 3 1 7 7 8 6 8 7 2 7 2 4 2 3 8 3 0 4 1 5 6 2 0 5 8 5 0
3 3 34 41 15 11 25 17
6 5 66 24 53 22 44 68 67 59 57 77 2
#c 7 4 8 5 4 2 0 0 2 4 1 8 7 1 2 3 5 8 2 6 0 7 3 6 3 8 6 0 5 1 5 4 7 6 3 4 5 4 6 4 6 3 5 7 3 2 4 1 6 5 0 0 1 3 1 7 7 8 6 8 7 2 7 2 4 2 3 8 3 0 4 1 5 6 2 0 5 8 5 0
2 1 4 37 6
8 8 31 1 70 9 64 39 46 35 50 75 27 7 20 51 69 79
#c 7 4 8 5 4 2 0 0 2 4 1 8 7 1 2 3 5 8 2 6 0 7 3 6 3 8 6 0 5 1 5 4 7 6 3 4 5 4 6 4 6 3 5 7 3 2 4 1 6 5 0 0 1 3 1 7 7 8 6 8 7 2 7 2 4 2 3 8 3 0 4 1 5 6 2 0 5 8 5 0
2 2 78 49 69 27
8 7 36 30 42 76 16 3 72 28 50 75 7 20 51 6 79
#c 7 4 8 5 4 2 0 0 2 4 1 8 7 1 2 3 5 8 2 6 0 7 3 6 3 8 6 0 5 1 5 4 7 6 3 4 5 4 6 4 6 3 5 7 3 2 4 1 6 5 0 0 1 3 1 7 7 8 6 8 7 2 7 2 4 2 3 8 3 0 4 1 5 6 2 0 5 8 5 0
2 3 73 40 68 66 15
7 6 58 26 48 33 38 23 19 24 41 53 22 44 34
#c 7 4 8 5 4 2 0 0 2 4 1 8 7 1 2 3 5 8 2 6 0 7 3 6 3 8 6 0 5 1 5 4 7 6 3 4 5 4 6 4 6 3 5 7 3 2 4 1 6 5 0 0 1 3 1 7 7 8 6 8 7 2 7 2 4 2 3 8 3 0 4 1 5 6 2 0 5 8 5 0
1 1 12 72
8 9 43 56 60 62 32 21 0 55 36 30 42 76 16 3 78 28 49
#c 7 4 8 5 4 2 0 0 2 4 1 8 5 1 2 3 5 8 2 6 0 7 3 6 3 8 6 0 5 1 5 4 7 6 3 4 5 4 6 4 6 3 5 7 3 2 4 1 6 5 0 0 1 3 1 7 7 8 6 8 7 2 7 2 4 2 3 8 3 0 4 1 7 6 2 0 5 8 5 0
4 4 59 77 57 2 20 75 6 79
4 5 67 11 17 25 50 27 7 51 69
#c 7 4 8 5 4 2 0 0 2 4 1 8 5 1 2 3 5 8 2 6 0 7 3 6 3 8 6 0 5 1 5 4 7 6 3 4 5 4 6 4 6 3 5 7 3 2 4 1 6 5 0 0 1 3 1 7 7 8 6 8 7 2 7 2 4 2 3 8 3 0 4 1 7 6 2 0 5 8 5 0
1 1 75 31
8 9 50 27 7 20 51 6 69 79 1 70 9 64 39 46 35 37 4
#c 7 4 8 5 4 2 0 0 2 4 1 8 5 1 2 3 5 8 2 6 0 7 3 6 3 8 6 0 5 1 5 4 7 6 3 4 5 4 6 4 6 3 5 7 3 2 4 1 6 5 0 0 1 3 1 7 7 8 6 8 7 2 7 2 4 2 3 8 3 0 4 1 7 6 2 0 5 8 5 0
2 3 54 10 70 64 4
5 7 29 13 47 52 71 31 1 9 39 46 35 37
#c 7 4 8 5 4 2 0 0 2 4 1 8 5 1 2 3 5 8 2 6 0 7 3 6 3 8 6 0 5 1 5 4 7 6 3 4 5 4 6 4 6 3 5 7 3 2 4 1 6 5 0 0 1 3 1 7 7 8 6 8 7 2 7 2 4 2 3 8 3 0 4 1 7 6 2 0 5 8 5 0
3 1 63 65 5 47
6 6 61 8 18 45 74 14 29 13 52 54 10 71
#c 7 4 8 5 4 2 0 0 2 4 1 8 5 1 2 3 5 8 2 6 0 7 3 6 3 8 6 0 5 1 5 4 7 6 3 4 5 4 6 4 6 3 5 7 3 2 4 1 6 5 0 0 1 3 1 7 7 8 6 8 7 2 7 2 4 2 3 8 3 0 4 1 7 6 2 0 5 8 5 0
#c 7 4 8 5 4 2 0 0 2 4 1 8 5 1 2 3 5 8 2 6 0 7 3 6 3 8 6 0 5 1 5 4 7 6 3 4 5 4 6 4 6 3 5 7 3 2 4 1 6 5 0 0 1 3 1 7 7 8 6 8 7 2 7 2 4 2 3 8 3 0 4 1 7 6 2 0 5 8 5 0
4 4 37 1 70 9 52 10 47 13
6 3 31 64 39 46 35 4 29 54 71
#c 7 4 8 5 4 2 0 0 2 4 1 8 5 1 2 3 5 8 2 6 0 7 3 6 3 8 6 0 5 1 5 4 7 6 3 4 5 4 6 4 6 3 5 7 3 2 4 1 6 5 0 0 1 3 1 7 7 8 6 8 7 2 7 2 4 2 3 8 3 0 4 1 7 6 2 0 5 8 5 0
5 6 76 28 78 16 36 10 47 71 54 29 52
5 1 30 42 3 49 12 13
#c 7 4 8 5 4 2 0 0 2 4 1 8 5 1 2 3 5 8 2 6 0 7 3 6 3 8 6 0 5 1 5 4 7 6 3 4 5 4 6 4 6 3 5 7 3 2 4 1 6 5 0 0 1 3 1 7 7 8 6 8 7 2 7 2 4 2 3 8 3 0 4 1 7 6 2 0 5 8 5 0
1 1 73 75
8 8 58 26 48 33 38 40 23 19 50 27 7 20 51 6 69 79
#c 7 4 8 5 4 2 0 0 2 4 1 8 5 1 2 3 5 8 2 6 0 7 3 6 3 8 6 0 5 1 5 4 7 6 3 4 5 4 6 4 6 3 5 7 3 2 4 1 6 5 0 0 1 3 1 7 7 8 6 8 7 2 7 2 4 2 3 8 3 0 4 1 7 6 2 0 5 8 5 0
4 4 56 43 62 32 73 23 19 48
5 5 60 21 0 55 72 58 26 33 38 40
#c 7 4 8 5 4 2 0 0 2 4 1 8 5 1 2 3 5 8 2 6 0 7 3 6 3 8 6 0 5 1 5 4 7 6 3 4 5 4 6 4 6 3 5 7 3 2 4 1 6 5 0 0 1 3 1 7 7 8 6 8 7 2 7 2 4 2 3 8 3 0 4 1 7 6 2 0 5 8 5 0
2 2 57 59 47 54
6 5 67 11 77 2 17 25 29 13 52 10 71
#c 7 4 8 5 4 2 0 0 2 4 1 8 5 1 2 3 5 8 2 6 0 7 3 6 3 8 6 0 5 1 5 4 7 6 3 4 5 4 6 4 6 3 5 7 3 2 4 1 6 5 0 0 1 3 1 7 7 8 6 8 7 2 7 2 4 2 3 8 3 0 4 1 7 6 2 0 5 8 5 0
1 1 27 5
8 8 50 75 7 20 51 6 69 79 63 61 8 18 65 45 74 14
#c 7 4 8 5 4 2 0 0 2 4 1 8 5 1 2 3 5 8 2 6 0 7 3 6 3 8 6 0 5 1 5 4 7 6 3 4 5 4 6 4 6 3 5 7 3 2 4 1 6 5 0 0 1 3 1 7 7 8 6 8 7 2 7 2 4 2 3 8 3 0 4 1 7 6 2 0 5 8 5 0
1 1 10 53
6 8 29 13 47 52 54 71 66 24 15 41 22 44 34 68
#c 7 4 8 5 4 2 0 0 2 4 1 8 5 1 2 3 5 8 2 6 0 7 3 6 3 8 6 0 5 1 5 4 7 6 3 4 5 4 6 4 6 3 5 7 3 2 4 1 6 5 0 0 1 3 1 7 7 8 6 8 7 2 7 2 4 2 3 8 3 0 4 1 7 6 2 0 5 8 5 0
4 4 5 63 65 74 3 16 49 12
5 6 61 8 18 45 14 36 30 42 76 78 28
#c 7 4 8 5 4 2 0 0 2 4 1 8 5 1 2 3 5 8 2 6 0 7 3 6 3 8 6 0 5 1 5 4 7 6 3 4 5 4 6 4 6 3 5 7 3 2 4 1 6 5 0 0 1 3 1 7 7 8 6 8 7 2 7 2 4 2 3 8 3 0 4 1 7 6 2 0 5 8 5 0
#c 7 4 8 5 4 2 0 0 2 4 1 8 5 1 2 3 5 8 2 6 0 7 3 6 3 8 6 0 5 1 5 4 7 6 3 4 5 4 6 4 6 3 5 7 3 2 4 1 6 5 0 0 1 3 1 7 7 8 6 8 7 2 7 2 4 2 3 8 3 0 4 1 7 6 2 0 5 8 5 0
4 4 70 37 35 46 29 10 71 13
6 3 31 1 9 64 39 4 47 52 54
#c 7 4 8 5 4 2 0 0 2 4 1 8 5 1 2 3 5 8 2 6 0 7 3 6 3 8 6 0 5 1 5 4 7 6 3 4 5 4 6 4 6 3 5 7 3 2 4 1 6 5 0 0 1 3 1 7 7 8 6 8 7 2 7 2 4 2 3 8 3 0 4 1 7 6 2 0 5 8 5 0
#c 7 4 8 5 4 2 0 0 2 4 1 8 5 1 2 3 5 8 2 6 0 7 3 6 3 8 6 0 5 1 5 4 7 6 3 4 5 4 6 4 6 3 5 7 3 2 4 1 6 5 0 0 1 3 1 7 7 8 6 8 7 2 7 2 4 2 3 8 3 0 4 1 7 6 2 0 5 8 5 0
2 2 48 58 55 0
7 7 26 33 38 40 73 23 19 43 56 60 62 32 21 72
#c 7 4 8 5 4 2 0 0 2 4 1 8 5 1 2 3 5 8 2 6 0 7 3 6 3 8 6 0 5 1 5 4 7 6 3 4 5 4 6 4 6 3 5 7 3 2 4 1 6 5 0 0 1 3 1 7 7 8 6 8 7 2 7 2 4 2 3 8 3 0 4 1 7 6 2 0 5 8 5 0
1 1 62 19
8 8 43 56 60 32 21 0 55 72 58 26 48 33 38 40 73 23
#c 7 4 8 5 4 2 0 0 2 4 1 8 5 1 2 3 5 8 2 6 0 7 3 6 3 8 6 0 5 1 5 4 7 6 3 4 5 4 6 4 6 3 5 7 3 2 4 1 6 5 0 0 1 3 1 7 7 8 6 8 7 2 7 2 4 2 3 8 3 0 4 1 7 6 2 0 5 8 5 0
3 3 67 17 2 48 26 19
5 6 11 59 57 77 25 58 33 38 40 73 23
#c 7 4 6 5 4 2 0 0 2 4 1 8 5 1 2 3 5 6 2 8 0 7 3 6 3 8 8 0 5 1 5 4 7 6 3 4 5 4 6 4 6 3 5 7 3 2 4 1 8 5 0 0 1 3 1 7 7 8 6 8 7 2 7 2 4 2 3 6 3 0 4 1 7 6 2 0 5 8 5 0
2 4 27 20 11 59 19 26
7 4 50 75 7 51 6 69 79 57 77 25 48
#c 7 4 6 5 4 2 0 0 2 4 1 8 5 1 2 3 5 6 2 8 0 7 3 6 3 8 8 0 5 1 5 4 7 6 3 4 5 4 6 4 6 3 5 7 3 2 4 1 8 5 0 0 1 3 1 7 7 8 6 8 7 2 7 2 4 2 3 6 3 0 4 1 7 6 2 0 5 8 5 0
3 3 52 47 29 40 67 23
4 6 13 54 10 71 58 33 38 73 17 2
#c 7 4 6 5 4 2 0 0 2 4 1 8 5 1 2 3 5 6 2 8 0 7 3 6 3 8 8 0 5 1 5 4 7 6 3 4 5 4 6 4 6 3 5 7 3 2 4 1 8 5 0 0 1 3 1 7 7 8 6 8 7 2 7 2 4 2 3 6 3 0 4 1 7 6 2 0 5 8 5 0
3 3 14 74 5 43 55 56
6 6 63 61 8 18 65 45 60 62 32 21 0 72
#c 7 4 6 5 4 2 0 0 2 4 1 8 5 1 2 3 5 6 2 8 0 7 3 6 3 8 8 0 5 1 5 4 7 6 3 4 5 4 6 4 6 3 5 7 3 2 4 1 8 5 0 0 1 3 1 7 7 8 6 8 7 2 7 2 4 2 3 6 3 0 4 1 7 6 2 0 5 8 5 0
1 1 15 11
8 7 66 24 41 53 22 44 34 68 59 57 77 25 48 26 19
#c 7 4 6 5 4 2 0 0 2 4 1 8 5 1 2 3 5 6 2 8 0 7 3 6 3 8 8 0 5 1 5 4 7 6 3 4 5 4 6 4 6 3 5 7 3 2 4 1 8 5 0 0 1 3 1 7 7 8 6 8 7 2 7 2 4 2 3 6 3 0 4 1 7 6 2 0 5 8 5 0
5 5 1 37 9 64 31 10 47 54 52 29
5 2 70 39 46 35 4 13 71
#c 7 1 6 5 4 2 0 0 2 1 4 8 5 1 2 3 5 6 2 8 0 7 3 6 3 8 8 0 5 4 5 1 7 6 3 4 5 1 6 4 6 3 5 7 3 2 4 4 8 5 0 0 4 3 4 7 7 8 6 8 7 2 7 2 1 2 3 6 3 0 4 1 7 6 2 0 5 8 5 0
1 1 3 40
9 8 36 30 42 76 16 78 28 49 12 58 33 38 73 23 67 17 2
#c 7 1 6 6 4 2 0 0 2 1 4 8 5 1 2 3 5 6 2 8 0 7 3 6 3 8 8 0 5 4 5 1 7 6 3 4 5 1 6 4 5 3 5 7 3 2 4 4 8 5 0 0 4 3 4 7 7 8 6 8 7 2 7 2 1 2 3 6 3 0 4 1 7 6 2 0 5 8 5 0
#c 7 1 6 6 4 2 0 0 2 1 4 8 5 1 2 3 5 6 2 8 0 7 3 6 3 8 8 0 5 4 5 1 7 6 3 4 5 1 6 4 5 3 5 7 3 2 4 4 8 5 0 0 4 3 4 7 7 8 6 8 7 2 7 2 1 2 3 6 3 0 4 1 7 6 2 0 5 8 5 0
1 3 0 24 53 44
8 6 43 56 60 62 32 21 55 72 66 15 41 22 34 68
#c 7 1 6 6 4 2 0 0 2 1 4 8 5 1 2 3 5 6 2 8 0 7 3 6 3 8 8 0 5 4 5 1 7 6 3 4 5 1 6 4 5 3 5 7 3 2 4 4 8 5 0 0 4 3 4 7 7 8 6 8 7 2 7 2 1 2 3 6 3 0 4 1 7 6 2 0 5 8 5 0
3 1 25 48 57 60
5 8 11 59 77 26 19 43 56 62 32 21 0 55 72
#c 7 1 6 6 4 2 0 0 2 1 4 8 5 1 2 3 5 6 2 8 0 7 3 6 3 8 8 0 5 4 5 1 7 6 3 4 5 1 6 4 5 3 5 7 3 2 4 4 8 5 0 0 4 3 4 7 7 8 6 8 7 2 7 2 1 2 3 6 3 0 4 1 7 6 2 0 5 8 5 0
1 1 69 3
8 8 50 75 27 7 20 51 6 79 58 33 38 73 23 67 17 2
#c 7 1 6 0 4 2 0 0 2 1 4 8 5 1 2 3 5 6 2 8 0 7 3 6 3 8 8 0 5 4 5 1 7 6 3 4 5 1 6 4 5 3 5 7 3 2 4 4 8 5 0 0 4 3 4 7 7 8 6 8 7 2 7 2 1 2 3 6 3 6 4 1 7 6 2 0 5 8 5 0
2 2 9 71 14 65
5 7 13 1 37 64 31 63 61 8 5 18 45 74
#c 7 1 6 0 4 2 0 0 2 1 4 8 5 1 2 3 5 6 2 8 0 7 3 6 3 8 8 0 5 4 5 1 7 6 3 4 5 1 6 4 5 3 5 7 3 2 4 4 8 5 0 0 4 3 4 7 7 8 6 8 7 2 7 2 1 2 3 6 3 6 4 1 7 6 2 0 5 8 5 0
1 1 61 50
8 8 63 8 5 18 65 45 74 14 75 27 7 20 51 6 79 3
#c 7 1 6 0 4 2 0 0 2 1 4 8 5 1 2 3 5 6 2 8 0 7 3 6 3 8 8 0 5 4 5 1 7 6 3 4 5 1 6 4 5 3 5 7 3 2 4 4 8 5 0 0 4 3 4 7 7 8 6 8 7 2 7 2 1 2 3 6 3 6 4 1 7 6 2 0 5 8 5 0
#c 7 1 6 0 4 2 0 0 2 1 4 8 5 1 2 3 5 6 2 8 0 7 3 6 3 8 8 0 5 4 5 1 7 6 3 4 5 1 6 4 5 3 5 7 3 2 4 4 8 5 0 0 4 3 4 7 7 8 6 8 7 2 7 2 1 2 3 6 3 6 4 1 7 6 2 0 5 8 5 0
2 2 54 10 0 32
8 7 70 39 46 35 4 47 52 29 43 56 60 62 21 55 72
#c 7 1 6 0 4 2 0 0 2 1 4 8 5 1 2 3 5 6 2 8 0 7 3 6 3 8 8 0 5 4 5 1 7 6 3 4 5 1 6 4 5 3 5 7 3 2 4 4 8 5 0 0 4 3 4 7 7 8 6 8 7 2 7 2 1 2 3 6 3 6 4 1 7 6 2 0 5 8 5 0
3 3 42 28 12 63 61 74
7 6 36 30 76 16 78 49 40 8 5 18 65 45 14
#c 7 1 6 0 4 2 0 0 2 1 4 8 5 1 2 3 5 6 2 8 0 7 3 6 3 8 8 0 5 4 5 1 7 6 3 4 5 1 6 4 5 3 5 7 3 2 4 4 8 5 0 0 4 3 4 7 7 8 6 8 7 2 7 2 1 2 3 6 3 6 4 1 7 6 2 0 5 8 5 0
2 2 33 73 66 53
7 7 58 38 23 67 17 2 69 24 15 41 22 44 34 68
#c 7 1 6 0 4 2 0 0 2 1 4 8 5 1 2 3 5 6 2 8 0 7 3 6 3 8 8 0 5 4 5 1 7 6 3 4 5 1 6 4 5 3 5 7 3 2 4 4 8 5 0 0 4 3 4 7 7 8 6 8 7 2 7 2 1 2 3 6 3 6 4 1 7 6 2 0 5 8 5 0
2 2 0 56 59 77
7 6 43 60 62 32 21 55 72 11 57 25 48 26 19
#c 7 1 6 0 4 2 0 0 2 1 4 8 5 1 2 3 5 6 2 8 0 7 3 6 3 8 8 0 5 4 5 1 7 6 3 4 5 1 6 4 5 3 5 7 3 2 4 4 8 5 0 0 4 3 4 7 7 8 6 8 7 2 7 2 1 2 3 6 3 6 4 1 7 6 2 0 5 8 5 0
2 1 57 26 18
6 8 11 59 77 25 48 19 63 61 8 5 65 45 74 14
#c 7 1 6 0 4 2 0 0 2 1 4 8 5 1 2 3 5 6 8 8 0 7 3 6 3 8 2 0 5 4 5 1 7 6 3 4 5 1 6 4 5 3 5 7 3 2 4 4 8 5 0 0 4 3 4 7 7 2 6 8 7 2 7 2 1 2 3 6 3 6 4 1 7 6 2 0 5 8 5 0
1 1 50 14
8 9 75 27 7 20 51 6 79 3 63 61 8 5 65 45 74 57 26
#c 7 1 6 0 4 2 0 0 2 1 4 8 5 1 2 3 5 6 8 8 0 7 3 6 3 8 2 0 5 4 5 1 7 6 3 4 5 1 6 4 5 3 5 7 3 2 4 4 8 5 0 0 4 3 4 7 7 2 6 8 7 2 7 2 1 2 3 6 3 6 4 1 7 6 2 0 5 8 5 0
3 3 71 64 1 59 25 18
4 4 13 37 9 31 11 77 48 19
#c 7 1 6 0 4 2 0 0 2 1 4 8 5 1 2 3 5 6 8 8 0 7 3 6 3 8 2 0 5 4 5 1 7 6 3 4 5 1 6 4 5 3 5 7 3 2 4 4 8 5 0 0 4 3 4 7 7 2 6 8 7 2 7 2 1 2 3 6 3 6 4 1 7 6 2 0 5 8 5 0
1 2 45 47 29
9 8 63 61 8 5 65 74 14 57 26 70 39 46 35 4 10 54 52
#c 7 1 6 0 4 2 0 0 2 1 4 8 5 1 2 3 5 6 8 8 0 7 3 6 3 8 2 0 5 4 5 1 7 6 3 4 5 1 6 4 5 3 5 7 3 2 4 4 8 5 0 0 4 3 4 7 7 2 6 8 7 2 7 2 1 2 3 6 3 6 4 1 7 6 2 0 5 8 5 0
3 3 68 22 53 56 32 72
6 6 66 24 15 41 44 34 43 60 62 21 0 55
#c 7 1 6 0 4 2 0 0 2 1 4 8 5 1 2 3 5 6 8 8 0 7 3 6 3 8 2 0 5 4 5 1 7 6 3 4 5 1 6 4 5 3 5 7 3 2 4 4 8 5 0 0 4 3 4 7 7 2 6 8 7 2 7 2 1 2 3 6 3 6 4 1 7 6 2 0 5 8 5 0
1 1 29 38
9 8 70 39 46 35 4 10 47 54 52 58 33 73 23 67 17 2 69
#c 7 1 6 0 4 2 0 0 2 1 4 8 5 1 2 3 5 6 8 8 0 7 3 6 3 8 2 0 5 4 5 1 7 6 3 4 5 1 6 4 5 3 5 7 3 2 4 4 8 5 0 0 4 3 4 7 7 2 6 8 7 2 7 2 1 2 3 6 3 6 4 1 7 6 2 0 5 8 5 0
5 5 76 28 49 36 30 15 68 34 24 66
5 4 42 16 78 12 40 41 53 22 44
#c 7 1 6 0 4 2 0 0 2 1 4 8 5 1 2 3 5 6 8 8 0 7 3 6 3 8 2 0 5 4 5 1 7 6 3 4 5 1 6 4 5 3 5 7 3 2 4 4 8 5 0 0 4 3 4 7 7 2 6 8 7 2 7 2 1 2 3 6 3 6 4 1 7 6 2 0 5 8 5 0
4 4 23 38 69 67 20 3 27 79
5 5 58 33 73 17 2 50 75 7 51 6
#c 7 1 6 0 4 2 0 0 2 1 4 8 5 1 2 3 5 6 8 8 0 7 3 6 3 8 2 0 5 4 5 1 7 6 3 4 5 1 6 4 5 3 5 7 3 2 4 4 8 5 0 0 4 3 4 7 7 2 6 8 7 2 7 2 1 2 3 6 3 6 4 1 7 6 2 0 5 8 5 0
4 4 0 55 56 72 13 64 1 9
5 3 43 60 62 32 21 71 37 31
#c 7 1 6 0 4 2 0 0 2 1 4 8 5 1 2 3 5 6 8 8 0 7 3 6 3 8 2 0 5 4 5 1 7 6 3 4 5 1 6 4 5 3 5 7 3 2 4 4 8 5 0 0 4 3 4 7 7 2 6 8 7 2 7 2 1 2 3 6 3 6 4 1 7 6 2 0 5 8 5 0
2 2 25 18 26 61
5 8 11 59 77 48 19 63 8 5 65 45 74 14 57
#c 7 1 6 0 4 2 0 0 2 1 4 8 5 1 2 3 5 6 8 8 0 7 3 6 3 8 2 0 5 4 5 1 7 6 3 4 5 1 6 4 5 3 5 7 3 2 4 4 8 5 0 0 4 3 4 7 7 2 6 8 7 2 7 2 1 2 3 6 3 6 4 1 7 6 2 0 5 8 5 0
1 1 6 48
8 6 50 75 27 7 20 51 79 3 11 59 77 25 19 18
#c 7 1 6 0 4 2 0 0 2 1 4 8 5 1 2 3 5 6 8 8 0 7 3 6 3 8 2 0 5 4 5 1 7 6 3 4 5 1 6 4 5 3 5 7 3 2 4 4 8 5 0 0 4 3 4 7 7 2 6 8 7 2 7 2 1 2 3 6 3 6 4 1 7 6 2 0 5 8 5 0
7 1 6 0 4 2 0 0 2 1 4 8 5 1 2 3 5 6 8 8 0 7 3 6 3 8 2 0 5 4 5 1 7 6 3 4 5 1 6 4 5 3 5 7 3 2 4 4 8 5 0 0 4 3 4 7 7 2 6 8 7 2 7 2 1 2 3 6 3 6 4 1 7 6 2 0 5 8 5 0
