#c 0 1 0 1 0 1 0 1 0 1 0 1 0 1 0 1 0 1 0 1 0 1 0 1 0 1 0 1 0 1 0 1 0 1 0 1 0
3 4 35 25 7 16 10 0 20
15 15 1 3 5 9 11 13 15 17 19 21 23 27 29 31 33 2 4 6 8 12 14 18 22 24 26 28 30 32 34 36
#c 1 1 0 1 0 1 0 0 0 1 1 1 0 1 0 1 1 1 0 1 1 1 0 1 0 0 0 1 0 1 0 1 0 1 0 0 0
8 8 24 25 32 30 8 12 22 35 3 0 16 10 27 29 5 19
10 11 2 4 6 14 18 26 28 34 36 7 1 9 11 13 15 17 21 23 31 33 20
#c 1 1 0 1 0 1 0 0 0 1 1 1 0 1 0 1 1 1 0 1 1 1 0 1 0 0 0 1 0 1 0 1 0 1 0 0 0
4 4 23 13 19 17 2 14 32 12
15 14 1 3 5 9 11 15 21 27 29 31 33 16 10 0 20 4 6 8 18 22 24 26 28 30 34 36 35 25 7
#c 1 1 0 1 0 1 0 0 0 1 1 1 0 1 0 1 1 1 0 1 1 1 0 1 0 0 0 1 0 1 0 1 0 1 0 0 0
#c 1 1 0 1 0 1 0 0 0 1 1 1 0 1 0 1 1 1 0 1 1 1 0 1 0 0 0 1 0 1 0 1 0 1 0 0 0
#c 1 1 0 1 0 1 0 0 0 1 1 1 0 1 0 1 1 1 0 1 1 1 0 1 0 0 0 1 0 1 0 1 0 1 0 0 0
#c 1 1 0 1 0 1 0 0 0 1 1 1 0 1 0 1 1 1 0 1 1 1 0 1 0 0 0 1 0 1 0 1 0 1 0 0 0
4 2 11 9 19 23 12 18
15 16 1 3 5 13 15 17 21 27 29 31 33 16 10 0 20 2 4 6 8 14 22 24 26 28 30 32 34 36 35 25 7
#c 1 1 0 1 0 1 0 0 0 0 1 0 1 1 0 1 1 1 1 0 1 1 0 0 0 0 0 1 0 1 0 1 0 1 0 0 0
10 9 4 26 25 8 35 24 28 30 7 11 31 5 0 3 27 1 12 21 33
10 8 2 6 14 22 32 34 36 9 19 23 13 15 17 29 16 10 20 18
#c 0 0 0 0 1 0 0 1 1 0 1 1 0 1 0 1 1 1 1 0 1 0 0 0 1 1 1 0 1 1 1 0 0 0 0 1 0
#c 0 0 0 0 1 0 0 1 1 0 1 1 0 1 0 1 1 1 1 0 1 0 0 0 1 1 1 0 1 1 1 0 0 0 0 1 0
#c 0 0 0 0 1 0 0 1 1 0 1 1 0 1 0 1 1 1 1 0 1 0 0 0 1 1 1 0 1 1 1 0 0 0 0 1 0
#c 0 0 0 0 1 0 0 1 1 0 1 1 0 1 0 1 1 1 1 0 1 0 0 0 1 1 1 0 1 1 1 0 0 0 0 1 0
1 3 33 13 17 26
18 15 2 6 14 22 32 34 36 9 19 23 31 5 0 3 27 1 12 21 15 29 16 10 20 18 4 25 8 35 24 28 30 7 11
#c 0 0 0 0 1 0 0 1 1 0 1 1 0 1 0 1 1 1 1 0 1 0 0 0 1 1 1 0 1 1 1 0 0 0 0 1 0
3 3 10 29 35 2 32 14
15 16 13 15 17 16 20 18 4 26 25 8 24 28 30 7 11 6 22 34 36 9 19 23 31 5 0 3 27 1 12 21 33
#c 0 0 0 0 1 0 0 1 1 0 1 1 0 1 0 1 1 1 1 0 1 0 0 0 1 1 1 0 1 1 1 0 0 0 0 1 0
8 9 0 1 31 19 21 27 5 34 20 15 18 28 25 16 10 24 35
11 9 2 6 14 22 32 36 9 23 3 12 33 13 17 29 4 26 8 30 7 11
#c 0 0 0 0 1 0 0 1 1 0 1 1 0 1 0 1 1 1 1 0 1 0 0 0 1 1 1 0 1 1 1 0 0 0 0 1 0
1 1 15 21
17 18 13 17 29 16 10 20 18 4 26 25 8 35 24 28 30 7 11 2 6 14 22 32 34 36 9 19 23 31 5 0 3 27 1 12 33
#c 0 0 0 0 1 0 0 1 1 0 1 1 0 1 0 1 1 1 1 0 1 0 0 0 1 1 1 0 1 1 1 0 0 0 0 1 0
5 5 27 12 21 9 19 25 29 26 16 24
14 13 2 6 14 22 32 34 36 23 31 5 0 3 1 33 13 15 17 10 20 18 4 8 35 28 30 7 11
#c 0 0 0 0 1 0 0 1 1 0 1 1 0 1 0 1 1 1 1 0 1 0 0 0 1 1 1 0 1 1 1 0 0 0 0 1 0
4 4 16 30 17 29 22 3 9 0
14 15 13 15 10 20 18 4 26 25 8 35 24 28 7 11 2 6 14 32 34 36 19 23 31 5 27 1 12 21 33
#c 0 0 0 0 1 0 0 1 1 0 1 1 0 1 0 1 1 1 1 0 1 0 0 0 1 1 1 0 1 1 1 0 0 0 0 1 0
#c 0 0 0 0 1 0 0 1 1 0 1 1 0 1 0 1 1 1 1 0 1 0 0 0 1 1 1 0 1 1 1 0 0 0 0 1 0
6 6 13 20 35 16 18 7 22 9 31 6 34 0
12 13 15 17 29 10 4 26 25 8 24 28 30 11 2 14 32 36 19 23 5 3 27 1 12 21 33
#c 0 0 0 0 1 0 0 1 1 0 1 1 0 1 0 1 1 1 1 0 1 0 0 0 1 1 1 0 1 1 1 0 0 0 0 1 0
#c 0 0 0 0 1 0 0 1 1 0 1 1 0 1 0 1 1 1 1 0 1 0 0 0 1 1 1 0 1 1 1 0 0 0 0 1 0
1 1 20 3
17 18 13 15 17 29 16 10 18 4 26 25 8 35 24 28 30 7 11 2 6 14 22 32 34 36 9 19 23 31 5 0 27 1 12 21 33
#c 0 0 0 0 1 0 0 1 1 0 1 1 0 1 0 1 1 1 1 0 1 0 0 0 1 1 1 0 1 1 1 0 0 0 0 1 0
2 2 23 36 29 24
17 16 2 6 14 22 32 34 9 19 31 5 0 3 27 1 12 21 33 13 15 17 16 10 20 18 4 26 25 8 35 28 30 7 11
#c 0 0 0 0 1 0 0 1 1 0 1 1 0 1 0 1 1 1 1 0 1 0 0 0 1 1 1 0 1 1 1 0 0 0 0 1 0
#c 0 0 0 0 1 0 0 1 1 0 1 1 0 1 0 1 1 1 1 0 1 0 0 0 1 1 1 0 1 1 1 0 0 0 0 1 0
3 3 6 23 12 4 7 18
16 15 2 14 22 32 34 36 9 19 31 5 0 3 27 1 21 33 13 15 17 29 16 10 20 26 25 8 35 24 28 30 11
#c 0 0 0 0 1 0 0 1 1 0 1 1 0 1 0 1 1 1 1 0 1 0 0 0 1 1 1 0 1 1 1 0 0 0 0 1 0
5 5 7 26 17 8 16 2 6 34 19 21
13 14 13 15 29 10 20 18 4 25 35 24 28 30 11 14 22 32 36 9 23 31 5 0 3 27 1 12 33
#c 0 0 0 0 1 0 0 1 1 0 1 1 0 1 0 1 1 1 1 0 1 0 0 0 1 1 1 0 1 1 1 0 0 0 0 1 0
#c 0 0 0 0 1 0 0 1 1 0 1 1 0 1 0 1 1 1 1 0 1 0 0 0 1 1 1 0 1 1 1 0 0 0 0 1 0
5 5 18 26 29 17 25 6 9 19 22 12
13 14 13 15 16 10 20 4 8 35 24 28 30 7 11 2 14 32 34 36 23 31 5 0 3 27 1 21 33
#c 0 0 0 0 1 0 0 1 1 0 1 1 0 1 0 1 1 1 1 0 1 0 0 0 1 1 1 0 1 1 1 0 0 0 0 1 0
#c 0 0 0 0 1 0 0 1 1 0 1 1 0 1 0 1 1 1 1 0 1 0 0 0 1 1 1 0 1 1 1 0 0 0 0 1 0
#c 0 0 0 0 1 0 0 1 1 0 1 1 0 1 0 1 1 1 1 0 1 0 0 0 1 1 1 0 1 1 1 0 0 0 0 1 0
#c 0 0 0 0 1 0 0 1 1 0 1 1 0 1 0 1 1 1 1 0 1 0 0 0 1 1 1 0 1 1 1 0 0 0 0 1 0
#c 0 0 0 0 1 0 0 1 1 0 1 1 0 1 0 1 1 1 1 0 1 0 0 0 1 1 1 0 1 1 1 0 0 0 0 1 0
#c 0 0 0 0 1 0 0 1 1 0 1 1 0 1 0 1 1 1 1 0 1 0 0 0 1 1 1 0 1 1 1 0 0 0 0 1 0
3 2 26 17 20 32 21
15 17 13 15 29 16 10 18 4 25 8 35 24 28 30 7 11 2 6 14 22 34 36 9 19 23 31 5 0 3 27 1 12 33
#c 0 0 0 0 1 0 0 1 1 0 1 1 0 1 0 1 1 1 1 0 1 0 0 0 1 1 1 0 1 1 1 0 0 0 0 1 0
#c 0 0 0 0 1 0 0 1 1 0 1 1 0 1 0 1 1 1 1 0 1 0 0 0 1 1 1 0 1 1 1 0 0 0 0 1 0
#c 0 0 0 0 1 0 0 1 1 0 1 1 0 1 0 1 1 1 1 0 1 0 0 0 1 1 1 0 1 1 1 0 0 0 0 1 0
8 8 12 32 9 1 36 31 19 22 18 17 4 20 29 30 15 16
11 10 2 6 14 34 23 5 0 3 27 21 33 13 10 26 25 8 35 24 28 7 11
#c 0 0 0 0 1 0 0 1 1 0 1 1 0 1 0 1 1 1 1 0 1 0 0 0 1 1 1 0 1 1 1 0 0 0 0 1 0
#c 0 0 0 0 1 0 0 1 1 0 1 1 0 1 0 1 1 1 1 0 1 0 0 0 1 1 1 0 1 1 1 0 0 0 0 1 0
3 3 21 36 1 25 16 13
16 15 2 6 14 22 32 34 9 19 23 31 5 0 3 27 12 33 15 17 29 10 20 18 4 26 8 35 24 28 30 7 11
#c 0 0 0 0 1 0 0 1 1 0 1 1 0 1 0 1 1 1 1 0 1 0 0 0 1 1 1 0 1 1 1 0 0 0 0 1 0
#c 0 0 0 0 1 0 0 1 1 0 1 1 0 1 0 1 1 1 1 0 1 0 0 0 1 1 1 0 1 1 1 0 0 0 0 1 0
#c 0 0 0 0 1 0 0 1 1 0 1 1 0 1 0 1 1 1 1 0 1 0 0 0 1 1 1 0 1 1 1 0 0 0 0 1 0
#c 0 0 0 0 1 0 0 1 1 0 1 1 0 1 0 1 1 1 1 0 1 0 0 0 1 1 1 0 1 1 1 0 0 0 0 1 0
#c 0 0 0 0 1 0 0 1 1 0 1 1 0 1 0 1 1 1 1 0 1 0 0 0 1 1 1 0 1 1 1 0 0 0 0 1 0
#c 0 0 0 0 1 0 0 1 1 0 1 1 0 1 0 1 1 1 1 0 1 0 0 0 1 1 1 0 1 1 1 0 0 0 0 1 0
#c 0 0 0 0 1 0 0 1 1 0 1 1 0 1 0 1 1 1 1 0 1 0 0 0 1 1 1 0 1 1 1 0 0 0 0 1 0
1 1 26 3
17 18 13 15 17 29 16 10 20 18 4 25 8 35 24 28 30 7 11 2 6 14 22 32 34 36 9 19 23 31 5 0 27 1 12 21 33
#c 0 0 0 0 1 0 0 1 1 0 1 1 0 1 0 1 1 1 1 0 1 0 0 0 1 1 1 0 1 1 1 0 0 0 0 1 0
4 4 19 14 32 21 20 30 29 11
15 14 2 6 22 34 36 9 23 31 5 0 3 27 1 12 33 13 15 17 16 10 18 4 26 25 8 35 24 28 7
#c 0 0 0 0 1 0 0 1 1 0 1 1 0 1 0 1 1 1 1 0 1 0 0 0 1 1 1 0 1 1 1 0 0 0 0 1 0
6 6 35 29 20 4 26 13 21 23 19 33 22 31
12 13 15 17 16 10 18 25 8 24 28 30 7 11 2 6 14 32 34 36 9 5 0 3 27 1 12
#c 0 0 0 0 1 0 0 1 1 0 1 1 0 1 0 1 1 1 1 0 1 0 0 0 1 1 1 0 1 1 1 0 0 0 0 1 0
3 3 0 23 14 24 20 28
16 15 2 6 22 32 34 36 9 19 31 5 3 27 1 12 21 33 13 15 17 29 16 10 18 4 26 25 8 35 30 7 11
#c 0 0 0 0 1 0 0 1 1 0 1 1 0 1 0 1 1 1 1 0 1 0 0 0 1 1 1 0 1 1 1 0 0 0 0 1 0
2 2 4 29 34 5
16 17 13 15 17 16 10 20 18 26 25 8 35 24 28 30 7 11 2 6 14 22 32 36 9 19 23 31 0 3 27 1 12 21 33
#c 0 0 0 0 0 1 0 1 1 0 1 1 0 1 0 1 1 1 1 0 1 0 0 0 1 1 1 0 1 0 1 0 0 0 1 1 0
#c 0 0 0 0 0 1 0 1 1 0 1 1 0 1 0 1 1 1 1 0 1 0 0 0 1 1 1 0 1 0 1 0 0 0 1 1 0
#c 0 0 0 0 0 1 0 1 1 0 1 1 0 1 0 1 1 1 1 0 1 0 0 0 1 1 1 0 1 0 1 0 0 0 1 1 0
#c 0 0 0 0 0 1 0 1 1 0 1 1 0 1 0 1 1 1 1 0 1 0 0 0 1 1 1 0 1 0 1 0 0 0 1 1 0
7 7 34 17 25 5 7 18 15 33 27 1 4 12 2 36
11 12 13 16 10 20 26 8 35 24 28 30 11 6 14 22 32 9 19 23 31 0 3 21 29
#c 0 0 0 0 0 1 0 1 1 0 1 1 0 1 0 1 1 1 1 0 1 0 0 0 1 1 1 0 1 0 1 0 0 0 1 1 0
#c 0 0 0 0 0 1 0 1 1 0 1 1 0 1 0 1 1 1 1 0 1 0 0 0 1 1 1 0 1 0 1 0 0 0 1 1 0
#c 0 0 0 0 0 1 0 1 1 0 1 1 0 1 0 1 1 1 1 0 1 0 0 0 1 1 1 0 1 0 1 0 0 0 1 1 0
7 7 12 22 32 1 31 23 0 16 5 26 18 35 15 11
12 11 2 6 14 36 9 19 3 27 21 33 4 29 13 17 10 20 25 8 24 28 30 7 34
#c 0 0 0 0 0 1 0 1 1 0 1 1 0 1 0 1 1 1 1 0 1 0 0 0 1 1 1 0 1 0 1 0 0 0 1 1 0
#c 0 0 0 0 0 1 0 1 1 0 1 1 0 1 0 1 1 1 1 0 1 0 0 0 1 1 1 0 1 0 1 0 0 0 1 1 0
#c 0 0 0 0 0 1 0 1 1 0 1 1 0 1 0 1 1 1 1 0 1 0 0 0 1 1 1 0 1 0 1 0 0 0 1 1 0
9 9 25 24 26 16 15 30 10 13 20 36 14 19 0 31 23 22 21 2
9 10 17 18 8 35 28 7 11 34 5 6 32 9 3 27 1 12 33 4 29
#c 0 0 0 0 0 1 0 1 1 0 1 1 0 1 0 1 1 1 1 0 1 0 0 0 1 1 1 0 1 0 1 0 0 0 1 1 0
3 3 29 6 3 30 8 7
16 15 2 14 22 32 36 9 19 23 31 0 27 1 12 21 33 4 13 15 17 16 10 20 18 26 25 35 24 28 11 34 5
#c 0 0 0 0 0 1 0 1 1 0 1 1 0 1 0 1 1 1 1 0 1 0 0 0 1 1 1 0 1 0 1 0 0 0 1 1 0
#c 0 0 0 0 0 1 0 1 1 0 1 1 0 1 0 1 1 1 1 0 1 0 0 0 1 1 1 0 1 0 1 0 0 0 1 1 0
8 8 21 0 31 9 14 6 29 23 15 5 18 24 7 13 35 16
11 10 2 22 32 36 19 3 27 1 12 33 4 17 10 20 26 25 8 28 30 11 34
#c 0 0 0 0 0 1 0 1 1 0 1 1 0 1 0 1 1 1 1 0 1 0 0 0 1 1 1 0 1 0 1 0 0 0 1 1 0
1 1 24 12
17 18 13 15 17 16 10 20 18 26 25 8 35 28 30 7 11 34 5 2 6 14 22 32 36 9 19 23 31 0 3 27 1 21 33 4 29
#c 0 0 0 0 0 1 0 1 1 0 1 1 0 1 0 1 1 1 1 0 1 0 0 0 1 1 1 0 1 0 1 0 0 0 1 1 0
#c 0 0 0 0 0 1 0 1 1 0 1 1 0 1 0 1 1 1 1 0 1 0 0 0 1 1 1 0 1 0 1 0 0 0 1 1 0
#c 0 0 0 0 0 1 0 1 1 0 1 1 0 1 0 1 1 1 1 0 1 0 0 0 1 1 1 0 1 0 1 0 0 0 1 1 0
4 4 22 0 33 27 24 15 30 17
15 14 2 6 14 32 36 9 19 23 31 3 1 12 21 4 29 13 16 10 20 18 26 25 8 35 28 7 11 34 5
#c 0 0 0 0 0 1 0 1 1 0 1 1 0 1 0 1 1 1 1 0 1 0 0 0 1 1 1 0 1 0 1 0 0 0 1 1 0
5 5 7 17 18 34 5 9 4 14 36 3
13 14 13 15 16 10 20 26 25 8 35 24 28 30 11 2 6 22 32 19 23 31 0 27 1 12 21 33 29
#c 0 0 0 0 0 1 0 1 1 0 1 1 0 1 0 1 1 1 1 0 1 0 0 0 1 1 1 0 1 0 1 0 0 0 1 1 0
#c 0 0 0 0 0 1 0 1 1 0 1 1 0 1 0 1 1 1 1 0 1 0 0 0 1 1 1 0 1 0 1 0 0 0 1 1 0
#c 0 0 0 0 0 1 0 1 1 0 1 1 0 1 0 1 1 1 1 0 1 0 0 0 1 1 1 0 1 0 1 0 0 0 1 1 0
#c 0 0 0 0 0 1 0 1 1 0 1 1 0 1 0 1 1 1 1 0 1 0 0 0 1 1 1 0 1 0 1 0 0 0 1 1 0
5 5 13 11 20 8 26 27 33 12 19 23
13 14 15 17 16 10 18 25 35 24 28 30 7 34 5 2 6 14 22 32 36 9 31 0 3 1 21 4 29
#c 0 0 0 0 0 1 0 1 1 0 1 1 0 1 0 1 1 1 1 0 1 0 0 0 1 1 1 0 1 0 1 0 0 0 1 1 0
3 3 21 32 2 34 26 25
16 15 6 14 22 36 9 19 23 31 0 3 27 1 12 33 4 29 13 15 17 16 10 20 18 8 35 24 28 30 7 11 5
#c 0 0 0 0 0 1 0 1 1 0 1 1 0 1 0 1 1 1 1 0 1 0 0 0 1 1 1 0 1 0 1 0 0 0 1 1 0
2 2 7 26 9 22
16 17 13 15 17 16 10 20 18 25 8 35 24 28 30 11 34 5 2 6 14 32 36 19 23 31 0 3 27 1 12 21 33 4 29
#c 0 0 0 0 0 1 0 1 1 0 1 1 0 1 0 1 1 1 1 0 1 0 0 0 1 1 1 0 1 0 1 0 0 0 1 1 0
#c 0 0 0 0 0 1 0 1 1 0 1 1 0 1 0 1 1 1 1 0 1 0 0 0 1 1 1 0 1 0 1 0 0 0 1 1 0
#c 0 0 0 0 0 1 0 1 1 0 1 1 0 1 0 1 1 1 1 0 1 0 0 0 1 1 1 0 1 0 1 0 0 0 1 1 0
#c 0 0 0 0 0 1 0 1 1 0 1 1 0 1 0 1 1 1 1 0 1 0 0 0 1 1 1 0 1 0 1 0 0 0 1 1 0
5 5 30 25 8 15 16 21 23 29 0 19
13 14 13 17 10 20 18 26 35 24 28 7 11 34 5 2 6 14 22 32 36 9 31 3 27 1 12 33 4
#c 0 0 0 0 0 1 0 1 1 0 1 1 0 1 0 1 1 1 1 0 1 0 0 0 1 1 1 0 1 0 1 0 0 0 1 1 0
3 3 9 31 19 24 34 10
16 15 2 6 14 22 32 36 23 0 3 27 1 12 21 33 4 29 13 15 17 16 20 18 26 25 8 35 28 30 7 11 5
#c 0 0 0 0 0 1 0 1 1 0 1 1 0 1 0 1 1 1 1 0 1 0 0 0 1 1 1 0 1 0 1 0 0 0 1 1 0
#c 0 0 0 0 0 1 0 1 1 0 1 1 0 1 0 1 1 1 1 0 1 0 0 0 1 1 1 0 1 0 1 0 0 0 1 1 0
#c 0 0 0 0 0 1 0 1 1 0 1 1 0 1 0 1 1 1 1 0 1 0 0 0 1 1 1 0 1 0 1 0 0 0 1 1 0
#c 0 0 0 0 0 1 0 1 1 0 1 1 0 1 0 1 1 1 1 0 1 0 0 0 1 1 1 0 1 0 1 0 0 0 1 1 0
3 3 0 32 1 20 30 18
16 15 2 6 14 22 36 9 19 23 31 3 27 12 21 33 4 29 13 15 17 16 10 26 25 8 35 24 28 7 11 34 5
#c 0 0 0 0 0 1 0 1 1 0 1 1 0 1 0 1 1 1 1 0 1 0 0 0 1 1 1 0 1 0 1 0 0 0 1 1 0
#c 0 0 0 0 0 1 0 1 1 0 1 1 0 1 0 1 1 1 1 0 1 0 0 0 1 1 1 0 1 0 1 0 0 0 1 1 0
#c 0 0 0 0 0 1 0 1 1 0 1 1 0 1 0 1 1 1 1 0 1 0 0 0 1 1 1 0 1 0 1 0 0 0 1 1 0
1 1 10 0
17 18 13 15 17 16 20 18 26 25 8 35 24 28 30 7 11 34 5 2 6 14 22 32 36 9 19 23 31 3 27 1 12 21 33 4 29
#c 0 0 0 0 0 1 0 1 1 0 1 1 0 1 0 1 1 1 1 0 1 0 0 0 1 1 1 0 1 0 1 0 0 0 1 1 0
#c 0 0 0 0 0 1 0 1 1 0 1 1 0 1 0 1 1 1 1 0 1 0 0 0 1 1 1 0 1 0 1 0 0 0 1 1 0
9 9 35 20 15 28 18 30 7 34 13 3 29 4 21 1 6 22 0 36
9 10 17 16 10 26 25 8 24 11 5 2 14 32 9 19 23 31 27 12 33
#c 0 0 0 0 0 1 0 1 1 0 1 1 0 1 0 1 1 1 1 0 1 0 0 0 1 1 1 0 1 0 1 0 0 0 1 1 0
1 1 23 25
18 17 2 6 14 22 32 36 9 19 31 0 3 27 1 12 21 33 4 29 13 15 17 16 10 20 18 26 8 35 24 28 30 7 11 34 5
#c 0 0 0 0 0 1 0 1 1 0 1 1 0 1 0 1 1 1 1 0 1 0 0 0 1 1 1 0 1 0 1 0 0 0 1 1 0
#c 0 0 0 0 0 1 0 1 1 0 1 1 0 1 0 1 1 1 1 0 1 0 0 0 1 1 1 0 1 0 1 0 0 0 1 1 0
#c 0 0 0 0 0 1 0 1 1 0 1 1 0 1 0 1 1 1 1 0 1 0 0 0 1 1 1 0 1 0 1 0 0 0 1 1 0
8 6 25 20 11 30 24 7 16 10 6 21 22 9 33 32
10 13 13 15 17 18 26 8 35 28 34 5 2 14 36 19 23 31 0 3 27 1 12 4 29
#c 0 0 0 0 0 1 0 1 1 0 1 1 0 1 0 1 1 1 1 0 1 0 0 0 1 1 1 0 1 0 1 0 0 0 1 1 0
#c 0 0 0 0 0 1 0 1 1 0 1 1 0 1 0 1 1 1 1 0 1 0 0 0 1 1 1 0 1 0 1 0 0 0 1 1 0
7 7 10 7 28 5 34 16 15 6 22 14 23 29 36 4
11 12 13 17 20 18 26 25 8 35 24 30 11 2 32 9 19 31 0 3 27 1 12 21 33
#c 0 0 0 0 0 1 0 1 1 0 1 1 0 1 0 1 1 1 1 0 1 0 0 0 1 1 1 0 1 0 1 0 0 0 1 1 0
3 3 14 23 19 20 15 35
16 15 2 6 22 32 36 9 31 0 3 27 1 12 21 33 4 29 13 17 16 10 18 26 25 8 24 28 30 7 11 34 5
#c 0 0 0 0 0 1 0 1 1 0 1 1 0 1 0 1 1 1 1 0 1 0 0 0 1 1 1 0 1 0 1 0 0 0 1 1 0
#c 0 0 0 0 0 1 0 1 1 0 1 1 0 1 0 1 1 1 1 0 1 0 0 0 1 1 1 0 1 0 1 0 0 0 1 1 0
#c 0 0 0 0 0 1 0 1 1 0 1 1 0 1 0 1 1 1 1 0 1 0 0 0 1 1 1 0 1 0 1 0 0 0 1 1 0
1 1 35 0
17 18 13 15 17 16 10 20 18 26 25 8 24 28 30 7 11 34 5 2 6 14 22 32 36 9 19 23 31 3 27 1 12 21 33 4 29
#c 0 0 0 0 0 1 0 1 1 0 1 1 0 1 0 1 1 1 1 0 1 0 0 0 1 1 1 0 1 0 1 0 0 0 1 1 0
5 5 0 6 31 23 29 7 11 17 35 20
14 13 2 14 22 32 36 9 19 3 27 1 12 21 33 4 13 15 16 10 18 26 25 8 24 28 30 34 5
#c 0 0 0 0 0 1 0 1 1 0 1 1 0 1 0 1 1 1 1 0 1 0 0 0 1 1 1 0 1 0 1 0 0 0 1 1 0
3 3 10 17 34 32 14 27
15 16 13 15 16 20 18 26 25 8 35 24 28 30 7 11 5 2 6 22 36 9 19 23 31 0 3 1 12 21 33 4 29
#c 0 0 0 0 0 1 0 1 1 0 1 1 0 1 0 1 1 1 1 0 1 0 0 0 1 1 1 0 1 0 1 0 0 0 1 1 0
#c 0 0 0 0 0 1 0 1 1 0 1 1 0 1 0 1 1 1 1 0 1 0 0 0 1 1 1 0 1 0 1 0 0 0 1 1 0
5 5 24 26 15 28 10 0 14 27 4 1
13 14 13 17 16 20 18 25 8 35 30 7 11 34 5 2 6 22 32 36 9 19 23 31 3 12 21 33 29
#c 0 0 0 0 0 1 0 1 1 0 1 1 0 1 0 1 1 1 1 0 1 0 0 0 1 1 1 0 1 0 1 0 0 0 1 1 0
#c 0 0 0 0 0 1 0 1 1 0 1 1 0 1 0 1 1 1 1 0 1 0 0 0 1 1 1 0 1 0 1 0 0 0 1 1 0
6 6 18 24 34 16 25 11 4 29 21 6 36 23
12 13 13 15 17 10 20 26 8 35 28 30 7 5 2 14 22 32 9 19 31 0 3 27 1 12 33
#c 0 0 0 0 0 1 0 1 1 0 1 1 0 1 0 1 1 1 1 0 1 0 0 0 1 1 1 0 1 0 1 0 0 0 1 1 0
#c 0 0 0 0 0 1 0 1 1 0 1 1 0 1 0 1 1 1 1 0 1 0 0 0 1 1 1 0 1 0 1 0 0 0 1 1 0
#c 0 0 0 0 0 1 0 1 1 0 1 1 0 1 0 1 1 1 1 0 1 0 0 0 1 1 1 0 1 0 1 0 0 0 1 1 0
#c 0 0 0 0 0 1 0 1 1 0 1 1 0 1 0 1 1 1 1 0 1 0 0 0 1 1 1 0 1 0 1 0 0 0 1 1 0
#c 0 0 0 0 0 1 0 1 1 0 1 1 0 1 0 1 1 1 1 0 1 0 0 0 1 1 1 0 1 0 1 0 0 0 1 1 0
#c 0 0 0 0 0 1 0 1 1 0 1 1 0 1 0 1 1 1 1 0 1 0 0 0 1 1 1 0 1 0 1 0 0 0 1 1 0
#c 0 0 0 0 0 1 0 1 1 0 1 1 0 1 0 1 1 1 1 0 1 0 0 0 1 1 1 0 1 0 1 0 0 0 1 1 0
6 6 2 6 4 0 9 14 20 28 16 10 35 7
13 12 22 32 36 19 23 31 3 27 1 12 21 33 29 13 15 17 18 26 25 8 24 30 11 34 5
#c 0 0 0 0 0 1 0 1 1 0 1 1 0 1 0 1 1 1 1 0 1 0 0 0 1 1 1 0 1 0 1 0 0 0 1 1 0
9 9 15 30 7 10 26 34 18 8 24 2 36 33 3 22 6 21 1 9
9 10 13 17 16 20 25 35 28 11 5 14 32 19 23 31 0 27 12 4 29
#c 0 0 0 0 0 1 0 1 1 0 1 1 0 1 0 1 1 1 1 0 1 0 0 0 1 1 1 0 1 0 1 0 0 0 1 1 0
5 5 21 1 14 2 31 20 8 13 7 18
14 13 6 22 32 36 9 19 23 0 3 27 12 33 4 29 15 17 16 10 26 25 35 24 28 30 11 34 5
#c 0 0 0 0 0 1 0 1 1 0 1 1 0 1 0 1 1 1 1 0 1 0 0 0 1 1 1 0 1 0 1 0 0 0 1 1 0
1 1 8 33
17 18 13 15 17 16 10 20 18 26 25 35 24 28 30 7 11 34 5 2 6 14 22 32 36 9 19 23 31 0 3 27 1 12 21 4 29
#c 0 0 0 0 0 1 0 1 0 0 1 1 0 1 0 1 1 1 1 0 1 0 0 0 1 1 1 0 1 0 1 0 0 1 1 1 0
4 4 4 21 32 1 28 15 11 26
15 14 2 6 14 22 36 9 19 23 31 0 3 27 12 29 8 13 17 16 10 20 18 25 35 24 30 7 34 5 33
#c 0 0 0 0 0 1 0 1 0 0 1 1 0 1 0 1 1 1 1 0 1 0 0 0 1 1 1 0 1 0 1 0 0 1 1 1 0
#c 0 0 0 0 0 1 0 1 0 0 1 1 0 1 0 1 1 1 1 0 1 0 0 0 1 1 1 0 1 0 1 0 0 1 1 1 0
#c 0 0 0 0 0 1 0 1 0 0 1 1 0 1 0 1 1 1 1 0 1 0 0 0 1 1 1 0 1 0 1 0 0 1 1 1 0
3 3 5 17 33 6 21 22
15 16 13 15 16 10 20 18 26 25 35 24 28 30 7 11 34 2 14 32 36 9 19 23 31 0 3 27 1 12 4 29 8
#c 0 0 0 0 0 1 0 1 0 0 1 1 0 1 0 1 1 1 1 0 1 0 0 0 1 1 1 0 1 0 1 0 0 1 1 1 0
4 4 2 19 31 4 11 16 25 30
15 14 6 14 22 32 36 9 23 0 3 27 1 12 21 29 8 13 15 17 10 20 18 26 35 24 28 7 34 5 33
#c 0 0 0 0 0 1 0 1 0 0 1 1 0 1 0 1 1 1 1 0 1 0 0 0 1 1 1 0 1 0 1 0 0 1 1 1 0
#c 0 0 0 0 0 1 0 1 0 0 1 1 0 1 0 1 1 1 1 0 1 0 0 0 1 1 1 0 1 0 1 0 0 1 1 1 0
#c 0 0 0 0 0 1 0 1 0 0 1 1 0 1 0 1 1 1 1 0 1 0 0 0 1 1 1 0 1 0 1 0 0 1 1 1 0
9 9 18 10 20 34 35 28 7 33 5 14 1 23 19 4 8 2 21 29
9 10 13 15 17 16 26 25 24 30 11 6 22 32 36 9 31 0 3 27 12
#c 0 0 0 0 0 1 0 1 0 0 1 1 0 1 0 1 1 1 1 0 1 0 0 0 1 1 1 0 1 0 1 0 0 1 1 1 0
6 5 2 32 9 36 22 23 30 5 10 34 11
13 13 6 14 19 31 0 3 27 1 12 21 4 29 8 13 15 17 16 20 18 26 25 35 24 28 7 33
#c 0 0 0 0 0 1 0 1 0 0 1 1 0 1 0 1 1 1 1 0 1 0 0 0 1 1 1 0 1 0 1 0 0 1 1 1 0
4 5 17 34 13 33 19 21 12 9 6
14 14 15 16 10 20 18 26 25 35 24 28 30 7 11 5 2 14 22 32 36 23 31 0 3 27 1 4 29 8
#c 0 0 0 0 0 1 0 1 0 0 1 1 0 1 0 1 1 1 1 0 1 0 0 0 1 1 1 0 1 0 1 0 0 1 1 1 0
#c 0 0 0 0 0 1 0 1 0 0 1 1 0 1 0 1 1 1 1 0 1 0 0 0 1 1 1 0 1 0 1 0 0 1 1 1 0
9 9 15 20 35 7 33 26 34 10 25 0 22 1 4 3 8 12 32 19
9 10 13 17 16 18 24 28 30 11 5 2 6 14 36 9 23 31 27 21 29
#c 0 0 0 0 0 1 0 1 0 0 1 1 0 1 0 1 1 1 1 0 1 0 0 0 1 1 1 0 1 0 1 0 0 1 1 1 0
#c 0 0 0 0 0 1 0 1 0 0 1 1 0 1 0 1 1 1 1 0 1 0 0 0 1 1 1 0 1 0 1 0 0 1 1 1 0
7 7 35 5 16 33 15 30 7 8 6 19 29 9 3 22
11 12 13 17 10 20 18 26 25 24 28 11 34 2 14 32 36 23 31 0 27 1 12 21 4
#c 0 0 0 0 0 1 0 1 0 0 1 1 0 1 0 1 1 1 1 0 1 0 0 0 1 1 1 0 1 0 1 0 0 1 1 1 0
#c 0 0 0 0 0 1 0 1 0 0 1 1 0 1 0 1 1 1 1 0 1 0 0 0 1 1 1 0 1 0 1 0 0 1 1 1 0
#c 0 0 0 0 0 1 0 1 0 0 1 1 0 1 0 1 1 1 1 0 1 0 0 0 1 1 1 0 1 0 1 0 0 1 1 1 0
4 5 8 4 31 9 16 26 13 30 18
15 13 2 6 14 22 32 36 19 23 0 3 27 1 12 21 29 15 17 10 20 25 35 24 28 7 11 34 5 33
#c 0 0 0 0 0 1 0 1 0 0 1 1 0 1 0 1 1 1 1 0 1 0 0 0 1 1 1 0 1 0 1 0 0 1 1 1 0
6 6 16 20 17 28 24 5 31 12 22 3 29 14
12 13 13 15 10 18 26 25 35 30 7 11 34 33 2 6 32 36 9 19 23 0 27 1 21 4 8
#c 0 0 0 0 0 1 0 1 0 0 1 1 0 1 0 1 1 1 1 0 1 0 0 0 1 1 1 0 1 0 1 0 0 1 1 1 0
#c 0 0 0 0 0 1 0 1 0 0 1 1 0 1 0 1 1 1 1 0 1 0 0 0 1 1 1 0 1 0 1 0 0 1 1 1 0
4 4 34 16 10 25 2 4 27 0
14 15 13 15 17 20 18 26 35 24 28 30 7 11 5 33 6 14 22 32 36 9 19 23 31 3 1 12 21 29 8
#c 0 0 0 0 0 1 0 1 0 0 1 1 0 1 0 1 1 1 1 0 1 0 0 0 1 1 1 0 1 0 1 0 0 1 1 1 0
1 1 23 28
18 17 2 6 14 22 32 36 9 19 31 0 3 27 1 12 21 4 29 8 13 15 17 16 10 20 18 26 25 35 24 30 7 11 34 5 33
#c 0 0 0 0 0 1 0 1 0 0 1 1 0 1 0 1 1 1 1 0 1 0 0 0 1 1 1 0 1 0 1 0 0 1 1 1 0
#c 0 0 0 0 0 1 0 1 0 0 1 1 0 1 0 1 1 1 1 0 1 0 0 0 1 1 1 0 1 0 1 0 0 1 1 1 0
#c 0 0 0 0 0 1 0 1 0 0 1 1 0 1 0 1 1 1 1 0 1 0 0 0 1 1 1 0 1 0 1 0 0 1 1 1 0
6 8 15 24 18 34 5 17 27 2 8 3 29 12 1 32
12 11 13 16 10 20 26 25 35 28 30 7 11 33 6 14 22 36 9 19 23 31 0 21 4
#c 0 0 0 0 0 1 0 1 0 0 1 1 0 1 0 1 1 1 1 0 1 0 0 0 1 1 1 0 1 0 1 0 0 1 1 1 0
7 7 21 12 8 36 27 31 2 11 24 18 7 35 30 28
12 11 6 14 22 32 9 19 23 0 3 1 4 29 13 15 17 16 10 20 26 25 34 5 33
#c 0 0 0 0 0 1 0 1 0 0 1 1 0 1 0 1 1 1 1 0 1 0 0 0 1 1 1 0 1 0 1 0 0 1 1 1 0
9 10 25 28 11 7 34 35 17 15 33 32 8 19 3 31 21 6 36 2 22
9 9 13 16 10 20 18 26 24 30 5 14 9 23 0 27 1 12 4 29
#c 0 0 0 0 0 1 0 1 0 0 1 1 0 1 0 1 1 1 1 0 1 0 0 0 1 1 1 0 1 0 1 0 0 1 1 1 0
5 5 14 9 12 8 27 10 20 33 16 34
14 13 2 6 22 32 36 19 23 31 0 3 1 21 4 29 13 15 17 18 26 25 35 24 28 30 7 11 5
#c 0 0 0 0 0 1 0 1 0 0 1 1 0 1 0 1 1 1 1 0 1 0 0 0 1 1 1 0 1 0 1 0 0 1 1 1 0
#c 0 0 0 0 0 1 0 1 0 0 1 1 0 1 0 1 1 1 1 0 1 0 0 0 1 1 1 0 1 0 1 0 0 1 1 1 0
4 4 23 4 21 0 20 33 26 13
15 14 2 6 14 22 32 36 9 19 31 3 27 1 12 29 8 15 17 16 10 18 25 35 24 28 30 7 11 34 5
#c 0 0 0 0 0 1 0 1 0 0 1 1 0 1 0 1 1 1 1 0 1 0 0 0 1 1 1 0 1 0 1 0 0 1 1 1 0
#c 0 0 0 0 0 1 0 1 0 0 1 1 0 1 0 1 1 1 1 0 1 0 0 0 1 1 1 0 1 0 1 0 0 1 1 1 0
#c 0 0 0 0 0 1 0 1 0 0 1 1 0 1 0 1 1 1 1 0 1 0 0 0 1 1 1 0 1 0 1 0 0 1 1 1 0
#c 0 0 0 0 0 1 0 1 0 0 1 1 0 1 0 1 1 1 1 0 1 0 0 0 1 1 1 0 1 0 1 0 0 1 1 1 0
#c 0 0 0 0 0 1 0 1 0 0 1 1 0 1 0 1 1 1 1 0 1 0 0 0 1 1 1 0 1 0 1 0 0 1 1 1 0
7 7 30 33 24 20 16 34 15 29 36 23 22 6 19 32
11 12 13 17 10 18 26 25 35 28 7 11 5 2 14 9 31 0 3 27 1 12 21 4 8
#c 0 0 0 0 0 1 0 1 0 0 1 1 0 1 0 1 1 1 1 0 1 0 0 0 1 1 1 0 1 0 1 0 0 1 1 1 0
#c 0 0 0 0 0 1 0 1 0 0 1 1 0 1 0 1 1 1 1 0 1 0 0 0 1 1 1 0 1 0 1 0 0 1 1 1 0
2 2 5 25 9 3
16 17 13 15 17 16 10 20 18 26 35 24 28 30 7 11 34 33 2 6 14 22 32 36 19 23 31 0 27 1 12 21 4 29 8
#c 0 0 0 0 0 1 0 1 0 0 1 1 0 1 0 1 1 1 1 0 1 0 0 0 1 1 1 0 1 0 1 0 0 1 1 1 0
#c 0 0 0 0 0 1 0 1 0 0 1 1 0 1 0 1 1 1 1 0 1 0 0 0 1 1 1 0 1 0 1 0 0 1 1 1 0
4 3 13 17 33 26 19 31 36
14 16 15 16 10 20 18 25 35 24 28 30 7 11 34 5 2 6 14 22 32 9 23 0 3 27 1 12 21 4 29 8
#c 0 0 0 0 0 1 0 1 0 0 1 1 0 1 0 1 1 1 1 0 1 0 0 0 1 1 1 0 1 0 1 0 0 1 1 1 0
3 3 6 8 29 18 33 13
16 15 2 14 22 32 36 9 19 23 31 0 3 27 1 12 21 4 15 17 16 10 20 26 25 35 24 28 30 7 11 34 5
#c 0 0 0 0 0 1 0 1 0 0 1 1 0 1 0 1 1 1 1 0 1 0 0 0 1 1 1 0 1 0 1 0 0 1 1 1 0
2 2 16 15 14 22
16 17 13 17 10 20 18 26 25 35 24 28 30 7 11 34 5 33 2 6 32 36 9 19 23 31 0 3 27 1 12 21 4 29 8
#c 0 0 0 0 0 1 0 1 0 0 1 1 0 1 0 1 1 1 1 0 1 0 0 0 1 1 1 0 1 0 1 0 0 1 1 1 0
#c 0 0 0 0 0 1 0 1 0 0 1 1 0 1 0 1 1 1 1 0 1 0 0 0 1 1 1 0 1 0 1 0 0 1 1 1 0
9 9 10 7 24 25 34 33 13 11 18 19 4 9 6 29 23 27 31 0
9 10 15 17 16 20 26 35 28 30 5 2 14 22 32 36 3 1 12 21 8
#c 0 0 0 0 0 1 0 1 0 0 1 1 0 1 0 1 1 1 1 0 1 0 0 0 1 1 1 0 1 0 1 0 0 1 1 1 0
#c 0 0 0 0 0 1 0 1 0 0 1 1 0 1 0 1 1 1 1 0 1 0 0 0 1 1 1 0 1 0 1 0 0 1 1 1 0
5 5 26 35 10 11 30 21 8 12 19 32
13 14 13 15 17 16 20 18 25 24 28 7 34 5 33 2 6 14 22 36 9 23 31 0 3 27 1 4 29
#c 0 0 0 0 0 1 0 1 0 0 1 1 0 1 0 1 1 1 1 0 1 0 0 0 1 1 1 0 1 0 1 0 0 1 1 1 0
9 9 14 3 29 0 32 1 8 12 22 16 10 13 7 25 15 33 20 5
10 9 2 6 36 9 19 23 31 27 21 4 17 18 26 35 24 28 30 11 34
#c 0 0 0 0 0 1 0 1 0 0 1 1 0 1 0 1 1 1 1 0 1 0 0 0 1 1 1 0 1 0 1 0 0 1 1 1 0
8 9 35 20 13 28 34 17 30 33 27 19 4 36 2 23 22 12 29
10 10 15 16 10 18 26 25 24 7 11 5 6 14 32 9 31 0 3 1 21 8
#c 0 0 0 0 0 1 0 1 0 0 1 1 0 1 0 1 1 1 1 0 1 0 0 0 1 1 1 0 1 0 1 0 0 1 1 1 0
#c 0 0 0 0 0 1 0 1 0 0 1 1 0 1 0 1 1 1 1 0 1 0 0 0 1 1 1 0 1 0 1 0 0 1 1 1 0
#c 0 0 0 0 0 1 0 1 0 0 1 1 0 1 0 1 1 1 1 0 1 0 0 0 1 1 1 0 1 0 1 0 0 1 1 1 0
2 2 2 27 13 33
17 16 6 14 22 32 36 9 19 23 31 0 3 1 12 21 4 29 8 15 17 16 10 20 18 26 25 35 24 28 30 7 11 34 5
#c 0 0 0 0 0 1 0 1 0 0 1 1 0 1 0 1 1 1 1 0 1 0 0 0 1 1 1 0 1 0 1 0 0 1 1 1 0
#c 0 0 0 0 0 1 0 1 0 0 1 1 0 1 0 1 1 1 1 0 1 0 0 0 1 1 1 0 1 0 1 0 0 1 1 1 0
5 5 32 0 4 27 19 18 17 11 24 15
14 13 2 6 14 22 36 9 23 31 3 1 12 21 29 8 13 16 10 20 26 25 35 28 30 7 34 5 33
#c 0 0 0 0 0 1 0 1 0 0 1 1 0 1 0 1 1 1 1 0 1 0 0 0 1 1 1 0 1 0 1 0 0 1 1 1 0
#c 0 0 0 0 0 1 0 1 0 0 1 1 0 1 0 1 1 1 1 0 1 0 0 0 1 1 1 0 1 0 1 0 0 1 1 1 0
9 9 29 32 4 21 14 36 1 22 9 30 35 10 7 13 15 34 17 11
10 9 2 6 19 23 31 0 3 27 12 8 16 20 18 26 25 24 28 5 33
#c 0 0 0 0 0 1 0 1 0 0 1 1 0 1 0 1 1 1 1 0 1 0 0 0 1 1 1 0 1 0 1 0 0 1 1 1 0
#c 0 0 0 0 0 1 0 1 0 0 1 1 0 1 0 1 1 1 1 0 1 0 0 0 1 1 1 0 1 0 1 0 0 1 1 1 0
6 8 19 2 29 14 31 6 25 7 15 26 17 24 20 34
13 10 22 32 36 9 23 0 3 27 1 12 21 4 8 13 16 10 18 35 28 30 11 5 33
#c 0 0 0 0 0 1 0 1 0 0 1 1 0 1 0 1 1 1 1 0 1 0 0 0 1 1 1 0 1 0 1 0 0 1 1 1 0
7 7 20 28 16 18 26 35 5 6 12 32 27 14 36 0
11 12 13 15 17 10 25 24 30 7 11 34 33 2 22 9 19 23 31 3 1 21 4 29 8
#c 0 0 0 0 0 1 0 1 0 0 1 1 0 1 0 1 1 1 1 0 1 0 0 0 1 1 1 0 1 0 1 0 0 1 1 1 0
3 3 21 31 0 17 18 25
16 15 2 6 14 22 32 36 9 19 23 3 27 1 12 4 29 8 13 15 16 10 20 26 35 24 28 30 7 11 34 5 33
#c 0 0 0 0 0 1 0 1 0 0 1 1 0 1 0 1 1 1 1 0 1 0 0 0 1 1 1 0 1 0 1 0 0 1 1 1 0
#c 0 0 0 0 0 1 0 1 0 0 1 1 0 1 0 1 1 1 1 0 1 0 0 0 1 1 1 0 1 0 1 0 0 1 1 1 0
#c 0 0 0 0 0 1 0 1 0 0 1 1 0 1 0 1 1 1 1 0 1 0 0 0 1 1 1 0 1 0 1 0 0 1 1 1 0
1 1 13 32
17 18 15 17 16 10 20 18 26 25 35 24 28 30 7 11 34 5 33 2 6 14 22 36 9 19 23 31 0 3 27 1 12 21 4 29 8
#c 0 0 0 0 0 1 0 1 0 0 1 1 0 1 0 1 1 1 1 0 1 0 0 0 1 1 1 0 1 0 1 0 0 1 1 1 0
3 2 8 2 6 10 20
16 16 14 22 32 36 9 19 23 31 0 3 27 1 12 21 4 29 13 15 17 16 18 26 25 35 24 28 30 7 11 34 5 33
#c 0 0 0 0 0 1 0 1 0 0 1 1 0 1 0 1 1 1 1 0 1 0 0 0 1 1 1 0 1 0 1 0 0 1 1 1 0
#c 0 0 0 0 0 1 0 1 0 0 1 1 0 1 0 1 1 1 1 0 1 0 0 0 1 1 1 0 1 0 1 0 0 1 1 1 0
9 9 9 1 2 23 22 8 12 19 0 30 26 16 15 7 18 35 17 13
10 9 6 14 32 36 31 3 27 21 4 29 10 20 25 24 28 11 34 5 33
#c 0 0 0 0 0 1 0 1 0 0 1 1 0 1 0 1 1 1 1 0 1 0 0 0 1 1 1 0 1 0 1 0 0 1 1 1 0
#c 0 0 0 0 0 1 0 1 0 0 1 1 0 1 0 1 1 1 1 0 1 0 0 0 1 1 1 0 1 0 1 0 0 1 1 1 0
#c 0 0 0 0 0 1 0 1 0 0 1 1 0 1 0 1 1 1 1 0 1 0 0 0 1 1 1 0 1 0 1 0 0 1 1 1 0
5 5 25 5 15 16 28 1 29 14 22 0
13 14 13 17 10 20 18 26 35 24 30 7 11 34 33 2 6 32 36 9 19 23 31 3 27 12 21 4 8
#c 0 0 0 0 0 1 0 1 0 0 1 1 0 1 0 1 1 1 1 0 1 0 0 0 1 1 1 0 1 0 1 0 0 1 1 1 0
8 8 1 22 3 9 32 29 31 8 30 10 11 26 13 5 28 16
11 10 2 6 14 36 19 23 0 27 12 21 4 15 17 20 18 25 35 24 7 34 33
#c 0 0 0 0 0 1 0 1 0 0 1 1 0 1 0 1 1 1 1 0 1 0 0 0 1 1 1 0 1 0 1 0 0 1 1 1 0
#c 0 0 0 0 0 1 0 1 0 0 1 1 0 1 0 1 1 1 1 0 1 0 0 0 1 1 1 0 1 0 1 0 0 1 1 1 0
5 5 19 22 4 31 0 11 18 5 10 35
14 13 2 6 14 32 36 9 23 3 27 1 12 21 29 8 13 15 17 16 20 26 25 24 28 30 7 34 33
#c 0 0 0 0 0 1 0 1 0 0 1 1 0 1 0 1 1 1 1 0 1 0 0 0 1 1 1 0 1 0 1 0 0 1 1 1 0
2 2 18 7 4 2
16 17 13 15 17 16 10 20 26 25 35 24 28 30 11 34 5 33 6 14 22 32 36 9 19 23 31 0 3 27 1 12 21 29 8
#c 0 0 0 0 0 1 0 1 0 0 1 1 0 1 0 1 1 1 1 0 1 0 0 0 1 1 1 0 1 0 1 0 0 1 1 1 0
4 5 22 21 19 31 5 18 17 30 10
15 13 2 6 14 32 36 9 23 0 3 27 1 12 4 29 8 13 15 16 20 26 25 35 24 28 7 11 34 33
#c 0 0 0 0 0 1 0 1 0 0 1 1 0 1 0 1 1 1 1 0 1 0 0 0 1 1 1 0 1 0 1 0 0 1 1 1 0
8 8 10 28 17 18 26 30 5 25 1 31 3 0 29 8 9 4
10 11 13 15 16 20 35 24 7 11 34 33 2 6 14 22 32 36 19 23 27 12 21
#c 0 0 0 0 0 1 0 1 0 0 1 1 0 1 0 1 1 1 1 0 1 0 0 0 1 1 1 0 1 0 1 0 0 1 1 1 0
9 9 19 27 8 2 36 21 14 4 32 33 25 35 18 24 15 10 34 28
10 9 6 22 9 23 31 0 3 1 12 29 13 17 16 20 26 30 7 11 5
#c 0 0 0 0 0 1 0 1 0 0 1 1 0 1 0 1 1 1 1 0 1 0 0 0 1 1 1 0 1 0 1 0 0 1 1 1 0
#c 0 0 0 0 0 1 0 1 0 0 1 1 0 1 0 1 1 1 1 0 1 0 0 0 1 1 1 0 1 0 1 0 0 1 1 1 0
#c 0 0 0 0 0 1 0 1 0 0 1 1 0 1 0 1 1 1 1 0 1 0 0 0 1 1 1 0 1 0 1 0 0 1 1 1 0
#c 0 0 0 0 0 1 0 1 0 0 1 1 0 1 0 1 1 1 1 0 1 0 0 0 1 1 1 0 1 0 1 0 0 1 1 1 0
2 2 1 27 16 33
17 16 2 6 14 22 32 36 9 19 23 31 0 3 12 21 4 29 8 13 15 17 10 20 18 26 25 35 24 28 30 7 11 34 5
#c 0 0 0 0 0 1 0 1 0 0 1 1 0 1 0 1 1 1 1 0 1 0 0 0 1 1 1 0 1 0 1 0 0 1 1 1 0
#c 0 0 0 0 0 1 0 1 0 0 1 1 0 1 0 1 1 1 1 0 1 0 0 0 1 1 1 0 1 0 1 0 0 1 1 1 0
#c 0 0 0 0 0 1 0 1 0 0 1 1 0 1 0 1 1 1 1 0 1 0 0 0 1 1 1 0 1 0 1 0 0 1 1 1 0
0 0 0 0 0 1 0 1 0 0 1 1 0 1 0 1 1 1 1 0 1 0 0 0 1 1 1 0 1 0 1 0 0 1 1 1 0
