#c 0 1 2 3 4 5 6 7 0 1 2 3 4 5 6 7 0 1 2 3 4 5 6 7 0 1 2 3 4 5 6 7 0 1 2 3 4 5 6 7 0 1 2 3 4
#c 0 1 2 3 4 5 6 7 0 1 2 3 4 5 6 7 0 1 2 3 4 5 6 7 0 1 2 3 4 5 6 7 0 1 2 3 4 5 6 7 0 1 2 3 4
3 3 18 10 34 6 22 14
3 2 2 26 42 30 38
#c 0 1 2 3 4 5 6 7 0 1 2 3 4 5 6 7 0 1 2 3 4 5 6 7 0 1 2 3 4 5 6 7 0 1 2 3 4 5 6 7 0 1 2 3 4
1 2 35 38 30
5 3 3 11 19 27 43 6 14 22
#c 0 1 2 3 4 5 6 7 0 1 2 3 4 5 6 7 0 1 2 3 4 5 6 7 0 1 2 3 4 5 6 7 0 1 2 3 4 5 6 7 0 1 2 3 4
1 1 36 21
5 4 4 12 20 28 44 5 13 29 37
#c 0 1 2 3 4 5 6 7 0 1 2 3 4 5 6 7 0 1 2 3 4 5 6 7 0 1 2 3 4 5 6 7 0 1 2 3 4 5 6 7 0 1 2 3 4
1 1 29 1
4 5 5 13 21 37 9 17 25 33 41
#c 0 5 2 3 4 5 6 7 0 1 2 3 4 5 6 7 0 1 2 3 4 5 6 7 0 1 2 3 4 1 6 7 0 1 2 3 4 5 6 7 0 1 2 3 4
2 3 30 22 7 39 31
3 2 6 14 38 15 23
#c 0 5 2 3 4 5 6 6 0 1 2 3 4 5 6 7 0 1 2 3 4 5 7 7 0 1 2 3 4 1 7 6 0 1 2 3 4 5 6 6 0 1 2 3 4
1 1 23 6
3 5 15 30 22 14 38 7 39 31
#c 0 5 2 3 4 5 6 6 0 1 2 3 4 5 6 7 0 1 2 3 4 5 7 7 0 1 2 3 4 1 7 6 0 1 2 3 4 5 6 6 0 1 2 3 4
3 3 0 32 24 33 9 25
3 3 8 16 40 17 41 29
#c 0 5 2 3 4 5 6 6 0 1 2 3 4 5 6 7 0 1 2 3 4 5 7 7 0 1 2 3 4 1 7 6 0 1 2 3 4 5 6 6 0 1 2 3 4
2 2 9 33 37 5
4 3 17 25 41 29 13 21 1
#c 0 5 2 3 4 1 6 6 0 5 2 3 4 5 6 7 0 1 2 3 4 5 7 7 0 1 2 3 4 1 7 6 0 5 2 3 4 1 6 6 0 1 2 3 4
1 1 42 12
5 5 2 10 18 26 34 4 20 28 36 44
#c 0 5 2 3 4 1 6 6 0 5 2 3 2 5 6 7 0 1 2 3 4 5 7 7 0 1 2 3 4 1 7 6 0 5 2 3 4 1 6 6 0 1 4 3 4
1 1 11 14
5 5 3 19 27 35 43 6 38 7 39 31
#c 0 5 2 3 4 1 6 6 0 5 2 3 2 5 6 7 0 1 2 3 4 5 7 7 0 1 2 3 4 1 7 6 0 5 2 3 4 1 6 6 0 1 4 3 4
3 2 36 28 4 23 30
3 2 20 44 42 15 22
#c 0 5 2 3 4 1 6 6 0 5 2 3 2 5 6 7 0 1 2 3 4 5 7 7 0 1 2 3 4 1 7 6 0 5 2 3 4 1 6 6 0 1 4 3 4
2 2 9 13 38 39
3 4 21 1 33 6 14 7 31
#c 0 5 2 3 4 1 6 6 0 5 2 3 2 5 6 7 0 1 2 3 4 5 7 7 0 1 2 3 4 1 7 6 0 5 2 3 4 1 6 6 0 1 4 3 4
2 2 31 6 4 20
4 4 14 38 7 39 28 36 44 42
#c 0 5 2 3 4 1 6 6 0 5 2 3 2 5 6 7 0 1 2 3 4 5 7 7 0 1 2 3 4 1 7 6 0 5 2 3 4 1 6 6 0 1 4 3 4
1 1 30 1
3 4 15 23 22 13 21 9 33
#c 0 5 2 3 4 1 6 6 0 5 2 3 2 5 6 7 0 1 2 3 4 5 7 7 0 1 2 3 4 1 7 6 0 5 2 3 4 1 6 6 0 1 4 3 4
2 2 8 40 13 21
4 3 0 16 24 32 1 9 33
#c 0 5 2 3 4 1 6 6 0 5 2 3 2 5 6 7 0 1 2 3 4 5 7 7 0 1 2 3 4 1 7 6 0 5 2 3 4 1 6 6 0 1 4 3 4
#c 0 5 2 3 4 1 6 6 0 5 2 3 2 5 6 7 0 1 2 3 4 5 7 7 0 1 2 3 4 1 7 6 0 5 2 3 4 1 6 6 0 1 4 3 4
3 3 26 12 18 39 7 14
3 3 2 10 34 6 38 31
#c 0 5 2 3 4 1 6 6 0 5 2 3 2 5 6 7 0 1 2 3 4 5 7 7 0 1 2 3 4 1 7 6 0 5 2 3 4 1 6 6 0 1 4 3 4
2 2 35 43 10 2
4 4 3 11 19 27 18 26 34 12
#c 0 5 3 3 4 1 6 6 0 5 3 3 2 5 6 7 0 1 2 3 4 5 7 7 0 1 2 3 4 1 7 6 0 5 2 2 4 1 6 6 0 1 4 2 4
1 1 44 27
5 5 4 20 28 36 42 3 11 19 10 2
#c 0 5 3 3 4 1 6 6 0 5 3 3 2 5 6 7 0 1 2 3 4 5 7 7 0 1 2 4 4 1 7 6 0 5 2 2 4 1 6 6 0 1 4 2 3
2 2 13 1 3 19
3 4 21 9 33 11 10 2 44
#c 0 3 3 5 4 1 6 6 0 5 3 3 2 3 6 7 0 1 2 5 4 5 7 7 0 1 2 4 4 1 7 6 0 5 2 2 4 1 6 6 0 1 4 2 3
1 2 31 10 11
5 4 6 14 38 7 39 2 44 13 1
#c 0 3 3 5 4 1 6 6 0 5 3 3 2 3 6 7 0 1 2 5 4 5 7 7 0 1 2 4 4 1 7 6 0 5 2 2 4 1 6 6 0 1 4 2 3
2 2 15 23 0 32
2 4 30 22 8 16 24 40
#c 0 3 3 5 4 1 6 6 0 5 3 3 2 3 6 7 0 1 2 5 4 5 7 7 0 1 2 4 4 1 7 6 0 5 2 2 4 1 6 6 0 1 4 2 3
3 3 8 24 32 17 37 41
3 3 0 16 40 25 29 5
#c 0 3 3 5 4 1 6 6 0 5 3 3 2 3 6 7 0 1 2 5 4 5 7 7 0 1 2 4 4 1 7 6 0 5 2 2 4 1 6 6 0 1 4 2 3
2 2 25 17 3 19
4 3 41 29 37 5 21 9 33
#c 0 3 3 1 4 1 6 6 0 5 3 3 2 3 6 7 0 5 2 1 4 5 7 7 0 5 2 4 4 1 7 6 0 5 2 2 4 1 6 6 0 1 4 2 3
3 3 35 18 12 22 30 15
3 1 26 34 43 23
#c 0 3 3 1 4 1 6 6 0 5 3 3 2 3 6 7 0 5 2 1 4 5 7 7 0 5 2 4 4 1 7 6 0 5 2 2 4 1 6 6 0 1 4 2 3
3 3 13 2 44 14 31 38
3 3 11 10 1 6 7 39
#c 0 3 3 1 4 1 6 6 0 5 3 3 2 3 6 7 0 5 2 1 4 5 7 7 0 5 2 4 4 1 7 6 0 5 2 2 4 1 6 6 0 1 4 2 3
3 2 36 28 27 30 15
3 2 4 20 42 23 22
#c 0 3 3 1 4 1 6 6 0 5 3 3 2 3 6 7 0 5 2 1 4 5 7 7 0 5 2 4 4 1 7 6 0 5 2 2 4 1 6 6 0 1 4 2 3
2 2 25 9 16 8
3 4 21 33 17 0 24 32 40
#c 0 3 3 1 4 1 6 6 0 5 3 3 2 3 6 7 0 5 2 1 4 5 7 7 0 5 2 4 4 1 7 6 0 5 2 2 4 1 6 6 0 1 4 2 3
2 1 6 31 30
4 3 14 38 7 39 15 23 22
#c 0 3 3 1 4 1 6 6 0 5 3 3 2 3 6 7 0 5 2 1 4 5 7 7 0 5 2 4 4 1 7 6 0 5 2 2 4 1 6 6 0 1 4 2 3
2 2 23 15 37 41
2 4 30 22 29 5 3 19
#c 0 3 3 1 4 1 6 6 0 5 3 3 2 3 6 7 0 5 2 1 4 5 7 7 0 5 2 4 4 1 7 6 0 5 2 2 4 1 6 6 0 1 4 2 3
3 3 0 32 16 12 34 26
3 3 8 24 40 18 35 43
#c 2 3 3 1 4 1 6 6 0 5 3 3 0 3 6 7 2 5 2 1 4 5 7 7 0 5 0 4 4 1 7 6 2 5 0 2 4 1 6 6 0 1 4 2 3
#c 2 3 3 1 4 1 6 6 0 5 3 3 0 3 6 7 2 5 2 1 4 5 7 7 0 5 0 4 4 1 7 6 2 5 0 2 4 1 6 6 0 1 4 2 3
1 1 43 41
5 5 18 35 0 32 16 29 37 5 3 19
#c 2 3 3 1 4 1 6 6 0 5 3 3 0 3 6 7 2 5 2 1 4 5 7 7 0 5 0 4 4 1 7 6 2 5 0 2 4 1 6 6 0 1 4 2 3
1 1 13 20
5 5 11 10 2 44 1 4 28 36 42 27
#c 2 3 3 1 4 1 6 6 0 5 3 3 0 3 6 7 2 5 2 1 4 5 7 7 0 5 0 4 4 1 7 6 2 5 0 2 4 1 6 6 0 1 4 2 3
2 2 28 4 14 6
4 4 20 36 42 27 38 7 39 31
#c 2 3 3 1 4 1 6 6 0 5 3 3 0 3 6 7 2 5 2 1 4 5 7 7 0 5 0 4 4 1 7 6 2 5 0 2 4 1 6 6 0 1 4 2 3
2 2 25 9 29 3
3 4 21 33 17 41 37 5 19
#c 2 3 3 1 4 1 6 6 0 5 3 3 0 3 6 7 2 5 2 1 4 5 7 7 0 5 0 4 4 1 7 6 2 5 0 2 4 1 6 6 0 1 4 2 3
#c 2 3 3 1 4 1 6 6 0 5 3 3 0 3 6 7 2 5 2 1 4 5 7 7 0 5 0 4 4 1 7 6 2 5 0 2 4 1 6 6 0 1 4 2 3
2 1 23 22 42
2 5 15 30 4 20 28 36 27
#c 2 3 3 1 4 1 6 6 0 5 3 3 0 3 6 7 2 5 2 1 4 5 7 7 0 5 0 4 4 1 7 6 2 5 0 2 4 1 6 6 0 1 4 2 3
3 3 26 34 12 27 42 28
3 3 8 24 40 4 20 36
#c 2 3 3 1 4 1 6 6 0 5 3 3 0 3 6 7 2 5 2 1 4 5 7 7 0 5 0 4 4 1 7 6 2 5 0 2 4 1 6 6 0 1 4 2 3
#c 2 3 3 1 4 1 6 6 0 5 3 3 0 3 6 7 2 5 2 1 4 5 7 7 0 5 0 4 4 1 7 6 2 5 0 2 4 1 6 6 0 1 4 2 3
1 1 16 36
5 5 18 35 43 0 32 4 20 28 42 27
#c 2 3 3 1 4 1 6 6 0 5 3 3 0 3 6 7 4 5 2 1 4 5 7 7 0 5 0 4 4 1 7 6 2 5 0 2 2 1 6 6 0 1 4 2 3
3 3 13 1 10 19 41 3
3 3 11 2 44 29 37 5
#c 2 3 3 1 4 1 6 6 0 5 3 3 0 3 6 7 4 5 2 1 4 5 7 7 0 5 0 4 4 1 7 6 2 5 0 2 2 1 6 6 0 1 4 2 3
1 1 4 35
5 5 20 28 42 27 16 18 43 0 32 36
#c 2 3 3 1 4 1 6 6 0 5 3 3 0 3 6 7 4 5 2 1 4 5 7 7 0 5 0 4 4 1 7 6 2 5 0 2 2 1 6 6 0 1 4 2 3
2 2 25 21 42 27
3 4 9 33 17 4 20 28 16
#c 2 3 3 1 4 1 6 6 0 5 3 3 0 3 6 7 4 5 2 1 4 5 7 7 0 5 0 4 4 1 7 6 2 5 0 2 2 1 6 6 0 1 4 2 3
3 4 38 6 39 34 8 40 26
3 2 14 7 31 24 12
#c 2 3 3 1 4 1 6 6 0 5 3 3 0 3 6 7 4 5 2 1 4 5 7 7 0 5 0 4 4 1 7 6 2 5 0 2 2 1 6 6 0 1 4 2 3
1 1 15 38
3 5 23 30 22 6 14 7 39 31
#c 2 3 3 1 4 1 6 6 0 5 3 3 0 3 6 7 4 5 2 1 4 5 7 7 0 5 0 4 4 1 7 6 2 5 0 2 2 1 6 6 0 1 4 2 3
3 3 26 24 12 7 14 6
3 3 8 40 34 38 39 31
#c 2 3 3 1 4 1 6 6 0 5 3 3 0 3 6 7 4 5 2 1 4 5 7 7 0 5 0 4 4 1 7 6 2 5 0 2 2 1 6 6 0 1 4 2 3
1 1 5 39
5 5 41 29 37 3 19 6 14 38 7 31
#c 2 3 3 1 4 6 6 6 0 5 3 3 0 3 6 7 4 5 2 1 4 5 7 7 0 5 0 4 4 1 7 6 2 5 0 2 2 1 6 1 0 1 4 2 3
#c 2 3 3 1 4 6 6 6 0 5 3 3 0 3 6 7 4 5 2 1 4 5 7 7 0 5 0 4 4 1 7 6 2 5 0 2 2 1 6 1 0 1 4 2 3
1 1 10 42
5 5 11 2 44 13 1 4 20 28 27 16
#c 2 3 3 1 4 6 6 6 0 5 3 3 0 3 6 7 4 5 2 1 4 5 7 7 0 5 0 4 4 1 7 6 2 5 0 2 2 1 6 1 0 1 4 2 3
#c 2 3 3 1 4 6 6 6 0 5 3 3 0 3 6 7 4 5 2 1 4 5 7 7 0 5 0 4 4 1 7 6 2 5 0 2 2 1 6 1 0 1 4 2 3
2 2 17 9 26 8
3 4 21 33 25 24 40 12 34
#c 2 3 3 1 4 6 6 6 0 5 3 3 0 3 6 7 4 5 2 1 4 5 7 7 0 5 0 4 4 1 7 6 2 5 0 2 2 1 6 1 0 1 4 2 3
3 3 7 31 38 18 32 36
3 3 6 14 5 35 43 0
#c 2 3 3 1 4 6 6 6 0 5 3 3 0 3 6 7 4 5 2 1 4 5 7 7 0 5 0 4 4 1 7 6 2 5 0 2 2 1 6 1 0 1 4 2 3
#c 2 3 3 1 4 6 6 6 0 5 3 3 0 3 6 7 4 5 2 1 4 5 7 7 0 5 0 4 4 1 7 6 2 5 0 2 2 1 6 1 0 1 4 2 3
3 5 12 8 40 43 36 18 32 0
3 1 24 34 26 35
#c 0 3 3 1 4 6 6 6 2 5 3 3 2 3 6 7 4 5 0 1 4 5 7 7 0 5 0 4 4 1 7 6 0 5 0 2 0 1 6 1 2 1 4 0 3
3 3 39 37 29 20 42 16
3 3 41 3 19 4 28 27
#c 0 3 3 1 4 6 6 6 2 5 3 3 2 3 6 7 4 5 0 1 4 5 7 7 0 5 0 4 4 1 7 6 0 5 0 2 0 1 6 1 2 1 4 0 3
1 2 35 29 39
3 4 12 8 40 41 37 3 19
#c 0 3 3 1 4 6 6 6 2 5 3 3 2 3 6 7 4 5 0 1 4 5 7 7 0 5 0 4 4 1 7 6 0 5 0 2 0 1 6 1 2 1 4 0 3
2 2 1 10 38 7
4 4 11 2 44 13 6 14 31 5
#c 0 6 3 1 4 6 6 3 2 5 6 3 2 3 6 7 4 5 0 1 4 5 7 7 0 5 0 4 4 1 7 6 0 5 0 2 0 1 3 1 2 1 4 0 3
3 3 28 27 20 40 8 12
3 1 4 42 16 35
#c 0 6 3 1 4 6 6 3 2 5 6 3 2 3 6 7 4 5 0 1 4 5 7 7 0 5 0 4 4 1 7 6 0 5 0 2 0 1 3 1 2 1 4 0 3
1 1 21 43
4 7 9 33 25 17 24 34 26 36 18 32 0
#c 0 6 3 1 4 6 6 3 2 5 6 3 2 3 6 7 4 5 0 1 4 5 7 7 0 5 0 4 4 1 7 6 0 5 0 2 0 1 3 1 2 1 4 0 3
1 2 10 9 25
5 3 6 14 31 5 1 21 33 17
#c 0 6 3 1 4 6 6 3 2 5 6 3 2 3 6 7 4 5 0 1 4 5 7 7 0 5 0 4 4 1 7 6 0 5 0 2 0 1 3 1 2 1 4 0 3
1 1 23 31
3 5 15 30 22 6 14 5 1 10
#c 0 6 3 1 4 6 6 3 2 5 6 3 2 3 6 7 4 5 0 1 4 5 7 7 0 5 0 4 4 1 7 6 0 5 0 2 0 1 3 1 2 1 4 0 3
1 1 0 39
7 5 24 34 26 43 36 18 32 41 29 37 3 19
#c 1 6 3 1 4 6 6 3 2 5 6 3 2 3 6 7 4 5 0 1 4 5 7 7 0 5 0 4 4 1 7 6 0 5 0 2 0 1 3 0 2 1 4 0 3
2 2 3 29 23 15
4 2 41 37 19 0 30 22
#c 1 6 3 1 4 6 6 3 2 5 6 3 2 3 6 7 4 5 0 1 4 5 7 7 0 5 0 4 4 1 7 6 0 5 0 2 0 1 3 0 2 1 4 0 3
2 2 35 8 36 26
2 6 12 40 24 34 43 18 32 39
#c 1 6 3 1 4 6 6 3 0 5 6 3 2 3 6 7 4 5 0 1 4 5 7 7 0 5 2 4 4 1 7 6 0 5 0 0 2 1 3 0 2 1 4 0 3
3 3 2 13 38 3 41 37
3 3 11 44 7 29 19 0
#c 1 6 3 1 4 6 6 3 0 5 6 3 2 3 6 7 4 5 0 1 4 5 7 7 0 5 2 4 4 1 7 6 0 5 0 0 2 1 3 0 2 1 4 0 3
1 1 27 31
5 5 4 20 28 42 16 6 14 5 1 10
#c 1 6 3 1 4 6 6 3 0 5 6 3 2 3 6 7 4 5 0 1 4 5 7 7 0 5 2 4 4 1 7 6 0 5 0 0 2 1 3 0 2 1 4 0 3
1 1 17 40
4 3 21 9 33 25 12 36 26
#c 1 6 3 1 4 6 6 3 0 5 6 3 2 3 6 7 4 5 0 1 4 5 7 7 0 5 2 4 4 1 7 6 0 5 0 0 2 1 3 0 2 1 4 0 3
3 3 1 10 31 43 32 35
3 5 6 14 5 24 34 18 39 8
#c 1 6 3 1 4 6 6 3 0 5 6 3 2 3 6 7 4 5 0 1 4 5 7 7 0 5 2 4 4 1 7 6 0 5 0 0 2 1 3 0 2 1 4 0 3
1 1 30 4
3 5 15 23 22 20 28 42 27 16
#c 1 6 3 1 4 6 6 3 0 5 6 3 2 3 6 7 4 5 0 1 4 5 7 7 0 5 2 4 4 1 7 6 0 5 0 0 2 1 3 0 2 1 4 0 3
#c 1 6 3 1 4 6 6 3 0 5 6 3 2 3 6 7 4 5 0 1 4 5 7 7 0 5 2 4 4 1 7 6 0 5 0 0 2 1 3 0 2 1 4 0 3
2 2 19 37 30 23
4 2 41 29 3 0 15 22
#c 1 6 3 1 4 6 6 3 0 5 6 3 2 3 6 7 4 5 0 1 4 5 7 7 0 5 2 4 4 1 7 6 0 5 0 0 2 1 3 0 2 1 4 0 3
1 1 26 11
3 5 12 40 36 2 44 13 38 7
#c 1 6 3 1 4 6 6 3 0 5 6 2 2 3 6 7 4 5 0 1 4 5 7 7 0 5 3 4 4 1 7 6 0 5 0 0 2 1 3 0 2 1 4 0 3
2 2 2 13 36 11
4 2 44 38 7 26 12 40
#c 1 6 3 1 4 6 6 3 0 5 6 2 2 3 6 7 4 5 0 1 4 5 7 7 0 5 3 4 4 1 7 6 0 5 0 0 2 1 3 0 2 1 4 0 3
3 3 42 4 28 23 15 22
3 1 20 27 16 30
#c 1 6 3 1 4 6 6 3 0 5 6 2 2 3 6 7 4 5 0 1 4 5 7 7 0 5 3 4 4 1 7 6 0 5 0 0 2 1 3 0 2 1 4 0 3
2 2 25 17 11 36
3 2 21 9 33 12 40
#c 1 6 3 1 4 6 6 3 0 5 6 5 2 3 6 7 4 2 0 1 4 5 7 7 0 2 3 4 4 1 7 6 0 5 0 0 5 1 3 0 2 1 4 0 3
#c 1 6 3 1 4 6 6 3 0 5 6 5 2 3 6 7 4 2 0 1 4 5 7 7 0 2 3 4 4 1 7 6 0 5 0 0 5 1 3 0 2 1 4 0 3
2 2 23 15 20 42
2 4 30 22 4 28 27 16
#c 1 6 3 1 4 6 6 3 0 5 6 5 2 3 6 7 4 2 0 1 4 5 7 7 0 2 3 4 4 1 7 6 0 5 0 0 5 1 3 0 2 1 4 0 3
4 4 35 8 18 32 42 28 20 16
4 2 24 34 43 39 4 27
#c 1 6 3 1 4 6 6 3 4 5 6 5 2 3 6 7 0 2 4 1 0 5 7 7 0 2 3 4 0 1 7 6 4 5 0 4 5 1 3 0 2 1 0 0 3
1 1 41 28
5 7 29 37 3 19 0 24 34 43 39 42 20 16
#c 1 6 3 1 4 6 6 3 4 5 6 5 2 3 6 7 0 2 4 1 0 5 7 7 0 2 3 4 0 1 7 6 4 5 0 4 5 1 3 0 2 1 0 0 3
1 1 25 32
3 5 12 40 17 4 27 35 8 18
#c 1 6 3 1 4 6 6 3 4 5 6 5 2 3 6 7 0 2 4 1 0 5 7 7 0 2 3 4 0 1 7 6 4 5 0 4 5 1 3 0 2 1 0 0 3
3 3 13 7 38 17 40 25
3 1 2 44 26 12
#c 1 6 3 1 4 6 6 3 4 5 6 5 2 3 6 7 0 2 4 1 0 5 7 7 0 2 3 4 0 1 7 6 4 5 0 4 5 1 3 0 2 1 0 0 3
2 2 4 8 12 17
4 2 27 35 18 32 40 25
#c 1 6 3 1 4 6 6 3 4 5 6 5 2 3 6 7 0 2 4 1 0 5 7 7 0 2 3 4 0 1 7 6 4 5 0 4 5 1 3 0 2 1 0 0 3
2 3 9 11 7 26 13
3 3 21 33 36 2 44 38
#c 1 6 3 1 4 6 6 3 4 5 6 5 2 3 6 7 0 2 4 1 0 5 7 7 0 2 3 4 0 1 7 6 4 5 0 4 5 1 3 0 2 1 0 0 3
3 3 14 5 10 22 23 30
3 1 6 31 1 15
#c 1 6 3 1 4 6 6 3 4 5 6 5 2 3 6 7 0 2 4 1 0 5 7 7 0 2 3 4 0 1 7 6 4 5 0 4 5 1 3 0 2 1 0 0 3
1 1 15 42
3 7 23 30 22 24 34 43 39 28 20 16
#c 1 6 3 1 4 6 6 3 4 5 6 5 2 3 6 7 0 2 4 1 0 5 7 7 0 2 3 4 0 1 7 6 4 5 0 4 5 1 3 0 2 1 0 0 3
#c 1 6 3 1 4 6 6 3 4 5 6 5 2 3 6 7 0 2 4 1 0 5 7 7 0 2 3 4 0 1 7 6 4 5 0 4 5 1 3 0 2 1 0 0 3
2 2 29 41 11 9
4 3 37 3 19 0 21 33 36
#c 1 6 3 1 4 6 6 3 4 5 6 5 2 3 6 7 0 2 4 1 0 5 7 7 0 2 3 4 0 1 7 6 4 5 0 4 5 1 3 0 2 1 0 0 3
1 3 40 20 34 43
3 5 12 25 17 24 39 42 28 16
#c 1 6 3 1 4 6 6 3 4 5 6 5 2 3 6 7 0 2 4 1 0 5 7 7 0 2 3 4 0 1 7 6 4 5 0 4 5 1 3 0 2 1 0 0 3
2 3 7 13 6 1 31
4 3 2 44 38 26 14 5 10
#c 1 6 3 1 4 6 6 3 4 5 6 5 2 3 6 7 0 2 4 1 0 5 7 7 0 2 3 4 0 1 7 6 4 5 0 4 5 1 3 0 2 1 0 0 3
3 3 18 27 35 37 0 29
3 3 4 8 32 41 3 19
#c 1 6 3 1 4 6 6 3 4 5 6 5 2 3 6 7 0 2 4 1 0 5 7 7 0 2 3 4 0 1 7 6 4 5 0 4 5 1 3 0 2 1 0 0 3
#c 1 6 3 1 4 6 6 3 4 5 6 5 2 3 6 7 0 2 4 1 0 5 7 7 0 2 3 4 0 1 7 6 4 5 0 4 5 1 3 0 2 1 0 0 3
2 2 31 6 33 21
4 3 14 5 1 10 9 11 36
#c 1 6 3 1 4 6 6 3 4 5 6 5 2 3 6 7 0 2 4 1 0 5 7 7 0 2 3 4 0 1 7 6 4 5 0 4 5 1 3 0 2 1 0 0 3
1 1 15 3
3 5 23 30 22 41 29 37 19 0
#c 1 6 3 1 4 6 6 3 4 5 6 5 2 3 6 7 0 2 4 1 0 5 7 7 0 2 3 4 0 1 7 6 4 5 0 4 5 1 3 0 2 1 0 0 3
1 2 42 27 8
7 4 24 34 43 39 28 20 16 4 35 18 32
#c 1 6 3 1 4 6 6 3 4 5 6 5 2 3 6 7 0 2 4 1 0 5 7 7 0 2 3 4 0 1 7 6 4 5 0 4 5 1 3 0 2 1 0 0 3
2 2 41 37 35 8
4 4 29 3 19 0 4 27 18 32
#c 1 6 3 1 4 6 6 3 4 5 6 5 2 3 6 7 0 2 4 1 0 5 7 7 0 2 3 4 0 1 7 6 4 5 0 4 5 1 3 0 2 1 0 0 3
1 1 12 35
3 5 40 25 17 4 27 8 18 32
#c 1 6 3 1 4 6 6 3 4 5 6 5 2 3 6 7 0 2 4 1 0 5 7 7 0 2 3 4 0 1 7 6 4 5 0 4 5 1 3 0 2 1 0 0 3
1 1 7 9
5 4 2 44 13 38 26 21 33 11 36
#c 1 6 3 1 4 6 6 3 4 5 6 5 2 3 6 7 0 2 4 1 0 5 7 7 0 2 3 4 0 1 7 6 4 5 0 4 5 1 3 0 2 1 0 0 3
1 1 8 12
5 3 4 27 35 18 32 40 25 17
#c 1 6 3 1 4 6 6 3 2 5 6 5 4 3 6 7 0 2 4 1 0 5 7 7 0 2 3 4 0 1 7 6 4 5 0 4 5 1 3 0 2 1 0 0 3
2 2 36 33 22 30
3 2 21 9 11 15 23
#c 1 6 3 1 4 6 6 3 2 5 6 5 4 3 6 7 0 2 4 1 0 5 5 7 0 2 3 4 0 1 5 6 4 7 0 4 7 1 3 0 2 1 0 0 3
2 2 1 6 24 20
4 6 14 31 5 10 34 43 39 42 28 16
#c 1 6 3 1 4 6 6 3 2 5 6 5 4 3 6 7 0 2 4 1 0 5 5 7 0 2 3 4 0 1 5 6 4 7 0 4 7 1 3 0 2 1 0 0 3
1 2 33 0 29
3 4 15 23 36 41 37 3 19
#c 1 6 3 1 4 6 6 3 2 5 6 5 4 3 6 7 0 2 4 1 0 5 5 7 0 2 3 4 0 1 5 6 4 7 0 4 7 1 3 0 2 1 0 0 3
#c 1 6 3 1 4 6 6 3 2 5 6 5 4 3 6 7 0 2 4 1 0 5 5 7 0 2 3 4 0 1 5 6 4 7 0 4 7 1 3 0 2 1 0 0 3
1 1 19 17
5 3 41 29 37 3 0 40 25 8
#c 1 6 3 1 4 6 6 3 2 5 6 5 4 3 6 7 0 2 4 1 0 5 5 7 0 2 3 4 0 1 5 6 4 7 0 4 7 1 3 0 2 1 0 0 3
1 1 8 30
3 4 40 25 17 21 9 11 22
#c 1 6 3 1 4 6 6 3 2 5 6 5 4 3 6 7 0 2 4 1 0 5 5 7 0 2 3 4 0 1 5 6 4 7 0 4 7 1 3 0 2 1 0 0 3
1 1 2 33
5 3 44 13 38 7 26 15 23 36
#c 1 6 3 1 4 6 6 3 2 5 6 5 4 3 6 7 0 2 4 1 0 5 5 7 0 2 3 4 0 1 5 6 4 7 0 4 7 1 3 0 2 1 0 0 3
1 1 12 43
5 7 4 27 35 18 32 24 34 39 42 28 20 16
#c 1 6 3 1 4 6 6 3 2 5 6 5 4 3 6 7 0 2 4 1 0 5 5 7 0 2 3 4 0 1 5 6 4 7 0 4 7 1 3 0 2 1 0 0 3
2 1 30 9 8
3 3 21 11 22 40 25 17
#c 1 6 3 1 4 6 6 3 2 5 6 5 4 3 6 7 0 2 4 1 0 5 5 7 0 2 3 4 0 1 5 6 4 7 0 4 7 1 3 0 2 1 0 0 3
2 1 5 6 23
4 3 14 31 1 10 15 36 33
#c 1 6 3 1 4 7 7 3 2 5 6 5 4 3 6 7 0 2 4 1 0 5 5 6 0 2 3 4 0 1 5 6 4 7 0 4 7 1 3 0 2 1 0 0 3
2 2 5 33 22 11
3 3 15 36 6 21 9 30
#c 1 6 3 1 4 7 7 3 2 5 6 5 4 3 6 7 0 2 4 1 0 5 5 6 0 2 3 4 0 1 5 6 4 7 0 4 7 1 3 0 2 1 0 0 3
#c 1 6 3 1 4 7 7 3 2 5 6 5 4 3 6 7 0 2 4 1 0 5 5 6 0 2 3 4 0 1 5 6 4 7 0 4 7 1 3 0 2 1 0 0 3
2 2 19 41 27 32
4 4 29 37 3 0 4 35 18 12
#c 1 6 3 1 4 7 7 3 2 5 6 5 4 3 6 7 0 2 4 1 0 5 5 6 0 2 3 4 0 1 5 6 4 7 0 4 7 1 3 0 2 1 0 0 3
1 2 17 44 26
3 4 40 25 8 2 13 38 7
#c 1 6 3 1 4 7 7 3 2 5 6 5 4 3 6 7 0 2 4 1 0 5 5 6 0 2 3 4 0 1 5 6 4 7 0 4 7 1 3 0 2 1 0 0 3
2 3 13 7 8 17 25
4 1 2 44 38 26 40
#c 1 6 3 1 4 7 7 3 2 5 6 5 4 3 6 7 0 2 4 1 0 5 5 6 0 2 3 4 0 1 5 6 4 7 0 4 7 1 3 0 2 1 0 0 3
2 2 27 18 31 1
4 3 4 35 32 12 14 10 23
#c 1 6 3 1 4 7 7 3 2 5 6 5 4 3 6 7 0 2 4 1 0 5 5 6 0 2 3 4 0 1 5 6 4 7 0 4 7 1 3 0 2 1 0 0 3
1 1 30 31
4 4 21 9 11 22 14 1 10 23
#c 1 6 3 1 4 7 7 3 2 5 6 5 4 3 6 7 0 2 4 1 0 5 5 6 0 2 3 4 0 1 5 6 4 7 0 4 7 1 3 0 2 1 0 0 3
1 1 1 17
4 3 14 31 10 23 40 25 8
#c 1 6 3 1 4 7 7 3 2 5 6 5 4 3 6 7 0 2 4 1 0 5 5 6 0 2 3 4 0 1 5 6 4 7 0 4 7 1 3 0 2 1 0 0 3
1 1 6 17
4 3 15 36 33 5 40 25 8
#c 1 6 3 1 4 7 7 3 2 5 6 5 4 3 6 7 0 2 4 1 0 5 5 6 0 2 3 4 0 1 5 6 4 7 0 4 7 1 3 0 2 1 0 0 3
2 2 24 28 5 6
6 3 34 43 39 42 20 16 15 36 33
#c 1 6 3 1 4 7 7 3 2 5 6 5 4 3 6 7 0 2 4 1 0 5 5 6 0 2 3 4 0 1 5 6 4 7 0 4 7 1 3 0 2 1 0 0 3
3 3 19 29 0 1 14 31
3 2 41 37 3 10 23
#c 6 1 3 1 4 7 7 3 2 5 6 5 4 3 1 7 0 2 4 6 0 5 5 6 0 2 3 4 0 6 5 1 4 7 0 4 7 1 3 0 2 1 0 0 3
2 3 17 25 29 0 23
2 2 40 8 10 19
#c 6 1 3 1 4 7 7 3 2 5 6 5 4 3 1 7 0 2 4 6 0 5 5 6 0 2 3 4 0 6 5 1 4 7 0 4 7 1 3 0 2 1 0 0 3
1 1 26 3
5 5 2 44 13 38 7 41 37 1 14 31
#c 6 1 3 1 4 7 7 3 2 5 6 5 4 3 1 7 0 2 4 6 0 5 5 6 0 2 3 4 0 6 5 1 4 7 0 4 7 1 3 0 2 1 0 0 3
2 2 35 18 19 29
4 3 4 27 32 12 10 23 0
#c 6 1 3 1 4 7 7 3 2 5 6 5 4 3 1 7 0 2 6 4 0 5 5 6 0 2 3 4 0 4 5 1 4 7 0 6 7 1 3 0 2 1 0 0 3
2 2 21 9 33 6
3 3 11 22 30 15 36 5
#c 6 1 3 1 4 7 7 3 2 5 6 5 4 3 1 7 0 2 6 4 0 5 5 6 0 2 3 4 0 4 5 1 4 7 0 6 7 1 3 0 2 1 0 0 3
#c 6 1 3 1 4 7 7 3 2 5 6 5 4 3 1 7 0 2 6 4 0 5 5 6 0 2 3 4 0 4 5 1 4 7 0 6 7 1 3 0 2 1 0 0 3
1 2 36 8 40
4 2 15 33 5 6 25 17
#c 6 1 3 1 4 7 7 3 2 5 6 5 4 3 1 7 0 2 6 4 0 5 5 6 0 2 3 4 0 4 5 1 4 7 0 6 7 1 3 0 2 1 0 0 3
1 1 20 5
7 4 24 34 43 39 42 28 16 15 36 33 6
#c 6 1 3 1 4 0 7 3 2 5 6 5 4 3 1 7 0 2 6 4 7 5 5 6 0 2 3 4 0 4 5 1 4 7 0 6 7 1 3 0 2 1 0 0 3
3 3 3 14 37 27 29 32
3 3 41 1 31 4 12 19
#c 6 1 3 1 4 0 7 3 2 5 6 5 4 3 1 7 0 2 6 4 7 5 5 6 0 2 3 4 0 4 5 1 4 7 0 6 7 1 3 0 2 1 0 0 3
1 1 8 44
3 5 40 25 17 2 13 38 7 26
#c 6 1 3 1 4 0 7 3 2 5 6 5 4 3 1 7 0 2 6 4 7 5 5 6 0 2 3 4 0 4 5 1 4 7 0 6 7 1 3 0 2 1 0 0 3
1 1 26 4
5 5 2 44 13 38 7 27 32 12 19 29
#c 6 1 3 1 4 0 7 3 2 5 6 5 4 3 1 7 0 2 6 4 7 5 5 6 0 2 3 4 0 4 5 1 4 7 0 6 7 1 3 0 2 1 0 0 3
#c 6 1 3 1 4 0 7 3 2 5 6 5 4 3 1 7 0 2 6 4 7 5 5 6 0 2 3 4 0 4 5 1 4 7 0 6 7 1 3 0 2 1 0 0 3
1 1 9 8
4 3 21 11 22 30 40 25 17
#c 6 1 3 1 4 0 7 3 2 5 6 5 4 3 1 7 0 2 6 4 7 5 5 6 0 2 3 4 0 4 5 1 4 7 0 6 7 1 3 0 2 1 0 0 3
1 1 35 26
4 5 10 23 0 18 2 44 13 38 7
#c 6 1 3 1 4 0 7 3 2 5 6 5 4 3 1 7 0 2 6 4 7 5 5 6 0 2 6 4 0 4 5 1 4 7 0 3 7 1 3 0 2 1 0 0 3
1 2 36 43 24
4 6 15 33 6 20 34 39 42 28 16 5
#c 6 1 3 1 4 0 7 3 2 5 6 5 4 3 1 7 0 2 6 4 7 5 5 6 0 2 6 4 0 4 5 1 4 7 0 3 7 1 3 0 2 1 0 0 3
2 2 42 43 41 1
6 4 24 34 39 28 16 5 37 3 14 31
#c 6 1 3 1 4 0 7 3 2 5 6 5 4 3 1 7 0 2 6 4 7 5 5 6 0 2 6 4 0 4 5 1 4 7 0 3 7 1 3 0 2 1 0 0 3
#c 6 1 3 1 4 0 7 3 2 5 6 5 4 3 1 7 0 2 6 4 7 5 5 6 0 2 6 4 0 4 5 1 4 7 0 3 7 1 3 0 2 1 0 0 3
1 1 25 34
3 7 40 17 8 24 43 39 42 28 16 5
#c 6 1 3 1 4 0 7 3 2 5 6 5 4 3 1 7 0 2 6 4 7 5 5 6 0 2 6 4 0 4 5 1 4 7 0 3 7 1 3 0 2 1 0 0 3
#c 6 1 3 1 4 0 7 3 2 5 6 5 4 3 1 7 0 2 6 4 7 5 5 6 0 2 6 4 0 4 5 1 4 7 0 3 7 1 3 0 2 1 0 0 3
1 1 19 14
5 5 4 27 32 12 29 41 37 3 1 31
#c 6 1 3 1 4 0 7 3 2 5 6 5 4 3 1 7 0 2 6 4 7 5 5 6 0 2 6 4 0 4 5 1 4 7 0 3 7 1 3 0 2 1 0 0 3
2 1 9 30 29
3 5 21 11 22 4 27 32 12 19
#c 6 1 3 1 4 0 7 3 2 5 6 5 4 3 1 7 0 2 6 4 7 5 5 6 0 2 6 4 0 4 5 1 4 7 0 3 7 1 3 0 2 1 0 0 3
2 2 26 23 16 28
3 6 10 0 18 24 34 43 39 42 5
#c 6 1 3 1 4 0 7 3 2 5 6 5 4 3 1 7 0 2 6 4 7 5 5 6 0 2 6 4 0 4 5 1 4 7 0 3 7 1 3 0 2 1 0 0 3
#c 6 1 3 1 4 0 7 3 2 5 6 5 4 3 1 7 0 2 6 4 7 5 5 6 0 2 6 4 0 4 5 1 4 7 0 3 7 1 3 0 2 1 0 0 3
#c 6 1 3 1 4 0 7 3 2 5 6 5 4 3 1 7 0 2 6 4 7 5 5 6 0 2 6 4 0 4 5 1 4 7 0 3 7 1 3 0 2 1 0 0 3
2 2 41 1 18 0
4 3 37 3 14 31 10 23 26
#c 6 1 3 1 4 0 7 3 2 5 6 5 4 3 1 7 0 2 6 4 7 5 5 6 0 2 6 4 0 4 5 1 4 7 0 3 7 1 3 0 2 1 0 0 3
2 3 40 17 20 36 33
2 2 25 8 15 6
#c 6 1 3 1 4 0 7 3 2 5 6 5 4 3 1 7 0 2 6 4 7 5 5 6 0 2 6 4 0 4 5 1 4 7 0 3 7 1 3 0 2 1 0 0 3
2 2 38 44 25 17
4 2 2 13 7 35 40 8
#c 6 1 3 1 4 0 7 3 2 5 6 5 4 3 1 7 0 2 6 4 7 5 5 6 0 2 6 4 0 4 5 1 4 7 0 3 7 1 3 0 2 1 0 0 3
#c 6 1 3 1 4 0 7 3 2 5 6 5 4 3 1 7 0 2 6 4 7 5 5 6 0 2 6 4 0 4 5 1 4 7 0 3 7 1 3 0 2 1 0 0 3
2 2 21 30 5 24
3 6 9 11 22 34 43 39 42 28 16
#c 6 1 3 1 4 0 7 3 2 5 6 5 4 3 1 7 0 2 6 4 7 5 5 6 0 2 6 4 0 4 5 1 4 7 0 3 7 1 3 0 2 1 0 0 3
1 1 10 9
4 4 23 0 18 26 21 11 22 30
#c 6 1 3 1 4 0 7 3 2 5 6 5 4 3 1 7 0 2 6 4 7 5 5 6 0 2 6 4 0 4 5 1 4 7 0 3 7 1 3 0 2 1 0 0 3
2 3 15 6 26 23 10
3 2 36 33 20 0 18
#c 6 1 3 1 4 0 7 3 2 5 6 5 4 3 1 7 0 2 6 4 7 5 5 6 0 2 6 4 0 4 5 1 4 7 0 3 7 1 3 0 2 1 0 0 3
4 5 16 39 5 34 35 13 38 2 7
4 1 24 43 42 28 44
#c 6 1 3 1 4 0 7 3 2 5 6 5 4 3 1 7 0 2 6 4 7 5 5 6 0 2 6 4 0 4 5 1 4 7 0 3 7 1 3 0 2 1 0 0 3
3 3 14 41 31 40 17 25
3 1 37 3 1 8
#c 6 1 3 1 4 0 7 3 2 5 6 5 4 3 1 7 0 2 6 4 7 5 5 6 0 2 6 4 0 4 5 1 4 7 0 3 7 1 3 0 2 1 0 0 3
1 1 8 43
3 7 40 25 17 24 34 39 42 28 16 5
#c 6 1 3 1 4 0 7 3 2 5 6 5 4 3 1 7 0 2 6 4 7 5 5 6 0 2 6 4 0 4 5 1 4 7 0 3 7 1 3 0 2 1 0 0 3
3 3 35 2 13 40 25 8
3 1 44 38 7 17
#c 6 1 3 1 4 0 7 3 2 5 6 5 4 3 1 7 0 2 6 4 7 5 5 6 0 2 6 4 0 4 5 1 4 7 0 3 7 1 3 0 2 1 0 0 3
3 3 4 32 29 30 21 9
3 2 27 12 19 11 22
#c 6 1 3 1 4 0 7 3 2 5 6 5 4 3 1 7 0 2 6 4 7 5 5 6 0 2 6 4 0 4 5 1 4 7 0 3 7 1 3 0 2 1 0 0 3
2 2 9 22 23 10
3 3 21 11 30 0 18 26
#c 6 1 3 1 4 0 7 3 2 5 6 5 4 3 1 7 0 2 6 4 7 5 5 6 0 2 6 4 0 4 5 1 4 7 0 3 7 1 3 0 2 1 0 0 3
2 3 23 0 29 32 4
3 3 10 18 26 27 12 19
#c 6 1 3 1 4 0 7 3 2 5 6 5 4 3 1 7 0 2 6 4 7 5 5 6 0 2 6 4 0 4 5 1 4 7 0 3 7 1 3 0 2 1 0 0 3
#c 6 1 3 1 4 0 7 3 2 5 6 5 4 3 1 7 0 2 6 4 7 5 5 6 0 2 6 4 0 4 5 1 4 7 0 3 7 1 3 0 2 1 0 0 3
2 2 34 43 25 40
6 2 24 39 42 28 16 5 17 8
#c 6 1 3 1 4 0 7 3 2 5 6 5 4 3 1 7 0 2 6 4 7 5 5 6 0 2 6 4 0 4 5 1 4 7 0 3 7 1 3 0 2 1 0 0 3
2 2 41 1 39 42
4 6 37 3 14 31 24 34 43 28 16 5
#c 6 1 3 1 4 0 7 3 2 5 6 5 4 3 1 7 0 2 6 4 7 5 5 6 0 2 6 4 0 4 5 1 4 7 0 3 7 1 3 0 2 1 0 0 3
2 1 40 25 6
2 4 17 8 15 36 33 20
#c 6 1 3 1 4 0 7 3 2 5 6 5 4 3 1 7 0 2 6 4 7 5 5 6 0 2 6 4 0 4 5 1 4 7 0 3 7 1 3 0 2 1 0 0 3
3 2 38 2 44 25 8
3 2 13 7 35 40 17
#c 6 1 3 1 4 0 7 3 2 5 6 5 4 3 1 7 0 2 6 4 7 5 5 6 0 2 6 4 0 4 5 1 4 7 0 3 7 1 3 0 2 1 0 0 3
2 2 27 32 8 40
4 2 4 12 19 29 25 17
#c 6 1 3 1 4 0 7 3 2 5 6 5 4 3 1 7 0 2 6 4 7 5 5 6 0 2 6 4 0 4 5 1 4 7 0 3 7 1 3 0 2 1 0 0 3
1 1 11 31
4 5 21 9 22 30 41 37 3 1 14
#c 6 1 3 1 4 0 7 3 2 5 6 5 4 3 1 7 0 2 6 4 7 5 5 6 0 2 6 4 0 4 5 1 4 7 0 3 7 1 3 0 2 1 0 0 3
2 2 0 26 24 39
3 6 10 23 18 34 43 42 28 16 5
#c 6 1 3 1 4 0 7 3 2 5 6 5 4 3 1 7 0 2 6 4 7 5 5 6 0 2 6 4 0 4 5 1 4 7 0 3 7 1 3 0 2 1 0 0 3
1 1 20 2
4 5 15 36 33 6 44 13 38 7 35
#c 6 1 3 1 4 0 7 3 2 5 6 5 4 3 1 7 0 2 6 4 7 5 5 6 0 2 6 4 0 4 5 1 4 7 0 3 7 1 3 0 2 1 0 0 3
3 1 16 28 42 6
5 4 24 34 43 39 5 15 36 33 20
#c 6 1 3 1 4 0 7 3 2 5 6 5 4 3 1 7 0 2 6 4 7 5 5 6 0 2 6 4 0 4 5 1 4 7 0 3 7 1 3 0 2 1 0 0 3
2 2 1 31 23 26
4 3 41 37 3 14 10 0 18
#c 6 1 3 1 4 0 7 3 2 5 6 5 4 3 1 7 0 2 6 4 7 5 5 6 0 2 6 4 0 4 5 1 4 7 0 3 7 1 3 0 2 1 0 0 3
1 1 25 29
3 5 40 17 8 4 27 32 12 19
#c 6 1 3 1 4 0 7 3 2 5 6 5 4 3 1 7 0 2 6 4 7 5 5 6 0 4 6 4 0 2 5 1 4 7 0 3 7 1 3 0 2 1 0 0 3
3 3 7 2 38 30 9 11
3 2 44 13 35 21 22
#c 6 1 3 1 4 0 7 3 2 5 6 5 4 3 1 7 0 2 6 4 7 5 5 6 0 4 6 4 0 2 5 1 4 7 0 3 7 1 3 0 2 1 0 0 3
1 1 25 9
5 4 4 27 32 12 19 21 11 22 30
#c 6 1 3 1 4 0 7 3 2 5 6 5 4 3 1 7 0 2 6 4 7 5 5 6 0 4 6 4 0 2 5 1 4 7 0 3 7 1 3 0 2 1 0 0 3
#c 6 1 3 1 4 0 7 3 2 5 6 5 4 3 1 7 0 2 6 4 7 5 5 6 0 4 6 4 0 2 5 1 4 7 0 3 7 1 3 0 2 1 0 0 3
1 2 10 37 41
4 4 23 0 18 26 3 1 14 31
#c 6 1 3 1 4 0 7 3 2 5 6 5 4 3 1 7 0 2 6 4 7 5 5 6 0 4 6 4 0 2 5 1 4 7 0 3 7 1 3 0 2 1 0 0 3
1 1 6 4
4 5 15 36 33 20 27 32 12 19 25
#c 6 1 3 1 4 0 7 3 2 5 6 5 4 3 1 7 0 2 6 4 7 5 5 6 0 4 6 4 0 2 5 1 4 7 0 3 7 1 3 0 2 1 0 0 3
2 2 28 5 20 6
6 3 24 34 43 39 42 16 15 36 33
#c 6 1 3 1 4 0 7 3 2 5 6 5 4 3 1 7 0 2 6 4 7 5 5 6 0 4 6 4 0 2 5 1 4 7 0 3 7 1 3 0 2 1 0 0 3
3 3 14 1 3 20 6 33
3 2 41 37 31 15 36
#c 6 1 3 1 4 0 7 3 2 5 6 5 4 3 1 7 0 2 6 4 7 5 5 6 0 4 6 4 0 2 5 1 4 7 0 3 7 1 3 0 2 1 0 0 3
2 2 17 8 12 4
2 4 40 29 27 32 19 25
#c 6 1 3 1 4 0 7 3 2 5 6 5 4 3 1 7 0 2 6 4 7 5 5 6 0 4 6 4 0 2 5 1 4 7 0 3 7 1 3 0 2 1 0 0 3
5 5 2 13 38 7 35 4 32 12 19 25
#c 6 1 3 1 4 0 7 3 2 5 6 5 4 3 1 7 0 2 6 4 7 5 5 6 0 4 6 4 0 2 5 1 4 7 0 3 7 1 3 0 2 1 0 0 3
1 1 32 11
5 4 4 27 12 19 25 21 9 22 30
#c 6 1 3 1 4 0 7 3 2 5 6 5 4 3 1 7 0 2 6 4 7 5 5 6 0 4 6 4 0 2 5 1 4 7 0 3 7 1 3 0 2 1 0 0 3
1 1 30 7
4 5 21 9 11 22 2 44 13 38 35
#c 6 1 3 1 4 0 7 3 2 5 6 5 4 3 1 7 0 2 6 4 7 5 5 6 0 4 6 4 0 2 5 1 4 7 0 3 7 1 3 0 2 1 0 0 3
2 2 23 26 16 5
3 6 10 0 18 24 34 43 39 42 28
#c 6 1 3 1 4 0 7 3 2 5 6 5 4 3 1 7 0 2 6 4 7 5 5 6 0 4 6 4 0 2 5 1 4 7 0 3 7 1 3 0 2 1 0 0 3
1 1 6 38
4 5 15 36 33 20 2 44 13 7 35
#c 6 1 3 1 4 0 7 3 2 5 6 5 4 3 1 7 0 2 6 4 7 5 5 6 0 4 6 4 0 2 5 1 4 7 0 3 7 1 3 0 2 1 0 0 3
4 2 39 24 42 34 29 40
4 2 43 28 16 5 17 8
#c 6 1 3 1 4 0 7 3 2 5 6 5 4 3 1 7 0 2 6 4 7 5 5 6 0 4 6 4 0 2 5 1 4 7 0 3 7 1 3 0 2 1 0 0 3
1 3 3 17 40 8
5 1 41 37 1 14 31 29
#c 6 1 3 1 4 0 7 3 2 5 6 5 4 3 1 7 0 2 6 4 7 5 5 6 0 4 6 4 0 2 5 1 4 7 0 3 7 1 3 0 2 1 0 0 3
1 1 17 33
3 4 40 8 29 15 36 6 20
#c 6 1 3 1 4 0 7 3 2 5 6 5 4 3 1 7 0 2 6 4 7 5 5 6 0 4 6 4 0 2 5 1 4 7 0 3 7 1 3 0 2 1 0 0 3
2 3 7 2 30 9 22
4 2 44 13 38 35 21 11
#c 6 1 3 1 4 0 7 3 2 5 6 5 4 3 1 7 0 2 6 4 7 5 5 6 0 4 6 4 0 2 5 1 4 7 0 3 7 1 3 0 2 1 0 0 3
3 3 4 12 27 15 20 6
3 2 32 19 25 36 33
#c 6 1 3 1 4 0 7 3 2 5 6 5 4 3 1 7 0 2 6 4 7 5 5 6 0 4 6 4 0 2 5 1 4 7 0 3 7 1 3 0 2 1 0 0 3
#c 6 1 3 1 4 0 7 3 2 5 6 5 4 3 1 7 0 2 6 4 7 5 5 6 0 4 6 4 0 2 5 1 4 7 0 3 7 1 3 0 2 1 0 0 3
1 1 23 44
4 5 10 0 18 26 2 13 38 7 35
#c 6 1 3 1 4 0 7 3 2 5 6 5 4 3 1 7 0 2 6 4 7 5 5 6 0 4 6 4 0 2 5 1 4 7 0 3 7 1 3 0 2 1 0 0 3
2 2 15 33 30 11
3 3 36 6 20 21 9 22
#c 6 1 3 1 4 0 7 3 2 5 6 5 4 3 1 7 0 2 6 4 7 5 5 6 0 4 6 4 0 2 5 1 4 7 0 3 7 1 3 0 2 1 0 0 3
4 2 16 39 43 5 29 8
4 2 24 34 42 28 40 17
#c 6 1 3 1 4 0 7 3 2 5 6 5 4 3 1 7 0 2 6 4 7 5 5 6 0 4 6 4 0 2 5 1 4 7 0 3 7 1 3 0 2 1 0 0 3
2 2 3 37 17 40
4 2 41 1 14 31 8 29
#c 6 1 3 1 4 0 7 3 2 5 6 5 4 3 1 7 0 2 6 4 7 5 5 6 0 4 6 4 0 2 5 1 4 7 0 3 7 1 3 0 2 1 0 0 3
1 1 40 34
3 7 17 8 29 24 43 39 42 28 16 5
#c 6 1 3 1 4 0 7 3 2 5 6 5 4 3 1 7 0 2 6 4 7 5 5 6 0 4 6 4 0 2 5 1 4 7 0 3 7 1 3 0 2 1 0 0 3
3 3 2 35 38 23 10 26
3 2 44 13 7 0 18
#c 6 1 3 1 4 0 7 3 2 5 6 5 4 3 1 7 0 2 6 4 7 5 5 6 0 4 6 4 0 2 5 1 4 7 0 3 7 1 3 0 2 1 0 0 3
1 1 12 15
5 4 4 27 32 19 25 36 33 6 20
#c 6 1 3 1 4 0 7 3 2 5 6 5 4 3 1 7 0 2 6 4 7 5 5 6 0 4 6 4 0 2 5 1 4 7 0 3 7 1 3 0 2 1 0 0 3
1 1 22 28
4 7 21 9 11 30 24 34 43 39 42 16 5
#c 6 1 3 1 4 0 7 3 2 5 6 5 4 3 1 7 0 2 6 4 7 5 5 6 0 4 6 4 0 2 5 1 4 7 0 3 7 1 3 0 2 1 0 0 3
2 2 18 26 14 41
3 4 10 23 0 37 3 1 31
#c 6 1 3 1 4 0 7 3 2 5 6 5 4 3 1 7 0 2 6 4 7 5 5 6 0 4 6 4 0 2 5 1 4 7 0 3 7 1 3 0 2 1 0 0 3
#c 6 1 3 1 4 0 7 3 2 5 6 5 4 3 1 7 0 2 6 4 7 5 5 6 0 4 6 4 0 2 5 1 4 7 0 3 7 1 3 0 2 1 0 0 3
4 4 34 5 43 24 7 13 38 2
4 2 39 42 28 16 44 35
#c 6 1 3 1 4 0 7 3 2 5 6 5 4 3 1 7 0 2 6 4 7 5 5 6 0 4 6 4 0 2 5 1 4 7 0 3 7 1 3 0 2 1 0 0 3
1 1 37 0
5 4 41 3 1 14 31 10 23 18 26
#c 6 1 3 1 4 0 7 3 2 5 6 5 4 3 1 7 0 2 6 4 7 5 5 6 0 4 6 4 0 2 5 1 4 7 0 3 7 1 3 0 2 1 0 0 3
1 1 40 27
3 5 17 8 29 4 32 12 19 25
#c 6 1 3 1 4 0 7 3 2 5 6 5 4 3 1 7 0 2 6 4 7 5 5 6 0 4 6 4 0 2 5 1 4 7 0 3 7 1 3 0 2 1 0 0 3
3 3 38 44 13 18 26 0
3 2 2 7 35 10 23
#c 6 1 3 1 4 0 7 3 2 5 6 5 4 3 1 7 0 2 6 4 7 5 5 6 0 4 6 4 0 2 5 1 4 7 0 3 7 1 3 0 2 1 0 0 3
1 1 27 9
5 4 4 32 12 19 25 21 11 22 30
#c 6 1 3 1 4 0 7 3 2 5 6 5 4 3 1 7 0 2 6 4 7 5 5 6 0 4 6 4 0 2 5 1 4 7 0 3 7 1 3 0 2 1 0 0 3
#c 6 1 3 1 4 0 7 3 2 5 6 5 4 3 1 7 0 2 6 4 7 5 5 6 0 4 6 4 0 2 5 1 4 7 0 3 7 1 3 0 2 1 0 0 3
2 2 23 10 19 25
3 4 0 18 26 4 27 32 12
#c 6 1 3 1 4 0 7 3 2 5 6 5 4 3 1 7 0 2 6 4 7 5 5 6 0 4 6 4 0 2 5 1 4 7 0 3 7 1 3 0 2 1 0 0 3
1 2 6 31 41
4 4 15 36 33 20 37 3 1 14
#c 6 1 3 1 4 0 7 3 2 5 6 5 4 3 1 7 0 2 6 4 7 5 5 6 0 4 6 4 0 2 5 1 4 7 0 3 7 1 3 0 2 1 0 0 3
4 2 42 39 43 28 21 30
4 3 24 34 16 5 9 11 22
#c 6 1 3 1 4 0 7 3 2 5 6 5 4 3 1 7 0 2 6 4 7 5 5 6 0 4 6 4 0 2 5 1 4 7 0 3 7 1 3 0 2 1 0 0 3
3 2 1 37 41 23 10
3 3 3 14 31 0 18 26
#c 6 1 3 1 4 0 7 3 2 5 6 5 4 3 1 7 0 2 6 4 7 5 5 6 0 4 6 4 0 2 5 1 4 7 0 3 7 1 3 0 2 1 0 0 3
2 1 40 17 32
2 5 8 29 4 27 12 19 25
#c 6 1 3 1 4 0 7 3 2 5 6 5 4 3 1 7 0 2 6 4 7 5 5 6 0 4 6 4 0 2 5 1 4 7 0 3 7 1 3 0 2 1 0 0 3
1 1 7 10
5 4 2 44 13 38 35 23 0 18 26
#c 6 1 3 1 4 0 7 3 2 5 6 5 4 3 1 7 0 2 6 4 7 5 5 6 0 4 6 4 0 2 5 1 4 7 0 3 7 1 3 0 2 1 0 0 3
2 2 4 25 15 6
4 3 27 32 12 19 36 33 20
#c 6 1 3 1 4 0 7 3 2 5 6 5 4 3 1 7 0 2 6 4 7 5 5 6 0 4 6 4 0 2 5 1 4 7 0 3 7 1 3 0 2 1 0 0 3
2 4 11 21 18 23 26 0
3 1 9 22 30 10
#c 6 1 3 1 4 0 7 3 2 5 6 5 4 3 1 7 0 2 6 4 7 5 5 6 0 4 6 4 0 2 5 1 4 7 0 3 7 1 3 0 2 1 0 0 3
1 1 23 37
4 5 10 0 18 26 41 3 1 14 31
#c 6 1 3 1 4 0 7 3 2 5 6 5 4 3 1 7 0 2 6 4 7 5 5 6 0 4 6 4 0 2 5 1 4 7 0 3 7 1 3 0 2 1 0 0 3
1 1 33 30
4 4 15 36 6 20 21 9 11 22
#c 6 1 3 1 4 0 7 3 2 5 6 5 4 3 1 7 0 2 6 4 7 5 5 6 0 4 6 4 0 2 5 1 4 7 0 3 7 1 3 0 2 1 0 0 3
3 3 42 24 34 21 22 9
5 2 43 39 28 16 5 11 30
#c 6 1 3 1 4 0 7 3 2 5 6 5 4 3 1 7 0 2 6 4 7 5 5 6 0 4 6 4 0 2 5 1 4 7 0 3 7 1 3 0 2 1 0 0 3
#c 6 1 3 1 4 0 7 3 2 5 6 5 4 3 1 7 0 2 6 4 7 5 5 6 0 4 6 4 0 2 5 1 4 7 0 3 7 1 3 0 2 1 0 0 3
2 2 8 29 36 33
2 3 40 17 15 6 20
#c 6 1 3 1 4 0 7 3 7 5 6 5 4 3 1 7 0 2 6 4 7 5 5 6 0 4 6 4 0 7 5 1 4 2 0 3 2 1 3 0 2 1 0 0 3
3 3 2 13 7 41 37 1
3 3 44 38 35 3 14 31
#c 6 1 3 1 4 0 7 3 7 5 6 5 4 3 1 7 0 2 6 4 7 5 5 6 0 4 6 4 0 7 5 1 4 2 0 3 2 1 3 0 2 1 0 0 3
2 1 4 32 39
4 7 27 12 19 25 24 34 43 42 28 16 5
#c 6 1 3 1 4 0 7 3 7 5 6 5 4 3 1 7 0 2 6 4 7 5 5 6 0 4 6 4 0 7 5 1 4 2 0 3 2 1 3 0 2 1 0 0 3
1 1 21 15
4 4 9 11 22 30 6 20 8 29
#c 6 1 3 1 4 0 7 3 7 5 6 5 4 3 1 5 0 2 6 4 7 7 5 6 0 4 6 4 0 7 5 1 4 2 0 3 2 1 3 0 2 1 0 0 3
#c 6 1 3 1 4 0 7 3 7 5 6 5 4 3 1 5 0 2 6 4 7 7 5 6 0 4 6 4 0 7 5 1 4 2 0 3 2 1 3 0 2 1 0 0 3
2 1 20 29 18
3 4 6 8 21 10 23 0 26
#c 6 1 3 1 4 0 7 3 7 5 6 5 4 3 1 5 0 2 6 4 7 7 5 6 0 4 6 4 0 7 5 1 4 2 0 3 2 1 3 0 2 1 0 0 3
#c 6 1 3 1 4 0 7 3 7 5 6 5 4 3 1 5 0 2 6 4 7 7 5 6 0 4 6 4 0 7 5 1 4 2 0 3 2 1 3 0 2 1 0 0 3
2 2 14 3 2 35
4 4 41 37 1 31 44 13 38 7
#c 6 1 3 1 4 0 7 3 7 5 6 5 4 3 1 5 0 2 6 4 7 7 5 6 0 4 6 4 0 7 5 1 4 2 0 3 2 1 3 0 2 1 0 0 3
2 2 33 40 31 3
2 4 17 36 41 37 1 14
#c 6 1 3 1 4 0 7 3 7 5 6 5 4 3 1 5 0 2 6 4 7 7 5 6 0 4 6 4 0 7 5 1 4 2 0 3 2 1 3 0 2 1 0 0 3
2 2 13 44 8 20
4 3 2 38 7 35 6 29 21
#c 6 1 3 1 4 0 7 3 7 5 6 5 4 3 1 5 0 2 6 4 7 7 5 6 0 4 6 4 0 7 5 1 4 2 0 3 2 1 3 0 2 1 0 0 3
1 1 32 28
5 7 4 27 12 19 25 24 34 43 39 42 16 5
#c 6 1 3 1 4 0 7 3 7 5 6 5 4 3 1 5 0 2 6 4 7 7 5 6 0 4 6 4 0 7 5 1 4 2 0 3 2 1 3 0 2 1 0 0 3
#c 6 1 3 1 4 0 7 3 7 5 6 5 4 3 1 5 0 2 6 4 7 7 5 6 0 4 6 4 0 7 5 1 4 2 0 3 2 1 3 0 2 1 0 0 3
1 1 23 20
4 4 10 0 18 26 6 8 29 21
#c 6 1 3 1 4 0 7 3 7 5 6 5 4 3 1 5 0 2 6 4 7 7 5 6 0 4 6 4 0 7 5 1 4 2 0 3 2 1 3 0 2 1 0 0 3
1 1 8 15
4 4 6 20 29 21 9 11 22 30
#c 6 1 3 1 4 0 7 3 7 5 6 5 4 3 1 5 0 2 6 4 7 7 5 6 0 4 6 4 0 7 5 1 4 2 0 3 2 1 3 0 2 1 0 0 3
3 3 39 24 16 17 33 40
5 1 34 43 42 28 5 36
#c 6 1 3 1 4 0 7 3 7 5 6 5 4 3 1 5 0 2 6 4 7 7 5 6 0 4 6 4 0 7 5 1 4 2 0 3 2 1 3 0 2 1 0 0 3
1 1 1 10
5 4 41 37 3 14 31 23 0 18 26
#c 6 1 3 1 4 0 7 3 7 5 6 5 4 3 1 5 0 2 6 4 7 7 5 6 0 4 6 4 0 7 5 1 4 2 0 3 2 1 3 0 2 1 0 0 3
#c 6 1 3 1 4 0 7 3 7 5 6 5 4 3 1 5 0 2 6 4 7 7 5 6 0 4 6 4 0 7 5 1 4 2 0 3 2 1 3 0 2 1 0 0 3
3 3 2 38 35 11 30 22
3 2 44 13 7 9 15
#c 6 1 3 1 4 0 7 3 7 5 6 5 4 3 1 5 0 2 6 4 7 7 5 6 0 4 6 4 0 7 5 1 4 2 0 3 2 1 3 0 2 1 0 0 3
2 2 12 27 35 7
4 4 4 32 19 25 2 44 13 38
#c 6 1 3 1 4 0 7 3 7 5 6 5 4 3 1 5 0 2 6 4 7 7 5 6 0 4 6 4 0 7 5 1 4 2 0 3 2 1 3 0 2 1 0 0 3
2 2 11 30 10 26
3 3 9 22 15 23 0 18
#c 6 1 3 1 4 0 7 3 7 5 6 5 4 3 1 5 0 2 6 4 7 7 5 6 0 4 6 4 0 7 5 1 4 2 0 3 2 1 3 0 2 1 0 0 3
2 1 0 26 17
3 3 10 23 18 40 36 33
#c 6 1 3 1 4 0 7 3 7 5 6 5 4 3 1 5 0 2 6 4 7 7 5 6 0 4 6 4 0 7 5 1 4 2 0 3 2 1 3 0 2 1 0 0 3
2 2 21 20 42 5
3 6 6 8 29 24 34 43 39 28 16
#c 6 1 3 1 4 0 7 3 7 5 6 5 4 3 1 5 0 2 6 4 7 7 5 6 0 4 6 4 0 7 5 1 4 2 0 3 2 1 3 0 2 1 0 0 3
4 4 24 5 34 16 10 26 23 18
4 1 43 39 42 28 0
#c 6 1 3 1 4 0 7 3 7 5 6 5 4 3 1 5 0 2 6 4 7 7 5 6 0 4 6 4 0 7 5 1 4 2 0 3 2 1 3 0 2 1 0 0 3
#c 6 1 3 1 4 0 7 3 7 5 6 5 4 3 1 5 0 2 6 4 7 7 5 6 0 4 6 4 0 7 5 1 4 2 0 3 2 1 3 0 2 1 0 0 3
2 2 40 33 8 21
2 3 17 36 6 20 29
#c 6 1 3 1 4 0 7 3 7 5 6 5 4 3 1 5 0 2 6 4 7 7 5 6 0 4 6 4 0 7 5 1 4 2 0 3 2 1 3 0 2 1 0 0 3
1 1 7 37
5 5 2 44 13 38 35 41 3 1 14 31
#c 6 1 3 1 4 0 7 3 7 5 6 5 4 3 1 5 0 2 6 4 7 7 5 6 0 4 6 4 0 7 5 1 4 2 0 3 2 1 3 0 2 1 0 0 3
3 3 32 19 4 18 26 10
3 2 27 12 25 23 0
#c 6 1 3 1 4 0 7 3 7 5 6 5 4 3 1 5 0 2 6 4 7 7 5 6 0 4 6 4 0 7 5 1 4 2 0 3 2 1 3 0 2 1 0 0 3
2 2 22 15 13 7
3 4 9 11 30 2 44 38 35
#c 6 1 3 1 4 0 7 3 7 5 6 5 4 3 1 5 0 2 6 4 7 7 5 6 0 4 6 4 0 7 5 1 4 2 0 3 2 1 3 0 2 1 0 0 3
1 1 18 24
4 7 10 23 0 26 34 43 39 42 28 16 5
#c 6 1 3 1 4 0 7 3 7 5 6 5 4 3 1 5 0 2 6 4 7 7 5 6 0 4 6 4 0 7 5 1 4 2 0 3 2 1 3 0 2 1 0 0 3
1 2 6 12 27
4 4 20 8 29 21 4 32 19 25
#c 6 1 3 1 4 0 7 3 7 5 6 5 4 3 1 5 0 2 6 4 7 7 5 6 0 4 6 4 0 7 5 1 4 2 0 3 2 1 3 0 2 1 0 0 3
3 3 24 43 39 33 40 36
5 1 34 42 28 16 5 17
#c 6 1 3 1 4 0 7 3 7 5 6 5 4 3 1 5 0 2 6 4 7 7 5 6 0 4 6 4 0 7 5 1 4 2 0 3 2 1 3 0 2 1 0 0 3
#c 6 1 3 1 4 0 7 3 7 5 6 5 4 3 1 5 0 2 6 4 7 7 5 6 0 4 6 4 0 7 5 1 4 2 0 3 2 1 3 0 2 1 0 0 3
3 5 40 17 36 44 13 38 7 35
#c 6 1 3 1 4 0 7 3 7 5 6 5 4 3 1 5 0 2 6 4 7 7 5 6 0 4 6 4 0 7 5 1 4 2 0 3 2 1 3 0 2 1 0 0 3
1 1 35 21
5 4 2 44 13 38 7 6 20 8 29
#c 6 1 3 1 4 0 7 3 7 5 6 5 4 3 1 5 0 2 6 4 7 7 5 6 0 4 6 4 0 7 5 1 4 2 0 3 2 1 3 0 2 1 0 0 3
2 1 4 19 18
4 4 27 32 12 25 10 23 0 26
#c 6 1 3 1 4 0 7 3 7 5 6 5 4 3 1 5 0 2 6 4 7 7 5 6 0 4 6 4 0 7 5 1 4 2 0 3 2 1 3 0 2 1 0 0 3
1 1 15 1
4 5 9 11 22 30 41 37 3 14 31
#c 6 1 3 1 4 0 7 3 7 5 6 5 4 3 1 5 0 2 6 4 7 7 5 6 0 4 6 4 0 7 5 1 4 2 0 3 2 1 3 0 2 1 0 0 3
2 2 26 0 15 30
3 3 10 23 18 9 11 22
#c 6 1 3 1 4 0 7 3 7 5 6 5 4 3 1 5 0 2 6 4 7 7 5 6 0 4 6 4 0 7 5 1 4 2 0 3 2 1 3 0 2 1 0 0 3
1 1 6 13
4 5 20 8 29 21 2 44 38 7 35
#c 6 1 3 1 4 0 7 3 7 5 6 5 4 3 1 5 0 2 6 4 7 7 5 6 0 4 6 4 0 7 5 1 4 2 0 3 2 1 3 0 2 1 0 0 3
4 4 5 16 39 34 37 14 41 3
4 2 24 43 42 28 1 31
#c 6 1 3 1 4 0 7 3 7 5 6 5 4 3 1 5 0 2 6 4 7 7 5 6 0 4 6 4 0 7 5 1 4 2 0 3 2 1 3 0 2 1 0 0 3
2 3 31 3 5 24 39
4 5 41 37 1 14 34 43 42 28 16
#c 6 1 3 1 4 0 7 3 7 5 6 5 4 3 1 5 0 2 6 4 7 7 5 6 0 4 6 4 0 7 5 1 4 2 0 3 2 1 3 0 2 1 0 0 3
2 2 17 33 35 13
2 4 40 36 2 44 38 7
#c 6 1 3 1 4 0 7 3 7 5 6 5 4 3 1 5 0 2 6 4 7 7 5 6 0 4 6 4 0 7 5 1 4 2 0 3 2 1 3 0 2 1 0 0 3
2 2 2 38 17 40
4 2 44 13 7 35 36 33
#c 6 1 3 1 4 0 7 3 7 5 6 5 4 3 1 5 0 2 6 4 7 7 5 6 0 4 6 4 0 7 5 1 4 2 0 3 2 1 3 0 2 1 0 0 3
2 1 32 12 39
4 7 4 27 19 25 24 34 43 42 28 16 5
#c 6 1 3 1 4 0 7 3 7 5 6 5 4 3 1 5 0 2 6 4 7 7 5 6 0 4 6 4 0 7 5 1 4 2 0 3 2 1 3 0 2 1 0 0 3
#c 6 1 3 1 4 0 7 3 7 5 6 5 4 3 1 5 0 2 6 4 7 7 5 6 0 4 6 4 0 7 5 1 4 2 0 3 2 1 3 0 2 1 0 0 3
2 2 26 23 33 17
3 2 10 0 18 40 36
#c 6 1 3 1 4 0 7 3 7 5 6 5 4 3 1 5 0 2 6 4 7 7 5 6 0 4 6 4 0 7 5 1 4 2 0 3 2 1 3 0 2 1 0 0 3
1 1 20 27
4 5 6 8 29 21 4 32 12 19 25
#c 6 1 3 1 4 0 7 3 7 5 6 5 4 3 1 5 0 2 6 4 4 7 5 6 0 4 6 7 0 7 5 1 4 2 0 3 2 1 3 0 2 1 0 0 3
2 2 34 42 8 29
6 3 24 43 39 28 16 5 6 21 27
#c 6 1 3 1 4 0 7 3 7 5 6 5 4 3 1 5 0 2 6 4 4 7 5 6 0 4 6 7 0 7 5 1 4 2 0 3 2 1 3 0 2 1 0 0 3
1 3 31 6 21 29
5 2 41 37 3 1 14 8 27
#c 6 1 3 1 4 0 7 3 7 5 6 5 4 3 1 5 0 2 6 4 4 7 5 6 0 4 6 7 0 7 5 1 4 2 0 3 2 1 3 0 2 1 0 0 3
1 1 36 34
3 7 40 17 33 24 43 39 42 28 16 5
#c 6 1 3 1 4 0 7 3 7 5 6 5 4 3 1 5 0 2 6 4 4 7 5 6 0 4 6 7 0 7 5 1 4 2 0 3 2 1 3 0 2 1 0 0 3
1 1 2 15
5 4 44 13 38 7 35 9 11 22 30
#c 6 1 3 1 4 0 7 3 7 5 6 5 4 3 1 5 0 2 6 4 4 7 5 6 0 4 6 7 0 7 5 1 4 2 0 3 2 1 3 0 2 1 0 0 3
3 4 19 12 32 30 15 22 11
3 1 4 25 20 9
#c 6 1 3 1 4 0 7 3 7 5 6 5 4 3 1 5 0 2 6 4 4 7 5 6 0 4 6 7 0 7 5 1 4 2 0 3 2 1 3 0 2 1 0 0 3
2 2 9 15 1 31
3 4 11 22 30 41 37 3 14
#c 6 1 3 1 4 0 7 3 7 5 6 5 4 3 1 5 0 2 6 4 4 7 5 6 0 4 6 7 0 7 5 1 4 2 0 3 2 1 3 0 2 1 0 0 3
2 2 0 26 38 7
3 4 10 23 18 2 44 13 35
#c 6 1 3 1 4 0 7 3 7 5 6 5 4 3 1 5 0 2 6 4 4 7 5 6 0 4 6 7 0 7 5 1 4 2 0 3 2 1 3 0 2 1 0 0 3
2 2 29 6 25 20
3 4 8 21 27 4 32 12 19
#c 6 1 3 1 4 0 7 3 7 5 6 5 4 3 1 5 0 2 6 4 4 7 5 6 0 4 6 7 0 7 5 1 4 2 0 3 2 1 3 0 2 1 0 0 3
1 1 24 4
7 5 34 43 39 42 28 16 5 32 12 19 25 20
#c 6 1 3 1 4 0 7 3 7 5 6 5 4 3 1 5 0 2 6 4 4 7 5 6 0 4 6 7 0 7 5 1 4 2 0 3 2 1 3 0 2 1 0 0 3
3 3 41 31 37 20 12 32
3 3 3 1 14 4 19 25
#c 6 1 3 1 4 0 7 3 7 5 6 5 4 3 1 5 0 2 6 4 4 7 5 6 0 4 6 7 0 7 5 1 4 2 0 3 2 1 3 0 2 1 0 0 3
2 2 36 33 16 34
2 6 40 17 24 43 39 42 28 5
#c 6 1 3 1 4 0 7 3 7 5 6 5 4 3 1 5 0 2 6 4 4 7 5 6 0 4 6 7 0 7 5 1 4 2 0 3 2 1 3 0 2 1 0 0 3
3 3 38 35 7 31 37 1
3 3 2 44 13 41 3 14
#c 6 1 3 1 4 0 7 3 7 5 6 5 4 3 1 5 0 2 6 4 4 7 5 6 0 4 6 7 0 7 5 1 4 2 0 3 2 1 3 0 2 1 0 0 3
2 2 12 32 37 41
4 4 4 19 25 20 3 1 14 31
#c 6 1 3 1 4 0 7 3 7 5 6 5 4 3 1 5 0 2 6 4 4 7 5 6 0 4 6 7 0 7 5 1 4 2 0 3 2 1 3 0 2 1 0 0 3
#c 6 1 3 1 4 0 7 3 7 5 6 5 4 3 1 5 0 2 6 4 4 7 5 6 0 4 6 7 0 7 5 1 4 2 0 3 2 1 3 0 2 1 0 0 3
#c 6 1 3 1 4 0 7 3 7 5 6 5 4 3 1 5 0 2 6 4 4 7 5 6 0 4 6 7 0 7 5 1 4 2 0 3 2 1 3 0 2 1 0 0 3
2 2 21 27 31 37
3 4 6 8 29 41 3 1 14
#c 6 1 3 1 4 0 7 3 7 5 6 5 4 3 1 5 0 2 6 4 4 7 5 6 0 4 6 7 0 7 5 1 4 2 0 3 2 1 3 0 2 1 0 0 3
#c 6 1 3 1 4 0 7 3 7 5 6 5 4 3 1 5 0 2 6 4 4 7 5 6 0 4 6 7 0 7 5 1 4 2 0 3 2 1 3 0 2 1 0 0 3
2 2 41 14 9 15
4 3 37 3 1 31 11 22 30
#c 6 1 3 1 4 0 7 3 7 5 6 5 4 3 1 5 0 2 6 4 4 7 5 6 0 4 6 7 0 7 5 1 4 2 0 3 2 1 3 0 2 1 0 0 3
1 1 17 7
3 5 40 36 33 2 44 13 38 35
#c 6 1 3 1 4 0 7 3 7 5 6 5 4 3 1 5 0 2 6 4 4 7 5 6 0 4 6 7 0 7 5 1 4 2 0 3 2 1 3 0 2 1 0 0 3
2 1 13 38 25
4 5 2 44 7 35 4 32 12 19 20
#c 6 1 3 1 4 0 7 3 7 5 6 5 4 3 1 5 0 2 6 4 4 7 5 6 0 4 6 7 0 7 5 1 4 2 0 3 2 1 3 0 2 1 0 0 3
1 1 12 1
5 5 4 32 19 25 20 41 37 3 14 31
#c 6 1 3 1 4 0 7 3 7 5 6 5 4 3 1 5 0 2 6 4 4 7 5 6 0 4 6 7 0 7 5 1 4 2 0 3 2 1 3 0 2 1 0 0 3
#c 6 1 3 1 4 0 7 3 7 5 6 5 4 3 1 5 0 2 6 4 4 7 5 6 0 4 6 7 0 7 5 1 4 2 0 3 2 1 3 0 2 1 0 0 3
2 2 18 26 33 40
3 2 10 23 0 17 36
#c 6 1 3 1 4 0 7 3 7 5 6 5 4 3 1 5 0 2 6 4 4 7 5 6 0 4 6 7 0 7 5 1 4 2 0 3 2 1 3 0 2 1 0 0 3
#c 6 1 3 1 4 0 7 3 7 5 6 5 4 3 1 5 0 2 6 4 4 7 5 6 0 4 6 7 0 7 5 1 4 2 0 3 2 1 3 0 2 1 0 0 3
1 1 39 26
7 4 24 34 43 42 28 16 5 10 23 0 18
#c 6 1 3 1 4 0 7 3 7 5 6 5 4 3 1 5 0 2 6 4 4 7 5 6 0 4 6 7 0 7 5 1 4 2 0 3 2 1 3 0 2 1 0 0 3
1 1 31 10
5 4 41 37 3 1 14 23 0 18 26
#c 6 1 3 1 4 0 7 3 7 5 6 5 4 3 1 5 0 2 6 4 4 7 5 6 0 4 6 7 0 7 5 1 4 2 0 3 2 1 3 0 2 1 0 0 3
1 1 40 10
3 4 17 36 33 23 0 18 26
#c 6 1 3 1 4 0 7 3 7 5 6 5 4 3 1 5 0 2 6 4 4 7 5 6 0 4 6 7 0 7 5 1 4 2 0 3 2 1 3 0 2 1 0 0 3
2 2 13 7 36 33
4 2 2 44 38 35 40 17
#c 6 1 3 1 4 0 7 3 7 5 6 5 4 3 1 5 0 2 6 4 4 7 5 6 0 4 6 7 0 7 5 1 4 2 0 3 2 1 3 0 2 1 0 0 3
1 1 25 2
5 5 4 32 12 19 20 44 13 38 7 35
#c 6 1 3 1 4 0 7 3 7 5 6 5 4 3 1 5 0 2 6 4 4 7 5 6 0 4 6 7 0 7 5 1 4 2 0 3 2 1 3 0 2 1 0 0 3
2 1 15 30 37
3 5 9 11 22 41 3 1 14 31
#c 6 1 3 1 4 0 7 3 7 5 6 5 4 3 1 5 0 2 6 4 4 7 5 6 0 4 6 7 0 7 5 1 4 2 0 3 2 1 3 0 2 1 0 0 3
#c 6 1 3 1 4 0 7 3 7 5 6 5 4 3 1 5 0 2 6 4 4 7 5 6 0 4 6 7 0 7 5 1 4 2 0 3 2 1 3 0 2 1 0 0 3
#c 6 1 3 1 4 0 7 3 7 5 6 5 4 3 1 5 0 2 6 4 4 7 5 6 0 4 6 7 0 7 5 1 4 2 0 3 2 1 3 0 2 1 0 0 3
3 3 34 16 28 1 37 3
5 3 24 43 39 42 5 41 14 31
#c 6 1 3 1 4 0 7 3 7 5 6 5 4 3 1 5 0 2 6 4 4 7 5 6 0 4 6 7 0 7 5 1 4 2 0 3 2 1 3 0 2 1 0 0 3
#c 6 1 3 1 4 0 7 3 7 5 6 5 4 3 1 5 0 2 6 4 4 7 5 6 0 4 6 7 0 7 5 1 4 2 0 3 2 1 3 0 2 1 0 0 3
1 1 40 6
3 4 17 36 33 8 29 21 27
#c 6 1 3 1 4 0 7 3 7 5 6 5 4 3 1 5 0 2 6 4 4 7 5 6 0 4 6 7 0 7 5 1 4 2 0 3 2 1 3 0 2 1 0 0 3
1 1 13 37
5 5 2 44 38 7 35 41 3 1 14 31
#c 6 1 3 1 4 0 7 3 7 5 6 5 4 3 1 5 0 2 6 4 4 7 5 6 0 4 6 7 0 7 5 1 4 2 0 3 2 1 3 0 2 1 0 0 3
2 2 12 4 43 24
4 6 32 19 25 20 34 39 42 28 16 5
#c 6 1 3 1 4 0 7 3 7 5 6 5 4 3 1 5 0 2 6 4 4 7 5 6 0 4 6 7 0 7 5 1 4 2 0 3 2 1 3 0 2 1 0 0 3
#c 6 1 3 1 4 0 7 3 7 5 6 5 4 3 1 5 0 2 6 4 4 7 5 6 0 4 6 7 0 7 5 1 4 2 0 3 2 1 3 0 2 1 0 0 3
2 2 18 0 11 30
3 3 10 23 26 9 22 15
#c 6 1 3 1 4 0 7 3 7 5 6 5 4 3 1 5 0 2 6 4 4 7 5 6 0 4 6 7 0 7 5 1 4 2 0 3 2 1 3 0 2 1 0 0 3
1 1 21 32
4 5 6 8 29 27 4 12 19 25 20
#c 6 1 3 1 4 0 7 3 7 5 6 5 4 3 1 5 0 2 6 4 4 7 5 6 0 4 6 7 0 7 5 1 4 2 0 3 2 1 3 0 2 1 0 0 3
3 3 28 16 42 3 41 37
5 3 24 34 43 39 5 1 14 31
#c 6 1 3 1 4 0 7 3 7 5 6 5 4 3 1 5 0 2 6 4 4 7 5 6 0 4 6 7 0 7 5 1 4 2 0 3 2 1 3 0 2 1 0 0 3
3 3 1 37 31 20 32 12
3 3 41 3 14 4 19 25
#c 6 1 3 1 4 0 7 3 7 5 6 5 4 3 1 5 0 2 6 4 4 7 5 6 0 4 6 7 0 7 5 1 4 2 0 3 2 1 3 0 2 1 0 0 3
#c 6 1 3 1 4 0 7 3 7 5 6 5 4 3 1 5 0 2 6 4 4 7 5 6 0 4 6 7 0 7 5 1 4 2 0 3 2 1 3 0 2 1 0 0 3
2 4 38 44 28 5 24 16
4 4 2 13 7 35 34 43 39 42
#c 6 1 3 1 4 0 7 3 7 5 6 5 4 3 1 5 0 2 6 4 4 7 5 6 0 4 6 7 0 7 5 1 4 2 0 3 2 1 3 0 2 1 0 0 3
1 1 4 0
5 4 32 12 19 25 20 10 23 18 26
#c 6 1 3 1 4 0 7 3 7 5 6 5 4 3 1 5 0 2 6 4 4 7 5 6 0 4 6 7 0 7 5 1 4 2 0 3 2 1 3 0 2 1 0 0 3
4 5 9 11 22 30 2 44 13 7 35
#c 6 1 3 1 4 0 7 3 7 5 6 5 4 3 1 5 0 2 6 4 4 7 5 6 0 4 6 7 0 7 5 1 4 2 0 3 2 1 3 0 2 1 0 0 3
2 2 23 18 1 37
3 4 10 0 26 41 3 14 31
#c 6 1 3 1 4 0 7 3 7 5 6 5 4 3 1 5 0 2 6 4 4 7 5 6 0 4 6 7 0 7 5 1 4 2 0 3 2 1 3 0 2 1 0 0 3
1 1 21 17
4 3 6 8 29 27 40 36 33
#c 6 1 3 1 4 0 7 3 7 5 6 5 4 3 1 5 0 2 6 4 4 7 5 6 0 4 6 7 0 7 5 1 4 2 0 3 2 1 3 0 2 1 0 0 3
1 1 39 35
7 5 24 34 43 42 28 16 5 2 44 13 38 7
#c 6 1 3 1 4 0 7 3 7 5 6 5 4 3 1 5 0 2 6 4 4 7 5 6 0 4 6 7 0 7 5 1 4 2 0 3 2 1 3 0 2 1 0 0 3
#c 6 1 3 1 4 0 7 3 7 5 6 5 4 3 1 5 0 2 6 4 4 7 5 6 0 4 6 7 0 7 5 1 4 2 0 3 2 1 3 0 2 1 0 0 3
2 2 36 33 23 10
2 3 40 17 0 18 26
#c 6 1 3 1 4 0 7 3 7 5 6 5 4 3 1 5 0 2 6 4 4 7 5 6 0 4 6 7 0 7 5 1 4 2 0 3 2 1 3 0 2 1 0 0 3
2 3 2 7 15 11 9
4 2 44 13 38 35 22 30
#c 6 1 3 1 4 0 7 3 7 5 6 5 4 3 1 5 0 2 6 4 4 7 5 6 0 4 6 7 0 7 5 1 4 2 0 3 2 1 3 0 2 1 0 0 3
5 5 32 12 19 25 20 2 44 13 38 7
#c 6 1 3 1 4 0 7 3 7 5 6 5 4 3 1 5 0 2 6 4 4 7 5 6 0 4 6 7 0 7 5 1 4 2 0 3 2 1 3 0 2 1 0 0 3
2 4 11 15 31 3 37 41
3 2 9 22 30 1 14
#c 6 1 3 1 4 0 7 3 7 5 6 5 4 3 1 5 0 2 6 4 4 7 5 6 0 4 6 7 0 7 5 1 4 2 0 3 2 1 3 0 2 1 0 0 3
2 2 10 26 43 42
3 6 23 0 18 24 34 39 28 16 5
#c 6 1 3 1 4 0 7 3 7 5 6 5 4 3 1 5 0 2 6 4 4 7 5 6 0 4 6 7 0 7 5 1 4 2 0 3 2 1 3 0 2 1 0 0 3
1 1 29 12
4 5 6 8 21 27 4 32 19 25 20
#c 6 1 3 1 4 0 7 3 7 5 6 5 4 3 1 5 0 2 6 4 4 7 5 6 0 4 6 7 0 7 5 1 4 2 0 3 2 1 3 0 2 1 0 0 3
1 1 39 1
7 5 24 34 43 42 28 16 5 41 37 3 14 31
#c 6 1 3 1 4 0 7 3 7 5 6 5 4 3 1 5 0 2 6 4 4 7 5 6 0 4 6 7 0 7 5 1 4 2 0 3 2 1 3 0 2 1 0 0 3
2 2 31 41 11 30
4 3 37 3 1 14 9 22 15
#c 6 1 3 1 4 0 7 3 7 5 6 5 4 3 1 5 0 2 6 4 4 7 5 6 0 4 6 7 0 7 5 1 4 2 0 3 2 1 3 0 2 1 0 0 3
2 2 17 40 5 43
2 6 36 33 24 34 39 42 28 16
#c 6 1 3 1 4 0 7 3 7 5 6 5 4 3 1 5 0 2 6 4 4 7 5 6 0 4 6 7 0 7 5 1 4 2 0 3 2 1 3 0 2 1 0 0 3
3 3 44 13 35 12 20 4
3 3 2 38 7 32 19 25
#c 6 1 3 1 4 0 7 3 7 5 6 5 4 3 1 5 0 2 6 4 4 7 5 6 0 4 6 7 0 7 5 1 4 2 0 3 2 1 3 0 2 1 0 0 3
2 2 32 4 17 33
4 2 12 19 25 20 40 36
#c 6 1 3 1 4 0 7 3 7 5 6 5 4 3 1 5 0 2 6 4 4 7 5 6 0 4 6 7 0 7 5 1 4 2 0 3 2 1 3 0 2 1 0 0 3
#c 6 1 3 1 4 0 7 3 7 5 6 5 4 3 1 5 0 2 6 4 4 7 5 6 0 4 6 7 0 7 5 1 4 2 0 3 2 1 3 0 2 1 0 0 3
#c 6 1 3 1 4 0 7 3 7 5 6 5 4 3 1 5 0 2 6 4 4 7 5 6 0 4 6 7 0 7 5 1 4 2 0 3 2 1 3 0 2 1 0 0 3
2 2 27 6 4 20
3 4 8 29 21 32 12 19 25
#c 6 1 3 1 4 0 7 3 7 5 6 5 4 3 1 5 0 2 6 4 4 7 5 6 0 4 6 7 0 7 5 1 4 2 0 3 2 1 3 0 2 1 0 0 3
1 1 34 17
7 3 24 43 39 42 28 16 5 40 36 33
#c 6 1 3 1 4 0 7 3 7 5 6 5 4 3 1 5 0 2 6 4 4 7 5 6 0 4 6 7 0 7 5 1 4 2 0 3 2 1 3 0 2 1 0 0 3
2 2 37 41 33 36
4 2 3 1 14 31 40 17
#c 6 1 3 1 4 0 7 3 7 5 6 5 4 3 1 5 0 2 6 4 4 7 5 6 0 4 6 7 0 7 5 1 4 2 0 3 2 1 3 0 2 1 0 0 3
2 2 40 17 38 35
2 4 36 33 2 44 13 7
#c 6 1 3 1 4 0 7 3 7 5 6 5 4 3 1 5 0 2 6 4 4 7 5 6 0 4 6 7 0 7 5 1 4 2 0 3 2 1 3 0 2 1 0 0 3
2 2 7 38 30 11
4 3 2 44 13 35 9 22 15
#c 6 1 3 1 4 0 7 3 7 5 6 5 4 3 1 5 0 2 6 4 4 7 5 6 0 4 6 7 0 7 5 1 4 2 0 3 2 1 3 0 2 1 0 0 3
2 2 32 19 8 21
4 3 4 12 25 20 6 29 27
#c 6 1 3 1 4 0 7 3 7 5 6 5 4 3 1 5 0 2 6 4 4 7 5 6 0 4 6 7 0 7 5 1 4 2 0 3 2 1 3 0 2 1 0 0 3
1 1 11 6
4 4 9 22 30 15 8 29 21 27
#c 6 1 3 1 4 0 7 3 7 5 6 5 4 3 1 5 0 2 6 4 4 7 5 6 0 4 6 7 0 7 5 1 4 2 0 3 2 1 3 0 2 1 0 0 3
#c 6 1 3 1 4 0 7 3 7 5 6 5 4 3 1 5 0 2 6 4 4 7 5 6 0 4 6 7 0 7 5 1 4 2 0 3 2 1 3 0 2 1 0 0 3
1 1 29 22
4 4 6 8 21 27 9 11 30 15
#c 6 1 3 1 4 0 7 3 7 5 6 5 4 3 1 5 0 2 6 4 4 7 5 6 0 4 6 7 0 7 5 1 4 2 0 3 2 1 3 0 2 1 0 0 3
2 2 34 43 31 41
6 4 24 39 42 28 16 5 37 3 1 14
#c 6 1 3 1 4 0 7 3 7 5 6 5 4 3 1 5 0 2 6 4 4 7 5 6 0 4 6 7 0 7 5 1 4 2 0 3 2 1 3 0 2 1 0 0 3
2 2 31 14 11 22
4 3 41 37 3 1 9 30 15
#c 6 1 3 1 4 0 7 3 7 5 6 5 4 3 1 5 0 2 6 4 4 7 5 6 0 4 6 7 0 7 5 1 4 2 0 3 2 1 3 0 2 1 0 0 3
1 2 40 44 35
3 4 17 36 33 2 13 38 7
#c 6 1 3 1 4 0 7 3 7 5 6 5 4 3 1 5 0 2 6 4 4 7 5 6 0 4 6 7 0 7 5 1 4 2 0 3 2 1 3 0 2 1 0 0 3
1 1 35 17
5 3 2 44 13 38 7 40 36 33
#c 6 1 3 1 4 0 7 3 7 5 6 5 4 3 1 5 0 2 6 4 4 7 5 6 0 4 6 7 0 7 5 1 4 2 0 3 2 1 3 0 2 1 0 0 3
3 3 25 12 20 21 27 29
3 2 4 32 19 6 8
#c 6 1 3 1 4 0 7 3 7 5 6 5 4 3 1 5 0 2 6 4 4 7 5 6 0 4 6 7 0 7 5 1 4 2 0 3 2 1 3 0 2 1 0 0 3
1 1 15 31
4 5 9 11 22 30 41 37 3 1 14
#c 6 1 3 1 4 0 7 3 7 5 6 5 4 3 1 5 0 2 6 4 4 7 5 6 0 4 6 7 0 7 5 1 4 2 0 3 2 1 3 0 2 1 0 0 3
2 2 18 10 17 40
3 2 23 0 26 36 33
#c 6 1 3 1 4 0 7 3 7 5 6 5 4 3 1 5 0 2 6 4 4 7 5 6 0 4 6 7 0 7 5 1 4 2 0 3 2 1 3 0 2 1 0 0 3
#c 6 1 3 1 4 0 7 3 7 5 6 5 4 3 1 5 0 2 6 4 4 7 5 6 0 4 6 7 0 7 5 1 4 2 0 3 2 1 3 0 2 1 0 0 3
#c 6 1 3 1 4 0 7 3 7 5 6 5 4 3 1 5 0 2 6 4 4 7 5 6 0 4 6 7 0 7 5 1 4 2 0 3 2 1 3 0 2 1 0 0 3
3 3 14 31 3 15 22 9
3 2 41 37 1 11 30
#c 6 1 3 1 4 0 7 3 7 5 6 5 4 3 1 5 0 2 6 4 4 7 5 6 0 4 6 7 0 7 5 1 4 2 0 3 2 1 3 0 2 1 0 0 3
1 1 36 14
3 5 40 17 33 41 37 3 1 31
#c 6 1 3 1 4 0 7 3 7 5 6 5 4 3 1 5 0 2 6 4 4 7 5 6 0 4 6 7 0 7 5 1 4 2 0 3 2 1 3 0 2 1 0 0 3
1 1 7 42
5 7 2 44 13 38 35 24 34 43 39 28 16 5
#c 6 1 3 1 4 0 7 3 7 5 6 5 4 3 1 5 0 2 6 4 4 7 5 6 0 4 6 7 0 7 5 1 4 2 0 3 2 1 3 0 2 1 0 0 3
3 3 12 25 20 3 14 1
3 3 4 32 19 41 37 31
#c 6 1 3 1 4 0 7 3 7 5 6 5 4 3 1 5 0 2 6 4 4 7 5 6 0 4 6 7 0 7 5 1 4 2 0 3 2 1 3 0 2 1 0 0 3
1 1 30 16
4 7 9 11 22 15 24 34 43 39 42 28 5
#c 6 1 3 1 4 0 7 3 7 5 6 5 4 3 1 5 0 2 6 4 4 7 5 6 0 4 6 7 0 7 5 1 4 2 0 3 2 1 3 0 2 1 0 0 3
2 2 18 26 33 17
3 2 10 23 0 40 36
#c 6 1 3 1 4 0 7 3 7 5 6 5 4 3 1 5 0 2 6 4 4 7 5 6 0 4 6 7 0 7 5 1 4 2 0 3 2 1 3 0 2 1 0 0 3
1 1 8 41
4 5 6 29 21 27 37 3 1 14 31
#c 6 1 3 1 4 0 7 3 7 5 6 5 4 3 1 5 0 2 6 4 4 7 5 6 0 4 6 7 0 7 5 1 4 2 0 3 2 1 3 0 2 1 0 0 3
2 2 42 16 21 29
6 3 24 34 43 39 28 5 6 8 27
#c 6 1 3 1 4 0 7 3 7 5 6 5 4 3 1 5 0 2 6 4 4 7 5 6 0 4 6 7 0 7 5 1 4 2 0 3 2 1 3 0 2 1 0 0 3
1 1 14 4
5 5 41 37 3 1 31 32 12 19 25 20
#c 6 1 3 1 4 0 7 3 7 5 6 5 4 3 1 5 0 2 6 4 4 7 5 6 0 4 6 7 0 7 5 1 4 2 0 3 2 1 3 0 2 1 0 0 3
2 2 40 17 5 43
#c 6 1 3 1 4 0 7 3 7 5 6 5 4 3 1 5 0 2 6 4 4 7 5 6 0 4 6 7 0 7 5 1 4 2 0 3 2 1 3 0 2 1 0 0 3
2 2 44 2 22 9
4 3 13 38 7 35 11 30 15
#c 6 1 3 1 4 0 7 3 7 5 6 5 4 3 1 5 0 2 6 4 4 7 5 6 0 4 6 7 0 7 5 1 4 2 0 3 2 1 3 0 2 1 0 0 3
5 3 4 32 12 25 20 40 36 33
#c 6 1 3 1 4 0 7 3 7 5 6 5 4 3 1 5 0 2 6 4 4 7 5 6 0 4 6 7 0 7 5 1 4 2 0 3 2 1 3 0 2 1 0 0 3
1 1 15 6
4 4 9 11 22 30 8 29 21 27
#c 6 1 3 1 4 0 7 3 7 5 6 5 4 3 1 5 0 2 6 4 4 7 5 6 0 4 6 7 0 7 5 1 4 2 0 3 2 1 3 0 2 1 0 0 3
1 1 23 11
4 4 10 0 18 26 9 22 30 15
#c 6 1 3 1 4 0 7 3 7 5 6 5 4 3 1 5 0 2 6 4 4 7 5 6 0 4 6 7 0 7 5 1 4 2 0 3 2 1 3 0 2 1 0 0 3
2 2 27 8 2 13
3 4 6 29 21 44 38 7 35
#c 6 1 3 1 4 0 7 3 7 5 6 5 4 3 1 5 0 2 6 4 4 7 5 6 0 4 6 7 0 7 5 1 4 2 0 3 2 1 3 0 2 1 0 0 3
3 3 28 5 16 36 33 17
5 1 24 34 43 39 42 40
#c 6 1 3 1 4 0 7 3 7 5 6 5 4 3 1 5 0 2 6 4 4 7 5 6 0 4 6 7 0 7 5 1 4 2 0 3 2 1 3 0 2 1 0 0 3
3 3 37 14 3 40 17 36
3 1 41 1 31 33
#c 6 1 3 1 4 0 7 3 7 5 6 5 4 3 1 5 0 2 6 4 4 7 5 6 0 4 6 7 0 7 5 1 4 2 0 3 2 1 3 0 2 1 0 0 3
2 4 36 17 8 21 27 6
2 1 40 33 29
#c 6 1 3 1 4 0 7 3 7 5 6 5 4 3 1 5 0 2 6 4 4 7 5 6 0 4 6 7 0 7 5 1 4 2 0 3 2 1 3 0 2 1 0 0 3
2 2 2 13 8 27
#c 6 1 3 1 4 0 7 3 7 5 6 5 4 3 1 5 0 2 6 4 4 7 5 6 0 4 6 7 0 7 5 1 4 2 0 3 2 1 3 0 2 1 0 0 3
3 3 20 25 12 33 17 36
3 1 4 32 19 40
#c 6 1 3 1 4 0 7 3 7 5 6 5 4 3 1 5 0 2 6 4 4 7 5 6 0 4 6 7 0 7 5 1 4 2 0 3 2 1 3 0 2 1 0 0 3
2 2 30 9 31 3
3 4 11 22 15 41 37 1 14
#c 6 1 3 1 4 0 7 3 7 5 6 5 4 3 1 5 0 2 6 4 4 7 5 6 0 4 6 7 0 7 5 1 4 2 0 3 2 1 3 0 2 1 0 0 3
2 2 10 0 37 1
3 4 23 18 26 41 3 14 31
#c 6 1 3 1 4 0 7 3 7 5 6 5 4 3 1 5 0 2 6 4 4 7 5 6 0 4 6 7 0 7 5 1 4 2 0 3 2 1 3 0 2 1 0 0 3
2 3 8 21 35 7 44
3 3 6 29 27 2 13 38
#c 6 1 3 1 4 0 7 3 7 5 6 5 4 3 1 5 0 2 6 4 4 7 5 6 0 4 6 7 0 7 5 1 4 2 0 3 2 1 3 0 2 1 0 0 3
#c 6 1 3 1 4 0 7 3 7 5 6 5 4 3 1 5 0 2 6 4 4 7 5 6 0 4 6 7 0 7 5 1 4 2 0 3 2 1 3 0 2 1 0 0 3
1 1 37 4
5 5 41 3 1 14 31 32 12 19 25 20
#c 6 1 3 1 4 0 7 3 7 5 6 5 4 3 1 5 0 2 6 4 4 7 5 6 0 4 6 7 0 7 5 1 4 2 0 3 2 1 3 0 2 1 0 0 3
#c 6 1 3 1 4 0 7 3 7 5 6 5 4 3 1 5 0 2 6 4 4 7 5 6 0 4 6 7 0 7 5 1 4 2 0 3 2 1 3 0 2 1 0 0 3
#c 6 1 3 1 4 0 7 3 7 5 6 5 4 3 1 5 0 2 6 4 4 7 5 6 0 4 6 7 0 7 5 1 4 2 0 3 2 1 3 0 2 1 0 0 3
#c 6 1 3 1 4 0 7 3 7 5 6 5 4 3 1 5 0 2 6 4 4 7 5 6 0 4 6 7 0 7 5 1 4 2 0 3 2 1 3 0 2 1 0 0 3
2 2 11 15 36 33
3 2 9 22 30 40 17
#c 6 1 3 1 4 0 7 3 7 5 6 5 4 3 1 5 0 2 6 4 4 7 5 6 0 4 6 7 0 7 5 1 4 2 0 3 2 1 3 0 2 1 0 0 3
2 2 23 18 6 27
3 3 10 0 26 8 29 21
#c 6 1 3 1 4 0 7 3 7 5 6 5 4 3 1 5 0 2 6 4 4 7 5 6 0 4 6 7 0 7 5 1 4 2 0 3 2 1 3 0 2 1 0 0 3
1 1 8 36
4 3 6 29 21 27 40 17 33
#c 6 1 3 1 4 0 7 3 7 5 6 5 4 3 1 5 0 2 6 4 4 7 5 6 0 4 6 7 0 7 5 1 4 2 0 3 2 1 3 0 2 1 0 0 3
2 4 5 42 29 27 6 21
6 1 24 34 43 39 28 16 8
#c 6 1 3 1 4 0 7 3 7 5 6 5 4 3 1 5 0 2 6 4 4 7 5 6 0 4 6 7 0 7 5 1 4 2 0 3 2 1 3 0 2 1 0 0 3
1 1 1 0
5 4 41 37 3 14 31 10 23 18 26
#c 6 1 3 1 4 0 7 3 7 5 6 5 4 3 1 5 0 2 6 4 4 7 5 6 0 4 6 7 0 7 5 1 4 2 0 3 2 1 3 0 2 1 0 0 3
1 1 33 10
3 4 40 17 36 23 0 18 26
#c 6 1 3 1 4 0 7 3 7 5 6 5 4 3 1 5 0 2 6 4 4 7 5 6 0 4 6 7 0 7 5 1 4 2 0 3 2 1 3 0 2 1 0 0 3
2 2 35 44 22 30
4 3 2 13 38 7 9 11 15
#c 6 1 3 1 4 0 7 3 7 5 6 5 4 3 1 5 0 2 6 4 4 7 5 6 0 4 6 7 0 7 5 1 4 2 0 3 2 1 3 0 2 1 0 0 3
2 2 25 32 41 31
4 4 4 12 19 20 37 3 1 14
#c 6 1 3 1 4 0 7 3 7 5 6 5 4 3 1 5 0 2 6 4 4 7 5 6 0 4 6 7 0 7 5 1 4 2 0 3 2 1 3 0 2 1 0 0 3
1 1 30 10
4 4 9 11 22 15 23 0 18 26
#c 6 1 3 1 4 0 7 3 7 5 6 5 4 3 1 5 0 2 6 4 4 7 5 6 0 4 6 7 0 7 5 1 4 2 0 3 2 1 3 0 2 1 0 0 3
1 1 0 15
4 4 10 23 18 26 9 11 22 30
#c 6 1 3 1 4 0 7 3 7 5 6 5 4 3 1 5 0 2 6 4 4 7 5 6 0 4 6 7 0 7 5 1 4 2 0 3 2 1 3 0 2 1 0 0 3
2 2 21 8 26 10
3 3 6 29 27 23 0 18
#c 6 1 3 1 4 0 7 3 7 5 6 5 4 3 1 5 0 2 6 4 4 7 5 6 0 4 6 7 0 7 5 1 4 2 0 3 2 1 3 0 2 1 0 0 3
#c 6 1 3 1 4 0 7 3 7 5 6 5 4 3 1 5 0 2 6 4 4 7 5 6 0 4 6 7 0 7 5 1 4 2 0 3 2 1 3 0 2 1 0 0 3
1 1 3 23
5 4 41 37 1 14 31 10 0 18 26
#c 6 1 3 1 4 0 7 3 7 5 6 5 4 3 1 5 0 2 6 4 4 7 5 6 0 4 6 7 0 7 5 1 4 2 0 3 2 1 3 0 2 1 0 0 3
2 2 17 40 30 22
2 3 36 33 9 11 15
#c 6 1 3 1 4 0 7 3 7 5 6 5 4 3 1 5 0 2 6 4 4 7 5 6 0 4 6 7 0 7 5 1 4 2 0 3 2 1 3 0 2 1 0 0 3
1 1 7 4
5 5 2 44 13 38 35 32 12 19 25 20
#c 6 1 3 1 4 0 7 3 7 5 6 5 4 3 1 5 0 2 6 4 4 7 5 6 0 4 6 7 0 7 5 1 4 2 0 3 2 1 3 0 2 1 0 0 3
3 1 19 32 4 33
3 3 12 25 20 40 17 36
#c 6 1 3 1 4 0 7 3 7 5 6 5 4 3 1 5 0 2 6 4 4 7 5 6 0 4 6 7 0 7 5 1 4 2 0 3 2 1 3 0 2 1 0 0 3
1 2 30 26 18
4 3 9 11 22 15 10 23 0
#c 6 1 3 1 4 0 7 3 7 5 6 5 4 3 1 5 0 2 6 4 4 7 5 6 0 4 6 7 0 7 5 1 4 2 0 3 2 1 3 0 2 1 0 0 3
2 2 0 23 36 40
3 2 10 18 26 17 33
#c 6 1 3 1 4 0 7 3 7 5 6 5 4 3 1 5 0 2 6 4 4 7 5 6 0 4 6 7 0 7 5 1 4 2 0 3 2 1 3 0 2 1 0 0 3
#c 6 1 3 1 4 0 7 3 7 5 6 5 4 3 1 5 0 2 6 4 4 7 5 6 0 4 6 7 0 7 5 1 4 2 0 3 2 1 3 0 2 1 0 0 3
2 1 34 5 9
6 4 24 43 39 42 28 16 11 22 30 15
#c 6 1 3 1 4 0 7 3 7 5 6 5 4 3 1 5 0 2 6 4 4 7 5 6 0 4 6 7 0 7 5 1 4 2 0 3 2 1 3 0 2 1 0 0 3
3 3 3 14 41 38 7 35
3 3 37 1 31 2 44 13
#c 6 1 3 1 4 0 7 3 7 5 6 5 4 3 1 5 0 2 6 4 4 7 5 6 0 4 6 7 0 7 5 1 4 2 0 3 2 1 3 0 2 1 0 0 3
1 1 40 5
3 7 17 36 33 24 34 43 39 42 28 16
#c 6 1 3 1 4 0 7 3 7 5 6 5 4 3 1 5 0 2 6 4 4 7 5 6 0 4 6 7 0 7 5 1 4 2 0 3 2 1 3 0 2 1 0 0 3
1 1 44 31
5 5 2 13 38 7 35 41 37 3 1 14
#c 6 1 3 1 4 0 7 3 7 5 6 5 4 3 1 5 0 2 6 4 4 7 5 6 0 4 6 7 0 7 5 1 4 2 0 3 2 1 3 0 2 1 0 0 3
3 3 20 32 25 43 39 28
3 5 4 12 19 24 34 42 16 5
#c 6 1 3 1 4 0 7 3 7 5 6 5 4 3 1 5 0 2 6 4 4 7 5 6 0 4 6 7 0 7 5 1 4 2 0 3 2 1 3 0 2 1 0 0 3
#c 6 1 3 1 4 0 7 3 7 5 6 5 4 3 1 5 0 2 6 4 4 7 5 6 0 4 6 7 0 7 5 1 4 2 0 3 2 1 3 0 2 1 0 0 3
2 2 10 26 34 16
3 6 23 0 18 24 43 39 42 28 5
#c 6 1 3 1 4 0 7 3 7 5 6 5 4 3 1 5 0 2 6 4 4 7 5 6 0 4 6 7 0 7 5 1 4 2 0 3 2 1 3 0 2 1 0 0 3
1 1 27 7
4 5 6 8 29 21 2 44 13 38 35
#c 6 1 3 1 4 0 7 3 7 5 6 5 4 3 1 5 0 2 6 4 4 7 5 6 0 4 6 7 0 7 5 1 4 2 0 3 2 1 3 0 2 1 0 0 3
3 3 16 24 43 15 11 9
5 2 34 39 42 28 5 22 30
#c 6 1 3 1 4 0 7 3 7 5 6 5 4 3 1 5 0 2 6 4 4 7 5 6 0 4 6 7 0 7 5 1 4 2 0 3 2 1 3 0 2 1 0 0 3
1 1 1 34
5 7 41 37 3 14 31 24 43 39 42 28 16 5
#c 6 1 3 1 4 0 7 3 7 5 6 5 4 3 1 5 0 2 6 4 4 7 5 6 0 4 6 7 0 7 5 1 4 2 0 3 2 1 3 0 2 1 0 0 3
2 2 36 17 5 28
2 6 40 33 24 34 43 39 42 16
#c 6 1 3 1 4 0 7 3 7 5 6 5 4 3 1 5 0 2 6 4 4 7 5 6 0 4 6 7 0 7 5 1 4 2 0 3 2 1 3 0 2 1 0 0 3
3 3 2 44 7 19 4 12
3 3 13 38 35 32 25 20
#c 6 1 3 1 4 0 7 3 7 5 6 5 4 3 1 5 0 2 6 4 4 7 5 6 0 4 6 7 0 7 5 1 4 2 0 3 2 1 3 0 2 1 0 0 3
3 3 12 25 20 9 22 15
3 2 4 32 19 11 30
#c 6 1 3 1 4 0 7 3 7 5 6 5 4 3 1 5 0 2 6 4 4 7 5 6 0 4 6 7 0 7 5 1 4 2 0 3 2 1 3 0 2 1 0 0 3
1 1 30 28
4 7 9 11 22 15 24 34 43 39 42 16 5
#c 6 1 3 1 4 0 7 3 7 5 6 5 4 3 1 5 0 2 6 4 4 7 5 6 0 4 6 7 0 7 5 1 4 2 0 3 2 1 3 0 2 1 0 0 3
#c 6 1 3 1 4 0 7 3 7 5 6 5 4 3 1 5 0 2 6 4 4 7 5 6 0 4 6 7 0 7 5 1 4 2 0 3 2 1 3 0 2 1 0 0 3
1 1 27 16
4 7 6 8 29 21 24 34 43 39 42 28 5
#c 6 1 3 1 4 0 7 3 7 5 6 5 4 3 1 5 0 2 6 4 4 7 5 6 0 4 6 7 0 7 5 1 4 2 0 3 2 1 3 0 2 1 0 0 3
3 3 42 34 28 36 40 33
5 1 24 43 39 16 5 17
#c 6 1 3 1 4 0 7 3 7 5 6 5 4 3 1 5 0 2 6 4 4 7 5 6 0 4 6 7 0 7 5 1 4 2 0 3 2 1 3 0 2 1 0 0 3
#c 6 1 3 1 4 0 7 3 7 5 6 5 4 3 1 5 0 2 6 4 4 7 5 6 0 4 6 7 0 7 5 1 4 2 0 3 2 1 3 0 2 1 0 0 3
2 2 36 17 9 11
2 3 40 33 22 30 15
#c 6 1 3 1 4 0 7 3 7 5 6 5 4 3 1 5 0 2 6 4 4 7 5 6 0 4 6 7 0 7 5 1 4 2 0 3 2 1 3 0 2 1 0 0 3
2 2 35 2 28 5
4 6 44 13 38 7 24 34 43 39 42 16
#c 6 1 3 1 4 0 7 3 7 5 6 5 4 3 1 5 0 2 6 4 4 7 5 6 0 4 6 7 0 7 5 1 4 2 0 3 2 1 3 0 2 1 0 0 3
2 2 19 25 10 26
4 3 4 32 12 20 23 0 18
#c 6 1 3 1 4 0 7 3 7 5 6 5 4 3 1 5 0 2 6 4 4 7 5 6 0 4 6 7 0 7 5 1 4 2 0 3 2 1 3 0 2 1 0 0 3
2 1 30 11 6
3 4 9 22 15 8 29 21 27
#c 6 1 3 1 4 0 7 3 7 5 6 5 4 3 1 5 0 2 6 4 4 7 5 6 0 4 6 7 0 7 5 1 4 2 0 3 2 1 3 0 2 1 0 0 3
1 1 0 12
4 5 10 23 18 26 4 32 19 25 20
#c 6 1 3 1 4 0 7 3 7 5 6 5 4 3 1 5 0 2 6 4 4 7 5 6 0 4 6 7 0 7 5 1 4 2 0 3 2 1 3 0 2 1 0 0 3
2 2 27 21 26 0
3 3 6 8 29 10 23 18
#c 6 1 3 1 4 0 7 3 7 5 6 5 4 3 1 5 0 2 6 4 4 7 5 6 0 4 6 7 0 7 5 1 4 2 0 3 2 1 3 0 2 1 0 0 3
#c 6 1 3 1 4 0 7 3 7 5 6 5 4 3 1 5 0 2 6 4 4 7 5 6 0 4 6 7 0 7 5 1 4 2 0 3 2 1 3 0 2 1 0 0 3
#c 6 1 3 1 4 0 7 3 7 5 6 5 4 3 1 5 0 2 6 4 4 7 5 6 0 4 6 7 0 7 5 1 4 2 0 3 2 1 3 0 2 1 0 0 3
1 1 33 6
3 4 40 17 36 8 29 21 27
#c 6 1 3 1 4 0 7 3 7 5 6 5 4 3 1 5 0 2 6 4 4 7 5 6 0 4 6 7 0 7 5 1 4 2 0 3 2 1 3 0 2 1 0 0 3
3 3 38 44 2 0 10 23
3 2 13 7 35 18 26
#c 6 1 3 1 4 0 7 3 7 5 6 5 4 3 1 5 0 2 6 4 4 7 5 6 0 4 6 7 0 7 5 1 4 2 0 3 2 1 3 0 2 1 0 0 3
3 3 4 32 19 29 27 8
3 2 12 25 20 6 21
#c 6 1 3 1 4 0 7 3 7 5 6 5 4 3 1 5 0 2 6 4 4 7 5 6 0 4 6 7 0 7 5 1 4 2 0 3 2 1 3 0 2 1 0 0 3
2 2 15 30 39 34
3 6 9 11 22 24 43 42 28 16 5
#c 6 1 3 1 4 0 7 3 7 5 6 5 4 3 1 5 0 2 6 4 4 7 5 6 0 4 6 7 0 7 5 1 4 2 0 3 2 1 3 0 2 1 0 0 3
2 2 18 26 31 41
3 4 10 23 0 37 3 1 14
#c 6 1 3 1 4 0 7 3 7 5 6 5 4 3 1 5 0 2 1 4 4 7 5 6 0 4 1 7 0 7 5 6 4 2 0 3 2 1 3 0 2 6 0 0 3
1 1 8 19
4 5 6 29 21 27 4 32 12 25 20
#c 6 1 3 1 4 0 7 3 7 5 6 5 4 3 1 5 0 2 1 4 4 7 5 6 0 4 1 7 0 7 5 6 4 2 0 3 2 1 3 0 2 6 0 0 3
3 3 43 16 5 4 20 25
5 3 24 34 39 42 28 32 12 19
#c 6 1 3 1 4 0 7 3 7 5 6 5 4 3 1 5 0 2 1 4 4 7 5 6 0 4 1 7 0 7 5 6 4 2 0 3 2 1 3 0 2 6 0 0 3
3 3 3 1 37 2 13 35
3 3 14 18 26 44 38 7
#c 6 1 3 1 4 0 7 3 7 5 6 5 4 3 1 5 0 2 1 4 4 7 5 6 0 4 1 7 0 7 5 6 4 2 0 3 2 1 3 0 2 6 0 0 3
2 2 33 40 31 41
#c 6 1 3 1 4 0 7 3 7 5 6 5 4 3 1 5 0 2 1 4 4 7 5 6 0 4 1 7 0 7 5 6 4 2 0 3 2 1 3 0 2 6 0 0 3
2 2 38 7 14 3
4 4 2 44 13 35 37 1 18 26
#c 6 1 3 1 4 0 7 3 7 5 6 5 4 3 1 5 0 2 1 4 4 7 5 6 0 4 1 7 0 7 5 6 4 2 0 3 2 1 3 0 2 6 0 0 3
#c 6 1 3 1 4 0 7 3 7 5 6 5 4 3 1 5 0 2 1 4 4 7 5 6 0 4 1 7 0 7 5 6 4 2 0 3 2 1 3 0 2 6 0 0 3
2 2 15 11 25 20
3 4 9 22 30 4 32 12 19
#c 6 1 3 1 4 0 7 3 7 5 6 5 4 3 1 5 0 2 1 4 4 7 5 6 0 4 1 7 0 7 5 6 4 2 0 3 2 1 3 0 2 6 0 0 3
2 2 23 41 33 40
3 2 10 0 31 17 36
#c 6 1 3 1 4 0 7 3 7 5 6 5 4 3 1 5 0 2 1 4 4 7 5 6 0 4 1 7 0 7 5 6 4 2 0 3 2 1 3 0 2 6 0 0 3
#c 6 1 3 1 4 0 7 3 7 5 6 5 4 3 1 5 0 2 1 4 4 7 5 6 0 4 1 7 0 7 5 6 4 2 0 3 2 1 3 0 2 6 0 0 3
3 3 39 42 28 29 21 8
5 2 24 34 43 16 5 6 27
#c 6 1 3 1 4 0 7 3 7 5 6 5 4 3 1 5 0 2 1 4 4 7 5 6 0 4 1 7 0 7 5 6 4 2 0 3 2 1 3 0 2 6 0 0 3
1 1 37 17
5 3 3 1 14 18 26 40 36 33
#c 6 1 3 1 4 0 7 3 7 5 6 5 4 3 1 5 0 2 1 4 4 7 5 6 0 4 1 7 0 7 5 6 4 2 0 3 2 1 3 0 2 6 0 0 3
#c 6 1 3 1 4 0 7 3 7 5 6 5 4 3 1 5 0 2 1 4 4 7 5 6 0 4 1 7 0 7 5 6 4 2 0 3 2 1 3 0 2 6 0 0 3
3 1 44 35 13 22
3 4 2 38 7 9 11 30 15
#c 6 1 3 1 4 0 7 3 7 5 6 5 4 3 1 5 0 2 1 4 4 7 5 6 0 4 1 7 0 7 5 6 4 2 0 3 2 1 3 0 2 6 0 0 3
5 5 4 32 12 19 25 2 44 38 7 35
#c 6 1 3 1 4 0 7 3 7 5 6 5 4 3 1 5 0 2 1 4 4 7 5 6 0 4 1 7 0 7 5 6 4 2 0 3 2 1 3 0 2 6 0 0 3
2 2 22 15 27 29
3 3 9 11 30 6 8 21
#c 6 1 3 1 4 0 7 3 7 5 6 5 4 3 1 5 0 2 1 4 4 7 5 6 0 4 1 7 0 7 5 6 4 2 0 3 2 1 3 0 2 6 0 0 3
1 3 31 6 29 8
4 2 10 23 0 41 21 27
#c 6 1 3 1 4 0 7 3 7 5 6 5 4 3 1 5 0 2 1 4 4 7 5 6 0 4 1 7 0 7 5 6 4 2 0 3 2 1 3 0 2 6 0 0 3
2 2 27 6 40 33
3 2 8 29 21 17 36
#c 6 1 3 1 4 0 7 3 7 5 6 5 4 3 1 5 0 2 1 4 4 7 5 6 0 4 1 7 0 7 5 6 4 2 0 3 2 1 3 0 2 6 0 0 3
4 4 24 16 39 5 37 1 18 26
4 2 34 43 42 28 3 14
#c 6 1 3 1 4 0 7 3 7 5 6 5 4 3 1 5 0 2 1 4 4 7 5 6 0 4 1 7 0 7 5 6 4 2 0 3 2 1 3 0 2 6 0 0 3
1 1 14 21
5 4 37 3 1 18 26 6 8 29 27
#c 6 1 3 1 4 0 7 3 7 5 6 5 4 3 1 5 0 2 1 4 4 7 5 6 0 4 1 7 0 7 5 6 4 2 0 3 2 1 3 0 2 6 0 0 3
2 2 33 36 14 3
2 4 40 17 37 1 18 26
#c 6 1 3 1 4 0 7 3 7 5 6 5 4 3 1 5 0 2 1 4 4 7 5 6 0 4 1 7 0 7 5 6 4 2 0 3 2 1 3 0 2 6 0 0 3
2 2 35 2 29 21
4 3 44 13 38 7 6 8 27
#c 6 1 3 1 4 0 7 3 7 5 6 5 4 3 1 5 0 2 1 4 4 7 5 6 0 4 1 7 0 7 5 6 4 2 0 3 2 1 3 0 2 6 0 0 3
3 3 20 25 12 29 21 8
3 2 4 32 19 6 27
#c 6 1 3 1 4 0 7 3 7 5 6 5 4 3 1 5 0 2 1 4 4 7 5 6 0 4 1 7 0 7 5 6 4 2 0 3 2 1 3 0 2 6 0 0 3
2 2 22 9 7 35
3 4 11 30 15 2 44 13 38
#c 6 1 3 1 4 0 7 3 7 5 6 5 4 3 1 5 0 2 1 4 4 7 5 6 0 4 1 7 0 7 5 6 4 2 0 3 2 1 3 0 2 6 0 0 3
2 2 31 23 37 18
3 4 10 0 41 3 1 14 26
#c 6 1 3 1 4 0 7 3 7 5 6 5 4 3 1 5 0 2 1 4 4 7 5 6 0 4 1 7 0 7 5 6 4 2 0 3 2 1 3 0 2 6 0 0 3
2 2 27 6 26 18
3 4 8 29 21 37 3 1 14
#c 6 1 3 1 4 0 7 3 7 5 6 5 4 3 1 5 0 2 1 4 4 7 5 6 0 4 1 7 0 7 5 6 4 2 0 3 2 1 3 0 2 6 0 0 3
1 1 43 18
7 5 24 34 39 42 28 16 5 37 3 1 14 26
#c 6 1 3 1 4 0 7 3 7 5 6 5 4 3 1 5 0 2 1 4 4 7 5 6 0 4 1 7 0 7 5 6 4 2 0 3 2 1 3 0 2 6 0 0 3
3 3 1 14 37 41 10 23
3 2 3 18 26 0 31
#c 6 1 3 1 4 0 7 3 7 5 6 5 4 3 1 5 0 2 1 4 4 7 5 6 0 4 1 7 0 7 5 6 4 2 0 3 2 1 3 0 2 6 0 0 3
2 2 33 40 7 44
2 4 17 36 2 13 38 35
#c 6 1 3 1 4 0 7 3 7 5 6 5 4 3 1 5 0 2 1 4 4 7 5 6 0 4 1 7 0 7 5 6 4 2 0 3 2 1 3 0 2 6 0 0 3
1 1 2 29
5 4 44 13 38 7 35 6 8 21 27
#c 6 1 3 1 4 0 7 3 7 5 6 5 4 3 1 5 0 2 1 4 4 7 5 6 0 4 1 7 0 7 5 6 4 2 0 3 2 1 3 0 2 6 0 0 3
#c 6 1 3 1 4 0 7 3 7 5 6 5 4 3 1 5 0 2 1 4 4 7 5 6 0 4 1 7 0 7 5 6 4 2 0 3 2 1 3 0 2 6 0 0 3
1 1 22 1
4 5 9 11 30 15 37 3 14 18 26
#c 6 1 3 1 4 0 7 3 7 5 6 5 4 3 1 5 0 2 1 4 4 7 5 6 0 4 1 7 0 7 5 6 4 2 0 3 2 1 3 0 2 6 0 0 3
2 2 23 10 43 28
3 6 0 31 41 24 34 39 42 16 5
#c 6 1 3 1 4 0 7 3 7 5 6 5 4 3 1 5 0 2 1 4 4 7 5 6 0 4 1 7 0 7 5 6 4 2 0 3 2 1 3 0 2 6 0 0 3
2 2 8 27 2 44
3 4 6 29 21 13 38 7 35
#c 6 1 3 1 4 0 7 3 7 5 6 5 4 3 1 5 0 2 1 4 4 7 5 6 0 4 1 7 0 7 5 6 4 2 0 3 2 1 3 0 2 6 0 0 3
3 3 34 42 28 22 15 9
5 2 24 43 39 16 5 11 30
#c 6 1 3 1 4 0 7 3 7 5 6 5 4 3 1 5 0 2 1 4 4 7 5 6 0 4 1 7 0 7 5 6 4 2 0 3 2 1 3 0 2 6 0 0 3
5 5 37 3 1 14 18 32 12 19 25 20
#c 6 1 3 1 4 0 7 3 7 5 6 5 4 3 1 5 0 2 1 4 4 7 5 6 0 4 1 7 0 7 5 6 4 2 0 3 2 1 3 0 2 6 0 0 3
#c 6 1 3 1 4 0 7 3 7 5 6 5 4 3 1 5 0 2 1 4 4 7 5 6 0 4 1 7 0 7 5 6 4 2 0 3 2 1 3 0 2 6 0 0 3
1 1 13 22
5 4 2 44 38 7 35 9 11 30 15
#c 6 1 3 1 4 0 7 3 7 5 6 5 4 3 1 5 0 2 1 4 4 7 5 6 0 4 1 7 0 7 5 6 4 2 0 3 2 1 3 0 2 6 0 0 3
2 2 12 25 23 0
4 3 4 32 19 20 10 31 41
#c 6 1 3 1 4 0 7 3 7 5 6 5 4 3 1 5 0 2 1 4 4 7 5 6 0 4 1 7 0 7 5 6 4 2 0 3 2 1 3 0 2 6 0 0 3
1 2 9 14 3
4 4 11 22 30 15 37 1 18 26
#c 6 1 3 1 4 0 7 3 7 5 6 5 4 3 1 5 0 2 1 4 4 7 5 6 0 4 1 7 0 7 5 6 4 2 0 3 2 1 3 0 2 6 0 0 3
2 2 23 41 37 3
3 4 10 0 31 1 14 18 26
#c 6 1 3 1 4 0 7 3 7 5 6 5 4 3 1 5 0 2 1 4 4 7 5 6 0 4 1 7 0 7 5 6 4 2 0 3 2 1 3 0 2 6 0 0 3
2 2 21 27 7 13
3 4 6 8 29 2 44 38 35
#c 6 1 3 1 4 0 7 3 7 5 6 5 4 3 1 5 0 2 1 4 4 7 5 6 0 4 1 7 0 7 5 6 4 2 0 3 2 1 3 0 2 6 0 0 3
#c 6 1 3 1 4 0 7 3 7 5 6 5 4 3 1 5 0 2 1 4 4 7 5 6 0 4 1 7 0 7 5 6 4 2 0 3 2 1 3 0 2 6 0 0 3
2 2 26 1 22 11
4 3 37 3 14 18 9 30 15
#c 6 1 3 1 4 0 7 3 7 5 6 5 4 3 1 5 0 2 1 4 4 7 5 6 0 4 1 7 0 7 5 6 4 2 0 3 2 1 3 0 2 6 0 0 3
2 2 33 17 31 23
2 3 40 36 10 0 41
#c 6 1 3 1 4 0 7 3 7 5 6 5 4 3 1 5 0 2 1 4 4 7 5 6 0 4 1 7 0 7 5 6 4 2 0 3 2 1 3 0 2 6 0 0 3
3 3 13 38 7 10 41 31
3 2 2 44 35 23 0
#c 6 1 3 1 4 0 7 3 7 5 6 5 4 3 1 5 0 2 1 4 4 7 5 6 0 4 1 7 0 7 5 6 4 2 0 3 2 1 3 0 2 6 0 0 3
2 2 20 32 38 2
4 4 4 12 19 25 44 13 7 35
#c 6 1 3 1 4 0 7 3 7 5 6 5 4 3 1 5 0 2 1 4 4 7 5 6 0 4 1 7 0 7 5 6 4 2 0 3 2 1 3 0 2 6 0 0 3
1 1 30 25
4 5 9 11 22 15 4 32 12 19 20
#c 6 1 3 1 4 0 7 3 7 5 6 5 4 3 1 5 0 2 1 4 4 7 5 6 0 4 1 7 0 7 5 6 4 2 0 3 2 1 3 0 2 6 0 0 3
2 2 41 0 28 43
3 6 10 23 31 24 34 39 42 16 5
#c 6 1 3 1 4 0 7 3 7 5 6 5 4 3 1 5 0 2 1 4 4 7 5 6 0 4 1 7 0 7 5 6 4 2 0 3 2 1 3 0 2 6 0 0 3
2 2 6 21 15 30
3 3 8 29 27 9 11 22
#c 6 1 3 1 4 0 7 3 7 5 6 5 4 3 1 5 0 2 1 4 4 7 5 6 0 4 1 7 0 7 5 6 4 2 0 3 2 1 3 0 2 6 0 0 3
2 2 5 39 6 27
6 3 24 34 43 42 28 16 8 29 21
#c 6 1 3 1 4 0 7 3 7 5 6 5 4 3 1 5 0 2 1 4 4 7 5 6 0 4 1 7 0 7 5 6 4 2 0 3 2 1 3 0 2 6 0 0 3
3 3 37 26 18 44 7 13
3 3 3 1 14 2 38 35
#c 6 1 3 1 4 0 7 3 7 5 6 5 4 3 1 5 0 2 1 4 4 7 5 6 0 4 1 7 0 7 5 6 4 2 0 3 2 1 3 0 2 6 0 0 3
#c 6 1 3 1 4 0 7 3 7 5 6 5 4 3 1 5 0 2 1 4 4 7 5 6 0 4 1 7 0 7 5 6 4 2 0 3 2 1 3 0 2 6 0 0 3
#c 6 1 3 1 4 0 7 3 7 5 6 5 4 3 1 5 0 2 1 4 4 7 5 6 0 4 1 7 0 7 5 6 4 2 0 3 2 1 3 0 2 6 0 0 3
#c 6 1 3 1 4 0 7 3 7 5 6 5 4 3 1 5 0 2 1 4 4 7 5 6 0 4 1 7 0 7 5 6 4 2 0 3 2 1 3 0 2 6 0 0 3
#c 6 1 3 1 4 0 7 3 7 5 6 5 4 3 1 5 0 2 1 4 4 7 5 6 0 4 1 7 0 7 5 6 4 2 0 3 2 1 3 0 2 6 0 0 3
2 2 23 41 7 13
3 4 10 0 31 2 44 38 35
#c 6 1 3 1 4 0 7 3 7 5 6 5 4 3 1 5 0 2 1 4 4 7 5 6 0 4 1 7 0 7 5 6 4 2 0 3 2 1 3 0 2 6 0 0 3
2 2 27 21 10 0
3 3 6 8 29 23 31 41
#c 6 1 3 1 4 0 7 3 7 5 6 5 4 3 1 5 0 2 1 4 4 7 5 6 0 4 1 7 0 7 5 6 4 2 0 3 2 1 3 0 2 6 0 0 3
1 1 24 8
7 4 34 43 39 42 28 16 5 6 29 21 27
#c 6 1 3 1 4 0 7 3 7 5 6 5 4 3 1 5 0 2 1 4 4 7 5 6 0 4 1 7 0 7 5 6 4 2 0 3 2 1 3 0 2 6 0 0 3
3 3 18 14 1 16 42 5
3 5 37 3 26 24 34 43 39 28
#c 6 1 3 1 4 0 7 3 7 5 6 5 4 3 1 5 0 2 1 4 4 7 5 6 0 4 1 7 0 7 5 6 4 2 0 3 2 1 3 0 2 6 0 0 3
2 2 33 36 37 14
2 4 40 17 3 1 18 26
#c 6 1 3 1 4 0 7 3 7 5 6 5 4 3 1 5 0 2 1 4 4 7 5 6 0 4 1 7 0 7 5 6 4 2 0 3 2 1 3 0 2 6 0 0 3
2 2 7 38 31 23
4 3 2 44 13 35 10 0 41
#c 6 1 3 1 4 0 7 3 7 5 6 5 4 3 1 5 0 2 1 4 4 7 5 6 0 4 1 7 0 7 5 6 4 2 0 3 2 1 3 0 2 6 0 0 3
2 3 12 4 8 29 27
4 2 32 19 25 20 6 21
#c 6 1 3 1 4 0 7 3 7 5 6 5 4 3 1 5 0 2 1 4 4 7 5 6 0 4 1 7 0 7 5 6 4 2 0 3 2 1 3 0 2 6 0 0 3
2 2 22 15 32 19
3 4 9 11 30 4 12 25 20
#c 6 1 3 1 4 0 7 3 7 5 6 5 4 3 1 5 0 2 1 4 4 7 5 6 0 4 1 7 0 7 5 6 4 2 0 3 2 1 3 0 2 6 0 0 3
1 1 23 7
4 5 10 0 31 41 2 44 13 38 35
#c 6 1 3 1 4 0 7 3 7 5 6 5 4 3 1 5 0 2 1 4 4 7 5 6 0 4 1 7 0 7 5 6 4 2 0 3 2 1 3 0 2 6 0 0 3
4 5 6 29 21 27 4 32 19 25 20
#c 6 1 3 1 4 0 7 3 7 5 6 5 4 3 1 5 0 2 1 4 4 7 5 6 0 4 1 7 0 7 5 6 4 2 0 3 2 1 3 0 2 6 0 0 3
3 3 24 42 39 15 11 22
5 2 34 43 28 16 5 9 30
#c 6 1 3 1 4 0 7 3 7 5 6 5 4 3 1 5 0 2 1 4 4 7 5 6 0 4 1 7 0 7 5 6 4 2 0 3 2 1 3 0 2 6 0 0 3
1 1 3 30
5 4 37 1 14 18 26 9 11 22 15
#c 6 1 3 1 4 0 7 3 7 5 6 5 4 3 1 5 0 2 1 4 4 7 5 6 0 4 1 7 0 7 5 6 4 2 0 3 2 1 3 0 2 6 0 0 3
2 2 33 17 10 41
2 3 40 36 23 0 31
#c 6 1 3 1 4 0 7 3 7 5 6 5 4 3 1 5 0 2 1 4 4 7 5 6 0 4 1 7 0 7 5 6 4 2 0 3 2 1 3 0 2 6 0 0 3
1 1 7 36
5 3 2 44 13 38 35 40 17 33
#c 6 1 3 1 4 0 7 3 7 5 6 5 4 3 1 5 0 2 1 4 4 7 5 6 0 4 1 7 0 7 5 6 4 2 0 3 2 1 3 0 2 6 0 0 3
2 2 20 12 0 41
4 3 4 32 19 25 10 23 31
#c 6 1 3 1 4 0 7 3 7 5 6 5 4 3 1 5 0 2 1 4 4 7 5 6 0 4 1 7 0 7 5 6 4 2 0 3 2 1 3 0 2 6 0 0 3
4 4 9 11 22 30 6 8 29 27
#c 6 1 3 1 4 0 7 3 7 5 6 5 4 3 1 5 0 2 1 4 4 7 5 6 0 4 1 7 0 7 5 6 4 2 0 3 2 1 3 0 2 6 0 0 3
2 2 0 10 7 38
3 4 23 31 41 2 44 13 35
#c 6 1 3 1 4 0 7 3 7 5 6 5 4 3 1 5 0 2 1 4 4 7 5 6 0 4 1 7 0 7 5 6 4 2 0 3 2 1 3 0 2 6 0 0 3
#c 6 1 3 1 4 0 7 3 7 5 6 5 4 3 1 5 0 2 1 4 4 7 5 6 0 4 1 7 0 7 5 6 4 2 0 3 2 1 3 0 2 6 0 0 3
#c 6 1 3 1 4 0 7 3 7 5 6 5 4 3 1 5 0 2 1 4 4 7 5 6 0 4 1 7 0 7 5 6 4 2 0 3 2 1 3 0 2 6 0 0 3
2 4 37 18 22 30 15 11
4 1 3 1 14 26 9
#c 6 1 3 1 4 0 7 3 7 5 6 5 4 3 1 5 0 2 1 4 4 7 5 6 0 4 1 7 0 7 5 6 4 2 0 3 2 1 3 0 2 6 0 0 3
2 2 33 36 30 9
2 3 40 17 11 22 15
#c 6 1 3 1 4 0 7 3 7 5 6 5 4 3 1 5 0 2 1 4 4 7 5 6 0 4 1 7 0 7 5 6 4 2 0 3 2 1 3 0 2 6 0 0 3
2 2 35 2 31 10
4 3 44 13 38 7 23 0 41
#c 6 1 3 1 4 0 7 3 7 5 6 5 4 3 1 5 0 2 1 4 4 7 5 6 0 4 1 7 0 7 5 6 4 2 0 3 2 1 3 0 2 6 0 0 3
1 1 20 26
5 5 4 32 12 19 25 37 3 1 14 18
#c 6 1 3 1 4 0 7 3 7 5 6 5 4 3 1 5 0 2 1 4 4 7 5 6 0 4 1 7 0 7 5 6 4 2 0 3 2 1 3 0 2 6 0 0 3
#c 6 1 3 1 4 0 7 3 7 5 6 5 4 3 1 5 0 2 1 4 4 7 5 6 0 4 1 7 0 7 5 6 4 2 0 3 2 1 3 0 2 6 0 0 3
#c 6 1 3 1 4 0 7 3 7 5 6 5 4 3 1 5 0 2 1 4 4 7 5 6 0 4 1 7 0 7 5 6 4 2 0 3 2 1 3 0 2 6 0 0 3
#c 6 1 3 1 4 0 7 3 7 5 6 5 4 3 1 5 0 2 1 4 4 7 5 6 0 4 1 7 0 7 5 6 4 2 0 3 2 1 3 0 2 6 0 0 3
3 3 5 43 28 22 11 15
5 2 24 34 39 42 16 9 30
#c 6 1 3 1 4 0 7 3 7 5 6 5 4 3 1 5 0 2 1 4 4 7 5 6 0 4 1 7 0 7 5 6 4 2 0 3 2 1 3 0 2 6 0 0 3
1 1 14 5
5 7 37 3 1 18 26 24 34 43 39 42 28 16
#c 6 1 3 1 4 0 7 3 7 5 6 5 4 3 1 5 0 2 1 4 4 7 5 6 0 4 1 7 0 7 5 6 4 2 0 3 2 1 3 0 2 6 0 0 3
2 3 40 33 15 9 30
2 2 17 36 11 22
#c 6 1 3 1 4 0 7 3 7 5 6 5 4 3 1 5 0 2 1 4 4 7 5 6 0 4 1 7 0 7 5 6 4 2 0 3 2 1 3 0 2 6 0 0 3
1 1 35 3
5 5 2 44 13 38 7 37 1 14 18 26
#c 6 1 3 1 4 0 7 3 7 5 6 5 4 3 1 5 0 2 1 4 4 7 5 6 0 4 1 7 0 7 5 6 4 2 0 3 2 1 3 0 2 6 0 0 3
1 1 25 44
5 5 4 32 12 19 20 2 13 38 7 35
#c 6 1 3 1 4 0 7 3 7 5 6 5 4 3 1 5 0 2 1 4 4 7 5 6 0 4 1 7 0 7 5 6 4 2 0 3 2 1 3 0 2 6 0 0 3
2 2 30 22 36 40
3 2 9 11 15 17 33
#c 6 1 3 1 4 0 7 3 7 5 6 5 4 3 1 5 0 2 1 4 4 7 5 6 0 4 1 7 0 7 5 6 4 2 0 3 2 1 3 0 2 6 0 0 3
2 2 23 41 44 7
3 4 10 0 31 2 13 38 35
#c 6 1 3 1 4 0 7 3 7 5 6 5 4 3 1 5 0 2 1 4 4 7 5 6 0 4 1 7 0 7 5 6 4 2 0 3 2 1 3 0 2 6 0 0 3
1 1 29 9
4 4 6 8 21 27 11 22 30 15
#c 6 1 3 1 4 0 7 3 7 5 6 5 4 3 1 5 0 2 1 4 4 7 5 6 0 4 1 7 0 7 5 6 4 2 0 3 2 1 3 0 2 6 0 0 3
2 2 43 39 22 15
6 3 24 34 42 28 16 5 9 11 30
#c 6 1 3 1 4 0 7 3 7 5 6 5 4 3 1 5 0 2 1 4 4 7 5 6 0 4 1 7 0 7 5 6 4 2 0 3 2 1 3 0 2 6 0 0 3
1 1 18 22
5 4 37 3 1 14 26 9 11 30 15
#c 6 1 3 1 4 0 7 3 7 5 6 5 4 3 1 5 0 2 1 4 4 7 5 6 0 4 1 7 0 7 5 6 4 2 0 3 2 1 3 0 2 6 0 0 3
2 2 33 36 24 39
2 6 40 17 34 43 42 28 16 5
#c 6 1 3 1 4 0 7 3 7 5 6 5 4 3 1 5 0 2 1 4 4 7 5 6 0 4 1 7 0 7 5 6 4 2 0 3 2 1 3 0 2 6 0 0 3
3 4 13 38 35 9 15 11 22
3 1 2 44 7 30
#c 6 1 3 1 4 0 7 3 7 5 6 5 4 3 1 5 0 2 1 4 4 7 5 6 0 4 1 7 0 7 5 6 4 2 0 3 2 1 3 0 2 6 0 0 3
2 2 32 12 6 8
4 3 4 19 25 20 29 21 27
#c 6 1 3 1 4 0 7 3 7 5 6 5 4 3 1 5 0 2 1 4 4 7 5 6 0 4 1 7 0 7 5 6 4 2 0 3 2 1 3 0 2 6 0 0 3
#c 6 1 3 1 4 0 7 3 7 5 6 5 4 3 1 5 0 2 1 4 4 7 5 6 0 4 1 7 0 7 5 6 4 2 0 3 2 1 3 0 2 6 0 0 3
1 1 41 11
4 4 10 23 0 31 9 22 30 15
#c 6 1 3 1 4 0 7 3 7 5 6 5 4 3 1 5 0 2 1 4 4 7 5 6 0 4 1 7 0 7 5 6 4 2 0 3 2 1 3 0 2 6 0 0 3
2 2 6 8 39 16
3 6 29 21 27 24 34 43 42 28 5
#c 6 1 3 1 4 0 7 3 7 5 6 5 4 3 1 5 0 2 1 4 4 7 5 6 0 4 1 7 0 7 5 6 4 2 0 3 2 1 3 0 2 6 0 0 3
3 3 42 5 34 33 17 40
5 1 24 43 39 28 16 36
#c 6 1 3 1 4 0 7 3 7 5 6 5 4 3 1 5 0 2 1 4 4 7 5 6 0 4 1 7 0 7 5 6 4 2 0 3 2 1 3 0 2 6 0 0 3
1 1 3 32
5 5 37 1 14 18 26 4 12 19 25 20
#c 6 1 3 1 4 0 7 3 7 5 6 5 4 3 1 5 0 2 1 4 4 7 5 6 0 4 1 7 0 7 5 6 4 2 0 3 2 1 3 0 2 6 0 0 3
2 2 17 36 37 1
2 4 40 33 3 14 18 26
#c 6 1 3 1 4 0 7 3 7 5 6 5 4 3 1 5 0 2 1 4 4 7 5 6 0 4 1 7 0 7 5 6 4 2 0 3 2 1 3 0 2 6 0 0 3
#c 6 1 3 1 4 0 7 3 7 5 6 5 4 3 1 5 0 2 1 4 4 7 5 6 0 4 1 7 0 7 5 6 4 2 0 3 2 1 3 0 2 6 0 0 3
2 2 19 32 39 28
4 6 4 12 25 20 24 34 43 42 16 5
#c 6 1 3 1 4 0 7 3 7 5 6 5 4 3 1 5 0 2 1 4 4 7 5 6 0 4 1 7 0 7 5 6 4 2 0 3 2 1 3 0 2 6 0 0 3
2 1 22 9 36
3 3 11 30 15 40 17 33
#c 6 1 3 1 4 0 7 3 7 5 6 5 4 3 1 5 0 2 1 4 4 7 5 6 0 4 1 7 0 7 5 6 4 2 0 3 2 1 3 0 2 6 0 0 3
2 2 23 31 7 13
3 4 10 0 41 2 44 38 35
#c 6 1 3 1 4 0 7 3 7 5 6 5 4 3 1 5 0 2 1 4 4 7 5 6 0 4 1 7 0 7 5 6 4 2 0 3 2 1 3 0 2 6 0 0 3
2 2 6 27 15 22
3 3 8 29 21 9 11 30
#c 6 1 3 1 4 0 7 3 7 5 6 5 4 3 1 5 0 2 1 4 4 7 5 6 0 4 1 7 0 7 5 6 4 2 0 3 2 1 3 0 2 6 0 0 3
3 3 16 28 5 44 2 35
5 3 24 34 43 39 42 13 38 7
#c 6 1 3 1 4 0 7 3 7 5 6 5 4 3 1 5 0 2 1 4 4 7 5 6 0 4 1 7 0 7 5 6 4 2 0 3 2 1 3 0 2 6 0 0 3
3 3 26 37 3 10 23 41
3 2 1 14 18 0 31
#c 6 1 3 1 4 0 7 3 7 5 6 5 4 3 1 5 0 2 1 4 4 7 5 6 0 4 1 7 0 7 5 6 4 2 0 3 2 1 3 0 2 6 0 0 3
2 2 40 36 10 31
2 3 17 33 23 0 41
#c 6 1 3 1 4 0 7 3 7 5 6 5 4 3 1 5 0 2 1 4 4 7 5 6 0 4 1 7 0 7 5 6 4 2 0 3 2 1 3 0 2 6 0 0 3
2 2 38 44 22 15
4 3 2 13 7 35 9 11 30
#c 6 1 3 1 4 0 7 3 7 5 6 5 4 3 1 5 0 2 1 4 4 7 5 6 0 4 1 7 0 7 5 6 4 2 0 3 2 1 3 0 2 6 0 0 3
3 3 32 20 4 33 36 17
3 1 12 19 25 40
#c 6 1 3 1 4 0 7 3 7 5 6 5 4 3 1 5 0 2 1 4 4 7 5 6 0 4 1 7 0 7 5 6 4 2 0 3 2 1 3 0 2 6 0 0 3
2 2 15 9 12 20
3 4 11 22 30 4 32 19 25
#c 6 1 3 1 4 0 7 3 7 5 6 5 4 3 1 5 0 2 1 4 4 7 5 6 0 4 1 7 0 7 5 6 4 2 0 3 2 1 3 0 2 6 0 0 3
1 1 23 39
4 7 10 0 31 41 24 34 43 42 28 16 5
#c 6 1 3 1 4 0 7 3 7 5 6 5 4 3 1 5 0 2 1 4 4 7 5 6 0 4 1 7 0 7 5 6 4 2 0 3 2 1 3 0 2 6 0 0 3
2 2 27 8 38 44
3 4 6 29 21 2 13 7 35
#c 6 1 3 1 4 0 7 3 7 5 6 5 4 3 1 5 0 2 1 4 4 7 5 6 0 4 1 7 0 7 5 6 4 2 0 3 2 1 3 0 2 6 0 0 3
3 5 5 16 28 4 19 32 12 20
5 1 24 34 43 39 42 25
#c 6 1 3 1 4 0 7 3 7 5 6 5 4 3 1 5 0 2 1 4 4 7 5 6 0 4 1 7 0 7 5 6 4 2 0 3 2 1 3 0 2 6 0 0 3
3 3 37 18 26 15 30 22
3 2 3 1 14 9 11
#c 6 1 3 1 4 0 7 3 7 5 6 5 4 3 1 5 0 2 1 4 4 7 5 6 0 4 1 7 0 7 5 6 4 2 0 3 2 1 3 0 2 6 0 0 3
#c 6 1 3 1 4 0 7 3 7 5 6 5 4 3 1 5 0 2 1 4 4 7 5 6 0 4 1 7 0 7 5 6 4 2 0 3 2 1 3 0 2 6 0 0 3
2 2 35 44 36 33
4 2 2 13 38 7 40 17
#c 6 1 3 1 4 0 7 3 7 5 6 5 4 3 1 5 0 2 1 4 4 7 5 6 0 4 1 7 0 7 5 6 4 2 0 3 2 1 3 0 2 6 0 0 3
3 5 20 12 4 1 18 37 14 26
3 1 32 19 25 3
#c 6 1 3 1 4 0 7 3 7 5 6 5 4 3 1 5 0 2 1 4 4 7 5 6 0 4 1 7 0 7 5 6 4 2 0 3 2 1 3 0 2 6 0 0 3
2 2 22 9 29 21
3 3 11 30 15 6 8 27
#c 6 1 3 1 4 0 7 3 7 5 6 5 4 3 1 5 0 2 1 4 4 7 5 6 0 4 1 7 0 7 5 6 4 2 0 3 2 1 3 0 2 6 0 0 3
#c 6 1 3 1 4 0 7 3 7 5 6 5 4 3 1 5 0 2 1 4 4 7 5 6 0 4 1 7 0 7 5 6 4 2 0 3 2 1 3 0 2 6 0 0 3
1 2 6 17 40
4 2 8 29 21 27 36 33
#c 6 1 3 1 4 0 7 3 7 5 6 5 4 3 1 5 0 2 1 4 4 7 5 6 0 4 1 7 0 7 5 6 4 2 0 3 2 1 3 0 2 6 0 0 3
2 1 39 24 19
6 5 34 43 42 28 16 5 4 32 12 25 20
#c 6 1 3 1 4 0 7 3 7 5 6 5 4 3 1 5 0 2 1 4 4 7 5 6 0 4 1 7 0 7 5 6 4 2 0 3 2 1 3 0 2 6 0 0 3
1 1 37 5
5 7 3 1 14 18 26 24 34 43 39 42 28 16
#c 6 1 3 1 4 0 7 3 7 5 6 5 4 3 1 5 0 2 1 4 4 7 5 6 0 4 1 7 0 7 5 6 4 2 0 3 2 1 3 0 2 6 0 0 3
1 1 40 32
3 5 17 36 33 4 12 19 25 20
#c 6 1 3 1 4 0 7 3 7 5 6 5 4 3 1 5 0 2 1 4 4 7 5 6 0 4 1 7 0 7 5 6 4 2 0 3 2 1 3 0 2 6 0 0 3
3 3 7 38 13 21 6 8
3 2 2 44 35 29 27
#c 6 1 3 1 4 0 7 3 7 5 6 5 4 3 1 5 0 2 1 4 4 7 5 6 0 4 1 7 0 7 5 6 4 2 0 3 2 1 3 0 2 6 0 0 3
1 1 4 27
5 4 32 12 19 25 20 6 8 29 21
#c 6 1 3 1 4 0 7 3 7 5 6 5 4 3 1 5 0 2 1 4 4 7 5 6 0 4 1 7 0 7 5 6 4 2 0 3 2 1 3 0 2 6 0 0 3
#c 6 1 3 1 4 0 7 3 7 5 6 5 4 3 1 5 0 2 1 4 4 7 5 6 0 4 1 7 0 7 5 6 4 2 0 3 2 1 3 0 2 6 0 0 3
1 1 41 25
4 5 10 23 0 31 4 32 12 19 20
#c 6 1 3 1 4 0 7 3 7 5 6 5 4 3 1 5 0 2 1 4 4 7 5 6 0 4 1 7 0 7 5 6 4 2 0 3 2 1 3 0 2 6 0 0 3
1 1 8 22
4 4 6 29 21 27 9 11 30 15
#c 6 1 3 1 4 0 7 3 7 5 6 5 4 3 1 5 0 2 1 4 4 7 5 6 0 4 1 7 0 7 5 6 4 2 0 3 2 1 3 0 2 6 0 0 3
2 2 16 24 2 38
6 4 34 43 39 42 28 5 44 13 7 35
#c 6 1 3 1 4 0 7 3 7 5 6 5 4 3 1 5 0 2 1 4 4 7 5 6 0 4 1 7 0 7 5 6 4 2 0 3 2 1 3 0 2 6 0 0 3
1 1 26 2
5 5 37 3 1 14 18 44 13 38 7 35
#c 6 1 3 1 4 0 7 3 7 5 6 5 4 3 1 5 0 2 1 4 4 7 5 6 0 4 1 7 0 7 5 6 4 2 0 3 2 1 3 0 2 6 0 0 3
2 2 40 17 31 23
2 3 36 33 10 0 41
#c 6 1 3 1 4 0 7 3 7 5 6 5 4 3 1 5 0 2 1 4 4 7 5 6 0 4 1 7 0 7 5 6 4 2 0 3 2 1 3 0 2 6 0 0 3
3 3 35 2 38 33 17 40
3 1 44 13 7 36
#c 6 1 3 1 4 0 7 3 7 5 6 5 4 3 1 5 0 2 1 4 4 7 5 6 0 4 1 7 0 7 5 6 4 2 0 3 2 1 3 0 2 6 0 0 3
3 2 25 19 12 44 38
3 4 4 32 20 2 13 7 35
#c 6 1 3 1 4 0 7 3 7 5 6 5 4 3 1 5 0 2 1 4 4 7 5 6 0 4 1 7 0 7 5 6 4 2 0 3 2 1 3 0 2 6 0 0 3
2 2 9 11 1 37
3 4 22 30 15 3 14 18 26
#c 6 1 3 1 4 0 7 3 7 5 6 5 4 3 1 5 0 2 1 4 4 7 5 6 0 4 1 7 0 7 5 6 4 2 0 3 2 1 3 0 2 6 0 0 3
4 4 10 23 0 41 9 11 22 30
#c 6 1 3 1 4 0 7 3 7 5 6 5 4 3 1 5 0 2 1 4 4 7 5 6 0 4 1 7 0 7 5 6 4 2 0 3 2 1 3 0 2 6 0 0 3
1 1 8 4
4 5 6 29 21 27 32 12 19 25 20
#c 6 1 3 1 4 0 7 3 7 5 6 5 4 3 1 5 0 2 1 4 4 7 5 6 0 4 1 7 0 7 5 6 4 2 0 3 2 1 3 0 2 6 0 0 3
4 4 34 24 5 43 35 44 7 38
4 2 39 42 28 16 2 13
#c 6 1 3 1 4 0 7 3 7 5 6 5 4 3 1 5 0 2 1 4 4 7 5 6 0 4 1 7 0 7 5 6 4 2 0 3 2 1 3 0 2 6 0 0 3
1 1 26 38
5 5 37 3 1 14 18 2 44 13 7 35
#c 6 1 3 1 4 0 7 3 7 5 6 5 4 3 1 5 0 2 1 4 4 7 5 6 0 4 1 7 0 7 5 6 4 2 0 3 2 1 3 0 2 6 0 0 3
2 2 33 17 1 14
2 4 40 36 37 3 18 26
#c 6 1 3 1 4 0 7 3 7 5 6 5 4 3 1 5 0 2 1 4 4 7 5 6 0 4 1 7 0 7 5 6 4 2 0 3 2 1 3 0 2 6 0 0 3
#c 6 1 3 1 4 0 7 3 7 5 6 5 4 3 1 5 0 2 1 4 4 7 5 6 0 4 1 7 0 7 5 6 4 2 0 3 2 1 3 0 2 6 0 0 3
5 5 32 12 19 25 20 37 3 1 18 26
#c 6 1 3 1 4 0 7 3 7 5 6 5 4 3 1 5 0 2 1 4 4 7 5 6 0 4 1 7 0 7 5 6 4 2 0 3 2 1 3 0 2 6 0 0 3
#c 6 1 3 1 4 0 7 3 7 5 6 5 4 3 1 5 0 2 1 4 4 7 5 6 0 4 1 7 0 7 5 6 4 2 0 3 2 1 3 0 2 6 0 0 3
1 1 10 34
4 7 23 0 31 41 24 43 39 42 28 16 5
#c 6 1 3 1 4 0 7 3 7 5 6 5 4 3 1 5 0 2 1 4 4 7 5 6 0 4 1 7 0 7 5 6 4 2 0 3 2 1 3 0 2 6 0 0 3
2 1 6 27 13
3 5 8 29 21 2 44 38 7 35
#c 6 1 3 1 4 0 7 3 7 5 6 5 4 3 1 5 0 2 1 4 4 7 5 6 0 4 1 7 0 7 5 6 4 2 0 3 2 1 3 0 2 6 0 0 3
4 4 42 34 28 43 21 27 8 6
4 1 24 39 16 5 29
#c 6 1 3 1 4 0 7 3 7 5 6 5 4 3 1 5 0 2 1 4 4 7 5 6 0 4 1 7 0 7 5 6 4 2 0 3 2 1 3 0 2 6 0 0 3
3 3 3 1 26 24 28 43
3 5 37 14 18 34 39 42 16 5
#c 6 1 3 1 4 0 7 3 7 5 6 5 4 3 1 5 0 2 1 4 4 7 5 6 0 4 1 7 0 7 5 6 4 2 0 3 2 1 3 0 2 6 0 0 3
2 2 33 36 16 28
2 6 40 17 24 34 43 39 42 5
#c 6 1 3 1 4 0 7 3 7 5 6 5 4 3 1 5 0 2 1 4 4 7 5 6 0 4 1 7 0 7 5 6 4 2 0 3 2 1 3 0 2 6 0 0 3
2 2 7 35 25 4
4 4 2 44 13 38 32 12 19 20
#c 6 1 3 1 4 0 7 3 7 5 6 5 4 3 1 5 0 2 1 4 4 7 5 6 0 4 1 7 0 7 5 6 4 2 0 3 2 1 3 0 2 6 0 0 3
3 3 12 25 32 3 26 37
3 3 4 19 20 1 14 18
#c 6 1 3 1 4 0 7 3 7 5 6 5 4 3 1 5 0 2 1 4 4 7 5 6 0 4 1 7 0 7 5 6 4 2 0 3 2 1 3 0 2 6 0 0 3
2 2 30 15 16 28
3 6 9 11 22 24 34 43 39 42 5
#c 6 1 3 1 4 0 7 3 7 5 6 5 4 3 1 5 0 2 1 4 4 7 5 6 0 4 1 7 0 7 5 6 4 2 0 3 2 1 3 0 2 6 0 0 3
1 1 41 40
4 3 10 23 0 31 17 36 33
#c 6 1 3 1 4 0 7 3 7 5 6 5 4 3 1 5 0 2 1 4 4 7 5 6 0 4 1 7 0 7 5 6 4 2 0 3 2 1 3 0 2 6 0 0 3
2 2 21 8 0 23
3 3 6 29 27 10 31 41
#c 6 1 3 1 4 0 7 3 7 5 6 5 4 3 1 5 0 2 1 4 4 7 5 6 0 4 1 7 0 7 5 6 4 2 0 3 2 1 3 0 2 6 0 0 3
2 2 42 28 14 37
6 4 24 34 43 39 16 5 3 1 18 26
#c 6 1 3 1 4 0 7 3 7 5 6 5 4 3 1 5 0 2 1 4 4 7 5 6 0 4 1 7 0 7 5 6 4 2 0 3 2 1 3 0 2 6 0 0 3
3 3 3 18 37 17 36 40
3 1 1 14 26 33
#c 6 1 3 1 4 0 7 3 7 5 6 5 4 3 1 5 0 2 1 4 4 7 5 6 0 4 1 7 0 7 5 6 4 2 0 3 2 1 3 0 2 6 0 0 3
1 1 36 0
3 4 40 17 33 10 23 31 41
#c 6 1 3 1 4 0 7 3 7 5 6 5 4 3 1 5 0 2 1 4 4 7 5 6 0 4 1 7 0 7 5 6 4 2 0 3 2 1 3 0 2 6 0 0 3
2 2 7 13 0 41
4 3 2 44 38 35 10 23 31
#c 6 1 3 1 4 0 7 3 7 5 6 5 4 3 1 5 0 2 1 4 4 7 5 6 0 4 1 7 0 7 5 6 4 2 0 3 2 1 3 0 2 6 0 0 3
2 2 4 32 13 2
4 4 12 19 25 20 44 38 7 35
#c 6 1 3 1 4 0 7 3 7 5 6 5 4 3 1 5 0 2 1 4 4 7 5 6 0 4 1 7 0 7 5 6 4 2 0 3 2 1 3 0 2 6 0 0 3
1 2 11 23 10
4 3 9 22 30 15 0 31 41
#c 6 1 3 1 4 0 7 3 7 5 6 5 4 3 1 5 0 2 1 4 4 7 5 6 0 4 1 7 0 7 5 6 4 2 0 3 2 1 3 0 2 6 0 0 3
2 4 10 0 15 30 9 11
3 1 23 31 41 22
#c 6 1 3 1 4 0 7 3 7 5 6 5 4 3 1 5 0 2 1 4 4 7 5 6 0 4 1 7 0 7 5 6 4 2 0 3 2 1 3 0 2 6 0 0 3
#c 6 1 3 1 4 0 7 3 7 5 6 5 4 3 1 5 0 2 1 4 4 7 5 6 0 4 1 7 0 7 5 6 4 2 0 3 2 1 3 0 2 6 0 0 3
#c 6 1 3 1 4 0 7 3 7 5 6 5 4 3 1 5 0 2 1 4 4 7 5 6 0 4 1 7 0 7 5 6 4 2 0 3 2 1 3 0 2 6 0 0 3
1 1 26 23
5 4 37 3 1 14 18 10 0 31 41
#c 6 1 3 1 4 0 7 3 7 5 6 5 4 3 1 5 0 2 1 4 4 7 5 6 0 4 1 7 0 7 5 6 4 2 0 3 2 1 3 0 2 6 0 0 3
1 1 40 37
3 5 17 36 33 3 1 14 18 26
#c 6 1 3 1 4 0 7 3 7 5 6 5 4 3 1 5 0 2 1 4 4 7 5 6 0 4 1 7 0 7 5 6 4 2 0 3 2 1 3 0 2 6 0 0 3
2 2 13 35 36 40
4 2 2 44 38 7 17 33
#c 6 1 3 1 4 0 7 3 7 5 6 5 4 3 1 5 0 2 1 4 4 7 5 6 0 4 1 7 0 7 5 6 4 2 0 3 2 1 3 0 2 6 0 0 3
2 2 19 12 27 29
4 3 4 32 25 20 6 8 21
#c 6 1 3 1 4 0 7 3 7 5 6 5 4 3 1 5 0 2 1 4 4 7 5 6 0 4 1 7 0 7 5 6 4 2 0 3 2 1 3 0 2 6 0 0 3
1 1 30 21
4 4 9 11 22 15 6 8 29 27
#c 6 1 3 1 4 0 7 3 7 5 6 5 4 3 1 5 0 2 1 4 4 7 5 6 0 4 1 7 0 7 5 6 4 2 0 3 2 1 3 0 2 6 0 0 3
1 1 0 29
4 4 10 23 31 41 6 8 21 27
#c 6 1 3 1 4 0 7 3 7 5 6 5 4 3 1 5 0 2 1 4 4 7 5 6 0 4 1 7 0 7 5 6 4 2 0 3 2 1 3 0 2 6 0 0 3
2 2 21 29 32 20
3 4 6 8 27 4 12 19 25
#c 6 1 3 1 4 0 7 3 7 5 6 5 4 3 1 5 0 2 1 4 4 7 5 6 0 4 1 7 0 7 5 6 4 2 0 3 2 1 3 0 2 6 0 0 3
3 3 5 34 43 6 27 29
5 2 24 39 42 28 16 8 21
#c 6 1 3 1 4 0 7 3 7 5 6 5 4 3 1 5 0 2 1 4 4 7 5 6 0 4 1 7 0 7 5 6 4 2 0 3 2 1 3 0 2 6 0 0 3
3 3 18 37 3 19 20 4
6 1 3 1 4 0 7 3 7 5 6 5 4 3 1 5 0 2 1 4 4 7 5 6 0 4 1 7 0 7 5 6 4 2 0 3 2 1 3 0 2 6 0 0 3
