#c 0 1 2 3 4 5 0 1 2 3 4 5 0 1 2 3 4 5 0 1 2 3 4 5 0 1 2 3 4 5 0 1 2 3 4 5 0 1 2 3 4 5 0 1 2 3 4 5 0
2 2 43 13 28 34
6 6 1 7 19 25 31 37 4 10 16 22 40 46
#c 0 1 2 3 4 5 0 1 2 3 4 5 0 4 2 3 4 5 0 1 2 3 4 5 0 1 2 3 1 5 0 1 2 3 1 5 0 1 2 3 4 5 0 4 2 3 4 5 0
3 4 8 32 44 9 15 21 39
5 4 2 14 20 26 38 3 27 33 45
#c 0 1 2 3 4 5 0 1 2 3 4 5 0 4 2 3 4 5 0 1 2 3 4 5 0 1 2 3 1 5 0 1 2 3 1 5 0 1 2 3 4 5 0 4 2 3 4 5 0
2 2 27 21 41 35
6 6 3 9 15 33 39 45 5 11 17 23 29 47
#c 0 1 2 3 4 5 0 1 2 3 4 5 0 4 2 3 4 5 0 1 2 5 4 5 0 1 2 5 1 5 0 1 2 3 1 3 0 1 2 3 4 3 0 4 2 3 4 5 0
#c 0 1 2 3 4 5 0 1 2 3 4 5 0 4 2 3 4 5 0 1 2 5 4 5 0 1 2 5 1 5 0 1 2 3 1 3 0 1 2 3 4 3 0 4 2 3 4 5 0
3 3 23 29 27 37 7 25
5 5 5 11 17 47 21 1 19 31 28 34
#c 0 1 2 3 4 5 0 1 2 3 4 5 0 4 2 3 4 5 0 1 2 5 4 5 0 1 2 5 1 5 0 1 2 3 1 3 0 1 2 3 4 3 0 4 2 3 4 5 0
4 4 30 18 12 0 29 47 27 21
5 4 6 24 36 42 48 5 11 17 23
#c 5 1 2 3 4 5 0 1 2 3 4 5 5 4 2 3 4 5 5 1 2 0 4 5 0 1 2 0 1 0 5 1 2 3 1 3 0 1 2 3 4 3 0 4 2 3 4 0 0
4 3 34 25 28 31 6 42 24
4 6 1 7 19 37 36 48 29 47 27 21
#c 5 1 2 3 4 5 0 1 2 3 4 5 5 4 2 3 4 5 5 1 2 0 4 5 0 1 2 0 1 0 5 1 2 3 1 3 0 1 2 3 4 3 0 4 2 3 4 0 0
3 3 38 20 32 47 21 42
5 6 2 8 14 26 44 6 24 36 48 29 27
#c 5 1 2 3 4 5 0 1 2 3 4 5 5 4 2 3 4 5 5 1 0 2 4 5 0 1 2 0 1 0 5 1 0 3 1 3 0 1 0 3 4 3 2 4 2 3 4 2 0
3 5 39 3 45 11 5 23 18 12
5 3 9 15 33 41 35 17 30 0
#c 5 1 2 3 4 5 0 1 2 3 4 5 5 4 2 3 4 5 5 1 0 2 4 5 0 1 2 0 1 0 5 1 0 3 1 3 0 1 0 3 4 3 2 4 2 3 4 2 0
#c 5 1 2 3 4 5 0 1 2 3 4 5 5 4 2 3 4 5 5 1 0 2 4 5 0 1 2 0 1 0 5 1 0 3 1 3 0 1 0 3 4 3 2 4 2 3 4 2 0
2 2 11 0 13 40
6 6 5 17 23 30 18 12 4 10 16 22 46 43
#c 5 1 2 3 4 5 0 1 2 3 4 5 5 4 2 3 4 5 5 1 0 2 4 5 0 1 2 0 1 0 5 1 0 3 1 3 0 1 0 3 4 3 2 4 2 3 4 2 0
3 3 36 38 48 41 33 9
6 5 6 24 29 27 20 32 3 15 39 45 35
#c 5 1 2 3 4 5 0 1 2 0 4 5 5 4 2 3 4 5 5 1 0 2 4 5 0 1 2 0 1 0 5 1 0 0 1 3 3 1 3 3 4 0 2 4 2 3 4 2 3
#c 5 1 2 3 4 5 0 1 2 0 4 5 5 4 2 3 4 5 5 1 0 2 4 5 0 1 2 0 1 0 5 1 0 0 1 3 3 1 3 3 4 0 2 4 2 3 4 2 3
4 4 14 2 8 44 25 28 34 19
4 4 26 47 21 42 1 7 31 37
#c 5 1 2 3 4 5 0 1 2 0 4 5 5 4 2 3 4 5 5 1 0 2 4 5 0 1 2 0 1 0 5 1 0 0 1 3 3 1 3 3 4 0 2 4 2 3 4 2 3
4 4 48 15 35 38 6 9 27 24
4 5 3 39 45 36 29 20 32 41 33
#c 5 1 2 3 4 5 0 1 2 0 4 5 5 4 2 3 4 5 5 1 0 2 4 5 0 1 2 0 1 0 5 1 0 0 1 3 3 1 3 3 4 0 2 4 2 3 4 2 3
3 2 40 4 22 29 33
5 7 10 16 46 43 13 6 24 27 20 32 41 9
#c 5 1 2 3 4 5 0 1 2 0 4 5 5 4 2 3 4 5 5 1 0 2 4 5 0 1 2 0 1 0 5 1 0 0 1 3 3 1 3 3 4 0 2 4 2 3 4 2 3
2 2 18 17 37 1
6 6 5 11 23 30 12 0 7 19 25 31 28 34
#c 5 1 2 3 4 5 0 1 2 0 4 5 5 4 2 3 4 5 5 1 0 2 4 5 0 1 2 0 1 0 5 1 0 0 1 3 3 1 3 3 4 0 2 4 2 3 4 2 3
2 2 41 20 0 5
7 6 6 24 29 27 32 33 9 11 17 23 30 18 12
#c 5 1 2 3 4 5 0 1 2 0 4 5 5 4 2 3 4 5 5 1 0 2 4 5 0 1 2 0 1 0 5 1 0 0 1 3 3 1 3 3 4 0 2 4 2 3 4 2 3
#c 5 1 2 3 4 5 0 1 2 0 4 5 5 4 2 3 4 5 5 1 0 2 4 5 0 1 2 0 1 0 5 1 0 0 1 3 3 1 3 3 4 0 2 4 2 3 4 2 3
4 4 44 47 8 42 40 46 16 13
4 4 2 14 26 21 4 10 22 43
#c 5 1 2 3 4 5 0 1 2 0 4 5 5 4 2 3 4 5 5 1 0 2 4 5 0 1 2 0 1 0 5 1 0 0 1 3 3 1 3 3 4 0 2 4 2 3 4 2 3
3 3 48 3 39 10 22 16
5 5 15 45 35 36 38 4 40 46 43 13
#c 5 1 2 3 4 5 0 1 2 0 4 5 5 4 2 3 4 5 5 1 0 2 4 5 0 1 2 0 1 0 5 1 0 0 1 3 3 1 3 3 4 0 2 4 2 3 4 2 3
#c 5 1 2 3 4 5 0 1 2 0 4 5 5 4 2 3 4 5 5 1 0 2 4 5 0 1 2 0 1 0 5 1 0 0 1 3 3 1 3 3 4 0 2 4 2 3 4 2 3
1 1 23 16
7 7 5 11 17 30 18 12 0 4 10 22 40 46 43 13
#c 5 1 2 3 4 5 0 1 2 0 4 5 5 4 2 3 5 5 5 1 0 2 4 4 0 1 2 0 1 0 5 1 0 0 1 3 3 1 3 3 4 0 2 4 2 3 4 2 3
3 3 9 41 6 40 13 46
6 5 24 29 27 20 32 33 4 10 22 43 23
#c 5 1 2 3 4 5 0 1 2 0 4 5 5 4 2 3 5 5 5 1 0 2 4 4 0 1 2 0 1 0 5 1 0 0 1 3 3 1 3 3 4 0 2 4 2 3 4 2 3
4 4 28 7 31 25 24 32 27 33
4 5 1 19 37 34 6 29 20 41 9
#c 5 1 2 3 4 5 0 0 2 0 4 5 5 4 2 3 5 5 5 1 0 2 4 4 1 0 2 1 0 0 5 0 1 1 1 3 3 1 3 3 4 0 2 4 2 3 4 2 3
2 2 42 47 30 12
6 6 2 8 14 26 44 21 5 11 17 18 0 16
#c 5 1 2 3 4 5 0 0 2 0 4 5 5 4 2 3 5 5 5 1 0 2 4 4 1 0 2 1 0 0 5 0 1 1 1 3 3 1 3 3 4 0 2 4 2 3 4 2 3
3 3 3 39 48 16 30 0
5 5 15 45 35 36 38 5 11 17 18 12
#c 5 1 2 3 4 5 0 0 2 0 4 5 5 4 2 3 5 5 5 1 0 2 4 4 1 0 2 1 0 0 5 0 1 1 1 3 3 1 3 3 4 0 2 4 2 3 4 2 3
1 1 43 0
7 7 4 10 22 40 46 13 23 5 11 17 30 18 12 16
#c 5 1 2 3 4 5 0 0 2 0 4 5 5 4 2 3 5 5 5 1 0 2 4 4 1 0 2 1 0 0 5 0 1 1 1 3 3 1 3 3 4 0 2 4 2 3 4 2 3
4 4 30 0 11 5 28 41 7 25
4 5 17 18 12 16 6 29 20 9 31
#c 5 1 2 3 4 5 0 0 2 0 4 5 5 4 2 3 5 5 5 1 0 2 4 4 1 0 2 1 0 0 5 0 1 1 1 3 3 1 3 3 4 0 2 4 2 3 4 2 3
4 4 29 41 20 6 12 17 5 30
5 4 9 28 7 31 25 11 18 0 16
#c 5 1 2 3 4 5 0 0 2 0 4 5 5 4 2 3 5 5 5 1 0 2 4 4 1 0 2 1 0 0 5 0 1 1 1 3 3 1 3 3 4 0 2 4 2 3 4 2 3
3 3 33 32 24 11 17 30
5 5 1 19 37 34 27 5 18 12 0 16
#c 5 1 2 3 4 5 0 0 2 0 4 5 5 4 2 3 5 5 5 1 0 2 4 4 1 0 2 1 0 0 5 0 1 1 1 3 3 1 3 3 4 0 2 4 2 3 4 2 3
#c 5 1 2 3 4 5 0 0 2 0 4 5 5 4 2 3 5 5 5 1 0 2 4 4 1 0 2 1 0 0 5 0 1 1 1 3 3 1 3 3 4 0 2 4 2 3 4 2 3
#c 5 1 2 3 4 5 0 0 2 0 4 5 5 4 2 3 5 5 5 1 0 2 4 4 1 0 2 1 0 0 5 0 1 1 1 3 3 1 3 3 4 0 2 4 2 3 4 2 3
2 2 40 10 14 21
6 6 4 22 46 43 13 23 2 8 26 44 47 42
#c 5 1 2 3 4 5 0 0 2 0 4 5 5 4 2 3 5 5 5 1 0 2 4 4 1 0 2 1 0 0 5 0 1 1 1 3 3 1 3 3 4 0 2 4 2 3 4 2 3
3 4 12 11 17 29 41 6 20
5 5 5 30 18 0 16 9 28 7 31 25
#c 5 1 2 3 4 5 0 0 2 0 4 5 5 4 2 3 5 5 5 1 0 2 4 4 1 0 2 1 0 0 5 0 1 1 1 3 3 1 3 3 4 0 2 4 2 3 4 2 3
4 4 7 25 28 41 4 40 23 10
5 4 6 29 20 9 31 22 46 43 13
#c 5 1 2 3 4 5 0 0 2 0 4 5 5 4 2 3 5 5 5 1 0 2 4 4 1 0 2 1 0 0 5 0 1 1 1 3 3 1 3 3 4 0 2 4 2 3 4 2 3
2 2 27 34 48 45
6 6 1 19 37 24 32 33 3 15 39 35 36 38
#c 5 1 2 3 4 5 0 0 2 0 4 5 5 4 2 3 5 5 5 1 0 2 4 4 1 0 2 3 0 0 5 0 1 1 3 3 3 1 3 3 4 0 2 4 2 1 4 2 1
3 3 2 42 44 1 48 45
5 5 8 14 26 47 21 19 37 24 32 33
#c 5 1 2 3 4 5 0 0 2 0 4 5 5 4 2 3 5 5 5 1 0 2 4 4 1 0 2 3 0 0 5 0 1 1 3 3 3 1 3 3 4 0 2 4 2 1 4 2 1
1 1 36 46
7 7 3 15 39 35 38 27 34 4 10 22 40 43 13 23
#c 5 1 2 3 4 5 0 0 2 0 4 5 5 4 2 3 5 5 5 1 0 2 4 4 1 0 2 3 0 0 5 0 1 1 3 3 3 1 3 3 4 0 2 4 2 1 4 2 1
1 1 13 19
7 7 4 10 22 40 46 43 23 1 37 24 32 33 48 45
#c 5 1 2 3 4 5 0 0 2 0 4 5 5 4 2 3 5 5 5 1 0 2 4 4 1 0 2 3 0 0 5 0 1 1 3 3 3 1 3 3 4 0 2 4 2 1 4 2 1
1 1 0 44
7 7 5 11 17 30 18 12 16 2 8 14 26 47 21 42
#c 2 1 2 3 4 5 0 0 2 0 4 5 5 4 2 3 5 5 5 1 0 2 4 4 1 0 2 3 0 0 5 0 1 1 3 3 3 1 3 3 4 0 2 4 5 1 4 2 1
1 1 29 22
8 7 6 20 41 9 28 7 31 25 4 10 40 46 43 13 23
#c 2 1 2 3 4 5 0 0 2 0 4 5 5 4 2 3 5 5 5 1 0 2 4 4 1 0 2 3 0 0 5 0 1 1 3 3 3 1 3 3 4 0 2 4 5 1 4 2 1
3 3 45 1 32 26 14 8
5 5 19 37 24 33 48 2 47 21 42 0
#c 2 1 2 3 4 5 0 0 2 0 4 5 5 4 2 3 5 5 5 1 0 2 4 4 1 0 2 3 0 0 5 0 1 1 3 3 3 1 3 3 4 0 2 4 5 1 4 2 1
2 4 47 14 4 13 23 43
6 4 2 8 26 21 42 0 10 22 40 46
#c 2 1 2 3 4 5 0 0 2 0 4 5 5 4 2 3 5 5 5 1 0 2 4 4 1 0 2 3 0 0 5 0 1 1 3 3 3 1 3 3 4 0 2 4 5 1 4 2 1
4 4 39 35 34 27 7 41 20 29
4 5 3 15 36 38 6 9 28 31 25
#c 2 1 2 3 4 5 0 0 2 0 4 5 5 4 2 3 5 5 5 1 0 2 4 4 1 0 2 3 0 0 5 0 1 1 3 3 3 1 3 3 4 0 2 4 5 1 4 2 1
3 3 10 40 4 9 28 20
5 6 22 46 43 13 23 6 29 41 7 31 25
#c 2 1 2 3 4 5 0 0 2 0 4 5 5 4 2 3 5 5 5 1 0 2 4 4 1 0 2 3 0 0 5 0 1 1 3 3 3 1 3 3 4 0 2 4 5 1 4 2 1
3 5 12 18 11 36 15 38 27 39
5 3 5 17 30 16 44 3 35 34
#c 2 1 2 3 4 5 0 0 2 0 4 5 5 4 2 3 5 5 5 1 0 2 4 4 1 0 2 3 0 0 5 0 1 1 3 3 3 1 3 3 4 0 2 4 5 1 4 2 1
4 4 41 28 25 31 44 12 18 16
5 4 6 29 20 9 7 5 11 17 30
#c 2 1 2 3 4 5 0 0 2 0 4 5 5 4 2 3 5 5 5 1 0 2 4 4 1 0 2 3 0 0 5 0 1 1 3 3 3 1 3 3 4 0 2 4 5 1 4 2 1
1 1 24 47
7 7 1 19 37 32 33 48 45 2 8 14 26 21 42 0
#c 2 1 2 3 4 5 0 0 2 0 4 5 5 4 2 3 5 5 5 1 0 2 4 4 1 0 2 3 0 0 5 0 1 1 3 3 3 1 3 3 4 0 2 4 5 1 4 2 1
2 2 2 14 3 15
6 6 8 26 47 21 42 0 39 35 36 38 27 34
#c 2 1 2 3 4 5 0 0 2 0 4 5 5 4 2 3 5 5 5 1 0 2 4 4 1 0 2 3 0 0 5 0 1 1 3 3 3 1 3 3 4 0 2 4 5 1 4 2 1
1 1 35 44
7 7 3 15 39 36 38 27 34 5 11 17 30 18 12 16
#c 2 1 2 3 4 5 0 0 2 0 4 5 5 4 2 3 5 5 5 1 0 2 4 4 1 0 2 3 0 0 5 0 1 1 3 3 3 1 3 3 4 0 2 4 5 1 4 2 1
3 3 4 10 23 34 27 3
5 5 22 40 46 43 13 15 39 35 36 38
#c 2 1 2 3 4 5 0 0 2 0 4 5 5 4 2 3 5 5 5 1 0 2 4 4 1 0 2 3 0 0 5 0 1 1 3 3 3 1 3 3 4 0 2 4 5 1 4 2 1
3 1 18 30 16 41
5 8 5 11 17 12 44 6 29 20 9 28 7 31 25
#c 2 1 2 3 4 5 0 0 2 0 4 5 5 4 2 3 5 5 5 1 0 2 4 4 1 0 2 3 0 0 5 0 1 1 3 3 3 1 3 3 4 0 2 4 5 1 4 2 1
3 3 29 41 6 17 16 44
6 5 20 9 28 7 31 25 5 11 30 18 12
#c 2 1 2 3 4 5 0 0 2 0 4 5 5 4 2 3 5 5 5 1 0 2 4 4 1 0 2 3 0 0 5 0 1 1 3 3 3 1 3 3 4 0 2 4 5 1 4 2 1
3 3 24 32 33 44 12 5
5 5 1 19 37 48 45 11 17 30 18 16
#c 2 1 2 3 4 5 0 0 2 0 4 5 5 4 2 3 5 5 5 1 0 2 4 4 1 0 2 3 0 0 5 0 1 1 3 3 3 1 3 3 4 0 2 4 5 1 4 2 1
1 1 0 34
7 7 2 8 14 26 47 21 42 3 15 39 35 36 38 27
#c 2 1 2 3 4 5 0 0 2 0 4 5 5 4 2 3 5 5 5 1 0 2 4 4 1 0 2 3 0 0 5 0 1 1 3 3 3 1 3 3 4 0 2 4 5 1 4 2 1
2 2 36 15 41 6
6 7 3 39 35 38 27 34 29 20 9 28 7 31 25
#c 2 1 2 3 4 5 0 0 2 0 4 5 5 4 2 3 5 5 5 1 0 2 4 4 1 0 2 3 0 0 5 0 1 1 3 3 3 1 3 3 4 0 2 4 5 1 4 2 1
2 2 43 22 18 5
6 6 4 10 40 46 13 23 11 17 30 12 16 44
#c 2 1 2 3 4 5 0 0 2 0 4 5 5 4 2 3 5 5 5 1 0 2 4 4 1 0 2 3 0 0 5 0 1 1 3 3 3 1 3 3 4 0 2 4 5 1 4 2 1
4 4 11 44 16 18 0 14 8 26
4 4 5 17 30 12 2 47 21 42
#c 5 1 2 3 4 5 0 0 5 0 4 2 5 4 5 3 2 5 2 1 0 2 4 4 1 0 5 3 0 0 5 0 1 1 3 3 3 1 3 3 4 0 2 4 2 1 4 2 1
2 1 28 31 42
7 7 6 29 20 41 9 7 25 2 47 21 11 44 16 18
#c 5 1 2 3 4 5 0 0 5 0 4 2 5 4 5 3 2 5 2 1 0 2 4 4 1 0 5 3 0 0 5 0 1 1 3 3 3 1 3 3 4 0 2 4 2 1 4 2 1
#c 5 1 2 3 4 5 0 0 5 0 4 2 5 4 5 3 2 5 2 1 0 2 4 4 1 0 5 3 0 0 5 0 1 1 3 3 3 1 3 3 4 0 2 4 2 1 4 2 1
#c 5 1 2 3 4 5 0 0 5 0 4 2 5 4 5 3 2 5 2 1 0 2 4 4 1 0 5 3 0 0 5 0 1 1 3 3 3 1 3 3 4 0 2 4 2 1 4 2 1
1 3 38 40 43 10
7 5 3 15 39 35 36 27 34 4 22 46 13 23
#c 5 1 2 3 4 5 0 0 5 0 4 2 5 4 5 3 2 5 2 1 0 2 4 4 1 0 5 3 0 0 5 0 1 1 3 3 3 1 3 3 4 0 2 4 2 1 4 2 1
1 1 4 9
7 8 10 22 40 46 43 13 23 6 29 20 41 28 7 31 25
#c 5 1 2 3 4 5 0 0 5 0 4 2 5 4 5 3 2 5 2 1 0 2 4 4 1 0 5 3 0 0 5 0 1 1 3 3 3 1 3 3 4 0 2 4 2 1 4 2 1
1 1 8 22
7 7 5 17 30 12 0 14 26 4 10 40 46 43 13 23
#c 5 1 2 3 4 5 0 0 4 0 4 2 5 4 5 3 2 5 2 1 0 2 5 4 1 0 5 3 0 0 5 0 1 1 3 3 3 1 3 3 4 0 2 4 2 1 4 2 1
1 1 29 37
8 7 6 20 41 9 28 7 31 25 1 19 24 32 33 48 45
#c 5 1 2 3 4 5 0 0 4 0 4 2 5 4 5 3 2 5 2 1 0 2 5 4 1 0 5 3 0 1 5 0 1 1 3 3 3 0 3 3 4 0 2 4 2 1 4 2 1
#c 5 1 2 3 4 5 0 0 4 0 4 2 5 4 5 3 2 5 2 1 0 2 5 4 1 0 5 3 0 1 5 0 1 1 3 3 3 0 3 3 4 0 2 4 2 1 4 2 1
1 1 16 27
7 7 2 47 21 42 11 44 18 3 15 39 35 36 38 34
#c 5 1 2 3 4 5 0 0 4 0 4 2 5 4 5 3 2 5 2 1 0 2 5 4 1 0 5 3 0 1 5 0 1 1 3 3 3 0 3 3 4 0 2 4 2 1 4 2 1
4 4 34 15 38 27 0 30 22 26
4 4 3 39 35 36 5 17 12 14
#c 5 1 2 3 4 5 0 0 4 0 4 2 5 4 5 3 2 5 2 1 0 2 5 4 1 0 5 3 0 1 5 0 1 1 3 3 3 0 3 3 4 0 2 4 2 1 4 2 1
#c 5 1 2 3 4 5 0 0 4 0 4 2 5 4 5 3 2 5 2 1 0 2 5 4 1 0 5 3 0 1 5 0 1 1 3 3 3 0 3 3 4 0 2 4 2 1 4 2 1
1 1 14 42
7 7 5 17 30 12 0 26 22 2 47 21 11 44 16 18
#c 5 1 2 3 4 5 0 0 4 0 4 2 5 4 5 3 2 5 2 1 0 2 5 4 1 0 5 3 0 1 5 0 1 1 3 3 3 0 3 3 4 0 2 4 2 1 4 2 1
4 4 7 9 37 31 29 19 1 33
5 4 6 20 41 28 25 24 32 48 45
#c 5 1 2 3 4 5 0 0 4 0 4 2 5 4 5 3 2 5 2 1 0 2 5 4 1 0 5 3 0 1 5 0 1 1 3 3 3 0 3 3 4 0 2 4 2 1 4 2 1
2 2 32 45 39 3
6 6 1 19 24 33 48 29 15 35 36 38 27 34
#c 5 1 2 3 4 5 0 0 4 0 4 2 5 4 5 3 2 5 2 1 0 2 5 4 1 0 5 3 0 1 5 0 1 1 3 3 3 0 3 3 4 0 2 4 2 1 4 2 1
#c 5 1 2 3 4 5 0 0 4 0 4 2 5 4 5 3 2 5 2 1 0 2 5 4 1 0 5 3 0 1 5 0 1 1 3 3 3 0 3 3 4 0 2 4 2 1 4 2 1
1 1 35 40
7 7 3 15 39 36 38 27 34 4 10 46 43 13 23 8
#c 5 1 2 3 4 5 0 0 4 0 4 2 5 4 5 3 2 5 2 1 0 2 5 4 1 0 5 3 0 1 5 0 1 1 3 3 3 0 3 3 4 0 2 4 2 1 4 2 1
#c 5 1 2 3 4 5 0 0 4 0 4 2 5 4 5 3 2 5 2 1 0 2 5 4 1 0 5 3 0 1 5 0 1 1 3 3 3 0 3 3 4 0 2 4 2 1 4 2 1
#c 5 1 2 3 4 5 0 0 4 0 4 2 5 4 5 3 2 5 2 1 0 2 5 4 1 0 5 3 0 1 5 0 1 1 3 3 3 0 3 3 4 0 2 4 2 1 4 2 1
3 2 28 7 25 44 11
6 6 6 20 41 9 31 37 2 47 21 42 16 18
#c 5 1 2 3 4 5 0 0 4 0 4 2 5 4 5 3 2 5 2 1 0 2 5 4 1 0 5 3 0 1 5 0 1 1 3 3 3 0 3 3 4 0 2 4 2 1 4 2 1
2 2 1 24 5 30
6 6 19 32 33 48 45 29 17 12 0 14 26 22
#c 5 1 2 3 4 5 0 0 4 0 4 2 5 4 5 3 2 5 2 1 0 2 5 4 1 0 5 3 0 1 5 0 1 1 3 3 3 0 3 3 4 0 2 4 2 1 4 2 1
2 1 18 42 6
6 8 2 47 21 11 44 16 20 41 9 28 7 31 25 37
#c 5 1 2 3 4 5 2 0 4 0 4 2 5 4 5 3 2 5 0 1 0 2 5 4 1 0 5 3 0 1 5 0 1 1 3 3 3 0 3 3 4 0 0 4 2 1 4 2 1
3 3 15 35 27 14 22 5
5 5 3 39 36 38 34 17 30 12 0 26
#c 5 1 2 3 4 5 2 0 4 0 4 2 5 4 5 3 2 5 0 1 0 2 5 4 1 0 5 3 0 1 5 0 1 1 3 3 3 0 3 3 4 0 0 4 2 1 4 2 1
3 3 46 13 10 34 27 35
5 5 4 40 43 23 8 3 15 39 36 38
#c 5 1 2 3 4 5 2 0 4 0 4 2 5 4 5 3 2 5 0 1 0 2 5 4 1 0 5 3 0 1 5 0 1 1 3 3 3 0 3 3 4 0 0 4 2 1 4 2 1
#c 5 1 2 3 4 5 2 0 4 0 4 2 5 4 5 3 2 5 0 1 0 2 5 4 1 0 5 3 0 1 5 0 1 1 3 3 3 0 3 3 4 0 0 4 2 1 4 2 1
5 5 28 9 37 42 31 35 27 15 38 36
5 3 20 41 7 25 18 3 39 34
#c 5 1 2 3 4 5 2 0 4 0 4 2 5 4 5 3 2 5 0 1 0 2 5 4 1 0 5 3 0 1 5 0 1 1 3 3 3 0 3 3 4 0 0 4 2 1 4 2 1
3 3 1 32 48 39 35 38
5 5 19 24 33 45 29 3 15 36 27 34
#c 5 1 2 3 4 5 2 0 4 0 4 2 5 4 5 3 2 5 0 1 0 2 5 4 1 0 5 3 0 1 5 0 1 1 3 3 3 0 3 3 4 0 0 4 2 1 4 2 1
2 2 47 11 30 17
5 6 2 21 44 16 6 5 12 0 14 26 22
#c 5 1 2 3 4 5 2 0 4 0 4 2 5 4 5 3 2 5 0 1 0 2 5 4 1 0 5 3 0 1 5 0 1 1 3 3 3 0 3 3 4 0 0 4 2 1 4 2 1
3 3 27 39 15 21 2 6
5 4 3 35 36 38 34 47 11 44 16
#c 5 1 2 3 4 5 2 0 4 0 4 2 5 4 5 3 2 5 0 1 0 2 5 4 1 0 5 3 0 1 5 0 1 1 3 3 3 0 3 3 4 0 0 4 2 1 4 2 1
3 3 4 40 13 14 0 26
5 5 10 46 43 23 8 5 17 30 12 22
#c 5 1 2 3 4 5 2 0 4 0 4 2 5 4 5 3 2 5 0 1 0 2 5 4 1 0 5 3 0 1 5 0 1 1 3 3 3 0 3 3 4 0 0 4 2 1 4 2 1
3 1 30 22 26 15
5 7 5 17 12 0 14 3 39 35 36 38 27 34
#c 5 1 2 3 4 5 2 0 4 0 4 2 5 4 5 3 2 5 0 1 0 2 5 4 1 0 5 3 0 1 5 0 1 1 3 3 3 0 3 3 4 0 0 4 2 1 4 2 1
1 1 28 40
9 7 20 41 9 7 31 25 37 18 42 4 10 46 43 13 23 8
#c 5 1 2 3 4 5 2 0 4 0 4 2 5 4 5 3 2 5 0 1 0 2 5 4 1 0 5 3 4 1 5 0 1 1 3 3 3 0 3 3 0 0 0 4 2 1 4 2 1
#c 5 1 2 3 4 5 2 0 4 0 4 2 5 4 5 3 2 5 0 1 0 2 5 4 1 0 5 3 4 1 5 0 1 1 3 3 3 0 3 3 0 0 0 4 2 1 4 2 1
1 1 21 45
6 7 2 47 11 44 16 6 1 19 24 32 33 48 29
#c 5 1 2 3 4 5 2 0 4 0 4 2 5 4 5 3 2 5 0 1 0 2 5 4 1 0 5 3 4 1 5 0 1 1 3 3 3 0 3 3 0 0 0 4 2 1 4 2 1
2 2 36 27 30 0
6 6 3 15 39 35 38 34 5 17 12 14 26 22
#c 5 1 2 3 4 5 2 0 4 0 4 2 5 4 5 3 2 5 0 1 0 2 5 4 1 0 5 3 4 1 5 0 1 1 3 3 3 0 3 3 0 0 0 4 2 1 4 2 1
1 1 23 18
7 9 4 10 46 43 13 8 28 20 41 9 7 31 25 37 42 40
#c 5 1 2 3 4 5 2 0 4 0 4 2 5 4 5 3 2 5 4 1 0 2 5 0 1 0 5 3 4 1 5 0 1 1 3 3 3 0 3 3 0 0 0 4 2 1 4 2 1
#c 5 1 2 3 4 5 2 0 4 0 4 2 5 4 5 3 2 5 4 1 0 2 5 0 1 0 5 3 4 1 5 0 1 1 3 3 3 0 3 3 0 0 0 4 2 1 4 2 1
3 2 20 37 23 38 39
7 6 41 9 7 31 25 42 40 3 15 35 36 27 34
#c 5 1 2 3 4 5 2 0 4 0 4 2 5 4 5 3 2 5 4 1 0 2 5 0 1 0 5 3 4 1 5 0 1 1 3 3 3 0 3 3 0 0 0 4 2 1 4 2 1
3 3 19 29 45 34 27 36
5 5 1 24 32 33 48 3 15 39 35 38
#c 5 1 2 3 4 5 2 0 4 0 4 2 5 4 5 3 2 5 4 1 0 2 5 0 1 0 5 3 4 1 5 0 1 1 3 3 3 0 3 3 0 0 0 4 2 1 4 2 1
1 1 11 5
6 7 2 47 21 44 16 6 17 30 12 0 14 26 22
#c 5 1 2 3 4 5 2 0 4 0 4 2 5 4 5 3 2 5 4 1 0 2 5 0 1 0 5 3 4 1 5 0 1 1 3 3 3 0 3 3 0 0 0 4 2 1 4 2 1
2 2 3 35 43 46
6 6 15 39 36 38 27 34 4 10 13 8 28 18
#c 5 1 2 3 4 5 2 0 4 0 4 2 5 4 5 3 2 5 4 1 0 2 5 0 1 0 5 3 4 1 5 0 1 1 3 3 3 0 3 3 0 0 0 4 2 1 4 2 1
3 3 4 10 18 44 21 16
5 4 46 43 13 8 28 2 47 11 6
#c 5 1 2 3 4 5 2 0 4 0 4 2 5 4 5 3 2 5 4 1 0 2 5 0 1 0 5 3 4 1 5 0 1 1 3 3 3 0 3 3 0 0 0 4 2 1 4 2 1
3 5 5 17 12 44 2 6 11 21
5 2 30 0 14 26 22 47 16
#c 5 1 2 3 4 5 2 0 4 0 4 2 5 4 5 3 2 5 4 1 0 2 5 0 1 0 5 3 4 1 5 0 1 1 3 3 3 0 3 3 0 0 0 4 2 1 4 2 1
5 5 41 23 40 37 7 18 46 13 4 28
5 3 20 9 31 25 42 10 43 8
#c 5 1 2 3 4 5 2 0 4 0 4 2 5 4 5 3 2 5 4 1 0 2 5 0 1 0 5 3 4 1 5 0 1 1 3 3 3 0 3 3 0 0 0 4 2 1 4 2 1
3 3 32 1 24 46 18 28
5 5 19 33 48 45 29 4 10 43 13 8
#c 5 1 2 3 4 5 2 0 4 0 4 2 5 4 5 3 2 5 4 1 0 2 5 0 1 0 5 3 4 1 5 0 1 1 3 3 3 0 3 3 0 0 0 4 2 1 4 2 1
3 3 16 11 6 31 37 25
4 7 2 47 21 44 20 41 9 7 42 40 23
#c 5 1 2 3 4 5 0 0 4 0 4 0 5 4 5 3 0 5 4 1 0 2 5 0 1 2 5 3 4 1 5 2 1 1 3 3 3 2 3 3 0 0 0 4 2 1 4 2 1
2 2 38 15 7 20
6 8 3 39 35 36 27 34 41 9 42 40 23 16 11 6
#c 5 1 2 3 4 5 0 0 4 0 4 0 5 4 5 3 0 5 4 1 0 2 5 0 1 2 5 3 4 1 5 2 1 1 3 3 3 2 3 3 0 0 0 4 2 1 4 2 1
3 3 28 10 46 42 23 40
5 7 4 43 13 8 18 20 41 9 7 16 11 6
#c 5 1 2 3 4 5 0 0 4 0 4 0 5 4 5 3 0 5 4 1 0 2 5 0 1 2 5 3 4 1 5 2 1 1 3 3 3 2 3 3 0 0 0 4 2 1 4 2 1
3 3 17 22 30 47 31 25
5 4 5 12 0 14 26 2 21 44 37
#c 5 1 2 3 4 5 0 0 4 0 4 0 5 4 5 3 0 5 4 1 0 2 5 0 1 2 5 3 4 1 5 2 1 1 3 3 3 2 3 3 0 0 0 4 2 1 4 2 1
2 2 9 16 37 21
8 5 20 41 7 42 40 23 11 6 2 47 44 31 25
#c 5 1 2 3 4 5 0 0 4 0 4 0 5 4 5 3 0 5 4 1 0 2 5 0 1 2 5 3 4 1 5 2 1 1 3 3 3 2 3 3 0 0 0 4 2 1 4 2 1
2 2 32 45 0 26
6 6 1 19 24 33 48 29 5 17 30 12 14 22
#c 5 1 2 3 4 5 0 0 4 0 4 0 5 4 5 3 0 5 4 1 0 2 5 0 1 2 5 3 4 1 5 2 1 1 3 3 3 2 3 3 0 0 0 4 2 1 4 2 1
2 2 37 47 6 42
5 8 2 21 44 31 25 20 41 9 7 40 23 16 11
#c 5 1 2 3 4 5 0 0 4 0 4 0 5 4 5 3 0 5 4 1 0 2 5 0 1 2 5 3 4 1 5 2 1 1 3 3 3 2 3 3 0 0 0 4 2 1 4 2 1
3 3 38 27 35 2 44 21
5 4 3 15 39 36 34 47 31 37 25
#c 5 1 2 3 4 5 0 0 4 0 4 0 5 4 5 3 0 5 4 1 0 2 5 0 1 2 5 3 4 1 5 2 1 1 3 3 3 2 3 3 0 0 0 4 2 1 4 2 1
4 4 10 13 43 28 42 11 23 7
4 6 4 46 8 18 20 41 9 40 16 6
#c 5 1 2 3 4 5 0 0 4 0 4 0 5 4 5 3 0 5 4 1 0 2 5 0 1 2 5 3 4 1 5 2 1 1 3 3 3 2 3 3 0 0 0 4 2 1 4 2 1
1 1 12 48
7 7 5 17 30 0 14 26 22 1 19 24 32 33 45 29
#c 5 1 2 3 4 5 0 0 4 0 4 0 5 4 5 3 0 5 4 1 0 2 5 0 1 2 5 3 4 1 5 2 1 1 3 3 3 2 3 3 0 0 0 4 2 1 4 2 1
5 6 6 7 23 20 11 21 44 47 31 2 37
5 1 41 9 42 40 16 25
#c 5 1 2 3 4 5 0 0 4 0 4 0 5 4 5 3 0 5 4 1 0 2 5 0 1 2 5 3 4 1 5 2 1 1 3 3 3 2 3 3 0 0 0 4 2 1 4 2 1
#c 5 1 2 3 4 5 0 0 4 0 4 0 5 4 5 3 0 5 4 1 0 2 5 0 1 2 5 3 4 1 5 2 1 1 3 3 3 2 3 3 0 0 0 4 2 1 4 2 1
#c 5 1 2 3 4 5 0 0 4 0 4 0 5 4 5 3 0 5 4 1 0 2 5 0 1 2 5 3 4 1 5 2 1 1 3 3 3 2 3 3 0 0 0 4 2 1 4 2 1
4 4 36 38 34 39 17 12 22 14
4 4 3 15 35 27 5 30 0 26
#c 5 1 2 3 4 5 0 0 4 0 4 0 5 4 5 3 0 5 4 1 0 2 5 0 1 2 5 3 4 1 5 2 1 1 3 3 3 2 3 3 0 0 0 4 2 1 4 2 1
3 3 18 4 46 33 29 45
5 5 10 43 13 8 28 1 19 24 32 48
#c 5 1 2 3 4 5 0 0 4 0 4 0 5 4 5 3 0 5 4 1 0 2 5 0 1 2 5 3 4 1 5 2 1 1 3 3 3 2 3 3 0 0 0 4 2 1 4 2 1
4 4 22 12 5 30 43 8 28 10
4 4 17 0 14 26 4 46 13 18
#c 5 1 2 3 4 5 0 0 4 0 4 0 5 4 5 3 0 5 4 1 0 2 5 0 1 2 5 3 4 1 5 2 1 1 3 3 3 2 3 3 0 0 0 4 2 1 4 2 1
5 6 16 6 41 9 20 28 8 43 4 46 13
5 2 7 42 40 23 11 10 18
#c 5 1 2 3 4 5 0 0 4 0 4 0 5 4 5 3 0 5 4 1 0 2 5 0 1 2 5 3 4 1 5 2 1 1 3 3 3 2 3 3 0 0 0 4 2 1 4 2 1
1 1 32 30
7 7 1 19 24 33 48 45 29 5 17 12 0 14 26 22
#c 5 1 2 3 4 5 0 0 4 0 4 0 5 4 5 3 0 5 4 1 0 2 5 0 1 2 5 3 4 1 5 2 1 1 3 3 3 2 3 3 0 0 0 4 2 1 4 2 1
#c 5 1 2 3 4 5 0 0 4 0 4 0 5 4 5 3 0 5 4 1 0 2 5 0 1 2 5 3 4 1 5 2 1 1 3 3 3 2 3 3 0 0 0 4 2 1 4 2 1
1 1 27 45
7 7 3 15 39 35 36 38 34 1 19 24 32 33 48 29
#c 5 1 2 3 4 5 0 0 4 0 4 0 5 4 5 3 0 5 4 1 0 2 5 0 1 2 5 3 4 1 5 2 1 1 3 3 3 2 3 3 0 0 0 4 2 1 4 2 1
#c 5 1 2 3 4 5 0 0 4 0 4 0 5 4 5 3 0 5 4 1 0 2 5 0 1 2 5 3 4 1 5 2 1 1 3 3 3 2 3 3 0 0 0 4 2 1 4 2 1
#c 5 1 2 3 4 5 0 0 4 0 4 0 5 4 5 3 0 5 4 1 0 2 5 0 1 2 5 3 4 1 5 2 1 1 3 3 3 2 3 3 0 0 0 4 2 1 4 2 1
3 3 11 9 7 32 48 45
7 5 20 41 42 40 23 16 6 1 19 24 33 29
#c 5 1 2 3 4 5 0 0 4 0 4 0 5 4 5 3 0 5 4 1 0 2 5 0 1 2 5 3 4 1 5 2 1 1 3 3 3 2 3 3 0 0 0 4 2 1 4 2 1
4 4 48 1 45 24 41 6 40 42
4 6 19 32 33 29 20 9 7 23 16 11
#c 5 1 2 3 4 5 0 0 4 0 4 0 5 4 5 3 0 5 4 1 0 2 5 0 1 2 5 3 4 1 5 2 1 1 3 3 3 2 3 3 0 0 0 4 2 1 4 2 1
1 1 21 30
6 7 2 47 44 31 37 25 5 17 12 0 14 26 22
#c 5 1 2 3 4 5 0 0 4 0 4 0 5 4 5 3 0 5 4 1 0 2 5 0 1 2 5 3 4 1 5 2 1 1 3 3 3 2 3 3 0 0 0 4 2 1 4 2 1
2 2 38 3 24 29
6 6 15 39 35 36 27 34 1 19 32 33 48 45
#c 5 1 2 3 4 5 0 0 4 0 4 0 5 4 5 3 0 5 4 1 0 2 5 0 1 2 5 3 4 1 5 2 1 1 3 3 3 2 3 3 0 0 0 4 2 1 4 2 1
#c 5 1 2 3 4 5 0 0 4 0 4 0 5 4 5 3 0 5 4 1 0 2 5 0 1 2 5 3 4 1 5 2 1 1 3 3 3 2 3 3 0 0 0 4 2 1 4 2 1
3 3 22 5 26 47 37 31
5 4 17 30 12 0 14 2 21 44 25
#c 5 1 2 3 4 5 0 0 4 0 4 0 5 4 5 3 0 5 4 1 0 2 5 0 1 2 5 3 4 1 5 2 1 1 3 3 3 2 3 3 0 0 0 4 2 1 4 2 1
1 1 41 45
9 7 20 9 7 42 40 23 16 11 6 1 19 24 32 33 48 29
#c 5 1 2 3 4 5 0 0 4 0 4 0 5 4 5 3 0 5 4 1 0 2 5 0 1 2 5 3 4 1 5 2 1 1 3 3 3 2 3 3 0 0 0 4 2 1 4 2 1
4 4 1 29 48 45 26 12 5 14
4 4 19 24 32 33 17 30 0 22
#c 5 1 2 3 4 5 0 0 4 0 4 0 5 4 5 3 0 5 4 1 0 2 5 0 1 2 5 3 4 1 5 2 1 1 3 3 3 2 3 3 0 0 0 4 2 1 4 2 1
3 3 2 47 31 38 15 36
4 5 21 44 37 25 3 39 35 27 34
#c 5 1 2 3 4 5 0 0 4 0 4 0 5 4 5 3 0 5 4 1 0 2 5 0 1 2 5 3 4 1 5 2 1 1 3 3 3 2 3 3 0 0 0 4 2 1 4 2 1
1 1 36 8
7 7 3 15 39 35 38 27 34 4 10 46 43 13 28 18
#c 5 1 2 3 4 5 0 0 4 0 4 0 5 4 5 3 0 5 4 1 0 2 5 0 1 2 5 3 4 1 5 2 1 1 3 3 3 2 3 3 0 0 0 4 2 1 4 2 1
#c 5 1 2 3 4 5 0 0 4 0 4 0 5 4 5 3 0 5 4 1 0 2 5 0 1 2 5 3 4 1 5 2 1 1 3 3 3 2 3 3 0 0 0 4 2 1 4 2 1
1 1 22 9
7 9 5 17 30 12 0 14 26 20 41 7 42 40 23 16 11 6
#c 5 1 2 3 4 5 0 0 4 0 4 0 5 4 5 3 0 5 4 1 0 2 5 0 1 2 5 3 4 1 5 2 1 1 3 3 3 2 3 3 0 0 0 4 2 1 4 2 1
#c 5 1 2 3 4 5 0 0 4 0 4 0 5 4 5 3 0 5 4 1 0 2 5 0 1 2 5 3 4 1 5 2 1 1 3 3 3 2 3 3 0 0 0 4 2 1 4 2 1
3 3 33 32 29 27 3 38
5 5 1 19 24 48 45 15 39 35 36 34
#c 5 1 2 3 4 5 0 0 4 0 4 0 5 4 5 3 0 5 4 1 0 2 5 0 1 2 5 3 4 1 5 2 1 1 3 3 3 2 3 3 0 0 0 4 2 1 4 2 1
#c 5 1 2 3 4 5 0 0 4 0 4 0 5 4 5 3 0 5 4 1 0 2 5 0 1 2 5 3 4 1 5 2 1 1 3 3 3 2 3 3 0 0 0 4 2 1 4 2 1
3 3 15 38 39 46 28 13
5 5 3 35 36 27 34 4 10 43 8 18
#c 5 1 2 3 4 5 0 0 4 0 4 0 5 4 5 3 0 5 4 1 0 2 5 0 1 2 5 3 4 1 5 2 1 1 3 3 3 2 3 3 0 0 0 4 2 1 4 2 1
4 4 46 18 28 4 14 22 12 5
4 4 10 43 13 8 17 30 0 26
#c 5 1 2 3 4 5 0 0 4 0 4 0 5 4 5 3 0 5 4 1 0 2 5 0 1 2 5 3 4 1 5 2 1 1 3 3 3 2 3 3 0 0 0 4 2 1 4 2 1
3 3 14 0 5 33 32 19
5 5 17 30 12 26 22 1 24 48 45 29
#c 5 1 2 3 4 5 0 0 4 0 4 0 5 4 5 3 0 5 4 1 0 2 5 0 1 2 5 3 4 1 5 2 1 1 3 3 3 2 3 3 0 0 0 4 2 1 4 2 1
1 1 16 0
5 1 2 3 4 5 0 0 4 0 4 0 5 4 5 3 0 5 4 1 0 2 5 0 1 2 5 3 4 1 5 2 1 1 3 3 3 2 3 3 0 0 0 4 2 1 4 2 1
