#c 0 1 2 3 4 5 6 7 8 9 10 11 12 0 1 2 3 4 5 6 7 8 9 10 11 12 0 1 2 3 4 5 6 7 8 9 10 11 12 0 1 2 3 4 5 6 7 8 9 10 11 12 0 1 2 3 4 5 6 7 8 9
1 2 53 0 13
4 3 1 14 27 40 26 39 52
#c 1 1 2 3 4 5 6 7 8 9 10 11 12 1 1 2 3 4 5 6 7 8 9 10 11 12 0 1 2 3 4 5 6 7 8 9 10 11 12 0 1 2 3 4 5 6 7 8 9 10 11 12 0 0 2 3 4 5 6 7 8 9
1 1 54 10
4 3 2 15 28 41 23 36 49
#c 1 1 2 3 4 5 6 7 8 9 10 11 12 1 1 2 3 4 5 6 7 8 9 10 11 12 0 1 2 3 4 5 6 7 8 9 10 11 12 0 1 2 3 4 5 6 7 8 9 10 11 12 0 0 2 3 4 5 6 7 8 9
1 1 16 31
4 4 3 29 42 55 5 18 44 57
#c 1 1 2 3 4 5 6 7 8 9 10 11 12 1 1 2 3 4 5 6 7 8 9 10 11 12 0 1 2 3 4 5 6 7 8 9 10 11 12 0 1 2 3 4 5 6 7 8 9 10 11 12 0 0 2 3 4 5 6 7 8 9
2 3 17 56 26 53 39
3 1 4 30 43 52
#c 1 1 2 3 4 5 6 7 8 9 10 11 12 1 1 2 3 0 5 6 7 8 9 10 11 12 4 1 2 3 4 5 6 7 8 9 10 11 12 4 1 2 3 4 5 6 7 8 9 10 11 12 0 4 2 3 0 5 6 7 8 9
2 2 57 5 8 34
3 3 18 31 44 21 47 60
#c 1 1 2 3 4 8 6 7 5 9 10 11 12 1 1 2 3 0 5 6 7 8 9 10 11 12 4 1 2 3 4 5 6 7 5 9 10 11 12 4 1 2 3 4 5 6 7 8 9 10 11 12 0 4 2 3 0 8 6 7 8 9
2 2 58 45 17 56
3 1 6 19 32 52
#c 1 1 2 3 4 8 6 7 5 9 10 11 12 1 1 2 3 0 5 6 7 8 9 10 11 12 4 1 2 3 4 5 6 7 5 9 10 11 12 4 1 2 3 4 5 6 7 8 9 10 11 12 0 4 2 3 0 8 6 7 8 9
2 2 59 7 36 49
3 2 20 33 46 10 23
#c 1 1 2 3 4 8 6 7 5 9 10 11 12 1 1 2 3 0 5 6 7 8 9 10 11 12 4 1 2 3 4 5 6 7 5 9 10 11 12 4 1 2 3 4 5 6 7 8 9 10 11 12 0 4 2 3 0 8 6 7 8 9
1 2 57 34 8
4 3 21 47 60 5 18 31 44
#c 1 1 2 3 4 8 6 7 5 9 10 11 12 1 1 2 3 0 5 6 7 8 9 10 11 12 4 1 2 3 4 5 6 7 5 9 10 11 12 4 1 2 3 4 5 6 7 8 9 10 11 12 0 4 2 3 0 8 6 7 8 9
#c 1 1 2 3 4 8 6 7 5 9 10 11 12 1 1 2 3 0 5 6 7 8 9 10 11 12 4 1 2 3 4 5 6 7 5 9 10 11 12 4 1 2 3 4 5 6 7 8 9 10 11 12 0 4 2 3 0 8 6 7 8 9
1 1 10 52
3 2 23 36 49 17 56
#c 1 1 2 3 4 8 6 7 5 9 10 11 12 1 1 2 3 0 5 6 7 8 9 10 11 12 4 1 2 3 4 5 6 7 5 9 10 11 12 4 1 2 3 4 5 6 7 8 9 10 11 12 0 4 2 3 0 8 6 7 8 9
2 3 37 11 49 36 10
2 1 24 50 23
#c 1 1 2 3 4 8 6 7 5 9 11 10 12 1 1 2 3 0 5 6 7 8 9 10 11 12 4 1 2 3 4 5 6 7 5 9 11 10 12 4 1 2 3 4 5 6 7 8 9 11 11 12 0 4 2 3 0 8 6 7 8 9
2 2 38 51 31 8
2 3 12 25 18 44 34
#c 1 1 2 3 4 8 6 7 5 9 11 10 12 1 1 2 3 0 5 6 7 8 9 10 11 12 4 1 2 3 4 5 6 7 5 9 11 10 12 4 1 2 3 4 5 6 7 8 9 11 11 12 0 4 2 3 0 8 6 7 8 9
1 1 17 60
2 4 52 56 21 47 57 5
#c 1 1 2 3 4 8 6 7 5 9 11 10 12 1 1 2 3 0 5 6 7 8 9 10 11 12 4 1 2 3 4 5 6 7 5 9 11 10 12 4 1 2 3 4 5 6 7 8 9 11 11 12 0 4 2 3 0 8 6 7 8 9
2 2 27 1 22 48
4 3 14 40 0 13 9 35 61
#c 1 1 2 3 4 8 6 7 5 9 11 10 12 1 1 2 3 0 5 6 7 8 9 10 11 12 4 1 2 3 4 5 6 7 5 9 11 10 12 4 1 2 3 4 5 6 7 8 9 11 11 12 0 4 2 3 0 8 6 7 8 9
1 1 41 51
4 3 2 15 28 54 12 25 38
#c 1 1 2 3 4 8 6 7 5 9 11 10 12 1 1 2 3 0 5 6 7 8 9 10 11 12 4 1 2 3 4 5 6 7 5 9 11 10 12 4 1 12 3 4 5 6 7 8 9 11 11 2 0 4 2 3 0 8 6 7 8 9
2 2 16 3 6 45
3 3 29 42 55 19 32 58
#c 1 1 2 3 4 8 6 7 5 9 11 10 12 1 1 2 3 0 5 6 7 8 9 10 11 12 4 1 2 3 4 5 6 7 5 9 11 10 12 4 1 12 3 4 5 6 7 8 9 11 11 2 0 4 2 3 0 8 6 7 8 9
2 2 43 26 51 15
4 3 4 30 53 39 2 28 54
#c 1 1 2 3 4 8 6 7 5 9 11 10 12 1 1 2 3 0 5 6 7 8 9 10 11 12 4 1 2 3 4 5 6 7 5 9 11 10 12 4 1 12 3 4 5 6 7 8 9 11 11 2 0 4 2 3 0 8 6 7 8 9
2 2 44 8 2 28
3 3 18 31 34 15 54 51
#c 1 1 2 3 4 8 6 7 5 9 11 10 12 1 1 2 3 0 5 6 7 8 9 10 11 12 4 1 2 3 4 5 6 7 5 9 11 10 12 4 1 12 3 4 5 6 7 8 9 11 11 2 0 4 2 3 0 8 6 7 8 9
2 2 58 6 35 48
3 3 19 32 45 9 22 61
#c 1 1 2 3 4 8 6 7 5 9 11 10 12 1 1 2 3 0 5 6 7 8 9 10 11 12 4 1 2 3 4 5 6 7 5 9 11 10 12 4 1 12 3 4 5 6 7 8 9 11 11 2 0 4 2 3 0 8 6 7 8 9
2 2 46 59 21 5
3 3 7 20 33 47 60 57
#c 1 1 2 3 4 7 6 7 5 9 11 10 12 1 1 2 3 0 5 6 7 7 9 10 11 12 4 1 2 3 4 5 6 7 5 9 11 10 12 4 1 12 3 4 5 6 8 8 9 11 11 2 0 4 2 3 0 8 6 8 8 9
2 2 46 60 29 16
3 3 47 57 59 3 42 55
#c 1 1 2 3 4 7 6 7 5 9 11 10 12 1 1 2 8 0 5 6 7 7 9 10 11 12 4 1 2 8 4 5 6 7 5 9 11 10 12 4 1 12 3 4 5 6 3 8 9 11 11 2 0 4 2 3 0 8 6 8 3 9
#c 1 1 2 3 4 7 6 7 5 9 11 10 12 1 1 2 8 0 5 6 7 7 9 10 11 12 4 1 2 8 4 5 6 7 5 9 11 10 12 4 1 12 3 4 5 6 3 8 9 11 11 2 0 4 2 3 0 8 6 8 3 9
1 1 11 34
2 4 23 37 18 31 44 8
#c 1 1 2 3 4 7 6 7 5 9 11 10 12 1 1 2 8 0 5 6 7 7 9 10 11 12 4 1 2 8 4 5 6 7 5 9 11 10 12 4 1 12 3 4 5 6 3 8 9 11 11 2 0 4 2 3 0 8 6 8 3 9
1 1 10 47
4 4 24 50 49 36 57 59 29 16
#c 1 1 2 3 4 7 6 7 5 9 11 10 12 1 1 2 8 0 5 6 7 7 9 10 11 12 4 1 2 8 4 5 6 7 5 9 11 10 12 4 1 12 3 4 5 6 3 8 9 11 11 2 0 4 2 3 0 8 6 8 3 9
1 1 12 30
3 5 25 38 41 4 43 26 53 39
#c 1 1 2 3 4 7 6 7 5 9 11 10 12 1 1 2 8 0 5 6 7 7 9 10 11 12 4 1 2 8 4 5 6 7 5 9 11 10 12 4 1 12 3 4 5 6 3 8 9 11 11 2 0 4 2 3 0 8 6 8 3 9
1 1 17 43
2 5 52 56 4 30 26 53 39
#c 1 1 2 3 4 7 6 7 5 9 11 10 12 1 1 2 8 0 5 6 7 7 9 10 11 12 4 1 2 8 4 5 6 7 5 9 11 10 12 4 1 12 3 4 5 6 3 8 9 11 11 2 0 4 2 3 0 8 6 8 3 9
1 1 13 25
5 3 1 14 27 40 0 12 38 41
#c 1 1 2 3 4 7 6 7 5 9 11 10 12 1 1 2 8 0 5 6 7 7 9 10 11 12 4 1 2 8 4 5 6 7 5 9 11 10 12 4 1 12 3 4 5 6 3 8 9 11 11 2 0 4 2 3 0 8 6 8 3 9
2 2 54 28 48 61
3 3 2 15 51 9 22 35
#c 1 1 2 3 4 7 6 7 5 9 11 10 12 1 1 2 8 0 5 6 7 7 9 10 11 12 4 1 2 8 4 5 6 7 5 9 11 10 12 4 1 12 3 4 5 6 3 8 9 11 11 2 0 4 2 3 0 8 6 8 3 9
2 2 55 46 17 56
3 1 3 42 60 52
#c 1 1 2 3 4 7 6 7 5 9 11 10 12 1 1 2 8 3 5 6 7 7 9 10 11 12 4 1 2 8 4 5 6 7 5 9 11 10 12 4 1 12 3 4 5 6 0 8 9 11 11 2 0 4 2 0 3 8 6 8 3 9
1 1 30 37
5 2 4 43 26 53 39 23 11
#c 1 1 2 3 4 7 6 7 5 9 11 10 12 1 1 2 8 3 5 6 7 7 9 10 11 12 4 1 2 8 4 5 6 7 5 9 11 10 12 4 1 12 3 4 5 6 0 8 9 11 11 2 0 4 2 0 3 8 6 8 3 9
1 1 18 14
4 5 31 44 8 34 1 27 40 0 13
#c 1 1 2 3 4 7 6 7 5 9 11 10 12 1 5 2 8 3 1 6 7 7 9 10 11 12 4 1 2 8 4 5 6 7 5 9 11 10 12 4 1 12 3 4 5 6 0 8 9 11 11 2 0 4 2 0 3 8 6 8 3 9
2 2 6 58 16 47
3 3 19 32 45 57 59 29
#c 1 1 2 3 4 7 8 7 5 9 11 10 12 1 5 2 6 3 1 6 7 7 9 10 11 12 4 1 2 8 4 5 6 7 5 9 11 10 12 4 1 12 3 4 5 6 0 6 9 11 11 2 0 4 2 0 3 8 8 8 3 9
2 2 21 7 11 37
3 1 20 33 5 23
#c 1 1 2 3 4 7 8 7 5 9 11 10 12 1 5 2 6 3 1 6 7 7 9 10 11 12 4 1 2 8 4 5 6 7 5 9 11 10 12 4 1 12 3 4 5 6 0 6 9 11 11 2 0 4 2 0 3 8 8 8 3 9
2 2 29 58 17 60
3 3 57 59 6 3 42 56
#c 1 1 2 3 4 7 8 7 5 9 11 10 12 1 5 2 6 8 1 6 7 7 9 10 11 12 4 1 2 3 4 5 6 7 5 9 11 10 12 4 1 12 3 4 5 6 0 6 9 11 11 2 0 4 2 0 3 8 3 8 8 9
#c 1 1 2 3 4 7 8 7 5 9 11 10 12 1 5 2 6 8 1 6 7 7 9 10 11 12 4 1 2 3 4 5 6 7 5 9 11 10 12 4 1 12 3 4 5 6 0 6 9 11 11 2 0 4 2 0 3 8 3 8 8 9
1 1 11 59
2 4 23 37 57 6 17 60
#c 1 1 2 3 4 7 8 7 5 9 11 10 12 1 5 2 6 8 1 6 7 7 9 10 11 12 4 1 2 3 4 5 6 7 5 9 11 10 12 4 1 12 3 4 5 6 0 6 9 11 11 2 0 4 2 0 3 8 3 8 8 9
1 1 10 57
4 4 24 50 49 36 59 6 17 60
#c 1 1 2 3 4 7 8 7 5 9 8 10 12 1 5 2 6 8 1 6 7 7 9 10 11 12 4 1 2 3 4 5 6 7 5 9 11 10 12 4 1 12 3 4 5 6 0 6 9 11 11 2 0 4 2 0 3 11 3 8 8 9
2 2 38 41 23 11
2 1 12 25 37
#c 1 1 2 3 4 7 8 7 5 9 8 10 12 1 5 2 6 8 1 6 7 7 9 10 11 12 4 1 2 3 4 5 6 7 5 9 11 10 12 4 1 12 3 4 5 6 0 6 9 11 11 2 0 4 2 0 3 11 3 8 8 9
1 1 46 30
2 5 52 55 4 43 26 53 39
#c 1 1 2 3 4 7 8 7 5 9 8 10 12 1 5 2 6 8 1 6 7 7 9 10 11 12 4 1 2 3 4 5 6 7 5 9 11 10 12 4 1 12 3 4 5 6 0 6 9 11 11 2 0 4 2 0 3 11 3 8 8 9
3 3 40 13 0 10 60 17
3 2 1 27 18 59 6
#c 1 1 2 3 4 7 8 7 5 9 8 10 12 1 5 2 6 8 1 6 7 7 9 10 11 12 4 1 2 3 4 5 6 7 5 9 11 10 12 4 1 12 3 4 5 6 0 6 9 11 11 2 0 4 2 0 3 11 3 8 8 9
#c 1 1 2 3 4 7 8 7 5 9 8 10 12 1 5 2 6 8 1 6 7 7 9 10 11 12 4 1 2 3 4 5 6 7 5 9 11 10 12 4 1 12 3 4 5 6 0 6 9 11 11 2 0 4 2 0 3 11 3 8 8 9
#c 1 1 2 3 4 7 8 7 5 9 8 10 12 1 5 2 6 8 1 6 7 7 9 10 11 12 4 1 2 3 4 5 6 7 5 9 11 10 12 4 1 12 3 4 5 6 0 6 9 11 11 2 0 4 2 0 3 11 3 8 8 9
3 2 43 26 30 8 31
3 3 4 53 39 44 34 14
#c 1 1 2 3 4 7 8 7 5 9 8 10 12 1 5 2 6 8 1 6 7 7 9 10 11 12 4 1 2 3 4 5 6 7 5 9 11 10 12 4 1 12 3 4 5 6 0 6 9 11 11 2 0 4 2 0 3 11 3 8 8 9
2 2 34 14 24 49
3 3 31 44 8 50 36 57
#c 1 1 2 3 4 7 8 7 5 9 8 10 12 1 5 2 6 8 1 6 7 7 9 10 11 12 4 1 2 3 4 5 6 7 5 9 11 10 12 4 1 12 3 4 5 6 0 6 9 11 11 2 0 4 2 0 3 11 3 8 8 9
2 2 45 47 54 28
3 3 19 32 16 2 15 51
#c 1 1 2 3 4 7 8 7 5 9 8 10 12 1 5 2 6 8 1 6 7 7 9 10 11 12 4 1 2 3 4 5 6 7 5 9 11 10 12 4 1 12 3 4 5 6 0 6 9 11 11 2 0 4 2 0 3 11 3 8 8 9
2 2 20 21 27 0
3 4 7 33 5 1 40 13 18
#c 1 1 2 3 4 7 8 7 5 9 8 10 12 1 5 2 6 8 1 6 7 7 9 10 11 12 4 1 2 3 4 5 6 7 5 9 11 10 12 4 1 12 3 4 5 6 0 6 9 11 11 2 0 4 2 0 3 11 3 8 8 9
2 2 59 10 21 33
3 3 6 17 60 7 20 5
#c 1 1 2 3 4 7 8 7 5 9 8 10 12 1 5 2 6 8 1 6 7 7 9 10 11 12 4 1 2 3 4 5 6 7 5 9 11 10 12 4 1 12 3 4 5 6 0 6 9 11 11 2 0 4 2 0 3 11 3 8 8 9
2 2 61 35 34 14
3 3 9 22 48 31 44 8
#c 1 1 2 3 4 7 8 7 5 9 8 10 12 1 9 2 6 8 1 6 7 7 9 10 11 12 4 1 2 3 4 5 6 7 9 5 11 10 12 4 1 12 3 4 5 6 0 6 9 11 11 2 0 4 2 0 3 11 3 8 8 5
1 1 11 10
2 4 23 37 59 6 17 60
#c 1 1 2 3 4 7 8 7 5 9 8 10 12 1 9 2 6 8 1 6 7 7 9 10 11 12 4 1 2 3 4 5 6 7 9 5 11 10 12 4 1 12 3 4 5 6 0 6 9 11 11 2 0 4 2 0 3 11 3 8 8 5
1 2 24 28 2
4 3 50 49 36 57 15 54 51
#c 1 1 11 3 4 7 8 7 5 9 8 10 12 1 9 2 6 8 1 6 7 7 9 10 2 12 4 1 11 3 4 5 6 7 9 5 11 10 12 4 1 12 3 4 5 6 0 6 9 11 11 2 0 4 2 0 3 11 3 8 8 5
1 1 25 37
3 2 12 38 41 23 11
#c 1 1 11 3 4 7 8 7 5 9 8 10 12 1 9 2 6 8 1 6 7 7 9 10 2 12 4 1 11 3 4 5 6 7 9 5 11 10 12 4 1 12 3 4 5 6 0 6 9 11 11 2 0 4 2 0 3 11 3 8 8 5
1 1 55 23
2 2 52 46 37 11
#c 1 1 11 3 4 7 8 7 5 9 8 10 12 1 9 2 6 8 1 6 7 7 9 10 2 12 4 1 11 3 4 5 6 7 9 5 11 10 12 4 1 12 3 4 5 6 0 6 9 11 11 2 0 4 2 0 3 11 3 8 8 5
1 1 1 60
5 4 27 40 0 13 18 59 6 17 10
#c 1 1 11 3 4 7 8 7 5 9 8 10 12 1 9 2 6 8 1 6 7 7 9 10 2 12 4 1 11 3 4 5 6 7 9 5 11 10 12 4 1 12 3 4 5 6 0 6 9 11 11 2 0 4 2 0 3 11 3 8 8 5
1 1 54 38
3 3 15 51 24 12 25 41
#c 1 1 11 3 4 7 8 7 5 9 8 10 12 1 9 2 6 8 1 6 7 7 9 10 2 12 4 1 11 3 4 5 6 7 9 5 11 10 12 4 1 12 3 4 5 6 0 6 9 11 11 2 0 4 2 0 3 11 3 8 8 5
2 2 56 58 51 15
3 2 3 42 29 54 24
#c 1 1 11 3 4 7 8 7 5 9 8 10 12 1 9 2 6 8 1 6 7 7 9 10 2 12 4 1 11 3 4 5 6 7 9 5 11 10 12 4 1 12 3 4 5 6 0 6 9 11 11 2 0 4 2 0 3 11 3 8 8 5
3 3 39 43 30 35 31 8
3 2 4 26 53 44 61
#c 1 1 11 3 4 7 8 7 5 9 8 10 12 1 9 2 6 8 1 6 7 7 9 10 2 12 4 1 11 3 4 5 6 7 9 5 11 10 12 4 1 12 3 4 5 6 0 6 9 11 11 2 0 4 2 0 3 11 3 8 8 5
1 1 44 20
4 4 31 8 61 35 7 33 21 5
#c 1 1 11 3 4 7 8 7 5 9 8 10 12 1 9 2 6 8 1 6 7 7 9 10 2 12 4 1 11 3 4 5 6 7 9 5 11 10 12 4 1 12 3 4 5 6 0 6 9 11 11 2 0 4 2 0 3 11 3 8 8 5
2 1 19 47 15
3 3 32 45 16 54 51 24
#c 1 1 11 3 4 7 8 7 5 9 8 10 12 1 9 2 6 8 1 6 7 7 9 10 2 12 4 1 11 3 4 5 6 7 9 5 11 10 12 4 1 12 3 4 5 6 0 6 9 11 11 2 0 4 2 0 3 11 3 8 8 5
2 2 21 5 34 48
3 3 7 20 33 9 22 14
#c 1 1 11 3 4 9 8 7 5 9 8 10 12 1 9 2 6 8 1 6 7 9 9 10 2 12 4 1 11 3 4 5 6 7 7 5 11 10 12 4 1 12 3 4 5 6 0 6 7 11 11 2 0 4 2 0 3 11 3 8 8 5
2 4 10 6 30 4 53 26
3 2 59 17 60 43 39
#c 1 1 11 3 4 9 8 7 5 9 8 10 12 1 9 2 6 8 1 6 7 9 9 10 2 12 4 1 11 3 4 5 6 7 7 5 11 10 12 4 1 12 3 4 5 6 0 6 7 11 11 2 0 4 2 0 3 11 3 8 8 5
2 2 9 5 46 52
3 1 22 14 21 55
#c 1 1 11 3 4 9 8 7 5 9 8 10 12 1 9 2 6 8 1 6 7 9 9 10 2 12 4 1 11 3 4 5 6 7 7 5 11 10 12 4 1 12 3 4 5 6 0 6 7 11 11 2 0 4 2 0 3 11 3 8 8 5
1 1 11 20
2 4 23 37 7 33 34 48
#c 1 1 11 3 4 9 8 7 5 9 8 10 12 1 9 2 6 8 1 6 7 9 9 10 2 12 4 1 11 3 4 5 6 7 7 5 11 10 12 4 1 12 3 4 5 6 0 6 7 11 11 2 0 4 2 0 3 11 3 8 8 5
2 2 36 50 15 54
4 2 49 57 28 2 51 24
#c 1 1 11 3 4 9 8 7 5 9 8 10 12 1 9 2 6 8 1 6 7 9 9 10 2 12 4 1 11 3 4 5 6 7 7 5 11 10 12 4 1 12 3 4 5 6 0 6 7 11 11 2 0 4 2 0 3 11 3 8 8 5
1 1 25 59
3 4 12 38 41 6 17 60 10
#c 1 1 11 3 4 9 8 7 5 9 8 10 12 1 9 2 6 8 1 6 7 9 9 10 2 12 4 1 11 3 4 5 6 7 7 5 11 10 12 4 1 12 3 4 5 6 0 6 7 11 11 2 0 4 2 0 3 11 3 8 8 5
1 1 46 11
2 2 52 55 23 37
#c 1 1 11 3 4 9 8 7 5 9 8 10 12 1 9 2 6 8 1 6 7 9 9 10 2 12 4 1 11 3 4 5 6 7 7 5 11 10 12 4 1 12 3 4 5 6 0 6 7 11 11 2 0 4 2 0 3 11 3 8 8 5
1 1 40 25
5 3 1 27 0 13 18 12 38 41
#c 1 1 11 3 4 9 8 7 5 9 8 10 12 1 9 2 6 8 1 6 7 9 9 10 2 12 4 1 11 3 4 5 6 7 7 5 11 10 12 4 1 12 3 4 5 6 0 6 7 11 11 2 0 4 2 0 3 11 3 8 8 5
2 2 54 24 2 49
2 4 15 51 50 36 57 28
#c 1 1 11 3 4 9 8 7 5 9 8 10 12 1 9 2 6 8 1 6 7 9 9 10 2 12 4 1 11 3 4 5 6 7 7 5 11 10 12 4 1 12 3 4 5 6 0 6 7 11 11 2 0 4 2 0 3 11 3 8 8 5
1 1 42 46
4 2 3 56 29 58 52 55
#c 1 1 11 3 4 9 8 7 5 9 8 10 12 1 9 2 6 8 1 6 7 9 9 10 2 12 4 1 11 3 4 5 6 7 7 5 11 10 12 4 1 12 3 4 5 6 0 6 7 11 11 2 0 4 2 0 3 11 3 8 8 5
3 3 30 43 53 49 50 2
3 3 4 26 39 36 57 28
#c 1 1 11 3 4 9 8 7 5 9 8 10 12 1 9 2 6 8 1 6 7 9 9 10 2 12 4 1 11 3 4 5 6 7 7 5 11 10 12 4 1 12 3 4 5 6 0 6 7 11 11 2 0 4 2 0 3 11 3 8 8 5
1 1 35 5
4 4 31 44 8 61 9 22 14 21
#c 1 1 11 3 4 9 8 7 5 9 8 10 12 1 9 2 6 8 1 6 7 9 9 10 2 12 4 1 11 3 4 5 6 7 7 5 11 10 12 4 1 12 3 4 5 6 0 6 7 11 11 2 0 4 2 0 3 11 3 8 8 5
2 2 19 16 61 44
3 3 32 45 47 31 8 35
#c 1 1 11 3 4 9 8 7 5 9 8 10 12 1 9 2 6 8 1 6 7 9 9 10 2 12 4 1 11 3 4 5 6 7 7 5 11 10 12 4 1 12 3 4 5 6 0 6 7 11 11 2 0 4 2 0 3 11 3 8 8 5
1 1 7 10
4 4 20 33 34 48 59 6 17 60
#c 1 1 11 3 4 9 8 8 5 9 7 10 12 1 9 2 6 8 1 6 7 9 9 10 2 12 4 1 11 3 4 5 6 7 7 5 11 10 12 4 1 12 3 4 5 6 0 6 7 11 11 2 0 4 2 0 3 11 3 8 8 5
2 2 7 6 18 27
3 4 59 17 60 1 40 0 13
#c 1 1 11 3 4 9 8 8 5 9 7 10 12 1 9 2 6 8 1 6 7 9 9 10 2 12 4 1 11 3 4 5 6 7 7 5 11 10 12 4 1 12 3 4 5 6 0 6 7 11 11 2 0 4 2 0 3 11 3 8 8 5
1 1 21 42
4 4 9 22 14 5 3 56 29 58
#c 1 1 11 3 4 9 8 8 5 9 7 10 12 1 9 2 6 8 1 6 7 9 9 10 2 12 4 1 11 3 4 5 6 7 7 5 11 10 12 4 1 12 3 4 5 6 0 6 7 11 11 2 0 4 2 0 3 11 3 8 8 5
1 1 37 24
2 3 23 11 15 54 51
#c 1 1 11 3 4 9 8 8 5 9 7 10 12 1 9 2 6 8 1 6 7 9 9 10 2 12 4 1 11 3 4 5 6 7 7 5 11 10 12 4 1 12 3 4 5 6 0 6 7 11 11 2 0 4 2 0 3 11 3 8 8 5
3 2 36 57 50 52 46
3 1 49 28 2 55
#c 1 1 11 3 4 9 8 8 5 9 7 10 12 1 9 2 6 8 1 6 7 9 9 10 2 12 4 1 11 3 4 5 6 7 7 5 11 10 12 4 1 12 3 4 5 6 0 6 7 11 11 2 0 4 2 0 3 11 3 8 8 5
2 2 38 25 46 55
2 1 12 41 52
#c 1 1 11 3 4 9 8 8 5 9 7 10 12 1 9 2 6 8 1 6 7 9 9 10 2 12 4 1 11 3 4 5 6 7 7 5 11 10 12 4 1 12 3 4 5 6 0 6 7 11 11 2 0 4 2 0 3 11 3 8 8 5
1 1 46 37
2 2 52 55 23 11
#c 1 1 11 3 4 9 8 8 5 9 7 10 12 1 9 2 6 8 1 6 7 9 9 10 2 12 4 1 11 3 4 5 6 7 7 5 11 0 12 4 1 12 3 4 5 6 10 6 7 11 11 2 0 4 2 0 3 11 3 8 8 5
2 2 18 0 10 20
4 3 1 27 40 13 33 34 48
#c 1 1 11 3 4 9 8 8 5 9 7 10 12 1 9 2 6 8 1 6 7 9 9 10 2 12 4 1 11 3 4 5 6 7 7 5 11 0 12 4 1 12 3 4 5 6 10 6 7 11 11 2 0 4 2 0 3 11 3 8 8 5
1 1 54 11
3 2 15 51 24 23 46
#c 1 1 11 3 4 9 8 8 5 9 7 10 12 1 9 2 6 8 1 6 7 9 9 10 2 12 4 1 11 3 4 5 6 7 7 5 11 0 12 4 1 12 3 4 5 6 10 6 7 11 11 2 0 4 2 0 3 11 3 8 8 5
2 2 56 29 48 10
3 3 3 42 58 20 33 34
#c 1 1 11 3 4 9 8 8 5 9 7 10 12 1 9 2 6 8 1 6 7 9 9 10 2 12 4 1 11 3 4 5 6 7 7 5 11 0 12 4 1 12 3 4 5 6 10 6 7 11 11 2 0 4 2 0 3 11 3 8 8 5
1 1 39 22
5 4 4 30 43 26 53 9 14 21 5
#c 1 1 11 3 4 9 8 8 5 9 7 10 12 1 9 2 6 8 1 6 7 9 9 10 2 12 4 1 11 3 4 5 6 7 7 5 11 0 12 4 1 12 3 4 5 6 10 6 7 11 11 2 0 4 2 0 3 11 3 8 8 5
2 2 8 44 9 21
3 3 31 61 35 22 14 5
#c 1 1 11 3 4 9 8 8 5 9 7 10 12 1 9 2 6 8 1 6 7 9 9 10 2 12 4 1 11 3 4 5 6 7 7 5 11 0 12 4 1 12 3 4 5 6 10 6 7 11 11 2 0 4 2 0 3 11 3 8 8 5
1 1 47 23
4 2 19 32 45 16 11 46
#c 1 1 11 3 4 9 8 8 5 9 7 10 12 1 9 2 6 8 1 6 7 9 9 10 2 12 4 1 11 3 4 5 6 7 7 5 11 0 12 4 1 12 3 4 5 6 10 6 7 11 11 2 0 4 2 0 3 11 3 8 8 5
1 1 10 31
4 4 20 33 34 48 44 8 61 35
#c 1 1 11 3 4 9 8 8 5 9 7 10 12 1 9 2 6 8 1 6 7 9 9 10 2 12 4 1 11 3 4 5 6 7 7 5 11 0 12 4 1 12 3 4 5 6 10 6 7 11 11 2 0 4 2 0 3 11 3 8 8 5
2 2 7 6 52 55
3 1 59 17 60 37
#c 1 1 11 3 4 9 8 8 5 9 7 10 12 1 9 2 6 8 1 6 7 9 9 10 2 12 4 1 11 3 4 5 6 7 7 5 11 0 12 4 1 12 3 4 5 6 10 6 7 11 11 2 0 4 2 0 3 11 3 8 8 5
2 2 14 9 33 20
3 3 22 21 5 34 48 10
#c 1 1 11 3 4 9 8 8 5 9 7 10 12 1 9 2 6 8 1 6 7 9 9 10 2 12 4 1 11 3 4 5 6 7 7 5 11 0 12 4 1 12 3 4 5 6 10 6 7 11 11 2 0 4 2 0 3 11 3 8 8 5
1 1 11 1
2 5 23 46 27 40 0 13 18
#c 1 1 11 3 4 9 8 8 5 9 7 10 12 1 9 2 6 8 1 6 7 9 9 10 2 12 4 1 11 3 4 5 6 7 7 5 11 0 12 4 1 12 3 4 5 6 10 6 7 11 11 2 0 4 2 0 3 11 3 8 8 5
1 1 50 11
5 2 49 36 57 28 2 23 46
#c 1 1 11 3 4 9 8 8 5 9 7 10 12 1 9 2 6 8 1 6 7 9 9 10 2 12 4 1 11 3 4 5 6 7 7 5 11 0 12 4 1 12 3 4 5 6 10 6 7 11 11 2 0 4 2 0 3 11 3 8 8 5
#c 1 1 11 3 4 9 8 8 5 9 7 10 12 1 9 2 6 8 1 6 7 9 9 10 2 12 4 1 11 3 4 5 6 7 7 5 11 0 12 4 1 12 3 4 5 6 10 6 7 11 11 2 0 4 2 0 3 11 3 8 8 5
1 1 37 47
2 4 52 55 19 32 45 16
#c 1 1 11 3 4 9 8 8 5 9 7 10 12 1 9 2 6 8 1 6 7 9 9 10 2 12 4 1 11 3 4 5 6 7 7 5 11 0 12 4 1 12 3 4 5 6 10 6 7 11 11 2 0 4 2 0 3 11 3 8 8 5
2 2 40 1 34 20
4 3 27 0 13 18 33 48 10
#c 1 1 11 3 4 9 8 8 5 9 7 10 12 1 9 2 6 8 1 6 7 9 9 10 2 12 4 1 11 3 4 5 6 7 7 5 11 0 12 4 1 12 3 4 5 6 10 6 7 11 11 2 0 4 2 0 3 11 3 8 8 5
1 1 24 38
3 3 15 54 51 12 25 41
#c 1 1 11 3 4 9 8 8 5 9 7 10 12 1 9 2 6 8 1 6 7 9 9 10 2 12 4 1 11 3 4 5 6 7 7 5 11 0 12 4 1 12 3 4 5 6 10 6 7 11 11 2 0 4 2 0 3 11 3 8 8 5
1 1 58 15
4 3 3 42 56 29 54 51 24
#c 1 1 11 3 4 9 8 8 5 9 7 10 12 1 9 2 6 8 1 6 7 9 9 10 2 12 4 1 11 3 4 5 6 7 7 5 11 0 12 4 1 12 3 4 5 6 10 6 7 11 11 2 0 4 2 0 3 11 3 8 8 5
#c 1 1 11 3 4 9 8 8 5 9 7 10 12 1 9 2 6 8 1 6 7 9 9 10 2 12 4 1 11 3 4 5 6 7 7 5 11 0 12 4 1 12 3 4 5 6 10 6 7 11 11 2 0 4 2 0 3 11 3 8 8 5
2 2 31 35 54 24
3 2 44 8 61 15 51
#c 1 1 11 3 4 9 8 8 5 9 7 10 12 1 9 2 6 8 1 6 7 9 9 10 2 12 4 1 11 3 4 5 6 7 7 5 11 0 12 4 1 12 3 4 5 6 10 6 7 11 11 2 0 4 2 0 3 11 3 8 8 5
1 1 19 0
4 5 32 45 16 47 1 27 40 13 18
#c 1 1 11 3 4 9 8 8 5 9 7 10 12 1 9 2 6 8 1 6 7 9 9 10 2 12 4 1 11 3 4 5 6 7 7 5 11 0 12 4 1 12 3 4 5 6 10 6 7 11 11 2 0 4 2 0 3 11 3 8 8 5
1 1 48 55
4 2 20 33 34 10 52 37
#c 1 1 11 3 4 9 8 8 5 9 7 10 12 1 9 2 6 8 1 6 7 9 9 10 2 12 4 1 11 3 4 5 6 7 7 5 11 0 12 4 1 12 3 4 5 6 10 6 7 11 11 2 0 4 2 0 3 11 3 8 8 5
1 1 7 15
4 3 59 6 17 60 54 51 24
#c 1 1 11 3 4 9 8 8 5 9 7 10 12 1 9 2 6 8 1 6 7 9 9 10 2 12 4 1 11 3 4 5 6 7 7 5 11 0 12 4 1 12 3 4 5 6 10 6 7 11 11 2 0 4 2 0 3 11 3 8 8 5
2 2 14 22 15 51
3 2 9 21 5 54 24
#c 1 1 11 3 4 9 8 8 5 9 7 10 12 1 2 9 6 8 1 6 7 9 2 10 2 12 4 1 11 3 4 5 6 7 7 5 11 0 12 4 1 12 3 4 5 6 10 6 7 11 11 9 0 4 2 0 3 11 3 8 8 5
1 1 23 45
2 4 11 46 19 32 16 47
#c 1 1 11 3 4 9 8 8 5 9 7 10 12 1 2 9 6 8 1 6 7 9 2 6 2 12 4 1 11 3 4 5 6 7 7 5 11 0 12 4 1 12 3 4 5 10 10 6 7 11 11 9 0 4 2 0 3 11 3 8 8 5
2 1 36 50 46
4 2 49 57 28 2 11 45
#c 1 1 11 3 4 9 8 8 5 9 7 10 12 1 2 9 6 8 1 6 7 9 2 6 2 12 4 1 11 3 4 5 6 7 7 5 11 0 12 4 1 12 3 4 5 10 10 6 7 11 11 9 0 4 2 0 3 11 3 8 8 5
2 2 12 25 16 23
2 3 38 41 19 32 47
#c 1 1 11 3 4 9 8 8 5 9 7 10 12 1 2 9 6 8 1 6 7 9 2 6 2 12 4 1 11 3 4 5 6 7 7 5 11 0 12 4 1 12 3 4 5 10 10 6 7 11 11 9 0 4 2 0 3 11 3 8 8 5
1 1 37 14
2 3 52 55 54 24 22
#c 1 1 11 3 4 9 8 8 5 9 7 10 12 1 0 9 6 8 1 6 7 9 2 6 2 12 4 1 11 3 4 5 6 7 7 5 11 2 12 4 1 12 3 4 5 10 10 6 7 11 11 9 0 4 2 0 3 11 3 8 8 5
1 1 0 51
5 4 1 27 40 13 18 9 21 5 15
#c 1 1 11 3 4 9 8 8 5 9 7 10 12 1 0 9 6 8 1 6 7 9 2 6 2 12 4 1 11 3 4 5 6 7 7 5 11 2 12 4 1 12 3 4 5 10 10 6 7 11 11 9 0 4 2 0 3 11 3 8 8 5
2 2 24 37 16 19
2 3 54 22 32 47 23
#c 1 1 11 3 4 9 8 8 5 9 7 10 12 1 0 9 2 8 1 2 7 9 2 6 6 12 4 1 11 3 4 5 6 7 7 5 11 6 12 4 1 12 3 4 5 10 10 6 7 11 11 9 0 4 2 0 3 11 3 8 8 5
1 2 58 47 37
4 3 3 42 56 29 32 23 24
#c 1 1 11 3 4 9 8 8 5 9 7 10 12 1 0 9 2 8 1 2 7 9 2 6 6 12 4 1 11 3 4 5 6 7 7 5 11 6 12 4 1 12 3 4 5 10 10 6 7 11 11 9 0 4 2 0 3 11 3 8 8 5
1 1 26 1
5 5 4 30 43 53 39 27 40 0 13 18
#c 1 1 11 3 4 9 8 8 5 9 7 10 12 1 0 9 2 8 1 2 7 9 2 6 6 12 4 1 11 3 4 5 6 7 7 5 11 6 12 4 1 12 3 4 5 10 10 6 7 11 11 9 0 4 2 0 3 11 3 8 8 5
1 1 31 11
4 2 44 8 61 35 46 45
#c 1 1 11 3 4 9 8 8 5 9 7 10 12 1 0 9 2 8 1 2 7 9 2 6 6 12 4 1 11 3 4 5 6 7 7 5 11 6 12 4 1 12 3 4 5 10 10 6 7 11 11 9 0 4 2 0 3 11 3 8 8 5
1 1 47 58
4 4 32 23 24 37 3 42 56 29
#c 1 1 11 3 4 9 8 8 5 9 7 10 12 1 0 9 2 8 1 2 7 9 2 6 6 12 4 1 11 3 4 5 6 7 7 5 11 6 12 4 1 12 3 4 5 10 10 6 7 11 11 9 0 4 2 0 3 11 3 8 8 5
1 1 10 36
4 5 20 33 34 48 50 49 57 28 2
#c 1 1 11 3 4 9 8 8 5 9 7 10 12 1 0 9 2 8 1 2 7 9 2 6 6 12 4 1 11 3 4 5 6 7 7 5 11 6 12 4 1 12 3 4 5 10 10 6 7 11 11 9 0 4 2 0 3 11 3 8 8 5
2 2 7 17 12 38
3 2 59 6 60 25 41
#c 1 1 11 3 4 9 8 8 5 9 7 10 12 1 0 9 2 8 1 2 7 9 2 6 6 12 4 1 11 3 4 5 6 7 7 5 11 6 12 4 1 12 3 4 5 10 10 6 7 11 11 9 0 4 2 0 3 11 3 8 8 5
2 2 9 21 22 16
3 2 5 15 51 54 19
#c 1 1 11 3 4 9 8 8 5 2 7 10 12 1 0 9 9 8 1 2 7 2 9 6 6 12 4 1 11 3 4 5 6 7 7 5 11 6 12 4 1 12 3 4 5 10 10 6 7 11 11 9 0 4 2 0 3 11 3 8 8 5
1 1 46 36
2 5 11 45 50 49 57 28 2
#c 1 1 11 3 4 9 8 8 5 2 7 10 12 1 0 9 9 8 1 2 7 2 9 6 6 12 4 1 11 3 4 5 6 7 7 5 11 6 12 4 1 12 3 4 5 10 10 6 7 11 11 9 0 4 2 0 3 11 3 8 8 5
2 2 28 2 48 10
4 3 50 49 36 57 20 33 34
#c 1 1 7 3 4 9 8 8 5 2 11 10 12 1 0 9 9 8 1 2 7 2 9 6 6 12 4 1 7 3 4 5 6 7 7 5 11 6 12 4 1 12 3 4 5 10 10 6 11 11 11 9 0 4 2 0 3 11 3 8 8 5
2 2 25 38 11 46
2 1 12 41 45
#c 1 1 7 3 4 9 8 8 5 2 11 10 12 1 0 9 9 8 1 2 7 2 9 6 6 12 4 1 7 3 4 5 6 7 7 5 11 6 12 4 1 12 3 4 5 10 10 6 11 11 11 9 0 4 2 0 3 11 3 8 8 5
1 1 55 18
2 5 52 14 1 27 40 0 13
#c 1 1 7 3 4 9 8 8 5 2 11 10 12 1 0 9 9 8 0 2 7 2 9 6 6 12 4 1 7 3 4 5 6 7 7 5 11 6 12 4 1 12 3 4 5 10 10 6 11 11 11 9 0 4 2 1 3 11 3 8 8 5
2 2 27 0 49 48
4 4 1 40 13 55 50 36 57 10
#c 1 1 7 3 4 9 8 8 5 2 11 10 12 1 0 9 9 8 0 2 7 2 9 6 6 12 4 1 7 3 4 5 6 7 7 5 11 6 12 4 1 12 3 4 5 10 10 6 11 11 11 9 0 4 2 1 3 11 3 8 8 5
2 2 9 21 14 18
2 1 54 19 52
#c 1 1 7 3 4 9 8 8 5 2 11 10 12 1 0 9 9 8 0 2 7 2 9 6 6 12 4 1 7 3 4 5 6 7 7 5 11 6 12 4 1 12 3 4 5 10 10 6 11 11 11 9 0 4 2 1 3 11 3 8 8 5
2 2 3 29 7 6
3 3 42 56 58 59 17 60
#c 1 1 7 8 4 9 3 3 5 2 11 10 12 1 0 9 9 8 0 2 7 2 9 6 6 12 4 1 7 8 4 5 6 7 7 5 11 6 12 4 1 12 3 4 5 10 10 6 11 11 11 9 0 4 2 1 3 11 3 8 8 5
2 2 26 30 51 5
4 3 4 43 53 39 15 22 16
#c 1 1 7 8 4 4 3 3 5 2 11 10 12 1 0 9 9 8 0 2 7 2 9 6 6 12 9 1 7 8 9 5 6 7 7 5 11 6 12 4 1 12 3 4 5 10 10 6 11 11 11 4 0 4 2 1 3 11 3 8 8 5
1 1 35 26
4 4 31 44 8 61 15 22 16 30
#c 1 1 7 8 4 4 3 3 5 2 11 10 12 1 0 9 9 8 0 2 7 2 9 6 6 12 5 1 7 8 9 5 6 7 7 9 11 6 12 4 1 12 3 4 5 10 10 6 11 11 11 4 0 4 2 1 3 11 3 8 8 5
2 2 23 37 40 1
3 4 32 47 24 27 0 13 55
#c 1 1 7 8 4 4 3 3 5 2 11 10 12 1 0 9 9 8 0 2 7 2 9 6 6 12 5 1 7 8 9 5 6 7 7 9 11 6 12 4 1 12 3 4 5 10 10 6 11 11 11 4 0 4 2 1 3 11 3 8 8 5
1 2 28 61 44
4 3 20 33 34 2 31 8 26
#c 1 1 7 8 4 4 3 3 5 2 11 10 12 1 0 9 9 8 0 2 7 2 9 6 6 12 5 1 7 8 9 5 6 7 7 9 11 6 12 4 1 12 3 4 5 10 10 6 11 11 11 4 0 4 2 1 3 11 3 8 8 5
2 2 3 60 54 21
3 2 59 17 29 19 9
#c 1 1 7 8 4 4 3 3 5 2 11 10 12 1 0 9 9 8 0 2 7 2 9 6 6 12 5 1 7 8 9 5 6 7 7 9 11 6 12 4 1 12 3 4 5 10 10 6 11 11 11 4 0 4 2 1 3 11 3 8 8 5
4 2 15 22 16 35 11 45
#c 1 1 7 8 4 4 3 3 5 2 11 10 12 1 0 9 9 8 0 2 7 2 9 6 6 12 5 1 7 8 9 5 6 7 7 9 11 6 12 4 1 12 3 4 5 10 10 6 11 11 11 4 0 4 2 1 3 11 3 8 8 5
1 1 11 32
2 4 46 45 47 23 24 37
#c 1 1 7 8 4 4 3 3 5 2 11 10 12 1 0 9 9 8 0 2 7 2 9 6 6 12 5 1 7 8 9 5 6 7 7 9 11 6 12 4 1 12 3 4 5 10 10 6 11 11 11 4 0 4 2 1 3 11 3 8 8 5
3 3 50 57 49 58 56 6
3 2 36 48 10 42 7
#c 1 1 7 8 4 4 3 3 5 2 11 10 12 1 0 9 9 8 0 2 7 2 9 6 6 12 5 1 7 8 9 5 6 7 7 9 11 6 12 4 1 12 3 4 5 10 10 6 11 11 11 4 0 4 2 1 3 11 3 8 8 5
1 1 25 20
3 4 12 38 41 33 34 28 2
#c 1 1 7 8 4 4 3 3 5 2 11 10 12 1 0 9 9 8 0 2 7 2 9 6 6 12 5 1 7 8 9 5 6 7 7 9 11 6 12 4 1 12 3 4 5 10 10 6 11 11 11 4 0 4 2 1 3 11 3 8 8 5
#c 1 1 7 8 4 4 3 3 5 2 11 10 12 1 0 9 9 8 0 2 7 2 9 6 6 12 5 1 7 8 9 5 6 7 7 9 11 6 12 4 1 12 3 4 5 10 10 6 11 11 11 4 0 4 2 1 3 11 3 8 8 5
3 2 13 1 27 18 14
3 1 40 0 55 52
#c 1 0 7 8 4 4 3 3 5 2 11 10 12 0 1 9 9 8 1 2 7 2 9 6 6 12 5 0 7 8 9 5 6 7 7 9 11 6 12 4 1 12 3 4 5 10 10 6 11 11 11 4 0 4 2 1 3 11 3 8 8 5
2 2 21 54 32 47
2 3 19 9 23 24 37
#c 1 0 7 8 4 4 3 3 5 2 11 10 12 0 1 9 9 8 1 2 7 2 9 6 6 12 5 0 7 8 9 5 6 7 7 9 11 6 12 4 1 12 3 4 5 10 10 6 11 11 11 4 0 4 2 1 3 11 3 8 8 5
1 1 7 31
4 4 42 56 58 6 44 8 61 26
#c 1 0 7 8 4 4 3 3 5 2 11 10 12 0 1 9 9 8 1 2 7 2 9 6 6 12 5 0 7 8 9 5 6 7 7 9 11 6 12 4 1 12 3 4 5 10 10 6 11 11 11 4 0 4 2 1 3 11 3 8 8 5
2 2 4 39 46 11
4 1 43 53 51 5 45
#c 1 0 7 8 4 4 3 3 5 2 11 10 12 0 1 9 9 8 1 2 7 2 9 6 6 12 5 0 7 8 9 5 6 7 7 9 11 6 12 4 1 12 3 4 5 10 10 6 11 11 11 4 0 4 2 1 3 11 3 8 8 5
2 2 61 26 46 45
3 1 31 44 8 11
#c 1 0 7 8 4 4 3 3 5 2 11 10 12 0 1 9 9 8 1 2 7 2 9 6 6 12 5 0 7 8 9 5 6 7 7 9 11 6 12 4 1 12 3 4 5 10 10 6 11 11 11 4 0 4 2 1 3 11 3 8 8 5
2 2 47 32 60 3
3 3 23 24 37 59 17 29
#c 1 0 7 8 4 4 3 3 5 2 11 10 12 0 1 9 9 8 1 2 7 2 9 6 6 12 5 0 7 8 9 5 6 7 7 9 11 6 12 4 1 12 3 4 5 10 10 6 11 11 11 4 0 4 2 1 3 11 3 8 8 5
1 1 20 37
4 4 33 34 28 2 32 47 23 24
#c 1 0 7 8 4 4 3 3 5 2 11 10 12 0 1 9 9 8 1 2 7 2 9 6 6 12 5 0 7 8 9 5 6 7 7 9 11 6 12 4 1 12 3 4 5 10 10 6 11 11 11 4 0 4 2 1 3 11 3 8 8 5
1 1 29 31
4 4 59 17 60 3 44 8 61 26
#c 1 0 7 8 4 4 3 3 5 2 11 10 12 0 1 9 9 8 1 2 7 2 9 6 6 12 5 0 7 8 9 5 6 7 7 9 11 6 12 4 1 12 3 4 5 10 10 6 11 11 11 4 0 4 2 1 3 11 3 8 8 5
1 1 35 12
4 3 15 22 16 30 25 38 41
#c 1 0 7 8 4 4 3 3 5 2 11 10 12 0 1 9 9 8 1 2 7 2 9 6 6 12 5 0 7 8 9 5 6 7 7 9 11 6 12 4 1 12 3 4 5 10 10 6 11 11 11 4 0 4 2 1 3 11 3 8 8 5
1 1 46 12
2 3 11 45 25 38 41
#c 1 0 7 8 4 4 3 3 5 2 11 10 12 0 1 9 9 8 1 2 7 2 9 6 6 12 5 0 7 8 9 5 6 7 7 9 11 6 12 4 1 12 3 4 5 10 10 6 11 11 11 4 0 4 2 1 3 11 3 8 8 5
1 1 57 21
5 3 50 49 36 48 10 54 19 9
#c 1 0 7 8 4 4 3 3 5 2 11 10 12 0 1 9 9 8 1 2 7 2 9 6 6 12 5 0 7 8 9 5 6 7 7 9 11 6 12 4 1 12 3 4 5 10 10 6 11 11 11 4 0 4 2 1 3 11 3 8 8 5
2 2 12 25 5 4
2 4 38 41 43 53 39 51
#c 1 0 7 8 4 4 3 3 5 2 11 10 12 0 1 9 9 8 1 2 7 2 9 6 6 12 5 0 7 8 9 5 6 7 7 9 11 6 12 4 1 12 3 4 5 10 10 6 11 11 11 4 0 4 2 1 3 11 3 8 8 5
1 1 1 45
3 2 52 13 27 11 46
#c 1 0 7 8 4 4 3 3 5 2 11 10 12 0 1 9 9 8 1 2 7 2 9 6 6 12 5 0 7 8 9 5 6 7 7 9 11 6 12 4 1 12 3 4 5 10 10 6 11 11 11 4 0 4 2 1 3 11 3 8 8 5
1 1 0 20
4 4 40 55 18 14 33 34 28 2
#c 1 0 7 8 4 4 3 3 5 2 11 10 12 0 1 9 9 8 1 2 7 2 9 6 6 12 5 0 7 8 9 5 6 7 7 9 11 6 12 4 1 12 3 4 5 10 10 6 11 11 11 4 0 4 2 1 3 11 3 8 8 5
1 1 9 51
3 5 54 19 21 4 43 53 39 5
#c 1 0 7 8 4 4 3 3 5 2 11 10 12 0 1 9 9 8 1 2 7 2 9 6 6 12 5 0 7 8 9 5 6 7 7 9 11 6 12 4 1 12 3 4 5 10 10 6 11 11 11 4 0 4 2 1 3 11 3 8 8 5
1 3 7 25 38 41
4 1 42 56 58 6 12
#c 1 0 7 8 4 4 3 3 5 2 11 10 12 0 1 9 9 8 1 2 7 2 9 6 6 12 5 0 7 8 9 5 6 7 7 9 11 6 12 4 1 12 3 4 5 10 10 6 11 11 11 4 0 4 2 1 3 11 3 8 8 5
3 3 53 43 5 57 49 48
3 3 4 39 51 50 36 10
#c 1 0 7 8 4 11 3 3 5 2 11 10 12 0 1 9 9 8 1 2 7 2 9 6 6 12 5 0 7 8 9 5 6 7 7 9 11 6 12 4 1 12 3 11 5 10 10 6 4 4 11 4 0 11 2 1 3 4 3 8 8 5
2 2 8 61 40 14
3 3 31 44 26 0 55 18
#c 1 0 7 8 4 11 3 3 5 2 11 10 12 0 1 9 9 8 1 2 7 2 9 6 6 12 5 0 7 8 9 5 6 7 7 9 11 6 12 4 1 12 3 11 5 10 10 6 4 4 11 4 0 11 2 1 3 4 3 8 8 5
1 1 23 58
4 4 32 47 24 37 42 56 7 6
#c 1 0 7 8 4 11 3 3 5 2 11 10 12 0 1 9 9 8 1 2 7 2 9 6 6 12 5 0 7 8 9 5 6 7 7 9 11 6 12 4 1 12 3 11 5 10 10 6 4 4 11 4 0 11 2 1 3 4 3 8 8 5
2 2 34 33 57 48
3 4 20 28 2 4 39 51 49
#c 1 0 7 8 4 11 3 3 5 2 11 10 12 0 1 9 9 8 1 2 7 2 9 6 6 12 5 0 7 8 9 5 6 7 7 9 11 6 12 4 1 12 3 11 5 10 10 6 4 4 11 4 0 11 2 1 3 4 3 8 8 5
2 2 29 3 7 58
3 3 59 17 60 42 56 6
#c 1 0 7 8 4 11 3 3 5 2 11 10 12 0 1 9 9 8 1 2 7 2 9 6 6 12 5 0 7 8 9 5 6 7 7 9 11 6 12 4 1 12 3 11 5 10 10 6 4 4 11 4 0 11 2 1 3 4 3 8 8 5
1 1 30 26
4 4 15 22 16 35 31 44 8 61
#c 1 0 7 8 4 11 3 3 5 2 11 10 12 0 1 9 9 8 1 2 7 2 9 6 6 12 5 0 7 8 9 5 6 7 7 9 11 6 12 4 1 12 3 11 5 10 10 6 4 4 11 4 0 11 2 1 3 4 3 8 8 5
1 1 45 54
2 3 11 46 19 9 21
#c 1 0 7 8 4 11 3 3 5 2 11 10 12 0 1 9 9 8 1 2 7 2 9 6 6 12 5 0 7 8 9 5 6 7 7 9 11 6 12 4 1 12 3 11 5 10 10 6 4 4 11 4 0 11 2 1 3 4 3 8 8 5
3 2 5 50 53 11 45
3 1 36 10 43 46
#c 1 0 7 8 4 11 3 3 5 2 11 10 12 0 1 9 9 8 1 2 7 2 9 6 6 12 5 0 7 8 9 5 6 7 7 9 11 6 12 4 1 12 3 11 5 10 10 6 4 4 11 4 0 11 2 1 3 4 3 8 8 5
#c 1 0 7 8 4 11 3 3 5 2 11 10 12 0 1 9 9 8 1 2 7 2 9 6 6 12 5 0 7 8 9 5 6 7 7 9 11 6 12 4 1 12 3 11 5 10 10 6 4 4 11 4 0 11 2 1 3 4 3 8 8 5
1 1 27 17
3 4 52 13 1 59 60 3 29
#c 1 0 7 8 4 11 3 3 5 2 11 10 12 0 1 9 9 8 1 2 7 2 9 6 6 12 5 0 7 8 9 5 6 7 7 9 11 6 12 4 1 12 3 11 5 10 10 6 4 4 11 4 0 11 2 1 3 4 3 8 8 5
1 2 14 3 29
4 3 40 0 55 18 59 17 60
#c 1 0 7 8 4 11 3 3 5 2 11 10 12 0 1 9 9 8 1 2 7 2 9 6 6 12 5 0 7 8 9 5 6 7 7 9 11 6 12 4 1 12 3 11 5 10 10 6 4 4 11 4 0 11 2 1 3 4 3 8 8 5
2 4 54 21 14 0 40 55
2 1 19 9 18
#c 1 0 7 8 4 11 3 3 5 2 11 10 12 0 1 9 9 8 1 2 7 2 9 6 6 12 5 0 7 8 9 5 6 7 7 9 11 6 12 4 1 12 3 11 5 10 10 6 4 4 11 4 0 11 2 1 3 4 3 8 8 5
#c 1 0 7 8 4 11 3 3 5 2 11 10 12 0 1 9 9 8 1 2 7 2 9 6 6 12 5 0 7 8 9 5 6 7 7 9 11 6 12 4 1 12 3 11 5 10 10 6 4 4 11 4 0 11 2 1 3 4 3 8 8 5
2 2 4 57 55 14
4 3 39 51 49 48 40 0 18
#c 1 0 7 8 1 11 3 3 5 2 11 10 12 0 4 9 9 8 1 2 7 2 9 6 6 12 5 0 7 8 9 5 6 7 7 9 11 6 12 4 1 12 3 11 5 10 10 6 4 4 11 4 0 11 2 4 3 1 3 8 8 5
1 1 61 55
4 5 31 44 8 26 39 51 49 48 14
#c 1 0 7 8 1 11 3 3 5 2 11 10 12 0 4 9 9 8 1 2 7 2 9 6 6 12 5 0 7 8 9 5 6 7 7 9 11 6 12 4 1 12 3 11 5 10 10 6 4 4 11 4 0 11 2 5 3 1 3 8 8 4
2 2 24 23 18 4
3 3 32 47 37 40 0 57
#c 1 0 7 8 1 11 3 3 5 2 11 10 12 0 4 9 9 8 1 2 7 2 9 6 6 12 5 0 7 8 9 5 6 7 7 9 11 6 12 4 1 12 3 11 5 10 10 6 4 4 11 4 0 11 2 5 3 1 3 8 8 4
2 2 28 20 26 8
3 3 33 34 2 31 44 55
#c 1 0 7 8 1 11 3 3 5 2 11 10 12 0 4 9 9 8 1 2 7 2 9 6 6 12 5 0 7 8 9 5 6 7 7 9 11 6 12 4 1 12 3 11 5 10 10 6 4 4 11 4 0 11 2 5 3 1 3 8 8 4
#c 1 0 7 8 1 11 3 3 5 2 11 10 12 0 4 9 9 8 1 2 7 2 9 6 6 12 5 0 7 8 9 5 6 7 7 9 11 6 12 4 1 12 3 11 5 10 10 6 4 4 11 4 0 11 2 5 3 1 3 8 8 4
1 1 35 8
4 4 15 22 16 30 31 44 26 55
#c 1 0 7 8 1 11 3 3 5 2 11 10 12 0 4 9 9 8 1 2 7 2 9 6 6 12 5 0 7 8 9 5 6 7 7 9 11 6 12 4 1 12 3 11 5 10 10 6 4 4 11 4 0 11 2 5 3 1 3 8 8 4
1 1 46 38
2 3 11 45 12 25 41
#c 1 0 7 8 1 11 3 3 5 2 11 10 12 0 4 9 9 8 1 2 7 2 9 6 6 12 5 0 7 8 9 5 6 7 7 9 11 6 10 4 1 12 3 11 5 10 12 6 4 4 11 4 0 11 2 5 3 1 3 8 8 4
3 3 53 43 50 30 15 35
3 2 36 10 5 22 16
#c 1 0 7 8 1 11 3 3 5 2 11 10 12 0 4 11 9 8 1 2 7 2 9 6 6 12 5 0 7 8 11 5 6 7 7 11 11 6 10 4 1 12 3 9 5 10 12 6 4 4 9 4 0 9 2 5 3 1 3 8 8 4
1 1 46 27
3 3 12 25 41 52 13 1
#c 1 0 7 8 1 11 3 3 5 2 11 10 12 0 4 11 9 8 1 2 7 2 9 6 6 12 5 0 7 8 11 5 6 7 7 11 11 6 10 4 1 12 3 9 5 10 12 6 4 4 9 4 0 9 2 5 3 1 3 8 8 4
1 2 1 53 43
3 3 52 13 27 22 16 50
#c 1 0 7 8 1 11 3 3 5 2 11 10 12 0 4 11 9 8 1 2 7 2 9 6 6 12 5 0 7 8 11 5 6 7 7 11 11 6 10 4 1 12 3 9 5 10 12 6 4 4 9 4 0 9 2 5 3 1 3 8 8 4
1 1 40 52
4 3 0 18 4 57 13 1 27
#c 1 0 7 8 1 11 3 3 5 2 11 10 12 0 4 11 9 8 1 2 7 2 9 6 6 12 5 0 7 8 11 5 6 7 7 11 11 6 10 4 1 12 3 9 5 10 12 6 4 4 9 4 0 9 2 5 3 1 3 8 8 4
2 2 9 21 17 29
1 0 7 8 1 11 3 3 5 2 11 10 12 0 4 11 9 8 1 2 7 2 9 6 6 12 5 0 7 8 11 5 6 7 7 11 11 6 10 4 1 12 3 9 5 10 12 6 4 4 9 4 0 9 2 5 3 1 3 8 8 4
