#c 0 1 2 3 4 5 6 0 1 2 3 4 5 6 0 1 2 3 4 5 6 0 1 2 3 4 5 6 0 1 2 3 4 5 6 0 1 2
3 3 1 36 29 33 26 19
3 2 8 15 22 5 12
#c 0 1 2 3 4 5 6 0 1 2 3 4 5 6 0 1 2 3 4 5 6 0 1 2 3 4 5 6 0 1 2 3 4 5 6 0 1 2
2 2 23 37 15 1
4 4 2 9 16 30 8 22 29 36
#c 0 2 2 3 4 5 6 0 1 2 3 4 5 6 0 2 2 3 4 5 6 0 1 1 3 4 5 6 0 1 2 3 4 5 6 0 1 1
#c 0 2 2 3 4 5 6 0 1 2 3 4 5 6 0 2 2 3 4 5 6 0 1 1 3 4 5 6 0 1 2 3 4 5 6 0 1 1
#c 0 2 2 3 4 5 6 0 1 2 3 4 5 6 0 2 2 3 4 5 6 0 1 1 3 4 5 6 0 1 2 3 4 5 6 0 1 1
1 2 26 16 15
4 4 5 12 19 33 2 9 30 1
#c 0 2 2 3 4 5 6 0 1 2 3 4 5 6 0 2 2 3 4 5 6 0 1 1 3 4 5 6 0 1 2 3 4 5 6 0 1 1
2 2 34 6 33 26
3 3 13 20 27 5 12 19
#c 0 2 2 3 4 5 6 0 1 2 3 4 5 6 0 2 2 3 4 5 6 0 1 1 3 4 5 6 0 1 2 3 4 5 6 0 1 1
2 2 21 7 3 24
4 3 0 14 28 35 10 17 31
#c 0 2 2 3 4 5 6 0 1 2 3 4 5 6 0 2 2 3 4 5 6 0 1 1 3 4 5 6 0 1 2 3 4 5 6 0 1 1
1 1 22 4
5 4 8 29 36 23 37 11 18 25 32
#c 0 2 2 3 1 5 6 0 1 2 3 4 5 6 0 2 2 3 4 5 6 0 4 1 3 4 5 6 0 1 2 3 4 5 6 0 1 1
3 3 1 30 15 28 7 0
3 3 2 9 16 14 21 35
#c 2 0 2 3 1 5 6 2 1 2 3 4 5 6 0 0 2 3 4 5 6 0 4 1 3 4 5 6 2 1 0 3 4 5 6 0 1 1
2 2 31 24 7 0
3 4 3 10 17 2 9 16 28
#c 2 0 2 3 1 5 6 2 1 2 3 4 5 6 0 0 2 3 4 5 6 0 4 1 3 4 5 6 2 1 0 3 4 5 6 0 1 1
1 1 18 17
4 4 11 25 32 22 3 10 24 31
#c 2 0 2 3 1 5 6 2 1 2 3 4 5 6 0 0 2 3 4 5 6 0 4 1 3 4 5 6 2 1 0 3 4 5 6 0 1 1
1 1 33 20
4 4 5 12 19 26 6 13 27 34
#c 2 0 2 3 1 5 6 2 1 2 3 4 5 6 0 0 2 3 4 5 6 0 4 1 3 4 5 6 2 1 0 3 4 5 6 0 1 1
2 2 6 34 37 4
3 4 13 20 27 8 29 36 23
#c 2 0 2 3 1 5 6 2 1 2 3 4 5 6 0 0 2 3 4 5 6 0 4 1 3 4 5 6 2 1 0 3 4 5 6 0 1 1
1 1 14 16
5 5 21 35 1 30 15 2 9 28 7 0
#c 2 0 2 3 1 5 6 2 1 2 3 4 5 6 0 0 2 3 4 5 6 0 4 1 3 4 5 6 2 1 0 3 4 5 6 0 1 1
2 1 29 36 16
4 5 8 23 37 4 2 9 28 7 0
#c 2 0 2 3 1 5 6 2 1 2 3 4 5 6 0 0 1 3 4 5 6 0 4 1 3 4 5 6 2 2 0 3 4 5 6 0 2 1
3 3 2 29 9 12 5 33
4 2 28 7 0 36 19 26
#c 2 0 2 3 1 5 6 2 1 2 3 4 5 6 0 0 1 3 4 5 6 0 4 1 3 4 5 6 2 2 0 3 4 5 6 0 2 1
1 1 31 18
4 4 3 10 17 24 11 25 32 22
#c 2 0 2 3 1 5 6 2 1 2 3 4 5 6 0 0 1 3 4 5 6 0 4 1 3 4 5 6 2 2 0 3 4 5 6 0 2 1
1 2 11 5 26
4 3 18 25 32 22 12 19 33
#c 2 0 2 3 1 4 6 2 1 2 3 5 5 6 0 0 1 3 4 5 6 0 4 1 3 4 4 6 2 2 0 3 4 5 6 0 2 1
#c 2 0 2 3 1 4 6 2 1 2 3 5 5 6 0 0 1 3 4 5 6 0 4 1 3 4 4 6 2 2 0 3 4 5 6 0 2 1
1 1 20 5
4 5 6 13 27 34 18 25 32 22 26
#c 2 0 2 3 1 4 6 2 1 2 3 5 5 6 0 0 1 3 4 5 6 0 4 1 3 4 4 6 2 2 0 3 4 5 6 0 2 1
2 2 1 30 7 36
4 5 14 21 35 15 2 9 28 0 29
#c 2 2 2 3 1 4 6 0 1 2 3 5 5 6 0 0 1 3 4 5 6 0 4 1 3 4 4 6 2 2 2 3 4 5 6 0 0 1
1 1 8 27
4 4 23 37 4 16 6 13 20 34
#c 2 2 2 3 1 4 6 0 1 2 3 5 5 6 0 0 1 3 4 5 6 0 4 1 3 4 4 6 2 2 2 3 4 5 6 0 0 1
#c 2 2 2 3 1 4 6 0 1 2 3 5 5 6 0 0 1 3 4 5 6 0 4 1 3 4 4 6 2 2 2 3 4 5 6 0 0 1
1 1 10 9
4 6 3 17 24 31 2 28 0 29 1 30
#c 2 2 2 3 1 4 6 0 1 3 2 5 5 6 0 0 1 3 4 5 6 0 4 1 3 4 4 6 2 2 2 3 4 5 6 0 0 1
1 1 18 37
5 4 25 32 22 5 26 8 23 4 16
#c 2 2 2 3 1 4 6 0 1 3 2 5 5 6 0 0 1 3 1 5 6 0 4 1 3 4 4 6 2 2 2 3 4 5 6 0 0 4
1 1 33 3
3 4 12 19 11 17 24 31 9
#c 2 2 2 3 1 4 6 0 1 3 2 5 5 6 0 0 1 3 1 5 6 0 4 1 3 4 4 6 2 2 2 3 4 5 6 0 0 4
1 1 13 24
4 4 6 20 27 34 3 17 31 9
#c 2 2 2 3 1 4 6 0 1 3 2 5 5 3 0 0 1 3 1 5 6 0 4 1 6 4 4 6 2 2 2 3 4 5 6 0 0 4
1 1 36 37
5 5 14 21 35 15 7 25 32 22 5 26
#c 2 2 2 3 1 4 6 0 1 3 2 5 5 3 0 0 1 3 1 5 6 0 4 1 6 4 4 6 2 2 2 3 4 5 6 0 4 0
2 2 16 18 26 22
3 4 8 23 4 25 32 5 36
#c 2 2 2 3 1 4 6 0 1 3 2 5 5 3 0 0 1 3 1 5 6 0 4 1 6 4 4 6 2 2 2 3 4 5 6 0 4 0
3 3 28 10 1 21 14 35
4 3 2 0 29 30 15 7 37
#c 2 2 2 3 1 4 6 0 1 3 2 5 5 3 0 0 1 3 1 5 6 0 4 1 6 4 4 6 2 2 2 3 4 5 6 0 4 0
2 2 17 9 15 7
3 4 3 31 13 14 21 35 37
#c 2 2 2 3 1 4 6 3 1 0 2 5 5 3 0 3 1 0 1 5 6 0 4 1 6 4 4 6 2 2 2 3 4 5 6 0 4 0
3 3 36 25 5 31 3 7
3 2 32 22 26 13 15
#c 2 2 2 3 1 4 6 3 1 0 2 5 5 3 0 3 1 0 1 5 6 0 4 1 6 4 4 6 2 2 2 3 4 5 6 0 4 0
2 2 11 19 20 24
2 3 12 33 6 27 34
#c 2 2 2 3 1 4 6 3 1 0 2 5 5 3 0 3 1 0 1 5 6 0 4 1 6 4 4 6 2 2 2 3 4 5 6 0 4 0
1 1 24 19
4 3 6 20 27 34 12 33 11
#c 2 2 2 3 1 4 6 3 1 0 2 5 5 3 0 3 1 0 1 5 6 0 4 1 6 4 4 6 2 2 2 3 4 5 6 0 4 0
2 2 14 35 15 3
4 3 21 37 17 9 31 13 7
#c 2 2 2 3 1 4 6 3 1 0 2 5 5 3 0 3 1 0 1 5 6 0 4 1 6 4 4 6 2 2 2 3 4 5 6 0 4 0
1 1 18 6
4 4 8 23 4 16 20 27 34 24
#c 2 2 2 3 1 4 6 3 1 0 2 5 5 3 0 3 1 0 1 5 6 0 4 1 6 4 4 6 2 2 2 3 4 5 6 0 4 0
2 2 1 0 20 24
5 3 2 28 29 30 10 6 27 34
#c 2 2 2 3 1 4 6 3 1 0 2 5 5 3 0 3 1 0 1 5 6 0 4 1 6 4 4 6 2 2 2 3 4 5 6 0 4 0
#c 2 2 2 3 1 4 6 3 1 0 2 5 5 3 0 3 1 0 1 5 6 0 4 1 6 4 4 6 2 2 2 3 4 5 6 0 4 0
1 1 26 1
5 6 25 32 22 5 36 2 28 0 29 30 10
#c 2 2 2 3 1 4 6 3 1 0 2 5 5 3 0 3 1 0 1 5 6 0 4 1 6 4 4 6 2 2 2 3 4 5 6 0 4 0
2 2 11 12 37 35
2 4 19 33 14 21 17 9
#c 2 2 2 3 1 4 6 3 1 0 2 5 5 3 0 3 1 0 1 5 6 0 4 1 6 4 4 6 2 2 2 3 4 5 6 0 4 0
#c 2 2 2 3 1 4 6 3 1 0 2 5 5 3 0 3 1 0 1 5 6 0 4 1 6 4 4 6 2 2 2 3 4 5 6 0 4 0
2 2 14 9 11 33
4 2 21 35 37 17 12 19
#c 2 2 2 3 1 4 6 3 1 0 2 5 5 3 0 3 1 0 1 5 6 0 4 1 6 4 4 6 2 2 2 3 4 5 6 0 4 0
2 2 16 4 7 15
3 3 8 23 18 3 31 13
#c 2 2 2 3 1 4 6 3 1 0 2 5 5 3 0 3 1 0 1 5 6 0 4 1 6 4 4 6 2 2 2 3 4 5 6 0 4 0
3 1 2 10 0 24
4 4 28 29 1 30 6 20 27 34
#c 2 2 2 3 1 4 6 3 1 0 2 5 5 3 0 3 1 0 1 5 6 0 4 1 6 4 4 6 2 2 2 3 4 5 6 0 4 0
#c 2 2 2 3 1 4 6 3 1 0 2 5 5 3 0 3 1 0 1 5 6 0 4 1 6 4 4 6 2 2 2 3 4 5 6 0 4 0
3 3 32 22 36 21 9 14
3 3 25 5 26 35 37 17
#c 2 2 2 3 1 4 6 3 1 0 2 5 5 3 0 3 1 0 1 5 6 0 4 1 6 4 4 6 2 2 2 3 4 5 6 0 4 0
1 1 11 20
3 4 12 19 33 6 27 34 24
#c 2 2 2 3 1 4 6 3 1 0 2 5 5 3 0 3 1 0 1 5 6 0 4 1 6 4 4 6 2 2 2 3 4 5 6 0 4 0
2 2 24 20 15 3
3 3 6 27 34 31 13 7
#c 2 2 2 6 1 4 6 3 1 0 2 5 5 3 0 6 1 0 1 5 3 0 4 1 3 4 4 6 2 2 2 3 4 5 6 0 4 0
2 4 14 37 1 2 29 10
4 3 21 35 17 9 28 0 30
#c 2 2 2 6 1 4 6 3 1 0 2 5 5 3 0 6 1 0 1 5 3 0 4 1 3 4 4 6 2 2 2 3 4 5 6 0 4 0
2 2 8 18 33 19
3 2 23 4 16 12 11
#c 2 2 2 6 1 4 6 3 5 0 2 5 5 3 0 6 1 0 5 1 3 0 4 1 3 4 4 6 2 2 2 3 4 1 6 0 4 0
2 2 29 0 20 13
5 3 2 28 1 30 10 31 7 24
#c 3 2 2 6 1 4 6 3 5 0 2 5 5 2 0 6 1 0 5 1 2 0 4 1 3 4 4 6 2 3 2 3 4 1 6 0 4 0
#c 3 2 2 6 1 4 6 3 5 0 2 5 5 2 0 6 1 0 5 1 2 0 4 1 3 4 4 6 2 3 2 3 4 1 6 0 4 0
2 2 25 26 1 28
4 5 32 22 5 36 2 30 10 20 13
#c 3 2 2 6 1 4 6 3 5 0 2 5 5 2 0 6 1 0 5 1 2 0 4 1 3 4 4 6 2 3 2 3 4 1 6 0 4 0
1 1 12 14
3 5 11 8 18 21 35 37 17 9
#c 3 2 2 6 1 4 6 3 5 0 2 5 5 2 0 6 1 0 5 1 2 0 4 1 3 4 4 6 2 3 2 3 4 1 6 0 4 0
1 1 6 22
4 5 27 34 15 3 25 32 5 26 36
#c 3 2 2 6 1 4 6 3 5 0 2 5 5 2 0 6 1 0 5 1 2 0 4 1 3 4 4 6 2 3 2 3 4 1 6 0 4 0
#c 3 2 2 6 1 4 6 3 5 0 2 5 5 2 0 6 1 0 5 1 2 0 4 1 3 4 4 6 2 3 2 3 4 1 6 0 4 0
2 2 4 33 20 13
3 5 23 16 19 2 28 1 30 10
#c 3 2 2 6 1 4 6 3 5 0 2 5 5 2 0 6 1 0 5 1 2 0 4 1 3 4 4 6 2 3 2 3 4 1 6 0 4 0
3 4 13 20 1 32 36 26 25
4 2 2 28 30 10 22 5
#c 3 2 2 6 1 4 6 3 5 0 2 5 5 2 0 6 1 0 5 1 2 0 4 1 3 4 4 6 2 3 2 3 4 1 6 0 4 0
1 1 29 6
4 4 31 7 24 0 27 34 15 3
#c 3 2 2 6 1 4 3 3 5 0 2 5 5 2 0 6 1 0 5 1 2 0 4 1 3 4 4 6 2 6 2 3 4 1 6 0 4 0
1 2 32 28 13
5 5 25 22 5 26 36 2 1 30 10 20
#c 3 2 2 6 1 4 3 3 5 0 2 5 5 2 0 6 1 0 5 1 2 0 4 1 3 4 4 6 2 6 2 3 4 1 6 0 4 0
2 2 18 12 23 19
2 3 11 8 4 16 33
#c 3 2 2 6 1 4 3 3 5 0 2 5 5 2 0 6 1 0 5 1 2 0 4 1 3 4 4 6 2 6 2 3 4 1 6 0 4 0
#c 3 2 2 6 1 4 3 3 5 0 2 5 5 2 0 6 1 0 5 1 2 0 4 1 3 4 4 6 2 6 2 3 4 1 6 0 4 0
1 1 35 33
5 4 14 21 37 17 9 23 4 16 19
#c 3 2 2 6 1 4 3 3 5 0 2 5 5 2 0 6 1 0 5 1 2 0 4 1 3 4 4 6 2 6 2 3 4 1 6 0 4 0
1 1 23 34
4 4 4 16 33 19 27 15 3 29
#c 3 2 2 6 1 4 3 3 5 0 2 5 5 2 0 6 1 0 5 1 2 0 4 1 3 4 4 6 2 6 2 3 4 1 6 0 4 0
2 2 28 2 0 31
5 3 1 30 10 20 13 7 24 6
#c 3 2 2 6 1 4 3 3 5 0 2 5 5 2 0 6 1 0 5 1 2 0 4 1 3 4 4 6 2 6 2 3 4 1 6 0 4 0
1 1 0 20
4 6 31 7 24 6 2 28 1 30 10 13
#c 3 2 2 6 1 4 3 3 5 0 2 5 5 2 0 6 1 0 5 1 2 0 4 1 3 4 4 6 2 6 2 3 4 1 6 0 4 0
1 1 26 14
5 5 25 32 22 5 36 21 35 37 17 9
#c 3 2 2 6 1 4 3 3 5 0 2 5 5 2 0 6 1 0 5 1 2 0 4 1 3 4 4 6 2 6 2 3 4 1 6 0 4 0
1 3 11 0 6 31
3 2 12 8 18 7 24
#c 3 2 2 6 1 4 3 3 5 0 2 5 5 2 0 6 1 0 5 1 2 0 4 1 3 4 4 6 2 6 2 3 4 1 6 0 4 0
2 2 15 27 19 23
3 3 34 3 29 4 16 33
#c 3 2 2 6 1 4 3 3 5 0 2 5 5 2 0 6 1 0 5 1 2 0 4 1 3 4 4 6 2 6 2 3 4 1 6 0 4 0
#c 3 2 2 6 1 4 3 3 5 0 2 5 5 2 0 6 1 0 5 1 2 0 4 1 3 4 4 6 2 6 2 3 4 1 6 0 4 0
1 1 19 15
4 4 23 4 16 33 27 34 3 29
#c 3 2 2 6 1 4 3 3 5 0 2 5 5 2 0 1 1 0 5 6 2 0 4 1 3 4 4 6 2 6 2 3 4 1 6 0 4 0
2 3 1 10 12 11 18
5 1 2 28 30 20 13 8
#c 3 2 2 6 1 4 3 3 5 0 2 5 5 2 0 1 1 0 5 6 2 0 4 1 3 4 4 6 2 6 2 3 4 1 6 0 4 0
1 1 6 30
4 6 31 7 24 0 2 28 1 10 20 13
#c 3 2 2 6 1 4 3 3 5 0 2 5 5 2 0 1 1 0 5 6 2 0 4 1 3 4 4 6 2 6 2 3 4 1 6 0 4 0
3 3 5 26 22 3 27 34
3 2 25 32 36 29 19
#c 3 2 2 6 1 4 3 3 5 0 2 5 5 2 0 1 1 0 5 6 2 0 4 1 3 4 4 6 2 6 2 3 4 1 6 0 4 0
2 2 12 8 35 17
2 4 11 18 14 21 37 9
#c 3 2 2 6 1 4 3 3 5 0 2 5 5 2 0 1 1 0 5 6 2 0 4 1 3 4 4 6 2 6 2 3 4 1 6 0 4 0
1 1 3 37
4 5 27 34 29 19 14 21 35 17 9
#c 3 2 2 6 1 4 3 3 5 0 2 5 5 2 0 1 1 0 5 6 2 0 4 1 3 4 4 6 2 6 2 3 4 1 6 0 4 0
2 2 9 35 8 18
4 2 14 21 37 17 12 11
#c 3 2 2 6 1 4 3 3 5 0 2 5 5 2 0 1 1 0 5 6 2 0 4 1 3 4 4 6 2 6 2 3 4 1 6 0 4 0
2 2 4 23 14 35
3 4 16 33 15 21 37 17 9
#c 3 2 2 6 1 4 3 3 5 0 2 5 5 2 0 1 1 0 5 6 2 0 4 1 3 4 4 6 2 6 2 3 4 1 6 0 4 0
3 3 10 2 13 34 3 29
4 2 28 1 30 20 27 19
#c 3 2 2 6 1 4 3 3 5 0 2 5 5 2 0 1 1 0 5 6 2 0 4 1 3 4 4 6 2 6 2 3 4 1 6 0 4 0
#c 3 2 2 6 1 4 3 3 5 0 2 5 5 2 0 1 1 0 5 6 2 0 4 1 3 4 4 6 2 6 2 3 4 1 6 0 4 0
3 4 32 25 22 13 10 20 30
3 3 5 26 36 2 28 1
#c 3 2 2 6 1 4 3 3 5 0 2 5 5 2 0 1 1 0 5 6 2 0 4 1 3 4 4 6 2 6 2 3 4 1 6 0 4 0
#c 3 2 2 6 1 4 3 3 5 0 2 5 5 2 0 1 1 0 5 6 2 0 4 1 3 4 4 6 2 6 2 3 4 1 6 0 4 0
2 2 29 19 36 26
3 4 27 34 3 25 32 22 5
#c 3 2 2 6 1 4 3 3 5 0 2 5 5 2 0 1 1 0 5 6 2 0 4 1 3 4 4 6 2 6 2 3 4 1 6 0 4 0
3 3 9 37 17 16 33 4
3 2 14 21 35 23 15
#c 3 2 2 6 1 4 3 3 5 0 2 5 5 2 0 1 1 0 5 6 2 0 4 1 3 4 4 6 2 6 2 3 4 1 6 0 4 0
1 2 15 0 6
4 3 23 4 16 33 31 7 24
#c 3 2 2 6 1 4 3 3 5 0 2 5 5 2 0 1 1 0 5 6 2 0 4 1 3 4 4 6 2 6 2 3 4 1 6 0 4 0
3 3 1 10 28 15 33 4
4 2 2 30 20 13 23 16
#c 3 2 2 6 1 4 3 3 5 0 2 5 5 2 0 1 1 0 5 6 2 0 4 1 3 4 4 6 2 6 2 3 4 1 6 0 4 0
1 1 24 35
4 5 31 7 0 6 14 21 37 17 9
#c 3 2 2 6 1 4 3 3 5 0 2 5 5 2 0 1 1 0 5 6 2 0 4 1 3 4 4 6 2 6 2 3 4 1 6 0 4 0
2 2 22 36 17 35
4 4 25 32 5 26 14 21 37 9
#c 3 2 2 6 1 4 3 3 5 0 2 5 5 2 0 1 1 0 5 6 2 0 4 1 3 4 4 6 2 6 2 3 4 1 6 0 4 0
1 1 18 27
3 4 12 11 8 34 3 29 19
#c 3 2 2 6 1 4 3 3 5 0 2 5 5 2 0 1 1 0 5 6 2 0 4 1 3 4 4 6 2 6 2 3 4 1 6 0 4 0
1 1 34 5
4 5 27 3 29 19 25 32 22 26 36
#c 3 2 2 6 1 6 3 3 5 0 2 5 5 2 0 1 1 0 5 6 2 0 4 1 3 4 4 6 2 6 2 3 4 1 4 0 4 0
3 2 17 37 9 34 25
3 4 14 21 35 32 22 26 36
#c 3 2 2 6 1 6 3 3 5 0 2 5 5 2 0 1 1 0 5 6 2 0 4 1 3 4 4 6 2 6 2 3 4 1 4 0 4 0
1 1 33 8
4 3 23 4 16 15 12 11 18
#c 3 2 2 6 1 6 3 3 5 0 2 5 5 2 0 1 1 0 5 6 2 0 4 1 3 4 4 6 2 6 2 3 4 1 4 0 4 0
2 2 2 30 35 37
5 4 28 1 10 20 13 14 21 17 9
#c 3 2 2 6 1 6 3 3 5 0 2 5 5 2 0 1 1 0 5 6 2 0 4 1 3 4 4 6 2 6 2 3 4 1 4 0 4 0
1 1 6 23
4 4 31 7 24 0 4 16 33 15
#c 3 2 2 6 1 6 3 3 5 0 2 5 5 2 0 1 1 0 5 6 2 0 4 1 3 4 4 6 2 6 2 3 4 1 4 0 4 0
2 2 34 26 29 19
4 3 25 32 22 36 27 3 5
#c 3 2 2 6 1 6 3 3 5 0 2 5 5 2 0 1 1 0 5 6 2 0 4 1 3 4 4 6 2 6 2 3 4 1 4 0 4 0
1 1 18 2
3 6 12 11 8 28 1 30 10 20 13
#c 3 2 2 6 1 6 3 3 5 0 2 5 5 2 0 1 1 0 5 6 2 0 4 1 3 4 4 6 2 6 2 3 4 1 4 0 4 0
1 2 5 16 23
4 3 27 3 29 19 4 33 15
#c 3 2 2 6 1 6 3 3 5 0 2 5 5 2 0 1 1 0 5 6 2 0 4 1 3 4 4 6 2 6 2 3 4 1 4 0 4 0
2 2 14 37 34 26
4 4 21 35 17 9 25 32 22 36
#c 3 2 2 6 1 6 3 3 5 0 2 5 5 2 0 1 1 0 5 6 2 0 4 1 3 4 4 6 2 6 2 3 4 1 4 0 4 0
2 2 15 23 5 29
3 3 4 16 33 27 3 19
#c 3 2 2 6 1 6 3 3 5 0 2 5 5 2 0 1 1 0 5 6 2 0 4 1 3 4 4 6 2 6 2 3 4 1 4 0 4 0
2 2 1 13 15 23
5 3 2 28 30 10 20 4 16 33
#c 3 2 2 6 1 6 3 3 5 0 2 5 5 2 0 1 1 0 5 6 2 0 4 1 3 4 4 6 2 6 2 3 4 1 4 0 4 0
1 1 31 36
4 5 7 24 0 6 25 32 22 26 34
#c 3 2 2 6 1 6 3 3 5 0 2 5 5 2 0 1 1 0 5 6 2 0 4 1 3 4 4 6 2 6 2 3 4 1 4 0 4 0
5 5 25 32 22 36 34 21 35 37 17 9
#c 3 2 2 6 1 6 3 3 5 0 2 5 5 2 0 1 1 0 5 6 2 0 4 1 3 4 4 6 2 6 2 3 4 1 4 0 4 0
2 2 12 18 10 13
2 5 11 8 2 28 1 30 20
#c 3 2 2 6 1 6 3 3 5 0 2 5 5 2 0 1 1 0 5 6 2 0 4 1 3 4 4 6 2 6 2 3 4 1 4 0 4 0
1 1 3 28
4 6 27 29 19 5 2 1 30 10 20 13
#c 3 2 2 2 1 6 3 3 5 0 2 5 5 2 0 1 1 0 5 6 2 0 4 1 3 4 4 6 6 6 2 3 4 1 4 0 4 0
1 1 14 15
5 4 21 35 37 17 9 23 4 16 33
#c 3 2 2 2 1 6 3 3 5 0 2 5 5 2 0 1 1 0 5 6 2 0 4 1 3 4 4 6 6 6 2 3 4 1 4 0 4 0
1 1 23 21
4 5 4 16 33 15 14 35 37 17 9
#c 3 2 2 2 1 6 3 3 5 0 2 5 5 2 0 1 1 0 5 6 2 0 4 1 3 4 4 6 6 6 2 3 4 1 4 0 4 0
3 3 13 1 30 19 5 27
4 2 2 10 20 3 29 28
#c 3 2 2 2 1 6 3 3 5 0 2 5 5 2 0 1 1 0 5 6 2 0 4 1 3 4 4 6 6 6 2 3 4 1 4 0 4 0
2 2 0 6 19 27
3 3 31 7 24 29 5 28
#c 3 2 2 2 1 6 3 3 5 0 2 5 5 2 0 1 1 0 5 6 2 0 4 1 3 4 4 6 6 6 2 3 4 1 4 0 4 0
2 2 25 36 4 15
4 3 32 22 26 34 23 16 33
#c 3 2 2 2 1 6 3 3 5 0 2 5 5 2 0 1 1 0 5 6 2 0 4 1 3 4 4 6 6 6 2 3 4 1 4 0 4 0
2 2 12 18 15 23
#c 3 2 2 2 1 6 3 3 5 0 2 5 5 2 0 1 1 0 5 6 2 0 4 1 3 4 4 6 6 6 2 3 4 1 4 0 4 0
1 1 5 0
4 4 27 29 19 28 31 7 24 6
#c 3 2 2 2 1 6 3 3 5 0 2 5 5 2 0 1 1 0 5 6 2 0 4 1 3 4 4 6 6 6 2 3 4 1 4 0 4 0
3 3 9 21 35 0 24 7
3 2 14 37 17 31 6
#c 3 2 2 2 1 6 3 3 5 0 2 5 5 2 0 1 1 0 5 6 2 0 4 1 3 4 4 6 6 6 2 3 4 1 4 0 4 0
1 1 23 29
4 4 4 16 33 15 27 19 5 28
#c 3 2 2 2 1 6 3 3 5 0 2 5 5 2 0 1 1 0 5 6 2 0 4 1 3 4 4 6 6 6 2 3 4 1 4 0 4 0
3 3 2 3 30 27 28 5
4 2 1 10 20 13 29 19
#c 3 2 2 2 1 6 3 3 5 0 2 5 5 2 0 1 1 0 5 6 2 0 4 1 3 4 4 6 6 6 2 3 4 1 4 0 4 0
2 2 6 7 30 20
3 5 31 24 0 2 1 10 13 3
#c 3 2 2 2 1 6 3 3 5 0 2 5 5 2 0 1 1 0 5 6 2 0 4 1 3 4 4 6 6 6 2 3 4 1 4 0 4 0
3 4 32 22 25 0 24 7 6
3 1 26 36 34 31
#c 3 2 2 2 1 6 3 3 5 0 2 5 5 2 0 1 1 0 5 6 2 0 4 1 3 4 4 6 6 6 2 3 4 1 4 0 4 0
1 1 8 22
3 5 12 11 18 25 32 26 36 34
#c 3 2 2 2 1 6 3 3 5 0 2 5 5 2 0 1 1 0 5 6 2 0 4 1 3 4 4 6 6 6 2 3 4 1 4 0 4 0
2 2 5 27 8 12
3 2 29 19 28 11 18
#c 3 2 2 2 1 6 3 3 5 0 2 5 5 2 0 1 1 0 5 6 2 0 4 1 3 4 4 6 6 6 2 3 4 1 4 0 4 0
2 2 14 9 8 12
4 2 21 35 37 17 11 18
#c 3 2 2 2 1 6 3 3 5 0 2 5 5 2 0 1 1 0 5 6 2 0 4 1 3 4 4 6 6 6 2 3 4 1 4 0 4 0
1 1 33 6
4 4 23 4 16 15 31 7 24 0
#c 3 2 2 2 1 6 3 3 5 0 2 5 5 2 0 1 1 0 5 6 2 0 4 1 3 4 4 6 6 6 2 3 4 1 4 0 4 0
1 1 2 35
6 5 1 30 10 20 13 3 14 21 37 17 9
#c 3 2 2 2 1 6 3 3 5 0 2 5 5 2 0 1 1 0 5 6 2 0 4 1 3 4 4 6 6 6 2 3 4 1 4 0 4 0
3 2 2 2 1 6 3 3 5 0 2 5 5 2 0 1 1 0 5 6 2 0 4 1 3 4 4 6 6 6 2 3 4 1 4 0 4 0
