#c 0 1 0 1 0 1 0 1 0 1 0 1 0 1 0 1 0 1 0 1 0 1 0 1 0 1 0 1 0 1 0 1 0 1 0 1 0 1 0 1 0 1
4 4 35 15 31 25 40 4 10 0
17 17 1 3 5 7 9 11 13 17 19 21 23 27 29 33 37 39 41 2 6 8 12 14 16 18 20 22 24 26 28 30 32 34 36 38
#c 1 1 0 1 1 1 0 1 0 1 1 1 0 1 0 0 0 1 0 1 0 1 0 1 0 0 0 1 0 1 0 0 0 1 0 0 0 1 0 1 1 1
7 7 30 36 22 14 35 16 8 40 7 29 19 4 13 1
14 14 2 6 12 18 20 24 26 28 32 34 38 15 31 25 3 5 9 11 17 21 23 27 33 37 39 41 10 0
#c 1 1 0 1 1 1 0 1 0 1 1 1 0 1 0 0 0 1 0 1 0 1 0 1 0 0 0 1 0 1 0 0 0 1 0 0 0 1 0 1 1 1
#c 1 1 0 1 1 1 0 1 0 1 1 1 0 1 0 0 0 1 0 1 0 1 0 1 0 0 0 1 0 1 0 0 0 1 0 0 0 1 0 1 1 1
#c 1 1 0 1 1 1 0 1 0 1 1 1 0 1 0 0 0 1 0 1 0 1 0 1 0 0 0 1 0 1 0 0 0 1 0 0 0 1 0 1 1 1
2 2 4 10 31 15
19 19 1 3 5 7 9 11 13 17 19 21 23 27 29 33 37 39 41 40 0 2 6 8 12 14 16 18 20 22 24 26 28 30 32 34 36 38 35 25
#c 1 1 0 1 1 1 0 1 0 1 1 1 0 1 0 0 0 1 0 1 0 1 0 1 0 0 0 1 0 1 0 0 0 1 0 0 0 1 0 1 1 1
1 1 31 0
20 20 2 6 8 12 14 16 18 20 22 24 26 28 30 32 34 36 38 35 15 25 1 3 5 7 9 11 13 17 19 21 23 27 29 33 37 39 41 40 4 10
#c 0 1 0 1 1 1 0 1 0 1 1 1 0 1 0 0 0 1 0 1 0 1 0 1 0 0 0 1 0 1 0 1 0 1 0 0 0 1 0 1 1 1
9 9 29 1 13 39 4 23 33 21 7 0 14 18 32 6 28 34 8 25
12 12 3 5 9 11 17 19 27 37 41 40 10 31 2 12 16 20 22 24 26 30 36 38 35 15
#c 0 1 0 1 1 1 0 1 0 1 1 1 0 1 0 0 0 1 0 1 0 1 0 1 0 0 0 1 0 1 0 1 0 1 0 0 0 1 0 1 1 1
3 3 15 26 0 41 11 29
18 18 2 6 8 12 14 16 18 20 22 24 28 30 32 34 36 38 35 25 1 3 5 7 9 13 17 19 21 23 27 33 37 39 40 4 10 31
#c 0 1 0 1 1 1 0 1 0 1 1 1 0 1 0 0 0 1 0 1 0 1 0 1 0 0 0 1 0 1 0 1 0 1 0 0 0 1 0 1 1 1
3 3 5 37 39 8 0 30
18 18 1 3 7 9 11 13 17 19 21 23 27 29 33 41 40 4 10 31 2 6 12 14 16 18 20 22 24 26 28 32 34 36 38 35 15 25
#c 0 1 0 1 1 1 0 1 0 1 1 1 0 1 0 0 0 1 0 1 0 1 0 1 0 0 0 1 0 1 0 1 0 1 0 0 0 1 0 1 1 1
7 6 34 35 18 30 8 0 15 7 11 5 29 1 4
14 15 2 6 12 14 16 20 22 24 26 28 32 36 38 25 3 9 13 17 19 21 23 27 33 37 39 41 40 10 31
#c 0 1 0 1 1 1 0 1 0 1 1 1 0 1 0 0 0 1 0 1 0 1 0 1 0 0 0 1 0 1 0 1 0 1 0 0 0 1 0 1 1 1
#c 0 1 0 1 1 1 0 1 0 1 1 1 0 1 0 0 0 1 0 1 0 1 0 1 0 0 0 1 0 1 0 1 0 1 0 0 0 1 0 1 1 1
#c 0 1 0 1 1 1 0 1 0 1 1 1 0 1 0 0 0 1 0 1 0 1 0 1 0 0 0 1 0 1 0 1 0 1 0 0 0 1 0 1 1 1
#c 0 1 0 1 1 1 0 1 0 1 1 1 0 1 0 0 0 1 0 1 0 1 0 1 0 0 0 1 0 1 0 1 0 1 0 0 0 1 0 1 1 1
#c 0 1 0 1 1 1 0 1 0 1 1 1 0 1 0 0 0 1 0 1 0 1 0 1 0 0 0 1 0 1 0 1 0 1 0 0 0 1 0 1 1 1
#c 0 1 0 1 1 1 0 1 0 1 1 1 0 1 0 0 0 1 0 1 0 1 0 1 0 0 0 1 0 1 0 1 0 1 0 0 0 1 0 1 1 1
8 8 34 35 24 30 0 8 2 38 41 5 3 29 11 23 10 33
13 13 6 12 14 16 18 20 22 26 28 32 36 15 25 1 7 9 13 17 19 21 27 37 39 40 4 31
#c 0 1 0 1 1 1 0 1 0 1 1 1 0 1 0 0 0 1 0 1 0 1 0 1 0 0 0 1 0 1 0 1 0 1 0 0 0 1 0 1 1 1
#c 0 1 0 1 1 1 0 1 0 1 1 1 0 1 0 0 0 1 0 1 0 1 0 1 0 0 0 1 0 1 0 1 0 1 0 0 0 1 0 1 1 1
4 4 0 20 34 18 17 13 21 39
17 17 2 6 8 12 14 16 22 24 26 28 30 32 36 38 35 15 25 1 3 5 7 9 11 19 23 27 29 33 37 41 40 4 10 31
#c 0 1 0 1 1 1 0 1 0 1 1 1 0 1 0 0 0 1 0 1 0 1 0 1 0 0 0 1 0 1 0 1 0 1 0 0 0 1 0 1 1 1
#c 0 1 0 1 1 1 0 1 0 1 1 1 0 1 0 0 0 1 0 1 0 1 0 1 0 0 0 1 0 1 0 1 0 1 0 0 0 1 0 1 1 1
4 4 35 36 16 26 29 19 7 21
17 17 2 6 8 12 14 18 20 22 24 28 30 32 34 38 15 25 0 1 3 5 9 11 13 17 23 27 33 37 39 41 40 4 10 31
#c 0 1 0 1 1 1 0 1 0 1 1 1 0 1 0 0 0 1 0 1 0 1 0 1 0 0 0 1 0 1 0 1 0 1 0 0 0 1 0 1 1 1
5 5 39 19 41 37 13 38 2 30 25 36
16 16 1 3 5 7 9 11 17 21 23 27 29 33 40 4 10 31 6 8 12 14 16 18 20 22 24 26 28 32 34 35 15 0
#c 0 1 0 1 1 1 0 1 0 1 1 1 0 1 0 0 0 1 0 1 0 1 0 1 0 0 0 1 0 1 0 1 0 1 0 0 0 1 0 1 1 1
#c 0 1 0 1 1 1 0 1 0 1 1 1 0 1 0 0 0 1 0 1 0 1 0 1 0 0 0 1 0 1 0 1 0 1 0 0 0 1 0 1 1 1
6 6 13 31 5 10 17 4 35 15 16 20 34 28
15 15 1 3 7 9 11 19 21 23 27 29 33 37 39 41 40 2 6 8 12 14 18 22 24 26 30 32 36 38 25 0
#c 0 1 0 1 1 1 0 1 0 1 1 1 0 1 0 0 0 1 0 1 0 1 0 1 0 0 0 1 0 1 0 1 0 1 0 0 0 1 0 1 1 1
#c 0 1 0 1 1 1 0 1 0 1 1 1 0 1 0 0 0 1 0 1 0 1 0 1 0 0 0 1 0 1 0 1 0 1 0 0 0 1 0 1 1 1
#c 0 1 0 1 1 1 0 1 0 1 1 1 0 1 0 0 0 1 0 1 0 1 0 1 0 0 0 1 0 1 0 1 0 1 0 0 0 1 0 1 1 1
8 8 26 15 28 16 38 12 32 35 41 27 10 40 17 1 29 4
13 13 2 6 8 14 18 20 22 24 30 34 36 25 0 3 5 7 9 11 13 19 21 23 33 37 39 31
#c 0 1 0 1 1 1 0 1 0 1 1 1 0 1 0 0 0 1 0 1 0 1 0 1 0 0 0 1 0 1 0 1 0 1 0 0 0 1 0 1 1 1
#c 0 1 0 1 1 1 0 1 0 1 1 1 0 1 0 0 0 1 0 1 0 1 0 1 0 0 0 1 0 1 0 1 0 1 0 0 0 1 0 1 1 1
#c 0 1 0 1 1 1 0 1 0 1 1 1 0 1 0 0 0 1 0 1 0 1 0 1 0 0 0 1 0 1 0 1 0 1 0 0 0 1 0 1 1 1
7 5 9 33 31 10 1 11 4 28 24 25 6 32
14 16 3 5 7 13 17 19 21 23 27 29 37 39 41 40 2 8 12 14 16 18 20 22 26 30 34 36 38 35 15 0
#c 0 1 0 1 1 1 0 1 0 1 1 1 0 1 0 0 0 1 0 1 0 1 0 1 0 0 0 1 0 1 0 1 0 1 0 0 0 1 0 1 1 1
8 7 6 0 22 18 32 30 25 14 7 10 21 3 13 31 29
13 14 2 8 12 16 20 24 26 28 34 36 38 35 15 1 5 9 11 17 19 23 27 33 37 39 41 40 4
#c 0 1 0 1 1 1 0 1 0 1 1 1 0 1 0 0 0 1 0 1 0 1 0 1 0 0 0 1 0 1 0 1 0 1 0 0 0 1 0 1 1 1
#c 0 1 0 1 1 1 0 1 0 1 1 1 0 1 0 0 0 1 0 1 0 1 0 1 0 0 0 1 0 1 0 1 0 1 0 0 0 1 0 1 1 1
#c 0 1 0 1 1 1 0 1 0 1 1 1 0 1 0 0 0 1 0 1 0 1 0 1 0 0 0 1 0 1 0 1 0 1 0 0 0 1 0 1 1 1
6 6 10 33 41 31 3 21 18 32 14 36 8 16
15 15 1 5 7 9 11 13 17 19 23 27 29 37 39 40 4 2 6 12 20 22 24 26 28 30 34 38 35 15 25 0
#c 0 1 0 1 1 1 0 1 0 1 1 1 0 1 0 0 0 1 0 1 0 1 0 1 0 0 0 1 0 1 0 1 0 1 0 0 0 1 0 1 1 1
#c 0 1 0 1 1 1 0 1 0 1 1 1 0 1 0 0 0 1 0 1 0 1 0 1 0 0 0 1 0 1 0 1 0 1 0 0 0 1 0 1 1 1
#c 0 1 0 1 1 1 0 1 0 1 1 1 0 1 0 0 0 1 0 1 0 1 0 1 0 0 0 1 0 1 0 1 0 1 0 0 0 1 0 1 1 1
5 5 12 24 30 28 14 23 40 4 1 7
16 16 2 6 8 16 18 20 22 26 32 34 36 38 35 15 25 0 3 5 9 11 13 17 19 21 27 29 33 37 39 41 10 31
#c 0 1 0 1 1 1 0 1 0 1 1 1 0 1 0 0 0 1 0 1 0 1 0 1 0 0 0 1 0 1 0 1 0 1 0 0 0 1 0 1 1 1
7 7 3 7 11 19 13 4 41 35 12 26 38 15 20 34
14 14 1 5 9 17 21 23 27 29 33 37 39 40 10 31 2 6 8 14 16 18 22 24 28 30 32 36 25 0
#c 0 1 0 1 1 1 0 1 0 1 1 1 0 1 0 0 0 1 0 1 0 1 0 1 0 0 0 1 0 1 0 1 0 1 0 0 0 1 0 1 1 1
3 3 15 38 8 27 3 5
18 18 2 6 12 14 16 18 20 22 24 26 28 30 32 34 36 35 25 0 1 7 9 11 13 17 19 21 23 29 33 37 39 41 40 4 10 31
#c 0 1 0 1 1 1 0 1 0 1 1 1 0 1 0 0 0 1 0 1 0 1 0 1 0 0 0 1 0 1 0 1 0 1 0 0 0 1 0 1 1 1
7 6 17 4 41 23 29 7 39 25 6 14 36 24 26
14 15 1 3 5 9 11 13 19 21 27 33 37 40 10 31 2 8 12 16 18 20 22 28 30 32 34 38 35 15 0
#c 0 1 0 1 1 1 0 1 0 1 1 1 0 1 0 0 0 1 0 1 0 1 0 1 0 0 0 1 0 1 0 1 0 1 0 0 0 1 0 1 1 1
10 10 20 2 8 16 25 6 28 34 36 15 13 10 1 19 27 37 11 41 9 29
11 11 12 14 18 22 24 26 30 32 38 35 0 3 5 7 17 21 23 33 39 40 4 31
#c 0 1 0 1 1 1 0 1 0 1 1 1 0 1 0 0 0 1 0 1 0 1 0 1 0 0 0 1 0 1 0 1 0 1 0 0 0 1 0 1 1 1
#c 0 1 0 1 1 1 0 1 0 1 1 1 0 1 0 0 0 1 0 1 0 1 0 1 0 0 0 1 0 1 0 1 0 1 0 0 0 1 0 1 1 1
#c 0 1 0 1 1 1 0 1 0 1 1 1 0 1 0 0 0 1 0 1 0 1 0 1 0 0 0 1 0 1 0 1 0 1 0 0 0 1 0 1 1 1
#c 0 1 0 1 1 1 0 1 0 1 1 1 0 1 0 0 0 1 0 1 0 1 0 1 0 0 0 1 0 1 0 1 0 1 0 0 0 1 0 1 1 1
#c 0 1 0 1 1 1 0 1 0 1 1 1 0 1 0 0 0 1 0 1 0 1 0 1 0 0 0 1 0 1 0 1 0 1 0 0 0 1 0 1 1 1
#c 0 1 0 1 1 1 0 1 0 1 1 1 0 1 0 0 0 1 0 1 0 1 0 1 0 0 0 1 0 1 0 1 0 1 0 0 0 1 0 1 1 1
#c 0 1 0 1 1 1 0 1 0 1 1 1 0 1 0 0 0 1 0 1 0 1 0 1 0 0 0 1 0 1 0 1 0 1 0 0 0 1 0 1 1 1
#c 0 1 0 1 1 1 0 1 0 1 1 1 0 1 0 0 0 1 0 1 0 1 0 1 0 0 0 1 0 1 0 1 0 1 0 0 0 1 0 1 1 1
#c 0 1 0 1 1 1 0 1 0 1 1 1 0 1 0 0 0 1 0 1 0 1 0 1 0 0 0 1 0 1 0 1 0 1 0 0 0 1 0 1 1 1
1 1 29 32
20 20 1 3 5 7 9 11 13 17 19 21 23 27 33 37 39 41 40 4 10 31 2 6 8 12 14 16 18 20 22 24 26 28 30 34 36 38 35 15 25 0
#c 0 1 0 1 1 1 0 1 0 1 1 1 0 1 0 0 0 1 0 1 0 1 0 1 0 0 0 1 0 1 0 1 0 1 0 0 0 1 0 1 1 1
#c 0 1 0 1 1 1 0 1 0 1 1 1 0 1 0 0 0 1 0 1 0 1 0 1 0 0 0 1 0 1 0 1 0 1 0 0 0 1 0 1 1 1
#c 0 1 0 1 1 1 0 1 0 1 1 1 0 1 0 0 0 1 0 1 0 1 0 1 0 0 0 1 0 1 0 1 0 1 0 0 0 1 0 1 1 1
#c 0 1 0 1 1 1 0 1 0 1 1 1 0 1 0 0 0 1 0 1 0 1 0 1 0 0 0 1 0 1 0 1 0 1 0 0 0 1 0 1 1 1
9 9 5 3 37 31 23 13 7 27 33 2 0 25 15 24 38 20 14 36
12 12 1 9 11 17 19 21 29 39 41 40 4 10 6 8 12 16 18 22 26 28 30 32 34 35
#c 0 1 0 1 1 1 0 1 0 1 1 1 0 1 0 0 0 1 0 1 0 1 0 1 0 0 0 1 0 1 0 1 0 1 0 0 0 1 0 1 1 1
#c 0 1 0 1 1 1 0 1 0 1 1 1 0 1 0 0 0 1 0 1 0 1 0 1 0 0 0 1 0 1 0 1 0 1 0 0 0 1 0 1 1 1
#c 0 1 0 1 1 1 0 1 0 1 1 1 0 1 0 0 0 1 0 1 0 1 0 1 0 0 0 1 0 1 0 1 0 1 0 0 0 1 0 1 1 1
#c 0 1 0 1 1 1 0 1 0 1 1 1 0 1 0 0 0 1 0 1 0 1 0 1 0 0 0 1 0 1 0 1 0 1 0 0 0 1 0 1 1 1
7 7 4 31 37 5 1 13 3 30 18 36 2 34 32 22
14 14 7 9 11 17 19 21 23 27 29 33 39 41 40 10 6 8 12 14 16 20 24 26 28 38 35 15 25 0
#c 0 1 0 1 1 1 0 1 0 1 1 1 0 1 0 0 0 1 0 1 0 1 0 1 0 0 0 1 0 1 0 1 0 1 0 0 0 1 0 1 1 1
#c 0 1 0 1 1 1 0 1 0 1 1 1 0 1 0 0 0 1 0 1 0 1 0 1 0 0 0 1 0 1 0 1 0 1 0 0 0 1 0 1 1 1
#c 0 1 0 1 1 1 0 1 0 1 1 1 0 1 0 0 0 1 0 1 0 1 0 1 0 0 0 1 0 1 0 1 0 1 0 0 0 1 0 1 1 1
#c 0 1 0 1 1 1 0 1 0 1 1 1 0 1 0 0 0 1 0 1 0 1 0 1 0 0 0 1 0 1 0 1 0 1 0 0 0 1 0 1 1 1
#c 0 1 0 1 1 1 0 1 0 1 1 1 0 1 0 0 0 1 0 1 0 1 0 1 0 0 0 1 0 1 0 1 0 1 0 0 0 1 0 1 1 1
#c 0 1 0 1 1 1 0 1 0 1 1 1 0 1 0 0 0 1 0 1 0 1 0 1 0 0 0 1 0 1 0 1 0 1 0 0 0 1 0 1 1 1
2 2 5 9 38 30
19 19 1 3 7 11 13 17 19 21 23 27 29 33 37 39 41 40 4 10 31 2 6 8 12 14 16 18 20 22 24 26 28 32 34 36 35 15 25 0
#c 0 1 0 1 1 1 0 1 0 1 1 1 0 1 0 0 0 1 0 1 0 1 0 1 0 0 0 1 0 1 0 1 0 1 0 0 0 1 0 1 1 1
#c 0 1 0 1 1 1 0 1 0 1 1 1 0 1 0 0 0 1 0 1 0 1 0 1 0 0 0 1 0 1 0 1 0 1 0 0 0 1 0 1 1 1
#c 0 1 0 1 1 1 0 1 0 1 1 1 0 1 0 0 0 1 0 1 0 1 0 1 0 0 0 1 0 1 0 1 0 1 0 0 0 1 0 1 1 1
#c 0 1 0 1 1 1 0 1 0 1 1 1 0 1 0 0 0 1 0 1 0 1 0 1 0 0 0 1 0 1 0 1 0 1 0 0 0 1 0 1 1 1
#c 0 1 0 1 1 1 0 1 0 1 1 1 0 1 0 0 0 1 0 1 0 1 0 1 0 0 0 1 0 1 0 1 0 1 0 0 0 1 0 1 1 1
9 9 36 26 24 15 32 2 0 35 28 19 17 29 9 21 31 23 13 33
12 12 6 8 12 14 16 18 20 22 30 34 38 25 1 3 5 7 11 27 37 39 41 40 4 10
#c 0 1 0 1 1 1 0 1 0 1 1 1 0 1 0 0 0 1 0 1 0 1 0 1 0 0 0 1 0 1 0 1 0 1 0 0 0 1 0 1 1 1
#c 0 1 0 1 1 1 0 1 0 1 1 1 0 1 0 0 0 1 0 1 0 1 0 1 0 0 0 1 0 1 0 1 0 1 0 0 0 1 0 1 1 1
#c 0 1 0 1 1 1 0 1 0 1 1 1 0 1 0 0 0 1 0 1 0 1 0 1 0 0 0 1 0 1 0 1 0 1 0 0 0 1 0 1 1 1
5 5 5 29 19 33 7 25 2 26 32 6
16 16 1 3 9 11 13 17 21 23 27 37 39 41 40 4 10 31 8 12 14 16 18 20 22 24 28 30 34 36 38 35 15 0
#c 0 1 0 1 1 1 0 1 0 1 1 1 0 1 0 0 0 1 0 1 0 1 0 1 0 0 0 1 0 1 0 1 0 1 0 0 0 1 0 1 1 1
#c 0 1 0 1 1 1 0 1 0 1 1 1 0 1 0 0 0 1 0 1 0 1 0 1 0 0 0 1 0 1 0 1 0 1 0 0 0 1 0 1 1 1
8 8 3 11 10 17 37 39 27 33 6 28 16 22 20 34 30 2
13 13 1 5 7 9 13 19 21 23 29 41 40 4 31 8 12 14 18 24 26 32 36 38 35 15 25 0
#c 0 1 0 1 1 1 0 1 0 1 1 1 0 1 0 0 0 1 0 1 0 1 0 1 0 0 0 1 0 1 0 1 0 1 0 0 0 1 0 1 1 1
4 5 22 24 28 6 29 40 4 41 33
17 16 2 8 12 14 16 18 20 26 30 32 34 36 38 35 15 25 0 1 3 5 7 9 11 13 17 19 21 23 27 37 39 10 31
#c 0 1 0 1 1 1 0 1 0 1 1 1 0 1 0 0 0 1 0 1 0 1 0 1 0 0 0 1 0 1 0 1 0 1 0 0 0 1 0 1 1 1
6 4 33 37 13 39 27 41 12 15 28 20
15 17 1 3 5 7 9 11 17 19 21 23 29 40 4 10 31 2 6 8 14 16 18 22 24 26 30 32 34 36 38 35 25 0
#c 0 1 0 1 1 1 0 1 0 1 1 1 0 1 0 0 0 1 0 1 0 1 0 1 0 0 0 1 0 1 0 1 0 1 0 0 0 1 0 1 1 1
#c 0 1 0 1 1 1 0 1 0 1 1 1 0 1 0 0 0 1 0 1 0 1 0 1 0 0 0 1 0 1 0 1 0 1 0 0 0 1 0 1 1 1
3 1 9 10 7 26
18 20 1 3 5 11 13 17 19 21 23 27 29 33 37 39 41 40 4 31 2 6 8 12 14 16 18 20 22 24 28 30 32 34 36 38 35 15 25 0
#c 0 1 0 1 1 1 0 1 0 1 1 1 0 1 0 0 0 1 0 1 0 1 0 1 0 0 0 1 0 1 0 1 0 1 0 0 0 1 0 1 1 1
#c 0 1 0 1 1 1 0 1 0 1 1 1 0 1 0 0 0 1 0 1 0 1 0 1 0 0 0 1 0 1 0 1 0 1 0 0 0 1 0 1 1 1
#c 0 1 0 1 1 1 0 1 0 1 1 1 0 1 0 0 0 1 0 1 0 1 0 1 0 0 0 1 0 1 0 1 0 1 0 0 0 1 0 1 1 1
#c 0 1 0 1 1 1 0 1 0 1 1 1 0 1 0 0 0 1 0 1 0 1 0 1 0 0 0 1 0 1 0 1 0 1 0 0 0 1 0 1 1 1
10 10 41 13 37 21 17 11 9 19 27 39 0 24 2 8 32 26 20 30 18 14
11 11 1 3 5 7 23 29 33 40 4 10 31 6 12 16 22 28 34 36 38 35 15 25
#c 0 1 0 1 1 1 0 1 0 1 1 1 0 1 0 0 0 1 0 1 0 1 0 1 0 0 0 1 0 1 0 1 0 1 0 0 0 1 0 1 1 1
6 6 30 12 16 24 22 26 3 4 11 10 39 40
15 15 2 6 8 14 18 20 28 32 34 36 38 35 15 25 0 1 5 7 9 13 17 19 21 23 27 29 33 37 41 31
#c 0 1 0 1 1 1 0 1 0 1 1 1 0 1 0 0 0 1 0 1 0 1 0 1 0 0 0 1 0 1 0 1 0 1 0 0 0 1 0 1 1 1
1 1 39 8
20 20 1 3 5 7 9 11 13 17 19 21 23 27 29 33 37 41 40 4 10 31 2 6 12 14 16 18 20 22 24 26 28 30 32 34 36 38 35 15 25 0
#c 0 1 0 1 1 1 0 1 0 1 1 1 0 1 0 0 0 1 0 1 0 1 0 1 0 0 0 1 0 1 0 1 0 1 0 0 0 1 0 1 1 1
#c 0 1 0 1 1 1 0 1 0 1 1 1 0 1 0 0 0 1 0 1 0 1 0 1 0 0 0 1 0 1 0 1 0 1 0 0 0 1 0 1 1 1
#c 0 1 0 1 1 1 0 1 0 1 1 1 0 1 0 0 0 1 0 1 0 1 0 1 0 0 0 1 0 1 0 1 0 1 0 0 0 1 0 1 1 1
9 9 28 14 8 25 38 32 36 20 30 13 17 11 33 40 9 27 5 23
12 12 2 6 12 16 18 22 24 26 34 35 15 0 1 3 7 19 21 29 37 39 41 4 10 31
#c 0 1 0 1 1 1 0 1 0 1 1 1 0 1 0 0 0 1 0 1 0 1 0 1 0 0 0 1 0 1 0 1 0 1 0 0 0 1 0 1 1 1
#c 0 1 0 1 1 1 0 1 0 1 1 1 0 1 0 0 0 1 0 1 0 1 0 1 0 0 0 1 0 1 0 1 0 1 0 0 0 1 0 1 1 1
#c 0 1 0 1 1 1 0 1 0 1 1 1 0 1 0 0 0 1 0 1 0 1 0 1 0 0 0 1 0 1 0 1 0 1 0 0 0 1 0 1 1 1
#c 0 1 0 1 1 1 0 1 0 1 1 1 0 1 0 0 0 1 0 1 0 1 0 1 0 0 0 1 0 1 0 1 0 1 0 0 0 1 0 1 1 1
#c 0 1 0 1 1 1 0 1 0 1 1 1 0 1 0 0 0 1 0 1 0 1 0 1 0 0 0 1 0 1 0 1 0 1 0 0 0 1 0 1 1 1
#c 0 1 0 1 1 1 0 1 0 1 1 1 0 1 0 0 0 1 0 1 0 1 0 1 0 0 0 1 0 1 0 1 0 1 0 0 0 1 0 1 1 1
#c 0 1 0 1 1 1 0 1 0 1 1 1 0 1 0 0 0 1 0 1 0 1 0 1 0 0 0 1 0 1 0 1 0 1 0 0 0 1 0 1 1 1
5 5 39 1 37 29 40 28 20 0 36 22
16 16 3 5 7 9 11 13 17 19 21 23 27 33 41 4 10 31 2 6 8 12 14 16 18 24 26 30 32 34 38 35 15 25
#c 0 1 0 1 1 1 0 1 0 1 1 1 0 1 0 0 0 1 0 1 0 1 0 1 0 0 0 1 0 1 0 1 0 1 0 0 0 1 0 1 1 1
1 2 34 3 40
20 19 2 6 8 12 14 16 18 20 22 24 26 28 30 32 36 38 35 15 25 0 1 5 7 9 11 13 17 19 21 23 27 29 33 37 39 41 4 10 31
#c 0 1 0 1 1 1 0 1 0 1 1 1 0 1 0 0 0 1 0 1 0 1 0 1 0 0 0 1 0 1 0 1 0 1 0 0 0 1 0 1 1 1
#c 0 1 0 1 1 1 0 1 0 1 1 1 0 1 0 0 0 1 0 1 0 1 0 1 0 0 0 1 0 1 0 1 0 1 0 0 0 1 0 1 1 1
#c 0 1 0 1 1 1 0 1 0 1 1 1 0 1 0 0 0 1 0 1 0 1 0 1 0 0 0 1 0 1 0 1 0 1 0 0 0 1 0 1 1 1
4 4 11 1 21 40 32 20 18 14
17 17 3 5 7 9 13 17 19 23 27 29 33 37 39 41 4 10 31 2 6 8 12 16 22 24 26 28 30 34 36 38 35 15 25 0
#c 0 1 0 1 1 1 0 1 0 1 1 1 0 1 0 0 0 1 0 1 0 1 0 1 0 0 0 1 0 1 0 1 0 1 0 0 0 1 0 1 1 1
4 4 38 15 32 8 19 11 31 23
17 17 2 6 12 14 16 18 20 22 24 26 28 30 34 36 35 25 0 1 3 5 7 9 13 17 21 27 29 33 37 39 41 40 4 10
#c 0 1 0 1 1 1 0 1 0 1 1 1 0 1 0 0 0 1 0 1 0 1 0 1 0 0 0 1 0 1 0 1 0 1 0 0 0 1 0 1 1 1
#c 0 1 0 1 1 1 0 1 0 1 1 1 0 1 0 0 0 1 0 1 0 1 0 1 0 0 0 1 0 1 0 1 0 1 0 0 0 1 0 1 1 1
1 1 0 29
20 20 2 6 8 12 14 16 18 20 22 24 26 28 30 32 34 36 38 35 15 25 1 3 5 7 9 11 13 17 19 21 23 27 33 37 39 41 40 4 10 31
#c 0 1 0 1 1 1 0 1 0 1 1 1 0 1 0 0 0 1 0 1 0 1 0 1 0 0 0 1 0 1 0 1 0 1 0 0 0 1 0 1 1 1
6 6 41 13 9 29 17 4 22 6 35 25 24 12
15 15 1 3 5 7 11 19 21 23 27 33 37 39 40 10 31 2 8 14 16 18 20 26 28 30 32 34 36 38 15 0
#c 0 1 0 1 1 1 0 1 0 1 1 1 0 1 0 0 0 1 0 1 0 1 0 1 0 0 0 1 0 1 0 1 0 1 0 0 0 1 0 1 1 1
7 6 35 8 16 30 26 6 0 13 7 1 3 9 10
14 15 2 12 14 18 20 22 24 28 32 34 36 38 15 25 5 11 17 19 21 23 27 29 33 37 39 41 40 4 31
#c 0 1 0 1 1 1 0 1 0 1 1 1 0 1 0 0 0 1 0 1 0 1 0 1 0 0 0 1 0 1 0 1 0 1 0 0 0 1 0 1 1 1
9 9 1 39 10 37 3 13 27 5 41 15 36 20 12 34 35 28 25 16
12 12 7 9 11 17 19 21 23 29 33 40 4 31 2 6 8 14 18 22 24 26 30 32 38 0
#c 0 1 0 1 1 1 0 1 0 1 1 1 0 1 0 0 0 1 0 1 0 1 0 1 0 0 0 1 0 1 0 1 0 1 0 0 0 1 0 1 1 1
5 4 32 38 35 24 16 29 1 3 9
16 17 2 6 8 12 14 18 20 22 26 28 30 34 36 15 25 0 5 7 11 13 17 19 21 23 27 33 37 39 41 40 4 10 31
#c 0 1 0 1 1 1 0 1 0 1 1 1 0 1 0 0 0 1 0 1 0 1 0 1 0 0 0 1 0 1 0 1 0 1 0 0 0 1 0 1 1 1
9 9 23 39 33 5 37 10 13 17 4 18 25 14 32 8 2 28 6 26
12 12 1 3 7 9 11 19 21 27 29 41 40 31 12 16 20 22 24 30 34 36 38 35 15 0
#c 0 1 0 1 1 1 0 1 0 1 1 1 0 1 0 0 0 1 0 1 0 1 0 1 0 0 0 1 0 1 0 1 0 1 0 0 0 1 0 1 1 1
7 8 14 38 34 30 0 8 28 31 10 29 5 39 21 19 13
14 13 2 6 12 16 18 20 22 24 26 32 36 35 15 25 1 3 7 9 11 17 23 27 33 37 41 40 4
#c 0 1 0 1 1 1 0 1 0 1 1 1 0 1 0 0 0 1 0 1 0 1 0 1 0 0 0 1 0 1 0 1 0 1 0 0 0 1 0 1 1 1
1 1 31 12
20 20 1 3 5 7 9 11 13 17 19 21 23 27 29 33 37 39 41 40 4 10 2 6 8 14 16 18 20 22 24 26 28 30 32 34 36 38 35 15 25 0
#c 0 1 0 1 1 1 0 1 0 1 1 1 0 1 0 0 0 1 0 1 0 1 0 1 0 0 0 1 0 1 0 1 0 1 0 0 0 1 0 1 1 1
6 6 20 8 28 14 35 24 33 23 41 13 19 37
15 15 2 6 12 16 18 22 26 30 32 34 36 38 15 25 0 1 3 5 7 9 11 17 21 27 29 39 40 4 10 31
#c 0 1 0 1 1 1 0 1 0 1 1 1 0 1 0 0 0 1 0 1 0 1 0 1 0 0 0 1 0 1 0 1 0 1 0 0 0 1 0 1 1 1
6 6 10 33 27 5 13 1 6 34 16 15 24 20
15 15 3 7 9 11 17 19 21 23 29 37 39 41 40 4 31 2 8 12 14 18 22 26 28 30 32 36 38 35 25 0
#c 0 1 0 1 1 1 0 1 0 1 1 1 0 1 0 0 0 1 0 1 0 1 0 1 0 0 0 1 0 1 0 1 0 1 0 0 0 1 0 1 1 1
#c 0 1 0 1 1 1 0 1 0 1 1 1 0 1 0 0 0 1 0 1 0 1 0 1 0 0 0 1 0 1 0 1 0 1 0 0 0 1 0 1 1 1
8 8 9 33 4 10 40 17 23 7 2 8 24 32 26 25 34 6
13 13 1 3 5 11 13 19 21 27 29 37 39 41 31 12 14 16 18 20 22 28 30 36 38 35 15 0
#c 0 1 0 1 1 1 0 1 0 1 1 1 0 1 0 0 0 1 0 1 0 1 0 1 0 0 0 1 0 1 0 1 0 1 0 0 0 1 0 1 1 1
#c 0 1 0 1 1 1 0 1 0 1 1 1 0 1 0 0 0 1 0 1 0 1 0 1 0 0 0 1 0 1 0 1 0 1 0 0 0 1 0 1 1 1
4 4 17 7 4 9 18 2 6 25
17 17 1 3 5 11 13 19 21 23 27 29 33 37 39 41 40 10 31 8 12 14 16 20 22 24 26 28 30 32 34 36 38 35 15 0
#c 0 1 0 1 1 1 0 1 0 1 1 1 0 1 0 0 0 1 0 1 0 1 0 1 0 0 0 1 0 1 0 1 0 1 0 0 0 1 0 1 1 1
5 5 18 30 16 15 35 21 5 17 1 10
16 16 2 6 8 12 14 20 22 24 26 28 32 34 36 38 25 0 3 7 9 11 13 19 23 27 29 33 37 39 41 40 4 31
#c 0 1 0 1 1 1 0 1 0 1 1 1 0 1 0 0 0 1 0 1 0 1 0 1 0 0 0 1 0 1 0 1 0 1 0 0 0 1 0 1 1 1
#c 0 1 0 1 1 1 0 1 0 1 1 1 0 1 0 0 0 1 0 1 0 1 0 1 0 0 0 1 0 1 0 1 0 1 0 0 0 1 0 1 1 1
1 1 2 4
20 20 6 8 12 14 16 18 20 22 24 26 28 30 32 34 36 38 35 15 25 0 1 3 5 7 9 11 13 17 19 21 23 27 29 33 37 39 41 40 10 31
#c 0 1 0 1 1 1 0 1 0 1 1 1 0 1 0 0 0 1 0 1 0 1 0 1 0 0 0 1 0 1 0 1 0 1 0 0 0 1 0 1 1 1
9 9 3 5 17 19 41 31 23 13 33 36 8 28 14 26 30 12 22 24
12 12 1 7 9 11 21 27 29 37 39 40 4 10 2 6 16 18 20 32 34 38 35 15 25 0
#c 0 1 0 1 1 1 0 1 0 1 1 1 0 1 0 0 0 1 0 1 0 1 0 1 0 0 0 1 0 1 0 1 0 1 0 0 0 1 0 1 1 1
4 5 24 26 36 38 19 37 1 23 33
17 16 2 6 8 12 14 16 18 20 22 28 30 32 34 35 15 25 0 3 5 7 9 11 13 17 21 27 29 39 41 40 4 10 31
#c 0 1 0 1 1 1 0 1 0 1 1 1 0 1 0 0 0 1 0 1 0 1 0 1 0 0 0 1 0 1 0 1 0 1 0 0 0 1 0 1 1 1
#c 0 1 0 1 1 1 0 1 0 1 1 1 0 1 0 0 0 1 0 1 0 1 0 1 0 0 0 1 0 1 0 1 0 1 0 0 0 1 0 1 1 1
2 2 36 30 9 37
19 19 2 6 8 12 14 16 18 20 22 24 26 28 32 34 38 35 15 25 0 1 3 5 7 11 13 17 19 21 23 27 29 33 39 41 40 4 10 31
#c 0 1 0 1 1 1 0 1 0 1 1 1 0 1 0 0 0 1 0 1 0 1 0 1 0 0 0 1 0 1 0 1 0 1 0 0 0 1 0 1 1 1
10 10 17 29 23 40 19 1 37 9 27 7 15 22 0 26 14 32 34 16 30 2
11 11 3 5 11 13 21 33 39 41 4 10 31 6 8 12 18 20 24 28 36 38 35 25
#c 0 1 0 1 1 1 0 1 0 1 1 1 0 1 0 0 0 1 0 1 0 1 0 1 0 0 0 1 0 1 0 1 0 1 0 0 0 1 0 1 1 1
10 10 35 28 36 32 25 8 2 34 38 0 13 7 39 29 10 27 3 4 37 19
11 11 6 12 14 16 18 20 22 24 26 30 15 1 5 9 11 17 21 23 33 41 40 31
#c 0 1 0 1 1 1 0 1 0 1 1 1 0 1 0 0 0 1 0 1 0 1 0 1 0 0 0 1 0 1 0 1 0 1 0 0 0 1 0 1 1 1
#c 0 1 0 1 1 1 0 1 0 1 1 1 0 1 0 0 0 1 0 1 0 1 0 1 0 0 0 1 0 1 0 1 0 1 0 0 0 1 0 1 1 1
2 2 30 6 3 41
19 19 2 8 12 14 16 18 20 22 24 26 28 32 34 36 38 35 15 25 0 1 5 7 9 11 13 17 19 21 23 27 29 33 37 39 40 4 10 31
#c 0 1 0 1 1 1 0 1 0 1 1 1 0 1 0 0 0 1 0 1 0 1 0 1 0 0 0 1 0 1 0 1 0 1 0 0 0 1 0 1 1 1
5 7 21 13 33 41 17 34 26 25 12 6 16 14
16 14 1 3 5 7 9 11 19 23 27 29 37 39 40 4 10 31 2 8 18 20 22 24 28 30 32 36 38 35 15 0
#c 0 1 0 1 1 1 0 1 0 1 1 1 0 1 0 0 0 1 0 1 0 1 0 1 0 0 0 1 0 1 0 1 0 1 0 0 0 1 0 1 1 1
#c 0 1 0 1 1 1 0 1 0 1 1 1 0 1 0 0 0 1 0 1 0 1 0 1 0 0 0 1 0 1 0 1 0 1 0 0 0 1 0 1 1 1
#c 0 1 0 1 1 1 0 1 0 1 1 1 0 1 0 0 0 1 0 1 0 1 0 1 0 0 0 1 0 1 0 1 0 1 0 0 0 1 0 1 1 1
8 8 30 6 12 35 8 34 15 20 13 3 19 23 39 11 5 27
13 13 2 14 16 18 22 24 26 28 32 36 38 25 0 1 7 9 17 21 29 33 37 41 40 4 10 31
#c 0 1 0 1 1 1 0 1 0 1 1 1 0 1 0 0 0 1 0 1 0 1 0 1 0 0 0 1 0 1 0 1 0 1 0 0 0 1 0 1 1 1
5 5 17 13 23 33 3 38 6 12 35 28
16 16 1 5 7 9 11 19 21 27 29 37 39 41 40 4 10 31 2 8 14 16 18 20 22 24 26 30 32 34 36 15 25 0
#c 0 1 0 1 1 1 0 1 0 1 1 1 0 1 0 0 0 1 0 1 0 1 0 1 0 0 0 1 0 1 0 1 0 1 0 0 0 1 0 1 1 1
#c 0 1 0 1 1 1 0 1 0 1 1 1 0 1 0 0 0 1 0 1 0 1 0 1 0 0 0 1 0 1 0 1 0 1 0 0 0 1 0 1 1 1
5 3 33 3 19 5 23 24 18 15
16 18 1 7 9 11 13 17 21 27 29 37 39 41 40 4 10 31 2 6 8 12 14 16 20 22 26 28 30 32 34 36 38 35 25 0
#c 0 1 0 1 1 1 0 1 0 1 1 1 0 1 0 0 0 1 0 1 0 1 0 1 0 0 0 1 0 1 0 1 0 1 0 0 0 1 0 1 1 1
#c 0 1 0 1 1 1 0 1 0 1 1 1 0 1 0 0 0 1 0 1 0 1 0 1 0 0 0 1 0 1 0 1 0 1 0 0 0 1 0 1 1 1
#c 0 1 0 1 1 1 0 1 0 1 1 1 0 1 0 0 0 1 0 1 0 1 0 1 0 0 0 1 0 1 0 1 0 1 0 0 0 1 0 1 1 1
10 10 18 36 35 14 32 28 0 38 15 34 29 7 39 33 10 27 37 17 31 3
11 11 2 6 8 12 16 20 22 24 26 30 25 1 5 9 11 13 19 21 23 41 40 4
#c 0 1 0 1 1 1 0 1 0 1 1 1 0 1 0 0 0 1 0 1 0 1 0 1 0 0 0 1 0 1 0 1 0 1 0 0 0 1 0 1 1 1
7 7 23 39 9 27 31 10 33 15 8 0 16 22 26 6
14 14 1 3 5 7 11 13 17 19 21 29 37 41 40 4 2 12 14 18 20 24 28 30 32 34 36 38 35 25
#c 0 1 0 1 1 1 0 1 0 1 1 1 0 1 0 0 0 1 0 1 0 1 0 1 0 0 0 1 0 1 0 1 0 1 0 0 0 1 0 1 1 1
3 2 12 38 16 1 21
18 19 2 6 8 14 18 20 22 24 26 28 30 32 34 36 35 15 25 0 3 5 7 9 11 13 17 19 23 27 29 33 37 39 41 40 4 10 31
#c 0 1 0 1 1 1 0 1 0 1 1 1 0 1 0 0 0 1 0 1 0 1 0 1 0 0 0 1 0 1 0 1 0 1 0 0 0 1 0 1 1 1
8 7 9 41 13 3 17 5 39 7 8 6 38 36 12 20 32
13 14 1 11 19 21 23 27 29 33 37 40 4 10 31 2 14 16 18 22 24 26 28 30 34 35 15 25 0
#c 0 1 0 1 1 1 0 1 0 1 1 1 0 1 0 0 0 1 0 1 0 1 0 1 0 0 0 1 0 1 0 1 0 1 0 0 0 1 0 1 1 1
3 3 36 32 14 17 9 10
18 18 2 6 8 12 16 18 20 22 24 26 28 30 34 38 35 15 25 0 1 3 5 7 11 13 19 21 23 27 29 33 37 39 41 40 4 31
#c 0 1 0 1 1 1 0 1 0 1 1 1 0 1 0 0 0 1 0 1 0 1 0 1 0 0 0 1 0 1 0 1 0 1 0 0 0 1 0 1 1 1
4 4 40 21 13 4 14 2 25 32
17 17 1 3 5 7 9 11 17 19 23 27 29 33 37 39 41 10 31 6 8 12 16 18 20 22 24 26 28 30 34 36 38 35 15 0
#c 0 1 0 1 1 1 0 1 0 1 1 1 0 1 0 0 0 1 0 1 0 1 0 1 0 0 0 1 0 1 0 1 0 1 0 0 0 1 0 1 1 1
3 3 35 16 34 13 21 39
18 18 2 6 8 12 14 18 20 22 24 26 28 30 32 36 38 15 25 0 1 3 5 7 9 11 17 19 23 27 29 33 37 41 40 4 10 31
#c 0 1 0 1 1 1 0 1 0 1 1 1 0 1 0 0 0 1 0 1 0 1 0 1 0 0 0 1 0 1 0 1 0 1 0 0 0 1 0 1 1 1
10 8 10 13 21 23 11 9 17 40 27 19 6 28 24 18 38 16 36 8
11 13 1 3 5 7 29 33 37 39 41 4 31 2 12 14 20 22 26 30 32 34 35 15 25 0
#c 0 1 0 1 1 1 0 1 0 1 1 1 0 1 0 0 0 1 0 1 0 1 0 1 0 0 0 1 0 1 0 1 0 1 0 0 0 1 0 1 1 1
#c 0 1 0 1 1 1 0 1 0 1 1 1 0 1 0 0 0 1 0 1 0 1 0 1 0 0 0 1 0 1 0 1 0 1 0 0 0 1 0 1 1 1
#c 0 1 0 1 1 1 0 1 0 1 1 1 0 1 0 0 0 1 0 1 0 1 0 1 0 0 0 1 0 1 0 1 0 1 0 0 0 1 0 1 1 1
5 5 34 12 38 22 2 40 17 33 23 13
16 16 6 8 14 16 18 20 24 26 28 30 32 36 35 15 25 0 1 3 5 7 9 11 19 21 27 29 37 39 41 4 10 31
#c 0 1 0 1 1 1 0 1 0 1 1 1 0 1 0 0 0 1 0 1 0 1 0 1 0 0 0 1 0 1 0 1 0 1 0 0 0 1 0 1 1 1
4 4 31 37 1 41 12 0 18 38
17 17 3 5 7 9 11 13 17 19 21 23 27 29 33 39 40 4 10 2 6 8 14 16 20 22 24 26 28 30 32 34 36 35 15 25
#c 0 1 0 1 1 1 0 1 0 1 1 1 0 1 0 0 0 1 0 1 0 1 0 1 0 0 0 1 0 1 0 1 0 1 0 0 0 1 0 1 1 1
#c 0 1 0 1 1 1 0 1 0 1 1 1 0 1 0 0 0 1 0 1 0 1 0 1 0 0 0 1 0 1 0 1 0 1 0 0 0 1 0 1 1 1
9 10 40 9 21 10 29 17 39 13 3 15 8 6 28 0 38 34 30 35 16
12 11 1 5 7 11 19 23 27 33 37 41 4 31 2 12 14 18 20 22 24 26 32 36 25
#c 0 1 0 1 1 1 0 1 0 1 1 1 0 1 0 0 0 1 0 1 0 1 0 1 0 0 0 1 0 1 0 1 0 1 0 0 0 1 0 1 1 1
2 2 26 0 27 41
19 19 2 6 8 12 14 16 18 20 22 24 28 30 32 34 36 38 35 15 25 1 3 5 7 9 11 13 17 19 21 23 29 33 37 39 40 4 10 31
#c 0 1 0 1 1 1 0 1 0 1 1 1 0 1 0 0 0 1 0 1 0 1 0 1 0 0 0 1 0 1 0 1 0 1 0 0 0 1 0 1 1 1
5 5 5 27 23 13 17 22 32 15 0 18
16 16 1 3 7 9 11 19 21 29 33 37 39 41 40 4 10 31 2 6 8 12 14 16 20 24 26 28 30 34 36 38 35 25
#c 0 1 0 1 1 1 0 1 0 1 1 1 0 1 0 0 0 1 0 1 0 1 0 1 0 0 0 1 0 1 0 1 0 1 0 0 0 1 0 1 1 1
6 6 2 16 0 12 28 36 29 23 17 39 21 41
15 15 6 8 14 18 20 22 24 26 30 32 34 38 35 15 25 1 3 5 7 9 11 13 19 27 33 37 40 4 10 31
#c 0 1 0 1 1 1 0 1 0 1 1 1 0 1 0 0 0 1 0 1 0 1 0 1 0 0 0 1 0 1 0 1 0 1 0 0 0 1 0 1 1 1
#c 0 1 0 1 1 1 0 1 0 1 1 1 0 1 0 0 0 1 0 1 0 1 0 1 0 0 0 1 0 1 0 1 0 1 0 0 0 1 0 1 1 1
3 2 28 25 20 41 27
18 19 2 6 8 12 14 16 18 22 24 26 30 32 34 36 38 35 15 0 1 3 5 7 9 11 13 17 19 21 23 29 33 37 39 40 4 10 31
#c 0 1 0 1 1 1 0 1 0 1 1 1 0 1 0 0 0 1 0 1 0 1 0 1 0 0 0 1 0 1 0 1 0 1 0 0 0 1 0 1 1 1
5 7 11 19 37 41 33 12 36 6 35 8 32 26
16 14 1 3 5 7 9 13 17 21 23 27 29 39 40 4 10 31 2 14 16 18 20 22 24 28 30 34 38 15 25 0
#c 0 1 0 1 1 1 0 1 0 1 1 1 0 1 0 0 0 1 0 1 0 1 0 1 0 0 0 1 0 1 0 1 0 1 0 0 0 1 0 1 1 1
#c 0 1 0 1 1 1 0 1 0 1 1 1 0 1 0 0 0 1 0 1 0 1 0 1 0 0 0 1 0 1 0 1 0 1 0 0 0 1 0 1 1 1
1 1 33 30
20 20 1 3 5 7 9 11 13 17 19 21 23 27 29 37 39 41 40 4 10 31 2 6 8 12 14 16 18 20 22 24 26 28 32 34 36 38 35 15 25 0
#c 0 1 0 1 1 1 0 1 0 1 1 1 0 1 0 0 0 1 0 1 0 1 0 1 0 0 0 1 0 1 0 1 0 1 0 0 0 1 0 1 1 1
#c 0 1 0 1 1 1 0 1 0 1 1 1 0 1 0 0 0 1 0 1 0 1 0 1 0 0 0 1 0 1 0 1 0 1 0 0 0 1 0 1 1 1
5 5 40 7 1 9 4 12 20 28 8 32
16 16 3 5 11 13 17 19 21 23 27 29 33 37 39 41 10 31 2 6 14 16 18 22 24 26 30 34 36 38 35 15 25 0
#c 0 1 0 1 1 1 0 1 0 1 1 1 0 1 0 0 0 1 0 1 0 1 0 1 0 0 0 1 0 1 0 1 0 1 0 0 0 1 0 1 1 1
4 5 16 20 18 25 5 13 23 11 21
17 16 2 6 8 12 14 22 24 26 28 30 32 34 36 38 35 15 0 1 3 7 9 17 19 27 29 33 37 39 41 40 4 10 31
#c 0 1 0 1 1 1 0 1 0 1 1 1 0 1 0 0 0 1 0 1 0 1 0 1 0 0 0 1 0 1 0 1 0 1 0 0 0 1 0 1 1 1
#c 0 1 0 1 1 1 0 1 0 1 1 1 0 1 0 0 0 1 0 1 0 1 0 1 0 0 0 1 0 1 0 1 0 1 0 0 0 1 0 1 1 1
5 5 26 28 24 20 2 27 4 13 37 17
16 16 6 8 12 14 16 18 22 30 32 34 36 38 35 15 25 0 1 3 5 7 9 11 19 21 23 29 33 39 41 40 10 31
#c 0 1 0 1 1 1 0 1 0 1 1 1 0 1 0 0 0 1 0 1 0 1 0 1 0 0 0 1 0 1 0 1 0 1 0 0 0 1 0 1 1 1
4 4 31 13 29 11 26 18 12 6
17 17 1 3 5 7 9 17 19 21 23 27 33 37 39 41 40 4 10 2 8 14 16 20 22 24 28 30 32 34 36 38 35 15 25 0
#c 0 1 0 1 1 1 0 1 0 1 1 1 0 1 0 0 0 1 0 1 0 1 0 1 0 0 0 1 0 1 0 1 0 1 0 0 0 1 0 1 1 1
#c 0 1 0 1 1 1 0 1 0 1 1 1 0 1 0 0 0 1 0 1 0 1 0 1 0 0 0 1 0 1 0 1 0 1 0 0 0 1 0 1 1 1
#c 0 1 0 1 1 1 0 1 0 1 1 1 0 1 0 0 0 1 0 1 0 1 0 1 0 0 0 1 0 1 0 1 0 1 0 0 0 1 0 1 1 1
#c 0 1 0 1 1 1 0 1 0 1 1 1 0 1 0 0 0 1 0 1 0 1 0 1 0 0 0 1 0 1 0 1 0 1 0 0 0 1 0 1 1 1
4 3 1 40 37 39 16 20 18
17 18 3 5 7 9 11 13 17 19 21 23 27 29 33 41 4 10 31 2 6 8 12 14 22 24 26 28 30 32 34 36 38 35 15 25 0
#c 0 1 0 1 1 1 0 1 0 1 1 1 0 1 0 0 0 1 0 1 0 1 0 1 0 0 0 1 0 1 0 1 0 1 0 0 0 1 0 1 1 1
9 11 20 14 35 0 24 8 28 30 15 4 9 33 37 21 17 10 19 40 31 7
12 10 2 6 12 16 18 22 26 32 34 36 38 25 1 3 5 11 13 23 27 29 39 41
#c 0 1 0 1 1 1 0 1 0 1 1 1 0 1 0 0 0 1 0 1 0 1 0 1 0 0 0 1 0 1 0 1 0 1 0 0 0 1 0 1 1 1
5 5 19 23 7 9 41 18 26 8 15 24
16 16 1 3 5 11 13 17 21 27 29 33 37 39 40 4 10 31 2 6 12 14 16 20 22 28 30 32 34 36 38 35 25 0
#c 0 1 0 1 1 1 0 1 0 1 1 1 0 1 0 0 0 1 0 1 0 1 0 1 0 0 0 1 0 1 0 1 0 1 0 0 0 1 0 1 1 1
8 6 26 20 16 38 0 28 15 24 5 37 1 9 7 23
13 15 2 6 8 12 14 18 22 30 32 34 36 35 25 3 11 13 17 19 21 27 29 33 39 41 40 4 10 31
#c 0 1 0 1 1 1 0 1 0 1 1 1 0 1 0 0 0 1 0 1 0 1 0 1 0 0 0 1 0 1 0 1 0 1 0 0 0 1 0 1 1 1
8 8 23 39 40 27 33 10 21 19 18 28 20 2 12 30 6 32
13 13 1 3 5 7 9 11 13 17 29 37 41 4 31 8 14 16 22 24 26 34 36 38 35 15 25 0
#c 0 1 0 1 1 1 0 1 0 1 1 1 0 1 0 0 0 1 0 1 0 1 0 1 0 0 0 1 0 1 0 1 0 1 0 0 0 1 0 1 1 1
#c 0 1 0 1 1 1 0 1 0 1 1 1 0 1 0 0 0 1 0 1 0 1 0 1 0 0 0 1 0 1 0 1 0 1 0 0 0 1 0 1 1 1
2 2 7 9 15 20
19 19 1 3 5 11 13 17 19 21 23 27 29 33 37 39 41 40 4 10 31 2 6 8 12 14 16 18 22 24 26 28 30 32 34 36 38 35 25 0
#c 0 1 0 1 1 1 0 1 0 1 1 1 0 1 0 0 0 1 0 1 0 1 0 1 0 0 0 1 0 1 0 1 0 1 0 0 0 1 0 1 1 1
5 7 26 6 30 20 28 31 13 33 37 21 11 29
16 14 2 8 12 14 16 18 22 24 32 34 36 38 35 15 25 0 1 3 5 7 9 17 19 23 27 39 41 40 4 10
#c 0 1 0 1 1 1 0 1 0 1 1 1 0 1 0 0 0 1 0 1 0 1 0 1 0 0 0 1 0 1 0 1 0 1 0 0 0 1 0 1 1 1
#c 0 1 0 1 1 1 0 1 0 1 1 1 0 1 0 0 0 1 0 1 0 1 0 1 0 0 0 1 0 1 0 1 0 1 0 0 0 1 0 1 1 1
2 2 6 22 23 4
19 19 2 8 12 14 16 18 20 24 26 28 30 32 34 36 38 35 15 25 0 1 3 5 7 9 11 13 17 19 21 27 29 33 37 39 41 40 10 31
#c 0 1 0 1 1 1 0 1 0 1 1 1 0 1 0 0 0 1 0 1 0 1 0 1 0 0 0 1 0 1 0 1 0 1 0 0 0 1 0 1 1 1
6 6 27 10 1 40 23 29 24 26 6 18 36 16
15 15 3 5 7 9 11 13 17 19 21 33 37 39 41 4 31 2 8 12 14 20 22 28 30 32 34 38 35 15 25 0
#c 0 1 0 1 1 1 0 1 0 1 1 1 0 1 0 0 0 1 0 1 0 1 0 1 0 0 0 1 0 1 0 1 0 1 0 0 0 1 0 1 1 1
7 7 30 36 35 22 34 12 25 7 23 27 11 37 1 33
14 14 2 6 8 14 16 18 20 24 26 28 32 38 15 0 3 5 9 13 17 19 21 29 39 41 40 4 10 31
#c 0 1 0 1 1 1 0 1 0 1 1 1 0 1 0 0 0 1 0 1 0 1 0 1 0 0 0 1 0 1 0 1 0 1 0 0 0 1 0 1 1 1
3 3 29 21 19 26 35 38
18 18 1 3 5 7 9 11 13 17 23 27 33 37 39 41 40 4 10 31 2 6 8 12 14 16 18 20 22 24 28 30 32 34 36 15 25 0
#c 0 1 0 1 1 1 0 1 0 1 1 1 0 1 0 0 0 1 0 1 0 1 0 1 0 0 0 1 0 1 0 1 0 1 0 0 0 1 0 1 1 1
#c 0 1 0 1 1 1 0 1 0 1 1 1 0 1 0 0 0 1 0 1 0 1 0 1 0 0 0 1 0 1 0 1 0 1 0 0 0 1 0 1 1 1
#c 0 1 0 1 1 1 0 1 0 1 1 1 0 1 0 0 0 1 0 1 0 1 0 1 0 0 0 1 0 1 0 1 0 1 0 0 0 1 0 1 1 1
9 9 2 26 20 30 14 16 6 36 18 17 33 3 7 39 11 21 10 1
12 12 8 12 22 24 28 32 34 38 35 15 25 0 5 9 13 19 23 27 29 37 41 40 4 31
#c 0 1 0 1 1 1 0 1 0 1 1 1 0 1 0 0 0 1 0 1 0 1 0 1 0 0 0 1 0 1 0 1 0 1 0 0 0 1 0 1 1 1
#c 0 1 0 1 1 1 0 1 0 1 1 1 0 1 0 0 0 1 0 1 0 1 0 1 0 0 0 1 0 1 0 1 0 1 0 0 0 1 0 1 1 1
5 5 16 0 28 18 8 21 9 5 33 3
16 16 2 6 12 14 20 22 24 26 30 32 34 36 38 35 15 25 1 7 11 13 17 19 23 27 29 37 39 41 40 4 10 31
#c 0 1 0 1 1 1 0 1 0 1 1 1 0 1 0 0 0 1 0 1 0 1 0 1 0 0 0 1 0 1 0 1 0 1 0 0 0 1 0 1 1 1
5 5 19 4 23 31 5 32 30 14 6 36
16 16 1 3 7 9 11 13 17 21 27 29 33 37 39 41 40 10 2 8 12 16 18 20 22 24 26 28 34 38 35 15 25 0
#c 0 1 0 1 1 1 0 1 0 1 1 1 0 1 0 0 0 1 0 1 0 1 0 1 0 0 0 1 0 1 0 1 0 1 0 0 0 1 0 1 1 1
3 3 36 22 20 40 1 41
18 18 2 6 8 12 14 16 18 24 26 28 30 32 34 38 35 15 25 0 3 5 7 9 11 13 17 19 21 23 27 29 33 37 39 4 10 31
#c 0 1 0 1 1 1 0 1 0 1 1 1 0 1 0 0 0 1 0 1 0 1 0 1 0 0 0 1 0 1 0 1 0 1 0 0 0 1 0 1 1 1
9 9 5 41 23 29 7 10 3 31 39 0 8 26 15 18 35 25 32 28
12 12 1 9 11 13 17 19 21 27 33 37 40 4 2 6 12 14 16 20 22 24 30 34 36 38
#c 0 1 0 1 1 1 0 1 0 1 1 1 0 1 0 0 0 1 0 1 0 1 0 1 0 0 0 1 0 1 0 1 0 1 0 0 0 1 0 1 1 1
#c 0 1 0 1 1 1 0 1 0 1 1 1 0 1 0 0 0 1 0 1 0 1 0 1 0 0 0 1 0 1 0 1 0 1 0 0 0 1 0 1 1 1
8 8 9 29 19 41 5 4 11 7 38 35 22 28 6 18 0 25
13 13 1 3 13 17 21 23 27 33 37 39 40 10 31 2 8 12 14 16 20 24 26 30 32 34 36 15
#c 0 1 0 1 1 1 0 1 0 1 1 1 0 1 0 0 0 1 0 1 0 1 0 1 0 0 0 1 0 1 0 1 0 1 0 0 0 1 0 1 1 1
6 6 20 32 18 26 22 35 7 13 37 41 27 40
15 15 2 6 8 12 14 16 24 28 30 34 36 38 15 25 0 1 3 5 9 11 17 19 21 23 29 33 39 4 10 31
#c 0 1 0 1 1 1 0 1 0 1 1 1 0 1 0 0 0 1 0 1 0 1 0 1 0 0 0 1 0 1 0 1 0 1 0 0 0 1 0 1 1 1
#c 0 1 0 1 1 1 0 1 0 1 1 1 0 1 0 0 0 1 0 1 0 1 0 1 0 0 0 1 0 1 0 1 0 1 0 0 0 1 0 1 1 1
#c 0 1 0 1 1 1 0 1 0 1 1 1 0 1 0 0 0 1 0 1 0 1 0 1 0 0 0 1 0 1 0 1 0 1 0 0 0 1 0 1 1 1
4 4 39 13 7 23 25 38 0 16
17 17 1 3 5 9 11 17 19 21 27 29 33 37 41 40 4 10 31 2 6 8 12 14 18 20 22 24 26 28 30 32 34 36 35 15
#c 0 1 0 1 1 1 0 1 0 1 1 1 0 1 0 0 0 1 0 1 0 1 0 1 0 0 0 1 0 1 0 1 0 1 0 0 0 1 0 1 1 1
#c 0 1 0 1 1 1 0 1 0 1 1 1 0 1 0 0 0 1 0 1 0 1 0 1 0 0 0 1 0 1 0 1 0 1 0 0 0 1 0 1 1 1
5 5 41 4 9 7 33 32 36 24 12 8
16 16 1 3 5 11 13 17 19 21 23 27 29 37 39 40 10 31 2 6 14 16 18 20 22 26 28 30 34 38 35 15 25 0
#c 0 1 0 1 1 1 0 1 0 1 1 1 0 1 0 0 0 1 0 1 0 1 0 1 0 0 0 1 0 1 0 1 0 1 0 0 0 1 0 1 1 1
#c 0 1 0 1 1 1 0 1 0 1 1 1 0 1 0 0 0 1 0 1 0 1 0 1 0 0 0 1 0 1 0 1 0 1 0 0 0 1 0 1 1 1
3 4 31 9 37 0 34 8 15
18 17 1 3 5 7 11 13 17 19 21 23 27 29 33 39 41 40 4 10 2 6 12 14 16 18 20 22 24 26 28 30 32 36 38 35 25
#c 1 1 0 1 1 1 0 1 1 0 1 1 0 1 0 1 0 1 0 1 0 1 0 1 0 0 0 1 0 1 0 0 0 1 1 0 0 0 0 1 1 1
#c 1 1 0 1 1 1 0 1 1 0 1 1 0 1 0 1 0 1 0 1 0 1 0 1 0 0 0 1 0 1 0 0 0 1 1 0 0 0 0 1 1 1
1 1 8 24
21 19 1 3 5 7 11 13 17 19 21 23 27 29 33 39 41 40 4 10 0 34 15 2 6 12 14 16 18 20 22 26 28 30 32 36 38 35 25 31 9 37
#c 1 1 0 1 1 1 0 1 1 0 1 1 0 1 0 1 0 1 0 1 0 1 0 1 0 0 0 1 0 1 0 0 0 1 1 0 0 0 0 1 1 1
2 2 14 37 8 11
18 20 2 6 12 16 18 20 22 24 26 28 30 32 36 38 35 25 31 9 1 3 5 7 13 17 19 21 23 27 29 33 39 41 40 4 10 0 34 15
#c 1 1 0 1 1 1 0 1 1 0 1 1 0 1 0 1 0 1 0 1 0 1 0 1 0 0 0 1 0 1 0 0 0 1 1 0 0 0 0 1 1 1
4 4 13 3 23 11 31 32 18 38
18 16 1 5 7 17 19 21 27 29 33 39 41 40 4 10 0 34 8 15 2 6 12 14 16 20 22 24 26 28 30 36 35 25 9 37
#c 1 1 0 1 1 1 0 1 1 0 1 1 0 1 0 1 0 1 0 1 0 1 0 1 0 0 0 1 0 1 0 0 0 1 1 0 0 0 0 1 1 1
#c 1 1 0 1 1 1 0 1 1 0 1 1 0 1 0 1 0 1 0 1 0 1 0 1 0 0 0 1 0 1 0 0 0 1 1 0 0 0 0 1 1 1
#c 1 1 0 1 1 1 0 1 1 0 1 1 0 1 0 1 0 1 0 1 0 1 0 1 0 0 0 1 0 1 0 0 0 1 1 0 0 0 0 1 1 1
#c 1 1 0 1 1 1 0 1 1 0 1 1 0 1 0 1 0 1 0 1 0 1 0 1 0 0 0 1 0 1 0 0 0 1 1 0 0 0 0 1 1 1
2 2 11 19 20 37
20 18 1 3 5 7 13 17 21 23 27 29 33 39 41 40 4 10 0 34 8 15 2 6 12 14 16 18 22 24 26 28 30 32 36 38 35 25 31 9
#c 1 1 0 1 1 1 0 1 1 0 1 1 0 1 0 1 0 1 0 1 0 1 0 1 0 0 0 1 0 1 0 0 0 1 1 0 0 0 0 1 1 1
#c 1 1 0 1 1 1 0 1 1 0 1 1 0 1 0 1 0 1 0 1 0 1 0 1 0 0 0 1 0 1 0 0 0 1 1 0 0 0 0 1 1 1
11 11 8 11 23 7 0 27 10 40 41 3 19 31 22 6 32 18 37 14 2 25 38 28
11 9 1 5 13 17 21 29 33 39 4 34 15 12 16 20 24 26 30 36 35 9
#c 1 1 0 1 1 1 0 1 1 0 1 1 0 1 0 1 0 1 0 1 0 1 0 1 0 0 0 1 0 1 0 0 0 1 1 0 0 0 0 1 1 1
#c 1 1 0 1 1 1 0 1 1 0 1 1 0 1 0 1 0 1 0 1 0 1 0 1 0 0 0 1 0 1 0 0 0 1 1 0 0 0 0 1 1 1
#c 1 1 0 1 1 1 0 1 1 0 1 1 0 1 0 1 0 1 0 1 0 1 0 1 0 0 0 1 0 1 0 0 0 1 1 0 0 0 0 1 1 1
#c 1 1 0 1 1 1 0 1 1 0 1 1 0 1 0 1 0 1 0 1 0 1 0 1 0 0 0 1 0 1 0 0 0 1 1 0 0 0 0 1 1 1
#c 1 1 0 1 1 1 0 1 1 0 1 1 0 1 0 1 0 1 0 1 0 1 0 1 0 0 0 1 0 1 0 0 0 1 1 0 0 0 0 1 1 1
#c 1 1 0 1 1 1 0 1 1 0 1 1 0 1 0 1 0 1 0 1 0 1 0 1 0 0 0 1 0 1 0 0 0 1 1 0 0 0 0 1 1 1
2 2 10 0 36 24
20 18 1 3 5 7 11 13 17 19 21 23 27 29 33 39 41 40 4 34 8 15 2 6 12 14 16 18 20 22 26 28 30 32 38 35 25 31 9 37
#c 1 1 0 1 1 1 0 1 1 0 1 1 0 1 0 1 0 1 0 1 0 1 0 1 0 0 0 1 0 1 0 0 0 1 1 0 0 0 0 1 1 1
1 1 22 4
19 21 2 6 12 14 16 18 20 24 26 28 30 32 36 38 35 25 31 9 37 1 3 5 7 11 13 17 19 21 23 27 29 33 39 41 40 10 0 34 8 15
#c 1 1 0 1 1 1 0 1 1 0 1 1 0 1 0 1 0 1 0 1 0 1 0 1 0 0 0 1 0 1 0 0 0 1 1 0 0 0 0 1 1 1
#c 1 1 0 1 1 1 0 1 1 0 1 1 0 1 0 1 0 1 0 1 0 1 0 1 0 0 0 1 0 1 0 0 0 1 1 0 0 0 0 1 1 1
#c 1 1 0 1 1 1 0 1 1 0 1 1 0 1 0 1 0 1 0 1 0 1 0 1 0 0 0 1 0 1 0 0 0 1 1 0 0 0 0 1 1 1
10 10 7 33 39 11 17 27 15 34 41 19 25 36 38 28 6 12 16 9 18 31
12 10 1 3 5 13 21 23 29 40 4 10 0 8 2 14 20 22 24 26 30 32 35 37
#c 1 1 0 1 1 1 0 1 1 0 1 1 0 1 0 1 0 1 0 1 0 1 0 1 0 0 0 1 0 1 0 0 0 1 1 0 0 0 0 1 1 1
6 6 6 16 35 20 36 28 4 17 29 7 13 21
14 16 2 12 14 18 22 24 26 30 32 38 25 31 9 37 1 3 5 11 19 23 27 33 39 41 40 10 0 34 8 15
#c 1 1 0 1 1 1 0 1 1 0 1 1 0 1 0 1 0 1 0 1 0 1 0 1 0 0 0 1 0 1 0 0 0 1 1 0 0 0 0 1 1 1
#c 1 1 0 1 1 1 0 1 1 0 1 1 0 1 0 1 0 1 0 1 0 1 0 1 0 0 0 1 0 1 0 0 0 1 1 0 0 0 0 1 1 1
#c 1 1 0 1 1 1 0 1 1 0 1 1 0 1 0 1 0 1 0 1 0 1 0 1 0 0 0 1 0 1 0 0 0 1 1 0 0 0 0 1 1 1
#c 1 1 0 1 1 1 0 1 1 0 1 1 0 1 0 1 0 1 0 1 0 1 0 1 0 0 0 1 0 1 0 0 0 1 1 0 0 0 0 1 1 1
#c 1 1 0 1 1 1 0 1 1 0 1 1 0 1 0 1 0 1 0 1 0 1 0 1 0 0 0 1 0 1 0 0 0 1 1 0 0 0 0 1 1 1
6 7 29 0 34 8 11 10 35 28 9 36 32 6 2
16 13 1 3 5 7 13 17 19 21 23 27 33 39 41 40 4 15 12 14 16 18 20 22 24 26 30 38 25 31 37
#c 1 1 0 1 1 1 0 1 1 0 1 1 0 1 0 1 0 1 0 1 0 1 0 1 0 0 0 1 0 1 0 0 0 1 1 0 0 0 0 1 1 1
3 3 12 18 35 15 13 4
17 19 2 6 14 16 20 22 24 26 28 30 32 36 38 25 31 9 37 1 3 5 7 11 17 19 21 23 27 29 33 39 41 40 10 0 34 8
#c 1 1 0 1 1 1 0 1 1 0 1 1 0 1 0 1 0 1 0 1 0 1 0 1 0 0 0 1 0 1 0 0 0 1 1 0 0 0 0 1 1 1
#c 1 1 0 1 1 1 0 1 1 0 1 1 0 1 0 1 0 1 0 1 0 1 0 1 0 0 0 1 0 1 0 0 0 1 1 0 0 0 0 1 1 1
#c 1 1 0 1 1 1 0 1 1 0 1 1 0 1 0 1 0 1 0 1 0 1 0 1 0 0 0 1 0 1 0 0 0 1 1 0 0 0 0 1 1 1
#c 1 1 0 1 1 1 0 1 1 0 1 1 0 1 0 1 0 1 0 1 0 1 0 1 0 0 0 1 0 1 0 0 0 1 1 0 0 0 0 1 1 1
8 8 30 20 12 16 37 6 2 24 33 17 15 41 19 40 8 39
12 14 14 18 22 26 28 32 36 38 35 25 31 9 1 3 5 7 11 13 21 23 27 29 4 10 0 34
#c 1 1 0 1 1 1 0 1 1 0 1 1 0 1 0 1 0 1 0 1 0 1 0 1 0 0 0 1 0 1 0 0 0 1 1 0 0 0 0 1 1 1
#c 1 1 0 1 1 1 0 1 1 0 1 1 0 1 0 1 0 1 0 1 0 1 0 1 0 0 0 1 0 1 0 0 0 1 1 0 0 0 0 1 1 1
#c 1 1 0 1 1 1 0 1 1 0 1 1 0 1 0 1 0 1 0 1 0 1 0 1 0 0 0 1 0 1 0 0 0 1 1 0 0 0 0 1 1 1
#c 1 1 0 1 1 1 0 1 1 0 1 1 0 1 0 1 0 1 0 1 0 1 0 1 0 0 0 1 0 1 0 0 0 1 1 0 0 0 0 1 1 1
#c 1 1 0 1 1 1 0 1 1 0 1 1 0 1 0 1 0 1 0 1 0 1 0 1 0 0 0 1 0 1 0 0 0 1 1 0 0 0 0 1 1 1
5 5 23 34 41 13 27 16 38 25 9 28
17 15 1 3 5 7 11 17 19 21 29 33 39 40 4 10 0 8 15 2 6 12 14 18 20 22 24 26 30 32 36 35 31 37
#c 1 1 0 1 1 1 0 1 1 0 1 1 0 1 0 1 0 1 0 1 0 1 0 1 0 0 0 1 0 1 0 0 0 1 1 0 0 0 0 1 1 1
#c 1 1 0 1 1 1 0 1 1 0 1 1 0 1 0 1 0 1 0 1 0 1 0 1 0 0 0 1 0 1 0 0 0 1 1 0 0 0 0 1 1 1
3 4 19 7 1 25 2 36 12
19 16 3 5 11 13 17 21 23 27 29 33 39 41 40 4 10 0 34 8 15 6 14 16 18 20 22 24 26 28 30 32 38 35 31 9 37
#c 1 1 0 1 1 1 0 1 1 0 1 1 0 1 0 1 0 1 0 1 0 1 0 1 0 0 0 1 0 1 0 0 0 1 1 0 0 0 0 1 1 1
1 1 24 11
19 21 2 6 12 14 16 18 20 22 26 28 30 32 36 38 35 25 31 9 37 1 3 5 7 13 17 19 21 23 27 29 33 39 41 40 4 10 0 34 8 15
#c 1 1 0 1 1 1 0 1 1 0 1 1 0 1 0 1 0 1 0 1 0 1 0 1 0 0 0 1 0 1 0 0 0 1 1 0 0 0 0 1 1 1
#c 1 1 0 1 1 1 0 1 1 0 1 1 0 1 0 1 0 1 0 1 0 1 0 1 0 0 0 1 0 1 0 0 0 1 1 0 0 0 0 1 1 1
#c 1 1 0 1 1 1 0 1 1 0 1 1 0 1 0 1 0 1 0 1 0 1 0 1 0 0 0 1 0 1 0 0 0 1 1 0 0 0 0 1 1 1
#c 1 1 0 1 1 1 0 1 1 0 1 1 0 1 0 1 0 1 0 1 0 1 0 1 0 0 0 1 0 1 0 0 0 1 1 0 0 0 0 1 1 1
#c 1 1 0 1 1 1 0 1 1 0 1 1 0 1 0 1 0 1 0 1 0 1 0 1 0 0 0 1 0 1 0 0 0 1 1 0 0 0 0 1 1 1
5 5 7 8 1 11 41 35 20 16 38 25
17 15 3 5 13 17 19 21 23 27 29 33 39 40 4 10 0 34 15 2 6 12 14 18 22 24 26 28 30 32 36 31 9 37
#c 1 1 0 1 1 1 0 1 1 0 1 1 0 1 0 1 0 1 0 1 0 1 0 1 0 0 0 1 0 1 0 0 0 1 1 0 0 0 0 1 1 1
#c 1 1 0 1 1 1 0 1 1 0 1 1 0 1 0 1 0 1 0 1 0 1 0 1 0 0 0 1 0 1 0 0 0 1 1 0 0 0 0 1 1 1
6 6 40 10 39 4 13 5 20 35 37 12 32 38
16 14 1 3 7 11 17 19 21 23 27 29 33 41 0 34 8 15 2 6 14 16 18 22 24 26 28 30 36 25 31 9
#c 1 1 0 1 0 0 0 1 1 0 0 1 1 0 0 1 0 1 0 1 1 1 0 1 0 0 0 1 0 1 0 0 1 1 1 1 0 1 1 0 0 1
9 9 30 40 22 25 39 9 6 13 28 1 37 7 3 0 21 38 19 41
11 13 2 14 16 18 24 26 36 31 10 4 5 11 17 23 27 29 33 34 8 15 20 35 12 32
#c 1 1 0 1 0 0 0 1 1 0 0 1 1 0 0 1 0 1 0 1 1 1 0 1 0 0 0 1 0 1 0 0 1 1 1 1 0 1 1 0 0 1
9 9 7 8 21 38 35 41 20 23 1 31 26 36 10 2 9 22 4 13
13 11 3 11 17 19 27 29 33 0 34 15 37 12 32 6 14 16 18 24 28 30 25 40 39 5
#c 1 1 0 1 0 0 0 1 1 0 0 1 1 0 0 1 0 1 0 1 1 1 0 1 0 0 0 1 0 1 0 0 1 1 1 1 0 1 1 0 0 1
#c 1 1 0 1 0 0 0 1 1 0 0 1 1 0 0 1 0 1 0 1 1 1 0 1 0 0 0 1 0 1 0 0 1 1 1 1 0 1 1 0 0 1
#c 1 1 0 1 0 0 0 1 1 0 0 1 1 0 0 1 0 1 0 1 1 1 0 1 0 0 0 1 0 1 0 0 1 1 1 1 0 1 1 0 0 1
1 1 14 12
19 21 2 6 16 18 22 24 26 28 30 36 25 31 9 40 10 39 4 13 5 1 3 7 11 17 19 21 23 27 29 33 41 0 34 8 15 20 35 37 32 38
#c 1 1 0 1 0 0 0 1 1 0 0 1 1 0 0 1 0 1 0 1 1 1 0 1 0 0 0 1 0 1 0 0 1 1 1 1 0 1 1 0 0 1
#c 1 1 0 1 0 0 0 1 1 0 0 1 1 0 0 1 0 1 0 1 1 1 0 1 0 0 0 1 0 1 0 0 1 1 1 1 0 1 1 0 0 1
#c 1 1 0 1 0 0 0 1 1 0 0 1 1 0 0 1 0 1 0 1 1 1 0 1 0 0 0 1 0 1 0 0 1 1 1 1 0 1 1 0 0 1
11 11 29 38 20 41 35 11 32 3 17 19 23 4 39 22 30 26 6 18 14 28 36 16
11 9 1 7 21 27 33 0 34 8 15 37 12 2 24 25 31 9 40 10 13 5
#c 1 1 0 1 0 0 0 1 1 0 0 1 1 0 0 1 0 1 0 1 1 1 0 1 0 0 0 1 0 1 0 0 1 1 1 1 0 1 1 0 0 1
8 8 5 16 36 40 25 39 18 13 37 21 20 33 23 12 32 3
12 14 2 6 14 22 24 26 28 30 31 9 10 4 1 7 11 17 19 27 29 41 0 34 8 15 35 38
#c 1 1 0 1 0 0 0 1 1 0 0 1 1 0 0 1 0 1 0 1 1 1 0 1 0 0 0 1 0 1 0 0 1 1 1 1 0 1 1 0 0 1
#c 1 1 0 1 0 0 0 1 1 0 0 1 1 0 0 1 0 1 0 1 1 1 0 1 0 0 0 1 0 1 0 0 1 1 1 1 0 1 1 0 0 1
6 6 13 24 22 10 25 40 37 19 11 27 33 7
14 16 2 6 14 16 18 26 28 30 36 31 9 39 4 5 1 3 17 21 23 29 41 0 34 8 15 20 35 12 32 38
#c 1 1 0 1 0 0 0 1 1 0 0 1 1 0 0 1 0 1 0 1 1 1 0 1 0 0 0 1 0 1 0 0 1 1 1 1 0 1 1 0 0 1
5 5 33 23 12 7 19 31 2 28 4 18
17 15 1 3 11 17 21 27 29 41 0 34 8 15 20 35 37 32 38 6 14 16 22 24 26 30 36 25 9 40 10 39 13 5
#c 1 1 0 1 0 0 0 1 1 0 0 1 1 0 0 1 0 1 0 1 1 1 0 1 0 0 0 1 0 1 0 0 1 1 1 1 0 1 1 0 0 1
4 4 13 26 6 40 35 7 32 29
16 18 2 14 16 18 22 24 28 30 36 25 31 9 10 39 4 5 1 3 11 17 19 21 23 27 33 41 0 34 8 15 20 37 12 38
#c 1 1 0 1 0 0 0 1 1 0 0 1 1 0 0 1 0 1 0 1 1 1 0 1 0 0 0 1 0 1 0 0 1 1 1 1 0 1 1 0 0 1
8 8 37 17 41 35 19 33 8 0 40 13 5 25 28 22 31 30
14 12 1 3 7 11 21 23 27 29 34 15 20 12 32 38 2 6 14 16 18 24 26 36 9 10 39 4
#c 1 1 0 1 0 0 0 1 1 0 0 1 1 0 0 1 0 1 0 1 1 1 0 1 0 0 0 1 0 1 0 0 1 1 1 1 0 1 1 0 0 1
10 10 9 22 18 16 36 5 26 4 14 28 8 15 38 27 19 11 35 33 34 12
10 12 2 6 24 30 25 31 40 10 39 13 1 3 7 17 21 23 29 41 0 20 37 32
#c 1 1 0 1 0 0 0 1 1 0 0 1 1 0 0 1 0 1 0 1 1 1 0 1 0 0 0 1 0 1 0 0 1 1 1 1 0 1 1 0 0 1
8 10 1 8 27 12 7 41 33 17 4 14 22 28 24 39 31 25 2 30
14 10 3 11 19 21 23 29 0 34 15 20 35 37 32 38 6 16 18 26 36 9 40 10 13 5
#c 1 1 0 1 0 0 0 1 1 0 0 1 1 0 0 1 0 1 0 1 1 1 0 1 0 0 0 1 0 1 0 0 1 1 1 1 0 1 1 0 0 1
5 5 36 40 28 2 26 19 11 29 8 12
15 17 6 14 16 18 22 24 30 25 31 9 10 39 4 13 5 1 3 7 17 21 23 27 33 41 0 34 15 20 35 37 32 38
#c 1 1 0 1 0 0 0 1 1 0 0 1 1 0 0 1 0 1 0 1 1 1 0 1 0 0 0 1 0 1 0 0 1 1 1 1 0 1 1 0 0 1
#c 1 1 0 1 0 0 0 1 1 0 0 1 1 0 0 1 0 1 0 1 1 1 0 1 0 0 0 1 0 1 0 0 1 1 1 1 0 1 1 0 0 1
#c 1 1 0 1 0 0 0 1 1 0 0 1 1 0 0 1 0 1 0 1 1 1 0 1 0 0 0 1 0 1 0 0 1 1 1 1 0 1 1 0 0 1
#c 1 1 0 1 0 0 0 1 1 0 0 1 1 0 0 1 0 1 0 1 1 1 0 1 0 0 0 1 0 1 0 0 1 1 1 1 0 1 1 0 0 1
#c 1 1 0 1 0 0 0 1 1 0 0 1 1 0 0 1 0 1 0 1 1 1 0 1 0 0 0 1 0 1 0 0 1 1 1 1 0 1 1 0 0 1
#c 1 1 0 1 0 0 0 1 1 0 0 1 1 0 0 1 0 1 0 1 1 1 0 1 0 0 0 1 0 1 0 0 1 1 1 1 0 1 1 0 0 1
10 8 22 6 39 4 2 24 30 14 16 13 11 23 7 12 8 33 41 29
10 14 18 26 28 36 25 31 9 40 10 5 1 3 17 19 21 27 0 34 15 20 35 37 32 38
#c 1 1 0 1 0 0 0 1 1 0 0 1 1 0 0 1 0 1 0 1 1 1 0 1 0 0 0 1 0 1 0 0 1 1 1 1 0 1 1 0 0 1
7 7 23 15 37 41 17 11 21 6 39 16 26 18 9 14
15 13 1 3 7 19 27 29 33 0 34 8 20 35 12 32 38 2 22 24 28 30 36 25 31 40 10 4 13 5
#c 1 1 0 1 0 0 0 1 1 0 0 1 1 0 0 1 0 1 0 1 1 1 0 1 0 0 0 1 0 1 0 0 1 1 1 1 0 1 1 0 0 1
5 5 2 26 10 31 18 35 32 23 38 37
15 17 6 14 16 22 24 28 30 36 25 9 40 39 4 13 5 1 3 7 11 17 19 21 27 29 33 41 0 34 8 15 20 12
#c 1 1 0 1 0 0 0 1 1 0 0 1 1 0 0 1 0 1 0 1 1 1 0 1 0 0 0 1 0 1 0 0 1 1 1 1 0 1 1 0 0 1
2 2 0 27 14 30
20 18 1 3 7 11 17 19 21 23 29 33 41 34 8 15 20 35 37 12 32 38 2 6 16 18 22 24 26 28 36 25 31 9 40 10 39 4 13 5
#c 1 1 0 1 0 0 0 1 1 0 0 1 1 0 0 1 0 1 0 1 1 1 0 1 0 0 0 1 0 1 0 0 1 1 1 1 0 1 1 0 0 1
#c 1 1 0 1 0 0 0 1 1 0 0 1 1 0 0 1 0 1 0 1 1 1 0 1 0 0 0 1 0 1 0 0 1 1 1 1 0 1 1 0 0 1
#c 1 1 0 1 0 0 0 1 1 0 0 1 1 0 0 1 0 1 0 1 1 1 0 1 0 0 0 1 0 1 0 0 1 1 1 1 0 1 1 0 0 1
#c 1 1 0 1 0 0 0 1 1 0 0 1 1 0 0 1 0 1 0 1 1 1 0 1 0 0 0 1 0 1 0 0 1 1 1 1 0 1 1 0 0 1
#c 1 1 0 1 0 0 0 1 1 0 0 1 1 0 0 1 0 1 0 1 1 1 0 1 0 0 0 1 0 1 0 0 1 1 1 1 0 1 1 0 0 1
6 6 16 5 40 14 24 25 12 15 41 7 34 38
1 1 0 1 0 0 0 1 1 0 0 1 1 0 0 1 0 1 0 1 1 1 0 1 0 0 0 1 0 1 0 0 1 1 1 1 0 1 1 0 0 1
