#c 0 1 2 3 4 5 6 0 1 2 3 4 5 6 0 1 2 3 4 5 6 0 1 2 3 4 5 6 0 1 2 3
1 1 15 16
4 4 1 8 22 29 2 9 23 30
#c 0 1 2 3 4 5 6 0 1 2 3 4 5 6 0 2 1 3 4 5 6 0 1 2 3 4 5 6 0 1 2 3
2 3 23 15 10 24 3
3 2 2 9 30 17 31
#c 0 1 2 3 4 5 6 0 1 2 3 4 5 6 0 2 1 3 4 5 6 0 1 2 3 4 5 6 0 1 2 3
#c 0 1 2 3 4 5 6 0 1 2 3 4 5 6 0 2 1 3 4 5 6 0 1 2 3 4 5 6 0 1 2 3
#c 0 1 2 3 4 5 6 0 1 2 3 4 5 6 0 2 1 3 4 5 6 0 1 2 3 4 5 6 0 1 2 3
1 1 12 3
3 4 5 19 26 10 17 24 31
#c 0 1 2 5 4 5 6 0 1 2 3 4 3 6 0 2 1 3 4 5 6 0 1 2 3 4 5 6 0 1 2 3
#c 0 1 2 5 4 5 6 0 1 2 3 4 3 6 0 2 1 3 4 5 6 0 1 2 3 4 5 6 0 1 2 3
#c 0 1 2 5 4 5 6 0 1 2 3 4 3 6 0 2 1 3 4 5 6 0 1 2 3 4 5 6 0 1 2 3
2 2 8 29 5 26
3 2 1 22 16 19 3
#c 0 1 2 5 4 1 6 0 5 2 3 4 3 6 0 2 1 3 4 5 6 0 1 2 3 4 1 6 0 5 2 3
2 1 23 15 11
3 3 2 9 30 4 18 25
#c 0 1 2 5 4 1 6 0 5 2 3 2 3 6 0 4 1 3 4 5 6 0 1 4 3 4 1 6 0 5 2 3
#c 0 1 2 5 4 1 6 0 5 2 3 2 3 6 0 4 1 3 4 5 6 0 1 4 3 4 1 6 0 5 2 3
2 2 15 4 11 2
3 2 18 25 23 9 30
#c 0 1 2 5 4 1 6 0 5 2 3 2 3 6 0 4 1 3 4 5 6 0 1 4 3 4 1 6 0 5 2 3
1 1 29 12
3 4 19 3 8 10 17 24 31
#c 0 1 2 5 4 1 6 0 5 2 3 2 3 6 0 4 1 3 4 5 6 0 1 4 3 4 1 6 0 5 2 3
#c 0 1 2 5 4 1 6 0 5 2 3 2 3 6 0 4 1 3 4 5 6 0 1 4 3 4 1 6 0 5 2 3
2 2 14 28 5 1
3 3 0 7 21 22 16 26
#c 0 1 2 5 4 1 6 0 5 2 3 2 3 6 0 4 1 3 4 5 6 0 1 4 3 4 1 6 0 5 2 3
2 2 26 5 0 28
3 3 1 22 16 7 14 21
#c 1 1 2 5 4 0 6 0 5 2 3 2 3 6 0 4 1 3 4 5 6 0 1 4 3 4 0 6 1 5 2 3
1 1 2 23
3 4 9 30 11 4 18 25 15
#c 1 1 2 5 4 0 6 0 5 2 3 2 3 6 0 4 1 3 4 5 6 0 1 4 3 4 0 6 1 5 2 3
2 2 10 24 13 6
3 2 17 31 12 20 27
#c 1 1 2 5 4 0 6 0 5 2 3 2 3 6 0 4 1 3 4 5 6 0 1 4 3 4 0 6 1 5 2 3
1 1 4 28
4 4 18 25 23 15 1 22 16 0
#c 1 1 2 5 1 0 6 0 5 2 3 2 3 6 0 4 1 3 4 5 6 0 1 4 3 4 0 6 4 5 2 3
1 1 29 21
3 4 19 3 8 7 14 26 5
#c 1 1 2 5 1 0 6 0 5 2 3 2 3 6 0 4 1 3 4 5 6 0 1 4 3 4 0 6 4 5 2 3
1 1 6 31
3 4 13 20 27 10 17 24 12
#c 1 1 2 5 1 0 3 0 5 2 3 2 3 6 0 4 1 3 4 5 6 0 1 4 3 4 0 6 4 5 2 6
1 1 7 25
4 4 14 21 26 5 18 23 15 28
#c 1 1 2 5 1 0 3 0 5 2 3 2 3 6 0 4 1 3 4 5 6 0 1 4 3 4 0 6 4 5 2 6
2 2 22 0 7 21
3 3 1 16 4 14 26 5
#c 1 1 2 5 1 0 3 0 5 2 3 2 3 6 0 4 1 3 4 5 6 0 1 4 3 4 0 6 4 5 2 6
2 3 11 9 6 12 24
2 2 2 30 10 17
#c 1 1 2 5 1 0 2 0 5 3 3 3 2 6 0 4 1 3 4 5 6 0 1 4 2 4 0 6 4 5 2 6
2 2 10 17 0 1
2 3 11 9 22 16 4
#c 3 3 2 5 1 0 2 0 5 3 1 3 2 6 0 4 1 1 4 5 6 0 1 4 2 4 0 6 4 5 2 6
4 4 18 25 15 28 30 6 12 24
#c 3 3 4 5 1 0 2 0 5 3 1 3 2 6 0 4 1 1 4 5 6 0 1 2 2 4 0 6 4 5 2 6
#c 3 3 4 5 1 0 2 0 5 3 1 3 2 6 0 4 1 1 4 5 6 0 1 2 2 4 0 6 4 5 2 6
#c 3 3 4 5 1 0 2 0 5 3 1 3 2 6 0 4 1 1 4 5 6 0 1 2 2 4 0 6 4 5 2 6
1 1 26 11
4 3 7 14 21 5 9 0 1
#c 3 3 4 5 1 0 2 0 5 3 1 3 2 6 0 4 1 1 4 5 6 0 1 2 2 4 0 6 4 5 2 6
1 1 17 5
4 4 22 16 4 10 7 14 21 26
#c 3 3 4 5 1 0 2 0 5 3 1 3 2 6 0 4 1 1 4 5 6 0 1 2 2 4 0 6 4 5 2 6
2 2 12 24 10 16
3 3 30 6 23 22 4 17
#c 3 3 4 5 1 0 2 0 5 3 1 3 2 6 0 4 1 1 4 5 6 0 1 2 2 4 0 6 4 5 2 6
2 2 1 0 27 31
2 2 11 9 13 20
#c 3 3 4 5 1 0 2 0 5 3 1 3 2 6 0 4 1 1 4 5 6 0 1 2 2 4 0 6 4 5 2 6
1 1 15 7
4 4 18 25 28 2 14 21 26 5
#c 3 3 4 5 1 0 2 4 5 3 1 3 2 6 0 0 1 1 4 5 6 0 1 2 2 4 0 6 4 5 2 6
1 1 19 16
3 4 3 8 29 22 4 10 17
#c 3 3 4 5 1 0 2 4 5 3 1 3 2 6 0 0 1 1 4 5 6 0 1 2 2 4 0 6 4 5 2 6
#c 3 3 4 5 1 0 2 4 5 3 1 3 2 6 0 0 1 1 4 5 6 0 1 2 2 4 0 6 4 5 2 6
1 1 26 31
4 3 14 21 5 15 13 20 27
#c 3 3 4 5 1 0 2 4 5 3 1 3 2 6 0 0 1 1 4 5 6 0 1 2 2 4 0 6 4 5 2 6
2 3 4 22 0 11 9
3 1 16 10 17 1
#c 1 3 4 5 3 0 2 4 5 1 1 1 2 6 0 0 1 1 4 5 6 0 3 2 2 4 0 6 4 5 2 6
#c 1 3 4 5 3 0 2 4 5 1 1 1 2 6 0 0 1 1 4 5 6 0 3 2 2 4 0 6 4 5 2 6
1 1 4 9
2 5 1 22 16 10 17 0 11
#c 1 3 4 5 3 0 2 4 5 1 1 1 2 6 0 0 1 1 4 5 6 0 3 2 2 4 0 6 4 5 2 6
1 1 2 8
4 3 18 25 28 7 19 3 29
#c 1 3 4 5 3 0 2 4 5 1 1 1 2 6 0 0 1 1 4 5 6 0 3 2 2 4 0 6 4 5 2 6
2 2 29 8 11 0
2 4 19 3 16 10 17 9
#c 1 3 4 5 3 0 2 4 5 1 1 1 2 6 0 0 1 1 4 5 6 0 3 2 2 4 0 6 4 5 2 6
1 2 13 26 15
3 3 20 27 31 14 21 5
#c 1 3 4 5 3 0 2 4 5 1 1 1 2 0 0 6 1 1 4 5 6 0 3 2 2 4 6 6 4 5 2 6
2 2 13 21 4 22
2 1 14 5 1
#c 1 3 4 5 0 0 2 4 5 1 1 1 2 3 0 6 1 1 4 5 6 3 0 2 2 4 6 6 4 5 2 6
3 3 16 11 17 2 25 7
3 2 10 0 9 18 28
#c 1 3 4 5 0 0 2 4 5 1 1 1 2 3 0 6 1 1 4 5 6 3 0 2 2 4 6 6 4 5 2 6
2 2 30 23 19 3
3 2 6 12 24 8 29
#c 1 3 4 5 0 0 2 4 5 1 1 1 2 3 0 6 1 1 4 5 6 3 0 2 2 4 6 6 4 5 2 6
1 2 13 5 22
2 2 1 21 14 4
#c 1 3 4 5 0 0 2 4 5 1 1 1 2 3 0 6 1 1 4 5 6 3 0 2 2 4 6 6 4 5 2 6
1 1 18 13
4 2 25 28 2 7 1 21
#c 1 3 4 5 0 0 2 4 5 1 1 1 2 3 0 6 1 1 4 5 6 3 0 2 2 4 6 6 4 5 2 6
1 2 19 20 31
3 3 3 8 29 27 26 15
#c 1 3 4 5 0 0 2 4 5 1 1 1 2 3 0 6 1 1 4 5 6 3 0 2 2 4 6 6 4 5 2 6
2 2 27 26 19 29
3 2 20 31 15 3 8
#c 1 3 4 5 0 0 2 4 5 1 1 1 2 3 0 6 1 1 4 5 6 3 0 2 2 4 6 6 4 5 2 6
1 2 5 3 8
3 2 14 4 22 19 29
#c 1 3 4 5 0 0 2 4 5 1 1 1 2 3 0 6 1 1 4 5 6 3 0 2 2 4 6 6 4 5 2 6
2 2 17 9 3 29
4 2 16 10 0 11 19 8
#c 1 3 4 1 0 0 2 4 5 5 1 1 2 3 0 6 1 5 4 5 6 3 0 2 2 4 6 6 4 1 2 6
2 2 12 24 20 31
3 3 30 6 23 27 26 15
#c 1 3 4 1 0 0 2 4 5 5 1 1 2 3 0 6 1 5 4 5 6 3 0 2 2 4 6 6 4 1 2 6
#c 1 3 4 1 0 0 2 4 5 5 1 1 2 3 0 6 1 5 4 5 6 3 0 2 2 4 6 6 4 1 2 6
#c 1 3 4 1 0 0 2 4 5 5 1 1 2 3 0 6 1 5 4 5 6 3 0 2 2 4 6 6 4 1 2 6
1 1 17 4
3 3 19 8 9 14 5 22
#c 1 3 4 1 0 0 2 4 5 5 1 1 2 3 0 6 1 5 4 5 6 3 0 2 2 4 6 6 4 1 2 6
#c 1 3 4 1 0 0 2 4 5 5 1 1 2 3 0 6 1 5 4 5 6 3 0 2 2 4 6 6 4 1 2 6
1 1 14 12
3 4 5 4 22 30 6 24 23
#c 1 3 4 1 0 0 2 4 5 5 1 1 2 3 0 6 1 5 4 5 6 3 0 2 2 4 6 6 4 1 2 6
3 2 11 3 29 2 18
3 3 16 10 0 25 28 7
#c 1 3 4 1 0 0 2 4 5 5 1 1 2 3 0 6 1 5 4 5 6 3 0 2 2 4 6 6 4 1 2 6
1 1 23 29
4 5 30 6 12 24 16 10 0 11 3
#c 1 3 4 1 0 0 2 4 5 5 1 1 2 3 0 6 1 5 4 5 6 3 0 2 2 4 6 6 4 1 2 6
1 1 1 15
2 4 13 21 20 27 31 26
#c 1 3 4 1 0 0 2 4 5 5 1 1 2 3 0 6 1 5 4 5 6 3 0 2 2 4 6 6 4 1 2 6
2 3 7 28 9 19 8
3 1 18 25 2 17
#c 1 3 4 1 0 0 2 4 5 5 1 1 2 3 0 6 1 5 4 5 6 3 0 2 2 4 6 6 4 1 2 6
2 2 9 8 31 26
2 3 19 17 20 27 15
#c 1 3 4 1 0 0 2 4 5 5 1 1 2 3 0 6 1 5 4 5 6 3 0 2 2 4 6 6 4 1 2 6
2 2 26 20 9 19
3 2 27 31 15 8 17
#c 1 3 4 1 0 0 2 4 5 5 1 1 2 3 0 6 1 5 4 5 6 3 0 2 2 4 6 6 4 1 2 6
1 1 4 19
3 3 14 5 22 8 17 9
#c 1 3 4 1 0 0 2 4 5 5 1 1 2 3 0 6 1 5 4 5 6 3 0 2 2 4 6 6 4 1 2 6
#c 1 3 4 1 0 0 2 4 5 5 1 1 2 3 0 6 1 5 4 5 6 3 0 2 2 4 6 6 4 1 2 6
1 1 24 2
4 4 30 6 12 23 18 25 28 7
#c 1 3 4 1 0 0 2 4 5 5 1 1 2 3 0 6 1 5 4 5 6 3 0 2 2 4 6 6 4 1 2 6
1 1 13 26
2 4 1 21 20 27 31 15
#c 1 3 4 1 0 0 2 4 5 5 1 1 2 6 0 6 1 5 4 5 6 3 0 2 2 4 3 6 4 1 2 6
2 2 25 18 13 15
3 3 28 2 7 20 27 31
#c 1 3 4 1 0 0 2 4 5 5 1 1 2 6 0 6 1 5 4 5 6 3 0 2 2 4 3 6 4 1 2 6
1 1 8 14
3 3 19 17 9 5 4 22
#c 1 3 4 1 0 0 2 4 5 5 1 1 2 6 0 6 1 5 4 5 6 3 0 2 2 4 3 6 4 1 2 6
2 2 27 13 1 26
3 1 20 31 15 21
#c 1 3 4 1 0 0 2 4 5 5 1 1 2 6 0 6 1 5 4 5 6 3 0 2 2 4 3 6 4 1 2 6
2 2 22 14 25 2
2 3 5 4 18 28 7
#c 1 3 4 1 0 0 2 4 5 5 1 1 2 6 0 6 1 5 4 5 6 3 0 2 2 4 3 6 4 1 2 6
2 3 10 0 22 5 14
4 1 16 11 3 29 4
#c 1 3 4 1 0 0 2 4 5 5 1 1 2 6 0 6 1 5 4 5 6 3 0 2 2 4 3 6 4 1 2 6
2 2 23 24 19 8
3 2 30 6 12 17 9
#c 1 3 4 1 0 0 2 4 5 5 1 1 2 6 0 6 1 5 4 5 6 3 0 2 2 4 3 6 4 1 2 6
1 1 21 23
2 4 1 26 30 6 12 24
#c 1 3 4 1 0 0 2 4 5 5 1 1 2 6 0 6 1 5 4 5 6 3 0 2 2 4 3 6 4 1 2 6
1 3 4 1 0 0 2 4 5 5 1 1 2 6 0 6 1 5 4 5 6 3 0 2 2 4 3 6 4 1 2 6
