#c 0 1 2 3 4 5 6 7 0 1 2 3 4 5 6 7 0 1 2 3 4 5 6 7 0 1 2 3 4 5 6 7 0 1 2 3 4 5 6 7 0 1 2 3 4 5 6 7 0
2 2 41 1 20 4
4 4 9 17 25 33 12 28 36 44
#c 0 4 2 3 1 5 6 7 0 1 2 3 4 5 6 7 0 1 2 3 1 5 6 7 0 1 2 3 4 5 6 7 0 1 2 3 4 5 6 7 0 4 2 3 4 5 6 7 0
3 3 26 2 10 11 35 27
3 3 18 34 42 3 19 43
#c 0 4 2 3 1 5 6 7 0 1 2 3 4 5 6 7 0 1 2 3 1 5 6 7 0 1 2 3 4 5 6 7 0 1 2 3 4 5 6 7 0 4 2 3 4 5 6 7 0
1 1 35 6
5 5 3 11 19 27 43 14 22 30 38 46
#c 0 4 2 3 1 5 6 7 0 1 2 3 4 5 6 7 0 1 2 3 1 5 6 7 0 1 2 3 4 5 6 7 0 1 2 3 4 5 6 7 0 4 2 3 4 5 6 7 0
3 3 12 41 44 30 46 14
3 3 28 36 1 6 22 38
#c 0 4 2 3 1 5 6 7 0 1 2 3 6 5 4 7 0 1 2 3 1 5 6 7 0 1 2 3 4 5 4 7 0 1 2 3 4 5 6 7 0 6 2 3 6 5 4 7 0
3 2 21 37 29 10 18
3 4 5 13 45 2 26 34 42
#c 0 4 2 3 1 5 6 7 0 1 2 3 6 5 4 7 0 1 2 3 1 5 6 7 0 1 2 3 4 5 4 7 0 1 2 3 4 5 6 7 0 6 2 3 6 5 4 7 0
3 3 44 12 38 17 9 25
3 3 6 22 41 33 20 4
#c 0 4 2 3 1 5 6 7 0 6 2 3 1 5 4 7 0 6 2 3 1 5 6 7 0 6 2 3 4 5 4 7 0 1 2 3 4 5 1 7 0 6 2 3 1 5 4 7 0
1 1 31 16
5 6 7 15 23 39 47 0 8 24 32 40 48
#c 0 4 2 3 1 5 6 7 0 6 2 3 1 5 4 7 0 6 2 3 1 5 6 7 0 6 2 3 4 5 4 7 0 1 2 3 4 5 1 7 0 6 2 3 1 5 4 7 0
2 2 24 32 34 42
5 4 0 8 16 40 48 2 10 18 26
#c 0 4 2 3 1 5 6 7 0 6 2 3 1 5 4 7 0 6 2 3 1 5 6 7 2 6 2 3 4 5 4 7 2 1 0 3 4 5 1 7 0 6 0 3 1 5 4 7 0
1 1 44 6
5 5 33 20 4 12 38 22 41 17 9 25
#c 0 4 2 3 1 5 6 7 0 6 2 3 1 5 4 7 0 6 2 3 1 5 6 7 2 6 2 3 4 5 4 7 2 1 0 3 4 5 1 7 0 6 0 3 1 5 4 7 0
2 1 24 32 45
4 5 2 10 18 26 5 13 21 29 37
#c 0 4 2 3 1 5 6 7 0 6 2 3 1 5 4 7 0 6 2 3 1 5 6 7 5 6 2 3 4 5 4 7 5 1 0 3 4 5 1 7 0 6 0 3 1 2 4 7 0
2 2 27 11 45 10
4 3 3 19 35 43 2 18 26
#c 0 4 2 3 1 5 6 7 0 6 2 3 1 5 4 7 0 6 2 3 1 5 6 7 5 6 2 3 4 5 4 7 5 1 0 3 4 5 1 7 0 6 0 3 1 2 4 7 0
3 4 30 14 28 9 41 22 6
3 2 36 1 46 17 25
#c 0 4 2 3 1 5 6 7 0 6 2 3 1 5 4 7 0 6 2 3 1 5 6 7 5 6 2 3 4 5 4 7 5 1 0 3 4 5 1 7 0 6 0 3 1 2 4 7 0
1 1 21 35
6 5 5 13 29 37 24 32 3 11 19 27 43
#c 0 4 2 3 1 5 6 7 0 6 2 3 1 5 4 7 0 6 2 3 1 5 6 7 5 6 2 3 4 5 4 7 5 1 0 3 4 5 1 7 0 6 0 3 1 2 4 7 0
1 1 9 2
5 4 6 22 41 17 25 10 18 26 45
#c 0 4 2 3 1 5 6 7 0 6 2 3 1 5 4 7 0 6 2 3 1 5 6 7 5 6 2 3 4 5 4 7 5 1 0 3 4 5 1 7 0 6 0 3 1 2 4 7 0
1 1 39 18
5 4 7 15 23 31 47 2 10 26 45
#c 0 4 2 3 1 5 6 7 0 6 2 3 1 5 4 7 0 6 2 3 1 5 6 7 5 6 2 3 4 5 4 7 5 1 0 3 4 5 1 7 0 6 0 3 1 2 4 7 0
2 2 40 42 27 35
5 4 0 8 16 48 34 3 11 19 43
#c 0 4 2 3 1 5 6 7 0 6 2 3 1 5 4 7 0 6 2 3 1 5 6 7 5 6 2 0 4 5 4 7 5 1 0 0 4 5 1 7 3 6 3 3 1 2 4 7 0
1 1 12 5
5 6 33 20 4 44 38 13 21 29 37 24 32
#c 0 4 2 3 1 1 6 7 0 6 2 3 5 5 4 7 0 6 2 3 1 5 6 7 5 6 2 0 4 5 4 7 5 1 0 0 4 5 1 7 3 6 3 3 1 2 4 7 0
2 4 10 26 34 48 27 35
3 3 2 18 45 0 8 16
#c 0 4 2 3 1 1 6 7 0 6 2 3 5 5 4 7 0 6 2 3 1 5 6 7 5 6 2 0 4 5 4 7 5 1 0 0 4 5 1 7 3 6 3 3 1 2 4 7 0
3 3 40 3 11 1 36 30
3 3 19 43 42 28 46 14
#c 0 3 2 4 1 1 6 7 0 6 2 4 5 5 4 7 0 6 2 3 1 5 6 7 5 6 2 0 4 5 3 7 5 1 0 0 3 5 1 7 4 6 3 3 1 2 4 7 0
3 5 3 14 28 13 32 12 21 29
3 2 46 40 11 37 24
#c 0 3 2 5 1 1 6 7 0 6 2 4 4 4 5 7 0 6 2 3 1 4 6 7 5 6 2 0 5 4 3 7 4 1 0 0 3 5 1 7 4 6 3 3 1 2 4 7 0
1 1 24 9
4 5 37 3 14 28 6 22 41 17 25
#c 0 3 2 5 1 1 6 7 0 6 2 4 4 4 5 7 0 6 2 3 1 4 6 7 5 6 2 0 5 4 3 7 4 1 0 0 3 5 1 7 4 6 3 3 1 2 4 7 0
3 3 41 22 17 45 10 2
3 2 6 9 25 18 26
#c 0 3 2 5 1 1 6 7 0 6 2 4 4 4 5 7 0 6 2 3 1 4 6 7 5 6 2 0 5 4 3 7 4 1 0 0 3 5 1 7 4 6 3 3 1 2 4 7 0
3 3 39 47 23 10 26 2
3 2 7 15 31 18 45
#c 0 3 7 5 1 1 6 7 0 6 7 4 4 4 5 7 0 6 2 3 1 4 6 2 5 6 7 0 5 4 3 7 4 1 0 0 3 5 1 2 4 6 3 3 1 2 4 2 0
#c 0 3 7 5 1 1 6 7 0 6 7 4 4 4 5 7 0 6 2 3 1 4 6 2 5 6 7 0 5 4 3 7 4 1 0 0 3 5 1 2 4 6 3 3 1 2 4 2 0
1 1 33 27
5 6 20 4 44 38 5 0 8 16 48 34 35
#c 0 3 7 5 1 1 6 7 0 6 7 4 4 4 5 7 0 6 2 3 1 4 6 2 5 6 7 1 5 4 3 7 4 0 0 0 3 5 1 2 4 6 3 3 1 2 4 2 0
2 2 18 23 30 1
3 4 45 39 47 19 43 42 36
#c 0 3 7 5 1 1 6 7 0 6 7 4 4 4 5 7 0 6 2 3 1 4 6 2 5 6 7 1 5 4 3 7 4 0 0 0 3 5 1 2 4 6 3 3 1 2 4 2 0
3 3 43 36 42 17 41 9
3 3 19 1 30 6 22 25
#c 0 3 7 5 1 1 6 7 0 6 7 4 4 4 5 7 0 6 2 3 1 4 6 2 5 6 7 1 5 4 3 7 4 0 0 0 3 5 1 2 4 6 3 3 1 2 4 2 0
3 5 11 13 21 43 1 19 42 36
5 1 46 40 32 12 29 30
#c 0 3 7 5 1 1 6 7 0 6 7 4 4 4 5 7 0 6 2 3 1 4 6 2 5 6 7 1 5 4 3 7 4 0 0 0 3 5 1 2 4 6 3 3 1 2 4 2 0
2 1 24 28 45
3 4 37 3 14 18 39 47 23
#c 0 3 7 5 1 1 6 7 0 6 7 4 4 4 5 7 0 6 2 3 1 4 6 2 5 6 7 1 5 4 3 7 4 0 0 0 3 5 1 2 4 6 3 3 1 2 4 2 0
#c 0 3 7 5 1 1 6 7 0 6 7 4 4 4 5 7 0 6 2 3 1 4 6 2 5 6 7 1 5 4 3 7 4 0 0 0 3 5 1 2 4 6 3 3 1 2 4 2 0
2 2 10 15 19 43
4 4 7 31 26 2 42 1 36 30
#c 0 3 7 5 1 1 6 7 0 6 7 4 4 4 5 7 0 6 2 3 1 4 6 2 5 6 7 1 5 4 3 7 4 0 0 0 3 5 1 2 4 6 3 3 1 2 4 2 0
1 1 16 27
6 5 0 8 48 34 35 33 20 4 44 38 5
#c 0 3 7 5 1 1 6 7 0 6 7 4 4 4 5 7 0 6 2 3 1 4 6 2 5 6 7 1 5 4 3 7 4 0 0 0 3 5 1 2 4 6 3 3 1 2 4 2 0
2 2 44 5 39 47
4 3 20 4 38 27 18 45 23
#c 0 3 7 5 1 1 6 7 0 6 7 4 4 4 5 7 0 6 2 3 1 4 6 2 5 6 7 1 5 4 3 7 4 0 0 0 3 5 1 2 4 6 3 3 1 2 4 2 0
2 2 39 45 24 28
3 3 18 47 23 37 3 14
#c 0 3 7 5 1 1 6 7 0 6 7 4 4 4 5 7 0 6 2 3 1 4 6 2 5 6 7 1 5 4 3 7 4 0 0 0 3 5 1 2 4 6 3 3 1 2 4 2 0
3 3 30 42 43 24 28 37
3 2 19 1 36 3 14
#c 0 3 7 5 1 1 6 7 0 6 7 4 4 4 5 7 0 6 2 3 1 4 6 2 3 6 7 1 3 4 5 7 4 0 0 0 3 3 1 2 4 6 5 5 1 2 4 2 0
2 2 21 29 38 44
6 4 46 40 11 13 32 12 20 4 5 27
#c 0 3 7 5 1 1 6 7 0 6 7 4 4 4 5 7 0 6 2 3 1 4 6 2 3 6 7 1 3 4 5 7 4 0 0 0 3 3 1 2 4 6 5 5 1 2 4 2 0
1 1 30 8
4 6 3 14 42 43 0 16 48 34 35 33
#c 0 3 7 5 1 1 6 7 0 6 7 4 4 4 5 7 0 6 2 3 1 4 6 2 3 6 7 1 3 4 5 7 4 0 0 0 3 3 1 2 4 6 5 5 1 2 4 2 0
2 2 6 25 31 15
4 4 22 41 17 9 7 10 26 2
#c 0 3 7 5 1 1 6 7 0 6 7 4 4 4 5 7 0 6 2 3 1 4 6 2 3 6 7 1 3 4 5 7 4 0 0 0 3 3 1 2 4 6 5 5 1 2 4 2 0
1 1 26 11
5 7 7 15 31 10 2 46 40 13 32 12 21 29
#c 0 3 7 5 1 1 6 7 0 6 7 4 4 4 5 7 0 6 2 3 1 4 6 2 3 6 7 1 3 4 5 7 4 0 0 0 3 3 1 2 4 6 5 5 1 2 4 2 0
3 3 35 16 34 40 13 46
4 5 0 8 48 33 11 32 12 21 29
#c 0 3 7 5 1 1 6 7 0 6 7 4 4 0 5 7 4 6 2 3 1 4 6 2 3 6 7 1 3 4 5 7 4 0 4 4 3 3 1 2 0 6 5 5 1 2 0 2 0
2 3 4 44 29 16 21
4 5 20 38 5 27 11 32 12 35 34
#c 0 3 7 5 1 1 6 7 0 6 7 4 4 0 5 7 4 6 2 3 1 4 6 2 3 6 7 1 3 4 5 7 4 0 4 4 3 3 1 2 0 6 5 5 1 2 0 2 0
1 1 18 40
4 6 45 39 47 23 0 8 48 33 13 46
#c 0 3 7 5 1 1 6 7 0 6 7 4 4 0 5 7 4 6 2 3 1 4 6 2 3 6 7 1 3 4 5 7 4 0 4 4 3 3 1 2 0 6 5 5 1 2 0 2 0
#c 0 3 7 5 1 1 6 7 0 6 7 4 4 0 5 7 4 6 2 3 1 4 6 2 3 6 7 1 3 4 5 7 4 0 4 4 3 3 1 2 0 6 5 5 1 2 0 2 0
2 2 29 16 6 17
6 4 11 32 12 21 35 34 22 41 9 25
#c 0 3 7 5 1 1 6 7 0 6 7 4 4 0 5 7 4 6 2 3 1 4 6 2 3 6 7 1 3 4 5 7 4 0 4 4 3 3 1 2 0 6 5 5 1 2 0 2 0
1 1 3 47
4 4 14 30 42 43 18 45 39 23
#c 0 3 7 5 1 1 6 7 0 6 7 4 4 0 5 7 4 6 2 3 1 4 6 2 3 6 7 1 3 4 5 7 4 0 4 4 3 3 1 2 0 6 5 5 1 2 0 2 0
2 2 17 22 42 3
4 3 6 41 9 25 14 30 43
#c 0 3 7 5 1 1 6 7 0 6 7 4 4 0 5 7 4 6 2 3 1 4 6 2 3 6 7 1 3 4 5 7 4 0 4 4 3 3 1 2 0 6 5 5 1 2 0 2 0
3 3 7 15 10 3 43 42
3 2 31 26 2 14 30
#c 0 3 7 5 1 1 6 7 0 6 7 4 4 0 5 7 4 6 2 3 1 4 6 2 3 6 7 1 3 4 5 7 4 0 4 4 3 3 1 2 0 6 5 5 1 2 0 2 0
#c 0 3 7 5 1 1 6 7 0 6 7 4 4 0 5 7 4 6 2 3 1 4 6 2 3 6 7 1 3 4 5 7 4 0 4 4 3 3 1 2 0 6 5 5 1 2 0 2 0
1 1 5 32
5 7 20 4 44 38 27 11 12 21 29 35 16 34
#c 0 3 7 5 1 1 6 7 0 6 7 4 4 0 5 7 4 6 2 3 1 4 6 2 3 6 7 1 3 4 5 7 4 0 4 4 3 3 1 2 0 6 5 5 1 2 0 2 0
1 1 18 12
4 7 45 39 47 23 11 32 21 29 35 16 34
#c 0 3 7 5 1 1 6 7 0 6 7 4 4 0 5 7 4 6 2 3 1 4 6 2 3 6 7 1 3 4 5 7 4 0 4 4 3 3 1 2 0 6 5 5 1 2 0 2 0
3 3 36 28 1 46 48 0
3 4 19 24 37 8 33 40 13
#c 0 3 7 5 1 1 6 7 0 6 7 4 4 0 5 7 4 6 2 3 1 4 6 2 3 6 7 1 3 4 5 7 4 0 4 4 3 3 1 2 0 6 5 5 1 2 0 2 0
2 2 16 34 9 17
6 4 11 32 12 21 29 35 6 22 41 25
#c 0 3 7 5 1 1 6 7 0 6 7 4 4 0 5 7 4 6 2 3 1 4 6 2 3 6 7 1 3 4 5 7 4 0 4 4 3 3 1 2 0 6 5 5 1 2 0 2 0
2 3 14 3 47 23 18
3 2 30 42 43 45 39
#c 0 3 7 5 1 1 6 7 0 6 7 4 4 0 5 7 4 6 2 3 1 4 6 2 3 6 7 1 3 4 5 7 4 0 4 4 3 3 1 2 0 6 5 5 1 2 0 2 0
1 1 6 38
5 5 22 41 17 9 25 20 4 44 5 27
#c 0 3 7 5 1 1 6 7 0 6 7 4 4 0 5 7 4 6 2 3 1 4 6 2 3 6 7 1 3 4 5 7 4 0 4 4 3 3 1 2 0 6 5 5 1 2 0 2 0
2 1 31 2 24
4 5 7 15 10 26 19 1 36 28 37
#c 0 3 7 5 1 1 6 7 0 6 7 4 4 0 5 7 4 6 2 3 1 4 6 2 3 6 7 1 3 4 5 7 4 0 4 4 3 3 1 2 0 6 5 5 1 2 0 2 0
#c 0 3 7 5 1 1 6 7 0 6 7 4 4 0 5 7 4 6 2 3 1 4 6 2 3 6 7 1 3 4 5 7 4 0 4 4 3 3 1 2 0 6 5 5 1 2 0 2 0
1 1 44 48
5 6 20 4 38 5 27 0 8 33 40 13 46
#c 0 3 7 5 1 1 6 7 0 6 7 4 4 0 5 7 4 6 2 3 1 4 6 2 3 6 7 1 3 4 5 7 4 0 4 4 3 3 1 2 0 6 5 5 1 2 0 2 0
2 2 39 47 19 24
3 4 18 45 23 1 36 28 37
#c 0 3 7 5 1 1 6 7 0 6 7 4 4 0 5 7 4 6 2 3 1 4 6 2 3 6 7 1 3 4 5 7 4 0 4 4 3 3 1 2 0 6 5 5 1 2 0 2 0
3 3 19 28 1 45 39 18
3 2 36 24 37 47 23
#c 0 2 7 5 1 1 6 7 0 6 7 4 4 0 5 7 4 6 3 2 1 4 6 2 3 6 7 1 2 4 5 7 4 0 4 4 3 3 1 3 0 6 5 5 1 3 0 2 0
1 1 11 33
7 6 32 12 21 29 35 16 34 0 8 48 40 13 46
#c 0 2 7 5 1 1 6 7 0 6 7 0 4 0 5 7 4 6 3 2 1 4 6 2 3 6 7 1 2 4 5 7 4 4 4 4 3 3 1 3 0 6 5 5 1 3 0 2 0
1 1 43 31
4 5 3 14 30 42 7 15 10 26 2
#c 0 2 7 5 1 1 6 7 0 6 7 0 4 0 5 7 4 6 3 2 1 4 6 2 3 6 7 1 2 4 5 5 4 4 4 4 3 3 1 3 0 6 5 7 1 3 0 2 0
3 3 25 22 17 27 5 44
3 3 6 41 9 20 4 38
#c 0 2 7 5 1 1 6 7 0 6 7 0 4 0 5 7 4 6 3 2 1 4 6 2 3 6 7 1 2 4 5 5 4 4 4 4 3 3 1 3 0 6 5 7 1 3 0 2 0
2 2 7 26 27 20
4 4 15 10 2 43 4 44 38 5
#c 0 2 7 5 1 1 6 7 0 6 7 0 4 0 5 7 4 6 3 2 1 4 6 2 3 6 7 1 2 4 5 5 4 4 4 4 3 3 1 3 0 6 5 7 1 3 0 2 0
2 2 11 0 7 10
5 4 8 48 40 13 46 15 26 2 43
#c 0 2 7 5 1 1 6 7 0 6 7 0 4 0 5 7 4 6 3 2 1 4 6 2 3 6 7 1 2 4 5 5 4 4 4 4 3 3 1 3 0 6 5 7 1 3 0 2 0
3 4 27 38 44 30 14 42 3
3 1 20 4 5 31
#c 0 2 7 5 1 1 6 7 0 6 7 0 4 0 5 7 4 6 3 2 1 4 6 2 3 6 7 1 2 4 5 5 4 4 4 4 3 3 1 3 0 6 5 7 1 3 0 2 0
2 1 1 23 27
3 5 47 19 28 20 4 44 38 5
#c 0 2 7 5 1 1 6 7 0 6 7 0 4 0 5 7 4 6 3 2 1 4 6 2 3 6 7 1 2 4 5 5 4 4 4 4 3 3 1 3 0 6 5 7 1 3 0 2 0
1 1 24 42
5 4 36 37 45 39 18 3 14 30 31
#c 0 2 7 5 1 1 6 7 0 6 7 0 4 0 5 7 4 6 3 2 1 4 6 2 3 6 7 1 2 4 5 5 4 4 4 4 3 3 1 3 0 6 5 7 1 3 0 2 0
3 4 35 33 21 3 42 14 31
5 1 32 12 29 16 34 30
#c 0 2 7 5 1 1 6 7 0 6 7 0 4 0 5 7 4 6 3 2 1 4 6 2 3 6 7 1 2 4 5 5 4 4 4 4 3 3 1 3 0 6 5 7 1 3 0 2 0
2 2 14 42 37 36
3 4 3 30 31 24 45 39 18
#c 0 2 7 5 1 1 6 7 0 6 7 0 4 0 5 7 4 6 3 2 1 4 6 2 3 6 7 1 2 4 5 5 4 4 4 4 3 3 1 3 0 6 5 7 1 3 0 2 0
3 4 25 17 9 27 38 5 44
3 2 6 22 41 20 4
#c 0 2 7 5 1 1 6 7 0 6 7 0 4 0 5 7 4 6 3 2 1 4 6 2 3 6 7 1 2 4 5 5 4 4 4 4 3 3 1 3 0 6 5 7 1 3 0 2 0
2 4 15 43 16 33 21 35
4 4 7 10 26 2 32 12 29 34
#c 0 2 7 5 1 1 6 7 0 6 7 0 4 0 5 7 4 6 3 2 1 4 6 2 3 6 7 1 2 4 5 5 4 4 4 4 3 3 1 3 0 6 5 7 1 3 0 2 0
2 3 46 48 7 26 15
5 3 0 8 40 13 11 10 2 43
#c 0 2 7 5 1 1 6 7 0 6 7 0 4 0 5 7 4 6 3 2 1 4 6 2 3 6 7 1 2 4 5 5 4 4 4 4 3 3 1 3 0 6 5 7 1 3 0 2 0
3 3 38 5 20 45 18 24
3 3 4 44 27 36 37 39
#c 0 2 7 5 1 1 6 7 0 6 7 0 4 0 5 7 4 6 3 2 1 4 6 2 3 6 7 1 2 4 5 5 4 4 4 4 3 3 1 3 0 6 5 7 1 3 0 2 0
1 1 28 39
4 5 47 23 19 1 36 24 37 45 18
#c 0 2 7 5 1 1 6 7 0 6 7 0 4 0 5 7 4 6 3 2 1 4 6 2 3 6 7 1 2 4 5 5 4 4 4 4 3 3 1 3 0 6 5 7 1 3 0 2 0
2 4 37 39 47 19 1 23
4 1 36 24 45 18 28
#c 0 2 7 5 1 1 6 7 0 6 7 0 4 0 5 7 4 6 3 2 1 4 6 2 3 6 7 1 2 4 5 5 4 4 4 4 3 3 1 3 0 6 5 7 1 3 0 2 0
4 4 21 34 29 33 28 1 47 19
4 1 32 12 35 16 23
#c 0 2 7 5 1 1 6 7 0 6 7 0 4 0 5 7 4 6 3 2 1 4 6 2 3 6 7 1 2 4 5 5 4 4 4 4 3 3 1 3 0 6 5 7 1 3 0 2 0
2 2 42 31 28 47
3 3 3 14 30 23 19 1
#c 0 2 7 5 1 1 6 7 0 6 7 0 4 0 5 7 4 6 3 2 1 4 6 2 3 6 7 1 5 4 5 2 4 4 4 4 3 3 1 3 0 6 2 7 1 3 0 5 0
2 2 9 6 37 24
4 4 22 41 17 25 36 45 39 18
#c 0 2 7 5 1 1 6 7 0 6 7 0 4 0 5 7 4 6 3 2 1 4 6 2 3 6 7 1 5 4 5 2 4 4 4 4 3 3 1 3 0 6 2 7 1 3 0 5 0
2 2 26 7 19 31
4 3 15 10 2 43 23 1 42
#c 0 2 7 5 1 1 6 7 0 6 7 0 4 0 5 7 4 6 3 2 1 4 6 2 3 6 7 1 5 4 5 2 4 4 4 4 3 3 1 3 0 6 2 7 1 3 0 5 0
2 2 46 40 31 1
5 3 0 8 48 13 11 23 19 42
#c 0 2 7 5 1 1 6 7 0 6 7 0 4 0 5 7 4 6 3 2 1 4 6 2 3 6 7 1 5 4 5 2 4 4 4 4 3 3 1 3 0 6 2 7 1 3 0 5 0
3 3 20 38 5 6 17 22
3 3 4 44 27 41 9 25
#c 0 2 7 5 1 1 6 7 0 6 7 0 4 0 5 7 4 6 3 2 1 4 6 2 3 6 7 1 5 4 5 2 4 4 4 4 3 3 1 3 0 6 2 7 1 3 0 5 0
1 1 42 25
4 5 23 19 1 31 6 22 41 17 9
#c 0 2 7 5 1 1 6 7 0 6 7 0 4 0 5 7 4 6 3 2 1 4 6 2 3 6 7 1 5 4 5 2 4 4 4 4 3 3 1 3 0 6 2 7 1 3 0 5 0
1 1 39 47
5 4 36 24 37 45 18 3 14 30 28
#c 0 2 7 5 1 1 6 7 0 6 7 0 4 0 5 7 4 6 3 2 1 4 6 2 3 6 7 1 5 4 5 2 4 4 4 4 3 3 1 3 0 6 2 7 1 3 0 5 0
1 1 12 2
7 5 32 21 29 35 16 34 33 7 15 10 26 43
#c 0 2 4 5 1 1 6 7 0 6 7 0 7 0 5 7 4 6 3 2 1 4 6 2 3 6 7 1 5 4 5 2 4 4 4 4 3 3 1 3 0 6 2 7 1 3 0 5 0
1 1 3 8
4 6 14 30 28 47 0 48 40 13 46 11
#c 0 2 4 5 1 1 6 7 0 6 7 0 7 0 5 7 4 6 3 2 1 4 6 2 3 6 7 1 5 4 5 2 4 4 4 4 3 3 1 3 0 6 2 7 1 3 0 5 0
1 3 17 43 12 26
5 3 6 22 41 9 25 7 15 10
#c 0 2 4 5 1 1 6 7 0 6 7 0 7 0 5 7 4 6 3 2 1 4 6 2 3 6 7 1 5 4 5 2 4 4 4 4 3 3 1 3 0 6 2 7 1 3 0 5 0
3 3 26 7 10 23 1 19
3 2 15 43 12 42 31
#c 0 2 4 5 1 1 6 7 0 6 7 0 7 0 5 7 4 6 3 2 1 4 6 2 3 6 7 1 5 4 5 2 4 4 4 4 3 3 1 3 0 6 2 7 1 3 0 5 0
2 4 48 40 21 16 32 34
5 4 0 8 13 46 11 29 35 33 2
#c 0 2 4 5 1 1 6 7 0 6 7 0 7 0 5 7 0 6 3 2 1 0 6 2 3 6 7 1 5 4 5 2 0 4 0 4 3 3 1 3 4 6 2 7 1 3 0 5 4
#c 0 2 4 5 1 1 6 7 0 6 7 0 7 0 5 7 0 6 3 2 1 0 6 2 3 6 7 1 5 4 5 2 0 4 0 4 3 3 1 3 4 6 2 7 1 3 0 5 4
1 1 19 36
4 5 23 1 42 31 24 37 45 39 18
#c 0 2 4 5 1 1 6 7 0 6 7 0 7 0 5 7 0 6 3 2 1 0 6 2 3 6 7 1 5 4 5 2 0 4 0 4 3 3 1 3 4 6 2 7 1 3 0 5 4
0 2 4 5 1 1 6 7 0 6 7 0 7 0 5 7 0 6 3 2 1 0 6 2 3 6 7 1 5 4 5 2 0 4 0 4 3 3 1 3 4 6 2 7 1 3 0 5 4
