#c 0 1 2 3 0 1 2 3 0 1 2 3 0 1 2 3 0 1 2 3 0 1 2 3 0 1 2 3 0 1 2 3 0 1 2 3 0 1 2 3 0 1 2 3 0 1 2 3 0 1 2 3 0 1 2 3 0 1 2 3 0 1 2 3 0 1 2 3 0 1 2 3 0 1 2 3 0 1 2 3 0 1 2
7 7 81 69 17 41 57 13 49 67 19 11 75 71 39 35
14 13 1 5 9 21 25 29 33 37 45 53 61 65 73 77 3 7 15 23 27 31 43 47 51 55 59 63 79
#c 0 1 2 3 0 1 2 3 0 1 2 3 0 1 2 3 0 1 2 3 0 1 2 3 0 1 2 3 0 1 2 3 0 1 2 3 0 1 2 3 0 1 2 3 0 1 2 3 0 1 2 3 0 1 2 3 0 1 2 3 0 1 2 3 0 1 2 3 0 1 2 3 0 1 2 3 0 1 2 3 0 1 2
4 6 50 46 14 38 81 5 37 61 57 1
17 15 2 6 10 18 22 26 30 34 42 54 58 62 66 70 74 78 82 9 13 17 21 25 29 33 41 45 49 53 65 69 73 77
#c 0 1 2 3 0 1 2 3 0 1 2 3 0 1 2 3 0 1 2 3 0 1 2 3 0 1 2 3 0 1 2 3 0 1 2 3 0 1 2 3 0 1 2 3 0 1 2 3 0 1 2 3 0 1 2 3 0 1 2 3 0 1 2 3 0 1 2 3 0 1 2 3 0 1 2 3 0 1 2 3 0 1 2
4 4 3 7 35 15 41 69 17 45
16 17 11 19 23 27 31 39 43 47 51 55 59 63 67 71 75 79 1 5 9 13 21 25 29 33 37 49 53 57 61 65 73 77 81
#c 0 1 2 1 0 1 2 1 0 1 2 3 0 1 2 1 0 3 2 3 0 1 2 3 0 1 2 3 0 1 2 3 0 1 2 1 0 1 2 3 0 3 2 3 0 3 2 3 0 1 2 3 0 1 2 3 0 1 2 3 0 1 2 3 0 1 2 3 0 3 2 3 0 1 2 3 0 1 2 3 0 1 2
#c 0 1 2 1 0 1 2 1 0 1 2 3 0 1 2 1 0 3 2 3 0 1 2 3 0 1 2 3 0 1 2 3 0 1 2 1 0 1 2 3 0 3 2 3 0 3 2 3 0 1 2 3 0 1 2 3 0 1 2 3 0 1 2 3 0 1 2 3 0 3 2 3 0 1 2 3 0 1 2 3 0 1 2
5 6 13 29 81 77 65 4 20 56 0 72 64
16 15 1 5 9 21 25 33 37 49 53 57 61 73 3 7 35 15 8 12 16 24 28 32 36 40 44 48 52 60 68 76 80
#c 0 1 2 1 0 1 2 1 0 1 2 3 0 1 2 1 0 3 2 3 0 1 2 3 0 1 2 3 0 1 2 3 0 1 2 1 0 1 2 3 0 3 2 3 0 3 2 3 0 1 2 3 0 1 2 3 0 1 2 3 0 1 2 3 0 1 2 3 0 3 2 3 0 1 2 3 0 1 2 3 0 1 2
7 7 38 10 2 46 74 34 78 43 55 47 79 75 19 23
14 13 6 14 18 22 26 30 42 50 54 58 62 66 70 82 11 27 31 39 51 59 63 67 71 41 69 17 45
#c 0 1 3 1 0 1 2 1 0 1 3 3 0 1 2 1 0 3 2 2 0 1 2 2 0 1 2 3 0 1 2 3 0 1 3 1 0 1 3 3 0 3 2 2 0 3 3 2 0 1 2 3 0 1 2 2 0 1 2 3 0 1 2 3 0 1 2 3 0 3 2 3 0 1 3 2 0 1 3 2 0 1 2
2 2 74 71 55 54
18 19 11 27 31 39 51 59 63 67 41 69 17 45 38 10 2 46 34 78 6 14 18 22 26 30 42 50 58 62 66 70 82 43 47 79 75 19 23
#c 0 1 3 1 0 1 2 1 0 1 3 3 0 1 2 1 0 3 2 2 0 1 2 2 0 1 2 3 0 1 2 3 0 1 3 1 0 1 3 3 0 3 2 2 0 3 3 2 0 1 2 3 0 1 3 3 0 1 2 3 0 1 2 3 0 1 2 3 0 3 2 2 0 1 2 2 0 1 3 2 0 1 2
#c 0 1 3 1 0 1 2 1 0 1 3 3 0 1 2 1 0 3 2 2 0 1 2 2 0 1 2 3 0 1 2 3 0 1 3 1 0 1 3 3 0 3 2 2 0 3 3 2 0 1 2 3 0 1 3 3 0 1 2 3 0 1 2 3 0 1 2 3 0 3 2 2 0 1 2 2 0 1 3 2 0 1 2
7 7 35 37 53 73 21 15 49 40 8 44 28 60 80 64
14 14 1 5 9 13 25 29 33 57 61 65 77 81 3 7 0 4 12 16 20 24 32 36 48 52 56 68 72 76
#c 0 1 3 1 0 1 2 1 0 1 3 3 0 1 2 1 0 3 2 2 0 1 2 2 0 1 2 3 0 1 2 3 0 1 3 1 0 1 3 3 0 3 2 2 0 3 3 2 0 1 2 3 0 1 3 3 0 1 2 3 0 1 2 3 0 1 2 3 0 3 2 2 0 1 2 2 0 1 3 2 0 1 2
4 5 71 66 6 50 55 45 78 69 10
17 15 14 18 22 26 30 42 58 62 70 82 43 47 79 75 19 23 74 11 27 31 39 51 59 63 67 41 17 38 2 46 34 54
#c 0 1 3 1 0 1 2 1 0 1 3 3 0 1 2 1 0 3 2 2 0 1 2 2 0 1 2 3 0 1 2 3 0 1 3 1 0 1 3 3 0 3 2 2 0 3 3 2 0 1 2 3 0 1 3 3 0 1 2 3 0 1 2 3 0 1 2 3 0 3 2 2 0 1 2 2 0 1 3 2 0 1 2
6 6 54 78 38 69 67 41 80 68 12 40 16 48
14 15 11 27 31 39 51 59 63 17 45 10 2 46 34 55 0 4 8 20 24 28 32 36 44 52 56 60 64 72 76
#c 0 1 3 1 0 1 2 1 0 1 3 3 3 1 2 1 3 3 2 2 0 1 2 2 0 1 2 3 0 1 2 3 0 1 3 1 0 1 0 3 3 0 2 2 0 3 3 2 3 1 2 3 0 1 0 3 0 1 2 3 0 1 2 3 0 1 2 0 3 0 2 2 0 1 2 2 0 1 0 2 3 1 2
#c 0 1 3 1 0 1 2 1 0 1 3 3 3 1 2 1 3 3 2 2 0 1 2 2 0 1 2 3 0 1 2 3 0 1 3 1 0 1 0 3 3 0 2 2 0 3 3 2 3 1 2 3 0 1 0 3 0 1 2 3 0 1 2 3 0 1 2 0 3 0 2 2 0 1 2 2 0 1 0 2 3 1 2
9 9 1 53 37 65 35 61 77 7 3 27 31 59 40 45 63 2 39 80
12 11 5 9 13 21 25 29 33 49 57 73 81 15 11 51 17 10 46 34 55 68 12 16 48
#c 0 1 3 1 0 1 2 1 0 1 3 3 3 1 2 1 3 3 2 2 0 1 2 2 0 1 2 3 0 1 2 3 0 1 3 1 0 1 0 3 3 0 2 2 0 3 3 2 3 1 2 3 0 1 0 3 0 1 2 3 0 1 2 3 0 1 2 0 3 0 2 2 0 1 2 2 0 1 0 2 3 1 2
5 6 79 22 18 30 23 53 3 9 21 33 37
16 15 6 14 26 42 50 58 62 66 70 82 43 47 75 19 74 71 1 5 13 25 29 49 57 61 65 73 77 81 7 35 15
#c 0 1 3 1 0 1 2 1 0 1 3 3 3 1 2 1 3 3 2 2 0 1 2 2 0 1 2 3 0 1 2 3 0 1 3 1 0 1 0 3 3 0 2 2 0 3 3 2 3 1 2 3 0 1 0 3 0 1 2 3 0 1 2 3 0 1 2 0 3 0 2 2 0 1 2 2 0 1 0 2 3 1 2
3 3 46 31 59 78 60 44
17 18 11 27 39 51 63 17 45 10 2 34 55 80 68 12 40 16 48 0 4 8 20 24 28 32 36 52 56 64 72 76 54 38 69 67 41
#c 0 1 3 1 0 1 2 1 0 1 3 3 3 1 2 1 3 3 2 2 0 1 2 2 0 1 2 3 0 1 2 3 0 1 3 1 0 1 0 3 3 0 2 2 0 3 3 2 3 1 2 3 0 1 0 3 0 1 2 3 0 1 2 3 0 1 2 0 3 0 2 2 0 1 2 2 0 1 0 2 3 1 2
3 2 0 52 38 70 75
18 19 4 8 20 24 28 32 36 44 56 60 64 72 76 54 78 69 67 41 6 14 18 22 26 30 42 50 58 62 66 82 43 47 79 19 23 74 71
#c 0 1 3 1 0 1 2 1 0 1 3 3 3 1 2 1 3 3 2 2 0 1 2 2 0 1 2 3 0 1 2 3 0 1 3 1 0 1 0 3 3 0 2 2 0 3 3 2 3 1 2 3 0 1 0 3 0 1 2 3 0 1 2 3 0 1 2 0 3 0 2 2 0 1 2 2 0 1 0 2 3 1 2
5 5 9 7 65 53 81 16 51 11 34 31
16 15 1 5 13 21 25 29 33 37 49 57 61 73 77 3 35 15 27 39 59 63 17 45 10 2 46 55 80 68 12 40 48
#c 0 1 3 1 0 1 2 1 0 1 3 3 3 1 2 1 3 3 2 2 0 1 2 2 0 1 2 3 0 1 2 3 0 1 3 1 0 1 0 3 3 0 2 2 0 3 3 2 3 1 2 3 0 1 0 3 0 1 2 3 0 1 2 3 0 1 2 0 3 0 2 2 0 1 2 2 0 1 0 2 3 1 2
1 1 26 76
20 20 6 14 18 22 30 42 50 58 62 66 70 82 43 47 79 75 19 23 74 71 0 4 8 20 24 28 32 36 44 52 56 60 64 72 54 78 38 69 67 41
#c 0 1 3 1 0 1 2 1 0 1 3 3 3 1 2 1 3 3 2 2 0 1 2 2 0 1 2 3 0 1 2 3 0 1 3 1 0 1 0 3 3 0 2 2 0 3 3 2 3 1 2 3 0 1 0 3 0 1 2 3 0 1 2 3 0 1 2 0 3 0 2 2 0 1 2 2 0 1 0 2 3 1 2
9 9 12 80 46 34 31 45 55 40 51 8 44 54 69 38 52 24 20 0
11 12 11 27 39 59 63 17 10 2 68 16 48 4 28 32 36 56 60 64 72 76 78 67 41
#c 0 1 3 1 0 1 2 1 0 1 3 3 3 1 2 1 3 3 2 2 0 1 2 2 0 1 2 3 0 1 2 3 0 1 3 1 0 1 0 3 3 0 2 2 0 3 3 2 3 1 2 3 0 1 0 3 0 1 2 3 0 1 2 3 0 1 2 0 3 0 2 2 0 1 2 2 0 1 0 2 3 1 2
#c 0 1 3 1 0 1 2 1 0 1 3 3 3 1 2 1 3 3 2 2 0 1 2 2 0 1 2 3 0 1 2 3 0 1 3 1 0 1 0 3 3 0 2 2 0 3 3 2 3 1 2 3 0 1 0 3 0 1 2 3 0 1 2 3 0 1 2 0 3 0 2 2 0 1 2 2 0 1 0 2 3 1 2
8 10 33 49 21 29 37 25 5 73 20 67 60 76 4 78 54 36 41 8
13 11 1 9 13 53 57 61 65 77 81 3 7 35 15 0 24 28 32 44 52 56 64 72 38 69
#c 0 1 3 1 0 1 2 1 0 1 3 3 3 1 2 1 3 3 2 2 0 1 2 2 0 1 2 3 0 1 2 3 0 1 3 1 0 1 0 3 3 0 2 2 0 3 3 2 3 1 2 3 0 1 0 3 0 1 2 3 0 1 2 3 0 1 2 0 3 0 2 2 0 1 2 2 0 1 0 2 3 1 2
10 10 62 79 50 75 23 70 66 74 42 58 40 63 39 59 80 34 2 45 11 12
11 10 6 14 18 22 26 30 82 43 47 19 71 27 31 51 17 10 46 55 68 16 48
#c 0 1 3 1 0 1 2 1 0 1 3 3 3 1 2 1 3 3 2 2 0 1 2 2 0 1 2 3 0 1 2 3 0 1 3 1 0 1 0 3 3 0 2 2 0 3 3 2 3 1 2 3 0 1 0 3 0 1 2 3 0 1 2 3 0 1 2 0 3 0 2 2 0 1 2 2 0 1 0 2 3 1 2
3 4 80 2 34 77 57 65 9
17 17 11 27 31 39 51 59 63 17 45 10 46 55 68 12 40 16 48 1 5 13 21 25 29 33 37 49 53 61 73 81 3 7 35 15
#c 0 1 3 1 0 1 2 1 0 1 3 3 3 1 2 1 3 3 2 2 0 1 2 2 0 1 2 3 0 1 2 3 0 1 3 1 0 1 0 3 3 0 2 2 0 3 3 2 3 1 2 3 0 1 0 3 0 1 2 3 0 1 2 3 0 1 2 0 3 0 2 2 0 1 2 2 0 1 0 2 3 1 2
6 6 64 36 41 76 44 38 26 43 66 62 6 42
15 15 0 4 8 20 24 28 32 52 56 60 72 54 78 69 67 14 18 22 30 50 58 70 82 47 79 75 19 23 74 71
#c 0 1 3 1 0 1 0 1 0 1 3 3 3 1 2 1 3 3 2 2 0 1 2 2 0 1 0 3 0 1 2 3 0 1 3 1 2 1 2 3 3 2 0 0 2 3 3 2 3 1 2 3 0 1 0 3 0 1 2 3 0 1 0 3 2 1 0 0 3 0 2 2 0 1 2 2 2 1 0 2 3 1 2
10 9 53 65 7 25 35 33 29 13 5 81 56 52 54 62 72 67 32 66 60
11 12 1 9 21 37 49 57 61 73 77 3 15 0 4 8 20 24 28 78 69 26 43 6 42
#c 0 1 3 1 0 0 0 0 0 1 3 3 3 0 2 1 3 3 2 2 0 1 2 2 0 0 0 3 0 0 2 3 1 0 3 0 2 1 2 3 3 2 0 0 2 3 3 2 3 1 2 3 1 0 1 3 1 1 2 3 1 1 1 3 2 0 1 1 3 0 2 2 1 1 2 2 2 1 0 2 3 0 2
2 4 50 76 31 34 11 17
19 16 14 18 22 30 58 70 82 47 79 75 19 23 74 71 64 36 41 44 38 27 39 51 59 63 45 10 2 46 55 80 68 12 40 16 48
#c 0 1 3 1 0 0 0 0 0 1 3 3 3 0 2 1 3 3 2 2 0 1 2 2 0 0 0 3 0 0 2 3 1 0 3 0 2 1 2 3 3 2 0 0 2 3 3 2 3 1 2 3 1 0 1 3 1 1 2 3 1 1 1 3 2 0 1 1 3 0 2 2 1 1 2 2 2 1 0 2 3 0 2
2 2 46 31 42 43
18 20 11 27 39 51 59 63 17 45 10 2 34 55 80 68 12 40 16 48 0 4 8 20 24 28 78 69 26 6 53 65 7 25 35 33 29 13 5 81
#c 0 1 3 1 0 0 0 0 0 1 3 3 3 0 2 1 3 3 2 2 0 1 2 2 0 0 0 3 0 0 2 3 1 0 3 0 2 1 2 3 3 2 0 0 2 3 3 2 3 1 2 3 1 0 1 3 1 1 2 3 1 1 1 3 2 0 1 1 3 0 2 2 1 1 2 2 2 1 0 2 3 0 2
#c 0 1 3 1 0 0 0 0 0 1 3 3 3 0 2 1 3 3 2 2 0 1 2 2 0 0 0 3 0 0 2 3 1 0 3 0 2 1 2 3 3 2 0 0 2 3 3 2 3 1 2 3 1 0 1 3 1 1 2 3 1 1 1 3 2 0 1 1 3 0 2 2 1 1 2 2 2 1 0 2 3 0 2
4 6 67 32 57 1 10 80 16 68 48 27
16 14 9 21 37 49 61 73 77 3 15 56 52 54 62 72 66 60 11 31 39 51 59 63 17 45 2 46 34 55 12 40
#c 0 1 3 1 0 0 0 0 0 1 3 3 3 0 2 1 3 3 2 2 0 1 2 2 0 0 0 3 0 0 2 3 1 0 3 0 2 1 2 3 3 2 0 0 2 3 3 2 3 1 2 3 1 0 1 3 1 1 2 3 1 1 1 3 2 0 1 1 3 0 2 2 1 1 2 2 2 1 0 2 3 0 2
1 3 71 9 1 21
20 17 14 18 22 30 50 58 70 82 47 79 75 19 23 74 64 36 41 76 44 38 37 49 57 61 73 77 3 15 56 52 54 62 72 67 32 66 60
#c 0 1 3 1 0 0 0 0 0 1 3 3 3 0 2 1 3 3 2 2 0 1 2 2 0 0 0 3 0 0 2 3 1 0 3 0 2 1 2 3 3 2 0 0 2 3 3 2 3 1 2 3 1 0 1 3 1 1 2 3 1 1 1 3 2 0 1 1 3 0 2 2 1 1 2 2 2 1 0 2 3 0 2
7 7 45 34 59 51 10 16 55 1 62 67 49 52 21 56
13 13 11 27 31 39 63 17 2 46 80 68 12 40 48 9 37 57 61 73 77 3 15 54 72 32 66 60
#c 0 1 3 1 0 0 0 0 0 1 3 3 3 0 2 1 3 3 2 2 0 1 2 2 0 0 0 3 0 0 2 3 1 0 3 0 2 1 2 3 3 2 0 0 2 3 3 2 3 1 2 3 1 0 1 3 1 1 2 3 1 1 1 3 2 0 1 1 3 0 2 2 1 1 2 2 2 1 0 2 3 0 2
#c 0 1 3 1 0 0 0 0 0 1 3 3 3 0 2 1 3 3 2 2 0 1 2 2 0 0 0 3 0 0 2 3 1 0 3 0 2 1 2 3 3 2 0 0 2 3 3 2 3 1 2 3 1 0 1 3 1 1 2 3 1 1 1 3 2 0 1 1 3 0 2 2 1 1 2 2 2 1 0 2 3 0 2
8 8 3 67 37 15 61 54 32 52 55 45 68 48 40 63 59 2
12 12 1 9 21 49 57 73 77 56 62 72 66 60 11 27 31 39 51 17 10 46 34 80 12 16
#c 0 1 3 1 0 0 0 0 0 1 3 3 3 0 2 1 3 3 2 2 0 1 2 2 0 0 0 3 0 0 2 3 1 0 3 0 2 1 2 3 3 2 0 0 2 3 3 2 3 1 2 3 1 0 1 3 1 1 2 3 1 1 1 3 2 0 1 1 3 0 2 2 1 1 2 2 2 1 0 2 3 0 2
#c 0 1 3 1 0 0 0 0 0 1 3 3 3 0 2 1 3 3 2 2 0 1 2 2 0 0 0 3 0 0 2 3 1 0 3 0 2 1 2 3 3 2 0 0 2 3 3 2 3 1 2 3 1 0 1 3 1 1 2 3 1 1 1 3 2 0 1 1 3 0 2 2 1 1 2 2 2 1 0 2 3 0 2
#c 0 1 3 1 0 0 0 0 0 1 3 3 3 0 2 1 3 3 2 2 0 1 2 2 0 0 0 3 0 0 2 3 1 0 3 0 2 1 2 3 3 2 0 0 2 3 3 2 3 1 2 3 1 0 1 3 1 1 2 3 1 1 1 3 2 0 1 1 3 0 2 2 1 1 2 2 2 1 0 2 3 0 2
10 11 35 65 4 24 8 6 81 13 69 0 9 3 62 72 32 57 66 67 77 73 21
12 9 20 28 78 26 43 42 53 7 25 33 29 5 1 37 49 61 15 56 52 54 60
#c 0 1 3 1 0 0 0 0 0 1 3 3 3 0 2 1 3 3 2 2 0 1 2 2 0 0 0 3 0 0 2 3 1 0 3 0 2 1 2 3 3 2 0 0 2 3 3 2 3 1 2 3 1 0 1 3 1 1 2 3 1 1 1 3 2 0 1 1 3 0 2 2 1 1 2 2 2 1 0 2 3 0 2
9 9 49 77 61 60 21 62 15 3 37 59 31 27 17 55 48 11 12 16
11 11 1 9 57 73 56 52 54 72 67 32 66 39 51 63 45 10 2 46 34 80 68 40
#c 0 1 3 1 0 0 0 0 0 1 3 3 3 0 2 1 3 3 2 2 0 1 2 2 0 0 0 3 0 0 2 3 1 0 3 0 2 1 2 3 3 2 0 0 2 3 3 2 3 1 2 3 1 0 1 3 1 1 2 3 1 1 1 3 2 0 1 1 3 0 2 2 1 1 2 2 2 1 0 2 3 0 2
4 4 71 23 44 36 20 33 81 28
17 18 14 18 22 30 50 58 70 82 47 79 75 19 74 64 41 76 38 0 4 8 24 78 69 26 43 6 42 53 65 7 25 35 29 13 5
#c 0 1 3 1 0 0 0 0 0 1 3 3 3 0 2 1 3 3 2 2 0 1 2 2 0 0 0 3 0 0 2 3 1 0 3 0 2 1 2 3 3 2 0 0 2 3 3 2 3 1 2 3 1 0 1 3 1 1 2 3 1 1 1 3 2 0 1 1 3 0 2 2 1 1 2 2 2 1 0 2 3 0 2
1 1 39 75
19 20 11 27 31 51 59 63 17 45 10 2 46 34 55 80 68 12 40 16 48 14 18 22 30 50 58 70 82 47 79 19 23 74 71 64 36 41 76 44 38
#c 0 1 3 1 0 0 0 0 0 1 3 3 3 0 2 1 3 3 2 2 0 1 2 2 0 0 0 3 0 0 2 3 1 0 3 0 2 1 2 3 3 2 0 0 2 3 3 2 3 1 2 3 1 0 1 3 1 1 2 3 1 1 1 3 2 0 1 1 3 0 2 2 1 1 2 2 2 1 0 2 3 0 2
1 1 43 36
21 20 0 4 8 20 24 28 78 69 26 6 42 53 65 7 25 35 33 29 13 5 81 14 18 22 30 50 58 70 82 47 79 75 19 23 74 71 64 41 76 44 38
#c 0 1 3 1 0 0 0 0 0 1 3 3 3 0 2 1 3 3 2 2 0 1 2 2 0 0 0 3 0 0 2 3 1 0 3 0 0 1 2 3 3 2 0 2 2 3 3 2 3 1 2 3 1 0 1 3 1 1 2 3 1 1 1 3 2 0 1 1 3 0 2 2 1 1 2 2 2 1 0 2 3 0 2
2 4 52 9 14 23 19 41
18 17 1 21 37 49 57 61 73 77 3 15 56 54 62 72 67 32 66 60 18 22 30 50 58 70 82 47 79 75 74 71 64 76 44 38 43
#c 0 1 3 1 0 0 0 0 0 1 3 3 3 0 2 1 3 3 2 2 0 1 2 2 0 0 0 3 0 0 2 3 1 0 3 0 0 1 2 3 3 2 0 2 2 3 3 2 3 1 2 3 1 0 1 3 1 1 2 3 1 1 1 3 2 0 1 1 3 0 2 2 1 1 2 2 2 1 0 2 3 0 2
1 1 64 28
20 21 14 18 22 30 50 58 70 82 47 79 75 19 23 74 71 41 76 44 38 43 0 4 8 20 24 78 69 26 6 42 53 65 7 25 35 33 29 13 5 81 36
#c 0 1 3 1 0 0 0 0 0 1 3 3 3 0 2 1 3 3 2 2 0 1 2 2 0 0 0 3 0 0 2 3 1 0 3 0 0 1 2 3 3 2 0 2 2 3 3 2 3 1 2 3 1 0 1 3 1 1 2 3 1 1 1 3 2 0 1 1 3 0 2 2 1 1 2 2 2 1 0 2 3 0 2
1 1 68 8
19 21 11 27 31 39 51 59 63 17 45 10 2 46 34 55 80 12 40 16 48 0 4 20 24 28 78 69 26 6 42 53 65 7 25 35 33 29 13 5 81 36
#c 0 1 3 1 0 0 0 0 0 1 3 3 3 0 2 1 3 3 2 2 0 1 2 2 0 0 0 3 0 0 2 3 1 0 3 0 0 1 2 3 3 2 0 2 2 3 3 2 3 1 2 3 1 0 1 3 1 1 2 3 1 1 1 3 2 0 1 1 3 0 2 2 1 1 2 2 2 1 0 2 3 0 2
#c 0 1 3 1 0 0 0 0 0 1 3 3 3 0 2 1 3 3 2 2 0 1 2 2 0 0 0 3 0 0 2 3 1 0 3 0 0 1 2 3 3 2 0 2 2 3 3 2 3 1 2 3 1 0 1 3 1 1 2 3 1 1 1 3 2 0 1 1 3 0 2 2 1 1 2 2 2 1 0 2 3 0 2
4 4 37 3 62 52 76 71 38 30
16 17 1 9 21 49 57 61 73 77 15 56 54 72 67 32 66 60 14 18 22 50 58 70 82 47 79 75 19 23 74 64 41 44 43
#c 0 1 3 1 0 0 0 0 0 1 3 3 3 0 2 1 3 3 2 2 0 1 2 2 0 0 0 3 0 0 2 3 1 0 3 0 0 1 2 3 3 2 0 2 2 3 3 2 3 1 2 3 1 0 1 3 1 1 2 3 1 1 1 3 2 0 1 1 3 0 2 2 1 1 2 2 2 1 0 2 3 0 2
#c 0 1 3 1 0 0 0 0 0 1 3 3 3 0 2 1 3 3 2 2 0 1 2 2 0 0 0 3 0 0 2 3 1 0 3 0 0 1 2 3 3 2 0 2 2 3 3 2 3 1 2 3 1 0 1 3 1 1 2 3 1 1 1 3 2 0 1 1 3 0 2 2 1 1 2 2 2 1 0 2 3 0 2
4 4 59 68 51 11 52 73 66 67
16 16 27 31 39 63 17 45 10 2 46 34 55 80 12 40 16 48 1 9 21 37 49 57 61 77 3 15 56 54 62 72 32 60
#c 0 1 3 1 0 0 0 0 0 1 3 3 3 0 2 1 3 3 2 2 0 1 2 2 0 0 0 3 0 0 2 3 1 0 3 0 0 1 2 3 3 2 0 2 2 3 3 2 3 1 2 3 1 0 1 3 1 1 2 3 1 1 1 3 2 0 1 1 3 0 2 2 1 1 2 2 2 1 0 2 3 0 2
#c 0 1 3 1 0 0 0 0 0 1 3 3 3 0 2 1 3 3 2 2 0 1 2 2 0 0 0 3 0 0 2 3 1 0 3 0 0 1 2 3 3 2 0 2 2 3 3 2 3 1 2 3 1 0 1 3 1 1 2 3 1 1 1 3 2 0 1 1 3 0 2 2 1 1 2 2 2 1 0 2 3 0 2
#c 0 1 3 1 0 0 0 0 0 1 3 3 3 0 2 1 3 3 2 2 0 1 2 2 0 0 0 3 0 0 2 3 1 0 3 0 0 1 2 3 3 2 0 2 2 3 3 2 3 1 2 3 1 0 1 3 1 1 2 3 1 1 1 3 2 0 1 1 3 0 2 2 1 1 2 2 2 1 0 2 3 0 2
3 3 47 75 38 80 10 55
18 17 14 18 22 30 50 58 70 82 79 19 23 74 71 64 41 76 44 43 11 27 31 39 51 59 63 17 45 2 46 34 68 12 40 16 48
#c 0 1 3 1 0 0 0 0 0 1 3 3 3 0 2 1 3 3 2 2 0 1 2 2 0 0 0 3 0 0 2 3 1 0 3 0 0 1 2 3 3 2 0 2 2 3 3 2 3 1 2 3 1 0 1 3 1 1 2 3 1 1 1 3 2 0 1 1 3 0 2 2 1 1 2 2 2 1 0 2 3 0 2
6 6 40 27 55 51 80 11 28 81 65 0 24 53
14 16 31 39 59 63 17 45 10 2 46 34 68 12 16 48 4 8 20 78 69 26 6 42 7 25 35 33 29 13 5 36
#c 0 1 3 1 0 0 0 0 0 1 3 3 3 0 2 1 3 3 2 2 0 1 2 2 0 0 0 3 0 0 2 3 1 0 3 0 0 1 2 3 3 2 0 2 2 3 3 2 3 1 2 3 1 0 1 3 1 1 2 3 1 1 1 3 2 0 1 1 3 0 2 2 1 1 2 2 2 1 0 2 3 0 2
#c 0 1 3 1 0 0 0 0 0 1 3 3 3 0 2 1 3 3 2 2 0 1 2 2 0 0 0 3 0 0 2 3 1 0 3 0 0 1 2 3 3 2 0 2 2 3 3 2 3 1 2 3 1 0 1 3 1 1 2 3 1 1 1 3 2 0 1 1 3 0 2 2 1 1 2 2 2 1 0 2 3 0 2
#c 0 1 3 1 0 0 0 0 0 1 3 3 3 0 2 1 3 3 2 2 0 1 2 2 0 0 0 3 0 0 2 3 1 0 3 0 0 1 2 3 3 2 0 2 2 3 3 2 3 1 2 3 1 0 1 3 1 1 2 3 1 1 1 3 2 0 1 1 3 0 2 2 1 1 2 2 2 1 0 2 3 0 2
#c 0 1 3 1 0 0 0 0 0 1 3 3 3 0 2 1 3 3 2 2 0 1 2 2 0 0 0 3 0 0 2 3 1 0 3 0 0 1 2 3 3 2 0 2 2 3 3 2 3 1 2 3 1 0 1 3 1 1 2 3 1 1 1 3 2 0 1 1 3 0 2 2 1 1 2 2 2 1 0 2 3 0 2
2 4 48 59 38 74 41 18
18 17 11 27 31 39 51 63 17 45 10 2 46 34 55 80 68 12 40 16 14 22 30 50 58 70 82 47 79 75 19 23 71 64 76 44 43
#c 0 1 3 1 0 0 0 0 0 1 3 3 3 0 2 1 3 3 2 2 0 1 2 2 0 0 0 3 0 0 2 3 1 0 3 0 0 1 2 3 3 2 0 2 2 3 3 2 3 1 2 3 1 0 1 3 1 1 2 3 1 1 1 3 2 0 1 1 3 0 2 2 1 1 2 2 2 1 0 2 3 0 2
#c 0 1 3 1 0 0 0 0 0 1 3 3 3 0 2 1 3 3 2 2 0 1 2 2 0 0 0 3 0 0 2 3 1 0 3 0 0 1 2 3 3 2 0 2 2 3 3 2 3 1 2 3 1 0 1 3 1 1 2 3 1 1 1 3 2 0 1 1 3 0 2 2 1 1 2 2 2 1 0 2 3 0 2
2 2 3 1 69 8
18 20 9 21 37 49 57 61 73 77 15 56 52 54 62 72 67 32 66 60 0 4 20 24 28 78 26 6 42 53 65 7 25 35 33 29 13 5 81 36
#c 0 1 3 1 0 0 0 0 0 1 3 3 3 0 2 1 3 3 2 2 0 1 2 2 0 0 0 3 0 0 2 3 1 0 3 0 0 1 2 3 3 2 0 2 2 3 3 2 3 1 2 3 1 0 1 3 1 1 2 3 1 1 1 3 2 0 1 1 3 0 2 2 1 1 2 2 2 1 0 2 3 0 2
#c 0 1 3 1 0 0 0 0 0 1 3 3 3 0 2 1 3 3 2 2 0 1 2 2 0 0 0 3 0 0 2 3 1 0 3 0 0 1 2 3 3 2 0 2 2 3 3 2 3 1 2 3 1 0 1 3 1 1 2 3 1 1 1 3 2 0 1 1 3 0 2 2 1 1 2 2 2 1 0 2 3 0 2
#c 0 1 3 1 0 0 0 0 0 1 3 3 3 0 2 1 3 3 2 2 0 1 2 2 0 0 0 3 0 0 2 3 1 0 3 0 0 1 2 3 3 2 0 2 2 3 3 2 3 1 2 3 1 0 1 3 1 1 2 3 1 1 1 3 2 0 1 1 3 0 2 2 1 1 2 2 2 1 0 2 3 0 2
#c 0 1 3 1 0 0 0 0 0 1 3 3 3 0 2 1 3 3 2 2 0 1 2 2 0 0 0 3 0 0 2 3 1 0 3 0 0 1 2 3 3 2 0 2 2 3 3 2 3 1 2 3 1 0 1 3 1 1 2 3 1 1 1 3 2 0 1 1 3 0 2 2 1 1 2 2 2 1 0 2 3 0 2
6 6 52 15 49 37 57 9 71 43 79 14 19 64
14 15 1 21 61 73 77 3 56 54 62 72 67 32 66 60 18 22 30 50 58 70 82 47 75 23 74 41 76 44 38
#c 0 1 3 1 0 0 0 0 0 1 3 3 3 0 2 1 3 3 2 2 0 1 2 2 0 0 0 3 0 0 2 3 1 0 3 0 0 1 2 3 3 2 0 2 2 3 3 2 3 1 2 3 1 0 1 3 1 1 2 3 1 1 1 3 2 0 1 1 3 0 2 2 1 1 2 2 2 1 0 2 3 0 2
#c 0 1 3 1 0 0 0 0 0 1 3 3 3 0 2 1 3 3 2 2 0 1 2 2 0 0 0 3 0 0 2 3 1 0 3 0 0 1 2 3 3 2 0 2 2 3 3 2 3 1 2 3 1 0 1 3 1 1 2 3 1 1 1 3 2 0 1 1 3 0 2 2 1 1 2 2 2 1 0 2 3 0 2
#c 0 1 3 1 0 0 0 0 0 1 3 3 3 0 2 1 3 3 2 2 0 1 2 2 0 0 0 3 0 0 2 3 1 0 3 0 0 1 2 3 3 2 0 2 2 3 3 2 3 1 2 3 1 0 1 3 1 1 2 3 1 1 1 3 2 0 1 1 3 0 2 2 1 1 2 2 2 1 0 2 3 0 2
2 2 25 69 57 49
20 18 0 4 8 20 24 28 78 26 6 42 53 65 7 35 33 29 13 5 81 36 1 9 21 37 61 73 77 3 15 56 52 54 62 72 67 32 66 60
#c 0 1 3 1 0 0 0 0 0 1 3 3 3 0 2 1 3 3 2 2 0 1 2 2 0 0 0 3 0 0 2 3 1 0 3 0 0 1 2 3 3 2 0 2 2 3 3 2 3 1 2 3 1 0 1 3 1 1 2 3 1 1 1 3 2 0 1 1 3 0 2 2 1 1 2 2 2 1 0 2 3 0 2
9 10 57 72 66 32 60 62 3 56 9 5 35 25 26 6 81 69 53 33 20
11 12 1 21 37 49 61 73 77 15 52 54 67 0 4 8 24 28 78 42 65 7 29 13 36
#c 0 1 3 1 0 0 0 0 0 1 3 3 3 0 2 1 3 3 2 2 0 1 2 2 0 0 0 3 0 0 2 3 1 0 3 0 0 1 2 3 3 2 0 2 2 3 3 2 3 1 2 3 1 0 1 3 1 1 2 3 1 1 1 3 2 0 1 1 3 0 2 2 1 1 2 2 2 1 0 2 3 0 2
3 3 23 47 64 28 78 33
18 19 14 18 22 30 50 58 70 82 79 75 19 74 71 41 76 44 38 43 0 4 8 20 24 69 26 6 42 53 65 7 25 35 29 13 5 81 36
#c 0 1 3 1 0 0 0 0 0 1 3 3 3 0 2 1 3 3 2 2 0 1 2 2 0 0 0 3 0 0 2 3 1 0 3 0 0 1 2 3 3 2 0 2 2 3 3 2 3 1 2 3 1 0 1 3 1 1 2 3 1 1 1 3 2 0 1 1 3 0 2 2 1 1 2 2 2 1 0 2 3 0 2
2 2 34 45 19 75
18 19 11 27 31 39 51 59 63 17 10 2 46 55 80 68 12 40 16 48 14 18 22 30 50 58 70 82 47 79 23 74 71 64 41 76 44 38 43
#c 0 1 3 1 0 0 0 0 0 1 3 3 3 0 2 1 3 3 2 2 0 1 2 2 0 0 0 3 0 0 2 3 1 0 3 0 0 1 2 3 3 2 0 2 2 3 3 2 3 1 2 3 1 0 1 3 1 1 2 3 1 1 1 3 2 0 1 1 3 0 2 2 1 1 2 2 2 1 0 2 3 0 2
6 6 29 33 26 53 35 20 58 82 22 50 71 30
16 15 0 4 8 24 28 78 69 6 42 65 7 25 13 5 81 36 14 18 70 47 79 75 19 23 74 64 41 76 44 38 43
#c 0 1 3 1 0 0 0 0 0 1 3 3 3 0 2 1 3 3 2 2 0 1 2 2 0 0 0 3 0 0 2 3 1 0 3 0 0 1 2 3 3 2 0 2 2 3 3 2 3 1 2 3 1 0 1 3 1 1 2 3 1 1 1 3 2 0 1 1 3 0 2 2 1 1 2 2 2 1 0 2 3 0 2
7 7 62 57 73 15 52 61 72 29 26 7 0 24 6 5
13 15 1 9 21 37 49 77 3 56 54 67 32 66 60 4 8 20 28 78 69 42 53 65 25 35 33 13 81 36
#c 1 1 3 1 0 1 1 1 0 1 3 3 3 0 2 0 3 3 2 2 0 1 2 2 1 0 1 3 0 1 2 3 1 0 3 0 0 1 2 3 3 2 0 2 2 3 3 2 3 1 2 3 0 0 1 3 1 0 2 3 1 0 0 3 2 0 1 1 3 0 2 2 0 0 2 2 2 1 0 2 3 0 2
#c 1 1 3 1 0 1 1 1 0 1 3 3 3 0 2 0 3 3 2 2 0 1 2 2 1 0 1 3 0 1 2 3 1 0 3 0 0 1 2 3 3 2 0 2 2 3 3 2 3 1 2 3 0 0 1 3 1 0 2 3 1 0 0 3 2 0 1 1 3 0 2 2 0 0 2 2 2 1 0 2 3 0 2
5 5 31 59 68 46 17 0 9 29 37 56
15 15 11 27 39 51 63 45 10 2 34 55 80 12 40 16 48 1 21 49 77 3 54 67 32 66 60 26 7 24 6 5
#c 1 1 3 1 0 1 1 1 0 1 3 3 3 0 2 0 3 3 2 2 0 1 2 2 1 0 1 3 0 1 2 3 1 0 3 0 0 1 2 3 3 2 0 2 2 3 3 2 3 1 2 3 0 0 1 3 1 0 2 3 1 0 0 3 2 0 1 1 3 0 2 2 0 0 2 2 2 1 0 2 3 0 2
2 1 28 62 82
20 20 4 8 20 78 69 42 53 65 25 35 33 13 81 36 57 73 15 52 61 72 14 18 22 30 50 58 70 47 79 75 19 23 74 71 64 41 76 44 38 43
#c 1 1 3 1 0 1 1 1 0 1 3 3 3 0 2 0 3 3 2 2 0 1 2 2 1 0 1 3 0 1 2 3 1 0 3 0 0 1 2 3 3 2 0 2 2 3 3 2 3 1 2 3 0 0 1 3 1 0 2 3 1 0 0 3 2 0 1 1 3 0 2 2 0 0 2 2 2 1 0 2 3 0 2
3 5 9 66 49 23 58 38 22 79
17 16 1 21 37 77 3 56 54 67 32 60 29 26 7 0 24 6 5 14 18 30 50 70 82 47 75 19 74 71 64 41 76 44 43
#c 1 1 3 1 0 1 1 1 0 1 3 3 3 0 2 0 3 3 2 2 0 1 2 2 1 0 1 3 0 1 2 3 1 0 3 0 0 1 2 3 3 2 0 2 2 3 3 2 3 1 2 3 0 0 1 3 1 0 2 3 1 0 0 3 2 0 1 1 3 0 2 2 0 0 2 2 2 1 0 2 3 0 2
9 9 23 70 79 22 64 44 74 43 75 55 45 2 12 16 31 10 59 34
12 11 14 18 30 50 58 82 47 19 71 41 76 38 11 27 39 51 63 17 46 80 68 40 48
#c 1 1 3 1 0 1 1 1 0 1 3 3 3 0 2 0 3 3 2 2 0 1 2 2 1 0 1 3 0 1 2 3 1 0 3 0 0 1 2 3 3 2 0 2 2 3 3 2 3 1 2 3 0 0 1 3 1 0 2 3 1 0 0 3 2 0 1 1 3 0 2 2 0 0 2 2 2 1 0 2 3 0 2
1 1 46 74
19 20 11 27 31 39 51 59 63 17 45 10 2 34 55 80 68 12 40 16 48 14 18 22 30 50 58 70 82 47 79 75 19 23 71 64 41 76 44 38 43
#c 1 1 3 1 0 1 1 1 0 1 3 3 3 0 2 0 3 3 2 2 0 1 2 2 1 0 1 3 0 1 2 3 1 0 3 0 0 1 2 3 3 2 0 2 2 3 3 2 3 1 2 3 0 0 1 3 1 0 2 3 1 0 0 3 2 0 1 1 3 0 2 2 0 0 2 2 2 1 0 2 3 0 2
11 12 13 28 53 52 73 42 65 57 25 15 72 55 63 45 39 12 51 34 80 31 46 27 16
11 8 4 8 20 78 69 35 33 81 36 62 61 11 59 17 10 2 68 40 48
#c 1 1 3 1 0 1 1 1 0 1 3 3 3 0 2 0 3 3 2 2 0 1 2 2 1 0 1 3 0 1 2 3 1 0 3 0 0 1 2 3 3 2 0 2 2 3 3 2 3 1 2 3 0 0 1 3 1 0 2 3 1 0 0 3 2 0 1 1 3 0 2 2 0 0 2 2 2 1 0 2 3 0 2
#c 1 1 3 1 0 1 1 1 0 1 3 3 3 0 2 0 3 3 2 2 0 1 2 2 1 0 1 3 0 1 2 3 1 0 3 0 0 1 2 3 3 2 0 2 2 3 3 2 3 1 2 3 0 0 1 3 1 0 2 3 1 0 0 3 2 0 1 1 3 0 2 2 0 0 2 2 2 1 0 2 3 0 2
4 4 23 43 58 41 1 9 49 21
17 16 14 18 22 30 50 70 82 47 79 75 19 74 71 64 76 44 38 37 77 3 56 54 67 32 66 60 29 26 7 0 24 6 5
#c 1 1 3 1 0 1 1 1 0 1 3 3 3 0 2 0 3 3 2 2 0 1 2 2 1 0 1 3 0 1 2 3 1 0 3 0 0 1 2 3 3 2 0 2 2 3 3 2 3 1 2 3 0 0 1 3 1 0 2 3 1 0 0 3 2 0 1 1 3 0 2 2 0 0 2 2 2 1 0 2 3 0 2
4 4 31 59 10 16 70 74 30 50
16 17 11 27 39 51 63 17 45 2 46 34 55 80 68 12 40 48 14 18 22 58 82 47 79 75 19 23 71 64 41 76 44 38 43
#c 1 1 3 1 0 1 1 1 0 1 3 3 3 0 2 0 3 3 2 2 0 1 2 2 1 0 1 3 0 1 2 3 1 0 3 0 0 1 2 3 3 2 0 2 2 3 3 2 3 1 2 3 0 0 1 3 1 0 2 3 1 0 0 3 2 0 1 1 3 0 2 2 0 0 2 2 2 1 0 2 3 0 2
7 8 13 15 81 8 73 28 20 11 51 39 59 2 12 46 45
15 12 4 78 69 42 53 65 25 35 33 36 62 57 52 61 72 27 31 63 17 10 34 55 80 68 40 16 48
#c 1 1 0 1 0 1 1 1 3 1 3 0 0 3 2 3 3 3 2 2 3 1 2 2 1 0 1 3 3 1 2 3 1 0 3 0 0 1 2 0 3 2 0 2 2 0 0 2 3 1 2 0 0 0 1 3 1 0 2 0 1 0 0 3 2 0 1 1 3 0 2 2 0 3 2 2 2 1 0 2 3 3 2
7 8 3 77 54 60 24 37 26 15 13 16 80 8 34 31 73
13 11 1 9 21 49 56 67 32 66 29 7 0 6 5 27 63 17 10 55 68 40 48 81 28 20
#c 1 1 0 1 0 1 1 1 3 1 3 0 0 3 2 3 3 3 2 2 3 1 2 2 1 0 1 3 3 1 2 3 1 0 3 0 0 1 2 0 3 2 0 2 2 0 0 2 3 1 2 0 0 0 1 3 1 0 2 0 1 0 0 3 2 0 1 1 3 0 2 2 0 3 2 2 2 1 0 2 3 3 2
#c 1 1 0 1 0 1 1 1 3 1 3 0 0 3 2 3 3 3 2 2 3 1 2 2 1 0 1 3 3 1 2 3 1 0 3 0 0 1 2 0 3 2 0 2 2 0 0 2 3 1 2 0 0 0 1 3 1 0 2 0 1 0 0 3 2 0 1 1 3 0 2 2 0 3 2 2 2 1 0 2 3 3 2
5 5 40 31 20 80 34 78 46 59 35 39
14 18 27 63 17 10 55 68 16 48 13 15 81 8 73 28 4 69 42 53 65 25 33 36 62 57 52 61 72 11 51 2 12 45
#c 1 1 0 1 0 1 1 1 3 1 3 0 0 3 2 3 3 3 2 2 3 1 2 2 1 0 1 3 3 1 2 3 1 0 3 0 0 1 2 0 3 2 0 2 2 0 0 2 3 1 2 0 0 0 1 3 1 0 2 0 1 0 0 3 2 0 1 1 3 0 2 2 0 3 2 2 2 1 0 2 3 3 2
#c 1 1 0 1 0 1 1 1 3 1 3 0 0 3 2 3 3 3 2 2 3 1 2 2 1 0 1 3 3 1 2 3 1 0 3 0 0 1 2 0 3 2 0 2 2 0 0 2 3 1 2 0 0 0 1 3 1 0 2 0 1 0 0 3 2 0 1 1 3 0 2 2 0 3 2 2 2 1 0 2 3 3 2
3 3 66 21 49 15 68 55
17 16 1 9 37 77 3 56 54 67 32 60 29 26 7 0 24 6 5 27 31 63 17 10 34 80 40 16 48 13 81 8 73 28 20
#c 1 1 0 1 0 1 1 1 3 1 3 0 0 3 2 1 3 3 2 2 3 3 2 2 1 0 1 3 3 1 2 3 1 0 3 0 0 1 2 0 3 2 0 2 2 0 0 2 3 3 2 0 0 0 1 1 1 0 2 0 1 0 0 3 2 0 3 1 1 0 2 2 0 3 2 2 2 1 0 2 3 3 2
8 6 14 74 18 44 47 23 19 22 49 34 10 81 13 17
13 13 30 50 58 70 82 79 75 71 64 41 76 38 43 27 31 63 80 40 16 48 8 73 28 20 66 21
#c 1 1 0 1 0 1 1 1 3 1 2 0 0 2 3 1 3 2 3 3 3 3 3 3 1 0 1 3 3 1 2 3 1 0 2 0 0 1 2 0 3 2 0 2 3 0 0 3 3 2 2 0 0 0 1 1 1 0 2 0 1 0 0 3 2 0 3 1 1 0 2 2 0 3 3 2 2 1 0 2 3 2 2
4 4 63 80 40 47 39 46 61 52
17 19 27 31 16 48 8 73 28 20 66 21 14 74 18 44 23 19 22 4 78 69 42 53 65 25 35 33 36 62 57 72 11 51 59 2 12 45
#c 1 1 0 1 0 1 1 1 3 1 2 0 0 2 3 1 3 2 3 3 3 3 3 3 1 0 1 3 3 1 2 3 1 0 2 0 0 1 2 3 0 2 0 2 3 0 3 0 3 2 2 0 3 0 1 1 1 0 2 0 1 3 0 0 2 0 3 1 1 0 2 2 0 3 3 2 2 1 0 2 0 2 2
8 9 62 33 11 51 2 25 57 63 81 70 79 75 49 50 43 34 10
15 10 4 78 69 42 53 65 35 36 72 59 12 45 80 40 47 30 58 82 71 64 41 76 38 13 17
#c 1 1 0 1 0 1 1 1 3 1 2 0 0 2 3 1 3 2 3 3 3 3 3 3 1 0 1 3 3 1 2 3 1 0 2 0 0 1 2 3 0 2 0 2 3 0 3 0 3 2 2 0 3 0 1 1 1 0 2 0 1 3 0 0 2 0 3 1 1 0 2 2 0 3 3 2 2 1 0 2 0 2 2
5 5 60 26 7 9 0 23 74 27 22 14
15 16 1 37 77 3 56 54 67 32 29 24 6 5 15 68 55 31 16 48 8 73 28 20 66 21 18 44 19 39 46 61 52
#c 1 1 0 1 0 1 1 1 3 1 2 0 0 2 3 1 3 2 3 3 3 3 3 3 1 0 1 3 3 1 2 3 1 0 2 0 0 1 2 3 0 2 0 2 3 0 3 0 3 2 2 0 3 0 1 1 1 0 2 0 1 3 0 0 2 0 3 1 1 0 2 2 0 3 3 2 2 1 0 2 0 2 2
#c 1 1 0 1 0 1 1 1 3 1 2 0 0 2 3 1 3 2 3 3 3 3 3 3 1 0 1 3 3 1 2 3 1 0 2 0 0 1 2 3 0 2 0 2 3 0 3 0 3 2 2 0 3 0 1 1 1 0 2 0 1 3 0 0 2 0 3 1 1 0 2 2 0 3 3 2 2 1 0 2 0 2 2
#c 1 1 0 1 0 1 1 1 3 1 2 0 0 2 3 1 3 2 3 3 3 3 3 3 1 0 1 3 3 1 2 3 1 0 2 0 0 1 2 3 0 2 0 2 3 0 3 0 3 2 2 0 3 0 1 1 1 0 2 0 1 3 0 0 2 0 3 1 1 0 2 2 0 3 3 2 2 1 0 2 0 2 2
9 9 2 45 72 65 40 33 47 51 11 82 58 41 34 70 81 10 49 43
14 10 4 78 69 42 53 25 35 36 62 57 59 12 63 80 30 50 79 75 71 64 76 38 13 17
#c 1 1 0 1 0 1 1 1 3 1 2 0 0 2 3 1 3 2 3 3 3 3 3 3 1 0 1 3 3 1 2 3 1 0 2 0 0 1 2 3 0 2 0 2 3 0 3 0 3 2 2 0 3 0 1 1 1 0 2 0 1 3 0 0 2 0 3 1 1 0 2 2 0 3 3 2 2 1 0 2 0 2 2
3 3 9 68 29 23 8 74
17 18 1 37 77 3 56 54 67 32 60 26 7 0 24 6 5 15 55 27 31 16 48 73 28 20 66 21 14 18 44 19 22 39 46 61 52
#c 1 1 0 1 0 1 1 1 3 1 2 0 0 2 3 1 3 2 3 3 3 3 3 3 1 0 1 3 3 1 2 3 1 0 2 0 0 1 2 3 0 2 0 2 3 0 3 0 3 2 2 0 3 0 1 1 1 0 2 0 1 3 0 0 2 0 3 1 1 0 2 2 0 3 3 2 2 1 0 2 0 2 2
9 9 58 71 49 30 34 81 43 38 64 67 5 68 26 56 3 6 1 60
10 11 50 70 82 79 75 41 76 10 13 17 9 37 77 54 32 29 7 0 24 15 55
#c 1 1 0 1 0 1 1 1 3 1 2 0 0 2 3 1 3 2 3 3 3 3 3 3 1 0 1 3 3 1 2 3 1 0 2 0 0 1 2 3 0 2 0 2 3 0 3 0 3 2 2 0 3 0 1 1 1 0 2 0 1 3 0 0 2 0 3 1 1 0 2 2 0 3 3 2 2 1 0 2 0 2 2
7 7 22 48 20 23 16 28 52 75 76 64 49 34 50 58
14 12 27 31 8 73 66 21 14 74 18 44 19 39 46 61 30 70 82 79 71 41 38 43 10 81 13 17
#c 1 1 0 1 0 1 1 1 3 1 2 0 0 2 3 1 3 2 3 3 3 3 3 3 1 0 1 3 3 1 2 3 1 0 2 0 0 1 2 3 0 2 0 2 3 0 3 0 3 2 2 0 3 0 1 1 1 0 2 0 1 3 0 0 2 0 3 1 1 0 2 2 0 3 3 2 2 1 0 2 0 2 2
#c 1 1 0 1 0 1 1 1 3 1 2 0 0 2 3 1 3 2 3 3 3 3 3 3 1 0 1 3 3 1 2 3 1 0 2 0 0 1 2 3 0 2 0 2 3 0 3 0 3 2 2 0 3 0 1 1 1 0 2 0 1 3 0 0 2 0 3 1 1 0 2 2 0 3 3 2 2 1 0 2 0 2 2
4 4 3 32 0 24 62 59 57 25
16 19 1 9 37 77 56 54 67 60 29 26 7 6 5 15 68 55 4 78 69 42 53 65 35 33 36 72 11 51 2 12 45 63 80 40 47
#c 1 1 0 1 0 1 1 1 3 1 2 0 0 2 3 1 3 2 3 3 3 3 3 3 1 0 1 3 3 1 2 3 1 0 2 0 0 1 2 3 0 2 0 2 3 0 3 0 3 2 2 0 3 0 1 1 1 0 2 0 1 3 0 0 2 0 3 1 1 0 2 2 0 3 3 2 2 1 0 2 0 2 2
4 4 49 58 70 82 52 22 8 23
15 17 30 50 79 75 71 64 41 76 38 43 34 10 81 13 17 27 31 16 48 73 28 20 66 21 14 74 18 44 19 39 46 61
#c 1 1 0 1 0 1 1 1 3 1 2 0 0 2 3 1 3 2 3 3 3 3 3 3 1 0 1 3 3 1 2 3 1 0 2 0 0 1 2 3 0 2 0 2 3 0 3 0 3 2 2 0 3 0 1 1 1 0 2 0 1 3 0 0 2 0 3 1 1 0 2 2 0 3 3 2 2 1 0 2 0 2 2
6 6 16 22 74 66 21 14 54 37 67 5 29 7
15 14 27 31 48 8 73 28 20 18 44 23 19 39 46 61 52 1 9 77 3 56 32 60 26 0 24 6 15 68 55
#c 1 1 0 1 0 1 1 1 3 1 2 0 0 2 3 1 3 2 3 3 3 3 3 3 1 0 1 3 3 1 2 3 1 0 2 0 0 1 2 3 0 2 0 2 3 0 3 0 3 2 2 0 3 0 1 1 1 0 2 0 1 3 0 0 2 0 3 1 1 0 2 2 0 3 3 2 2 1 0 2 0 2 2
10 10 42 72 2 12 80 65 59 36 35 78 14 44 16 18 20 46 28 27 61 21
13 11 4 69 53 25 33 62 57 11 51 45 63 40 47 31 48 8 73 66 74 23 19 22 39 52
#c 1 1 0 1 0 1 1 1 3 1 2 0 0 2 3 1 3 2 3 3 3 3 3 3 1 0 1 3 3 1 2 3 1 0 2 0 0 1 2 3 0 2 0 2 3 0 3 0 3 2 2 0 3 0 1 1 1 0 2 0 1 3 0 0 2 0 3 1 1 0 2 2 0 3 3 2 2 1 0 2 0 2 2
10 12 56 55 32 26 6 60 15 37 7 29 71 64 34 49 76 13 81 41 10 50 82 43
10 7 1 9 77 3 54 67 0 24 5 68 30 58 70 79 75 38 17
#c 1 1 0 1 0 1 1 1 3 1 2 0 0 2 3 1 3 2 3 3 3 3 3 3 1 0 1 3 3 1 2 3 1 0 2 0 0 1 2 3 0 2 0 2 3 0 3 0 3 2 2 0 3 0 1 1 1 0 2 0 1 3 0 0 2 0 3 1 1 0 2 2 0 3 3 2 2 1 0 2 0 2 2
8 8 49 64 81 76 30 82 34 13 45 4 57 12 62 36 65 53
11 15 50 58 70 79 75 71 41 38 43 10 17 78 69 42 25 35 33 72 11 51 59 2 63 80 40 47
#c 1 1 0 1 0 1 1 1 3 1 2 0 0 2 3 1 3 2 3 3 3 3 3 3 1 0 1 3 3 1 2 3 1 0 2 0 0 1 2 3 0 2 0 2 3 0 3 0 3 2 2 0 3 0 1 1 1 0 2 0 1 3 0 0 2 0 3 1 1 0 2 2 0 3 3 2 2 1 0 2 0 2 2
7 7 39 23 27 18 73 31 44 15 77 3 7 55 54 0
14 13 16 48 8 28 20 66 21 14 74 19 22 46 61 52 1 9 37 56 67 32 60 29 26 24 6 5 68
#c 1 1 0 1 0 1 1 1 3 1 2 0 0 2 3 1 3 2 3 3 3 3 3 3 1 0 1 3 3 1 2 3 1 0 2 0 0 1 2 3 0 2 0 2 3 0 3 0 3 2 2 0 3 0 1 1 1 0 2 0 1 3 0 0 2 0 3 1 1 0 2 2 0 3 3 2 2 1 0 2 0 2 2
#c 1 1 0 1 0 1 1 1 3 1 2 0 0 2 3 1 3 2 3 3 3 3 3 3 1 0 1 3 3 1 2 3 1 0 2 0 0 1 2 3 0 2 0 2 3 0 3 0 3 2 2 0 3 0 1 1 1 0 2 0 1 3 0 0 2 0 3 1 1 0 2 2 0 3 3 2 2 1 0 2 0 2 2
1 1 6 45
19 22 1 9 37 77 3 56 54 67 32 60 29 26 7 0 24 5 15 68 55 4 78 69 42 53 65 25 35 33 36 62 57 72 11 51 59 2 12 63 80 40 47
#c 1 1 0 1 0 1 0 1 3 1 2 0 0 2 3 1 3 2 3 3 3 3 3 3 1 0 1 3 3 1 2 3 1 0 2 0 0 1 2 3 0 2 0 2 3 1 3 0 3 2 2 0 3 0 1 1 1 0 2 0 1 3 0 0 2 0 3 1 1 0 2 2 0 3 3 2 2 1 0 2 0 2 2
3 3 43 58 10 47 33 59
16 20 30 50 70 82 79 75 71 64 41 76 38 49 34 81 13 17 4 78 69 42 53 65 25 35 36 62 57 72 11 51 2 12 63 80 40 6
#c 1 1 0 1 0 1 0 1 3 1 2 0 0 2 3 1 3 2 3 3 3 3 3 3 1 0 1 3 3 1 2 3 1 0 2 0 0 1 2 3 0 2 0 2 3 1 3 0 3 2 2 0 3 0 1 1 1 0 2 0 1 3 0 0 2 0 3 1 1 0 2 2 0 3 3 2 2 1 0 2 0 2 2
#c 1 1 0 1 0 1 0 1 3 1 2 0 0 2 3 1 3 2 3 3 3 3 3 3 1 0 1 3 3 1 2 3 1 0 2 0 0 1 2 3 0 2 0 2 3 1 3 0 3 2 2 0 3 0 1 1 1 0 2 0 1 3 0 0 2 0 3 1 1 0 2 2 0 3 3 2 2 1 0 2 0 2 2
2 2 12 69 14 20
21 19 4 78 42 53 65 25 35 33 36 62 57 72 11 51 59 2 63 80 40 47 6 27 31 16 48 8 73 28 66 21 74 18 44 23 19 22 39 46 61 52
#c 1 1 0 1 0 1 0 1 3 1 2 0 3 2 0 1 3 2 3 3 0 3 3 3 1 0 1 3 3 1 2 3 1 0 2 0 0 1 2 3 0 2 0 2 3 1 3 0 3 2 2 0 3 0 1 1 1 0 2 0 1 3 0 0 2 0 3 1 1 3 2 2 0 3 3 2 2 1 0 2 0 2 2
8 10 54 24 7 67 5 60 0 29 80 59 2 6 42 40 51 47 57 63
12 13 1 9 37 77 3 56 32 26 15 68 55 45 4 78 53 65 25 35 33 36 62 72 11 14 20
#c 1 1 0 1 0 1 0 1 3 1 2 0 3 2 0 1 3 2 3 3 0 3 3 3 1 0 1 3 3 1 2 3 1 0 2 0 0 1 2 3 0 2 0 2 3 1 3 0 3 2 2 0 3 0 1 1 1 0 2 0 1 3 0 0 2 0 3 1 1 3 2 2 0 3 3 2 2 1 0 2 0 2 2
5 5 17 71 81 79 43 46 39 52 28 18
14 16 30 50 58 70 82 75 64 41 76 38 49 34 10 13 27 31 16 48 8 73 66 21 74 44 23 19 22 61 12 69
#c 1 1 0 1 0 1 0 1 3 1 2 0 3 2 0 1 3 3 2 3 0 3 3 3 1 0 1 3 2 1 2 3 1 0 2 0 0 1 2 2 0 2 0 3 3 1 2 0 3 2 2 0 2 0 1 1 1 0 2 0 1 3 0 0 2 0 3 1 1 3 2 3 0 3 3 2 2 1 0 3 0 3 2
9 9 71 69 73 21 81 19 12 44 31 11 63 78 51 62 53 47 35 2
12 14 27 16 48 8 66 74 23 22 61 17 79 43 4 42 65 25 33 36 57 72 59 80 40 6 14 20
#c 1 1 0 1 0 1 0 1 3 1 2 0 3 2 0 1 3 3 2 3 0 3 3 3 1 0 1 3 2 1 2 3 1 0 2 0 0 1 2 2 0 2 0 3 3 1 2 0 3 2 2 0 2 0 1 1 1 0 2 0 1 3 0 0 2 0 3 1 1 3 2 3 0 3 3 2 2 1 0 3 0 3 2
7 7 33 80 78 72 2 63 4 8 44 16 12 27 43 31
16 14 42 53 65 25 35 36 62 57 11 51 59 40 47 6 14 20 48 73 66 21 74 23 19 22 61 69 17 71 81 79
#c 1 1 0 1 0 1 0 1 3 1 2 0 3 2 0 1 3 3 2 3 0 3 3 3 1 0 1 3 2 1 2 3 1 0 2 0 0 1 2 2 0 2 0 3 3 1 2 0 3 2 2 0 2 0 1 1 1 0 2 0 1 3 0 0 2 0 3 1 1 3 2 3 0 3 3 2 2 1 0 3 0 3 2
#c 1 1 0 1 0 1 0 1 3 1 2 0 3 2 0 1 3 3 2 3 0 3 3 3 1 0 1 3 2 1 2 3 1 0 2 0 0 1 2 2 0 2 0 3 3 1 2 0 3 2 2 0 2 0 1 1 1 0 2 0 1 3 0 0 2 0 3 1 1 3 2 3 0 3 3 2 2 1 0 3 0 3 2
2 1 34 46 27
17 20 30 50 58 70 82 75 64 41 76 38 49 10 13 39 52 28 18 31 16 48 8 73 66 21 74 44 23 19 22 61 12 69 17 71 81 79 43
#c 1 1 0 1 0 1 0 1 3 1 2 0 3 2 0 1 3 3 2 3 0 3 3 3 1 0 1 3 2 1 2 3 1 0 2 0 0 1 2 2 0 2 0 3 3 1 2 0 3 2 2 0 2 0 1 1 1 0 2 0 1 3 0 0 2 0 3 1 1 3 2 3 0 3 3 2 2 1 0 3 0 3 2
#c 1 1 0 1 0 1 0 1 3 1 2 0 3 2 0 1 3 3 2 3 0 3 3 3 1 0 1 3 2 1 2 3 1 0 2 0 0 1 2 2 0 2 0 3 3 1 2 0 3 2 2 0 2 0 1 1 1 0 2 0 1 3 0 0 2 0 3 1 1 3 2 3 0 3 3 2 2 1 0 3 0 3 2
#c 1 1 0 1 0 1 0 1 3 1 2 0 3 2 0 1 3 3 2 3 0 3 3 3 1 0 1 3 2 1 2 3 1 0 2 0 0 1 2 2 0 2 0 3 3 1 2 0 3 2 2 0 2 0 1 1 1 0 2 0 1 3 0 0 2 0 3 1 1 3 2 3 0 3 3 2 2 1 0 3 0 3 2
7 7 32 26 0 68 45 1 15 70 49 58 64 52 28 18
13 12 9 37 77 3 56 54 67 60 29 7 24 5 55 30 50 82 75 41 76 38 34 10 13 46 39
#c 1 1 0 1 0 1 0 1 3 1 2 0 3 2 0 1 3 3 2 3 0 3 3 3 1 0 1 3 2 1 2 3 1 0 2 0 0 1 2 2 0 2 0 3 3 1 2 0 3 2 2 0 2 0 1 1 1 0 2 0 1 3 0 0 2 0 3 1 1 3 2 3 0 3 3 2 2 1 0 3 0 3 2
3 3 82 76 28 47 72 51
16 20 30 50 58 70 75 64 41 38 49 34 10 13 46 39 52 18 4 78 42 53 65 25 35 33 36 62 57 11 59 2 63 80 40 6 14 20
#c 1 1 0 1 0 1 0 1 3 1 2 0 3 2 0 1 3 3 2 3 0 3 3 3 1 0 1 3 2 1 2 3 1 0 2 0 0 1 2 2 0 2 0 3 3 1 2 0 3 2 2 0 2 0 1 1 1 0 2 0 1 3 0 0 2 0 3 1 1 3 2 3 0 3 3 2 2 1 0 3 0 3 2
1 1 12 76
20 18 27 31 16 48 8 73 66 21 74 44 23 19 22 61 69 17 71 81 79 43 30 50 58 70 82 75 64 41 38 49 34 10 13 46 39 52 28 18
#c 1 1 0 1 0 1 0 1 3 1 2 0 3 2 0 1 3 3 2 3 0 3 3 3 1 0 1 3 2 1 2 3 1 0 2 0 0 1 2 2 0 2 0 3 3 1 2 0 3 2 2 0 2 0 1 1 1 0 2 0 1 3 0 0 2 0 3 1 1 3 2 3 0 3 3 2 2 1 0 3 0 3 2
10 10 35 4 72 51 63 33 40 6 42 65 15 37 9 54 3 68 60 29 7 77
13 10 78 53 25 36 62 57 11 59 2 80 47 14 20 1 56 67 32 26 0 24 5 55 45
#c 1 1 0 1 0 1 0 1 3 1 2 0 3 2 0 1 3 3 2 3 0 3 3 3 1 0 1 3 2 1 2 3 1 0 2 0 0 1 2 2 0 2 0 3 3 1 2 0 3 2 2 0 2 0 1 1 1 0 2 0 1 3 0 0 2 0 3 1 1 3 2 3 0 3 3 2 2 1 0 3 0 3 2
8 8 7 60 0 55 29 1 9 45 71 31 27 73 23 43 61 44
12 13 37 77 3 56 54 67 32 26 24 5 15 68 16 48 8 66 21 74 19 22 12 69 17 81 79
#c 1 1 0 1 0 1 0 1 3 1 2 0 3 2 0 1 3 3 2 3 0 3 3 3 1 0 1 3 2 1 2 3 1 0 2 0 0 1 2 2 0 2 0 3 3 1 2 0 3 2 2 0 2 0 1 1 1 0 2 0 1 3 0 0 2 0 3 1 1 3 2 3 0 3 3 2 2 1 0 3 0 3 2
#c 1 1 0 1 0 1 0 1 3 1 2 0 3 2 0 1 3 3 2 3 0 3 3 3 1 0 1 3 2 1 2 3 1 0 2 0 0 1 2 2 0 2 0 3 3 1 2 0 3 2 2 0 2 0 1 1 1 0 2 0 1 3 0 0 2 0 3 1 1 3 2 3 0 3 3 2 2 1 0 3 0 3 2
#c 1 1 0 1 0 1 0 1 3 1 2 0 3 2 0 1 3 3 2 3 0 3 3 3 1 0 1 3 2 1 2 3 1 0 2 0 0 1 2 2 0 2 0 3 3 1 2 0 3 2 2 0 2 0 1 1 1 0 2 0 1 3 0 0 2 0 3 1 1 3 2 3 0 3 3 2 2 1 0 3 0 3 2
11 11 72 42 57 63 20 62 6 53 78 33 65 23 61 66 22 44 27 43 73 74 81 16
12 10 4 25 35 36 11 51 59 2 80 40 47 14 31 48 8 21 19 12 69 17 71 79
#c 1 1 0 1 0 1 0 1 3 1 2 0 3 2 0 1 3 3 2 3 0 3 3 3 1 0 1 3 2 1 2 3 1 0 2 0 0 1 2 2 0 2 0 3 3 1 2 0 3 2 2 0 2 0 1 1 1 0 2 0 1 3 0 0 2 0 3 1 1 3 2 3 0 3 3 2 2 1 0 3 0 3 2
4 4 55 3 15 24 38 64 70 10
16 15 1 9 37 77 56 54 67 32 60 29 26 7 0 5 68 45 30 50 58 82 75 41 76 49 34 13 46 39 52 28 18
#c 1 1 0 1 0 1 0 1 3 1 2 0 3 2 0 1 3 3 2 3 0 3 3 3 1 0 1 3 2 1 2 3 1 0 2 0 0 1 2 2 0 2 0 3 3 1 2 0 3 2 2 0 2 0 1 1 1 0 2 0 1 3 0 0 2 0 3 1 1 3 2 3 0 3 3 2 2 1 0 3 0 3 2
8 8 46 34 70 58 76 75 41 82 59 33 35 4 72 53 62 20
11 15 30 50 64 38 49 10 13 39 52 28 18 78 42 65 25 36 57 11 51 2 63 80 40 47 6 14
#c 1 1 0 1 0 1 0 1 3 1 2 0 3 2 0 1 3 3 2 3 0 3 3 3 1 0 1 3 2 1 2 3 1 0 2 0 0 1 2 2 0 2 0 3 3 1 2 0 3 2 2 0 2 0 1 1 1 0 2 0 1 3 0 0 2 0 3 1 1 3 2 3 0 3 3 2 2 1 0 3 0 3 2
#c 1 1 0 1 0 1 0 1 3 1 2 0 3 2 0 1 3 3 2 3 0 3 3 3 1 0 1 3 2 1 2 3 1 0 2 0 0 1 2 2 0 2 0 3 3 1 2 0 3 2 2 0 2 0 1 1 1 0 2 0 1 3 0 0 2 0 3 1 1 3 2 3 0 3 3 2 2 1 0 3 0 3 2
3 3 63 80 14 55 3 67
20 17 4 78 42 53 65 25 35 33 36 62 57 72 11 51 59 2 40 47 6 20 1 9 37 77 56 54 32 60 29 26 7 0 24 5 15 68 45
#c 1 1 0 1 0 1 0 1 3 1 2 0 3 2 0 1 3 3 2 3 0 3 3 3 1 0 1 3 2 1 2 3 1 0 2 0 0 1 2 2 0 2 0 3 3 1 2 0 3 2 2 0 2 0 1 1 1 0 2 0 1 3 0 0 2 0 3 1 1 3 2 3 0 3 3 2 2 1 0 3 0 3 2
#c 1 1 0 1 0 1 0 1 3 1 2 0 3 2 0 1 3 3 2 3 0 3 3 3 1 0 1 3 2 1 2 3 1 0 2 0 0 1 2 2 0 2 0 3 3 1 2 0 3 2 2 0 2 0 1 1 1 0 2 0 1 3 0 0 2 0 3 1 1 3 2 3 0 3 3 2 2 1 0 3 0 3 2
8 8 28 18 58 46 39 49 82 30 72 6 20 65 4 51 57 36
11 15 50 70 75 64 41 76 38 34 10 13 52 78 42 53 25 35 33 62 11 59 2 63 80 40 47 14
#c 1 1 0 1 0 1 0 1 3 1 2 0 3 2 0 1 3 3 2 3 0 3 3 3 1 0 1 3 2 1 2 3 1 0 2 0 0 1 2 2 0 2 0 3 3 1 2 0 3 2 2 0 2 0 1 1 1 0 2 0 1 3 0 0 2 0 3 1 1 3 2 3 0 3 3 2 2 1 0 3 0 3 2
8 8 66 69 8 73 81 79 23 44 29 9 5 7 56 77 45 68
13 12 27 31 16 48 21 74 19 22 61 12 17 71 43 1 37 3 54 67 32 60 26 0 24 15 55
#c 1 1 0 1 0 1 0 1 3 1 2 0 3 2 0 1 3 3 2 3 0 3 3 3 1 0 1 3 2 1 2 3 1 0 2 0 0 1 2 2 0 2 0 3 3 1 2 0 3 2 2 0 2 0 1 1 1 0 2 0 1 3 0 0 2 0 3 1 1 3 2 3 0 3 3 2 2 1 0 3 0 3 2
8 8 4 2 53 36 33 14 40 35 43 74 23 69 17 16 8 22
15 13 78 42 65 25 62 57 72 11 51 59 63 80 47 6 20 27 31 48 73 66 21 44 19 61 12 71 81 79
#c 1 1 3 1 3 1 0 1 0 1 2 0 3 2 3 1 0 0 2 3 0 3 0 0 1 0 1 3 2 1 2 3 1 3 2 3 3 1 2 2 3 2 0 0 3 1 2 0 3 2 2 0 2 3 1 1 1 0 2 0 1 3 0 0 2 0 3 1 1 0 2 3 0 3 0 2 2 1 0 3 0 3 2
#c 1 1 3 1 3 1 0 1 0 1 2 0 3 2 3 1 0 0 2 3 0 3 0 0 1 0 1 3 2 1 2 3 1 3 2 3 3 1 2 2 3 2 0 0 3 1 2 0 3 2 2 0 2 3 1 1 1 0 2 0 1 3 0 0 2 0 3 1 1 0 2 3 0 3 0 2 2 1 0 3 0 3 2
8 8 76 30 46 28 49 58 38 34 14 81 27 19 61 21 4 36
11 13 50 70 82 75 64 41 10 13 39 52 18 31 48 73 66 44 12 71 79 2 53 33 40 35
#c 1 1 3 1 3 1 0 1 0 1 2 0 3 2 3 1 0 0 2 3 0 3 0 0 1 0 1 3 2 1 2 3 1 3 2 3 3 1 2 2 3 2 0 0 3 1 2 0 3 2 2 0 2 3 1 1 1 0 2 0 1 3 0 0 2 0 3 1 1 0 2 3 0 3 0 2 2 1 0 3 0 3 2
2 1 81 35 32
19 19 27 31 48 73 66 21 44 19 61 12 71 79 4 2 53 36 33 14 40 1 9 37 77 3 56 54 67 60 29 26 7 0 24 5 15 68 55 45
#c 1 1 3 1 3 1 0 1 0 1 2 0 3 2 3 1 0 0 2 3 0 3 0 0 1 0 1 3 2 1 2 3 1 3 2 3 3 1 2 2 3 2 0 0 3 1 2 0 3 2 2 0 2 3 1 1 1 0 2 0 1 3 0 0 2 0 3 1 1 0 2 3 0 3 0 2 2 1 0 3 0 3 2
8 7 42 8 72 11 25 17 59 51 58 70 64 76 52 30 34
15 12 78 65 62 57 63 80 47 6 20 43 74 23 69 16 22 50 82 75 41 38 49 10 13 46 39 28 18
#c 1 1 3 1 3 1 0 1 0 1 2 0 3 2 3 1 0 0 2 3 0 3 0 0 1 0 1 3 2 1 2 3 1 3 2 3 3 1 2 2 3 2 0 0 3 1 2 0 3 2 2 0 2 3 1 1 1 0 2 0 1 3 0 0 2 0 3 1 1 0 2 3 0 3 0 2 2 1 0 3 0 3 2
4 2 32 77 26 56 12 27
16 19 1 9 37 3 54 67 60 29 7 0 24 5 15 68 55 45 31 48 73 66 21 44 19 61 71 81 79 4 2 53 36 33 14 40 35
#c 1 1 3 1 3 1 0 1 0 1 2 0 3 2 3 1 0 0 2 3 0 3 0 0 1 0 1 3 2 1 2 3 1 3 2 3 3 1 2 2 3 2 0 0 3 1 2 0 3 2 2 0 2 3 1 1 1 0 2 0 1 3 0 0 2 0 3 1 1 0 2 3 0 3 0 2 2 1 0 3 0 3 2
7 8 39 58 34 52 28 18 70 12 35 61 36 73 27 79 66
12 13 30 50 82 75 64 41 76 38 49 10 13 46 31 48 21 44 19 71 81 4 2 53 33 14 40
#c 1 1 3 1 3 1 0 1 0 1 2 0 3 2 3 1 0 0 2 3 0 3 0 0 1 0 1 3 2 1 2 3 1 3 2 3 3 1 2 2 3 2 0 0 3 1 2 0 3 2 2 0 2 3 1 1 1 0 2 0 1 3 0 0 2 0 3 1 1 0 2 3 0 3 0 2 2 1 0 3 0 3 2
1 1 40 9
20 19 27 31 48 73 66 21 44 19 61 12 71 81 79 4 2 53 36 33 14 35 1 37 77 3 56 54 67 32 60 29 26 7 0 24 5 15 68 55 45
#c 1 1 3 1 3 1 0 1 0 3 2 0 3 2 3 1 0 0 2 3 0 3 0 0 1 0 1 3 2 1 2 3 1 3 2 3 3 1 2 2 1 2 0 0 3 1 2 0 3 2 2 0 2 3 1 1 1 0 2 0 1 3 0 0 2 0 3 1 1 0 2 3 0 3 0 2 2 1 0 3 0 3 2
5 5 20 22 43 8 72 60 32 77 0 26
18 15 78 42 65 25 62 57 11 51 59 63 80 47 6 74 23 69 17 16 1 37 3 56 54 67 29 7 24 5 15 68 55 45 40
#c 1 1 3 1 3 1 0 1 0 3 2 0 3 2 3 1 0 0 2 3 0 3 0 0 1 0 1 3 2 1 2 3 1 3 2 3 3 1 2 2 1 2 0 0 3 1 2 0 3 2 2 0 2 3 1 1 1 0 2 0 1 3 0 0 2 0 3 1 1 0 2 3 0 3 0 2 2 1 0 3 0 3 2
6 6 5 7 3 45 0 60 35 2 73 79 81 21
14 15 1 37 77 56 54 67 32 29 26 24 15 68 55 40 27 31 48 66 44 19 61 12 71 4 53 36 33 14 9
#c 1 1 3 1 3 1 0 1 0 3 2 0 3 2 3 1 0 0 2 3 0 3 0 0 1 0 1 3 2 1 2 3 1 3 2 3 3 1 2 2 1 2 0 0 3 1 2 0 3 2 2 0 2 3 1 1 1 0 2 0 1 3 0 0 2 0 3 1 1 0 2 3 0 3 0 2 2 1 0 3 0 3 2
6 6 50 75 64 58 34 70 7 24 29 1 37 32
13 14 30 82 41 76 38 49 10 13 46 39 52 28 18 77 3 56 54 67 60 26 0 5 15 68 55 45 40
#c 1 1 3 1 3 1 0 1 0 3 2 0 3 2 3 1 0 0 2 3 0 3 0 0 1 0 1 3 2 1 2 3 1 3 2 3 3 1 2 2 1 2 0 0 3 1 2 0 3 2 2 0 2 3 1 1 1 0 2 0 1 3 0 0 2 0 3 1 1 0 2 3 0 3 0 2 2 1 0 3 0 3 2
6 5 48 61 4 73 66 31 34 52 39 49 58
15 14 27 21 44 19 12 71 81 79 2 53 36 33 14 35 9 30 50 70 82 75 64 41 76 38 10 13 46 28 18
#c 1 1 3 1 3 1 0 1 0 3 2 0 3 2 3 1 0 0 2 3 0 3 0 0 1 0 1 3 2 1 2 3 1 3 2 3 3 1 2 2 1 2 0 0 3 1 2 0 3 2 2 0 2 3 1 1 1 0 2 0 1 3 0 0 2 0 3 1 1 0 2 3 0 3 0 2 2 1 0 3 0 3 2
10 10 74 65 47 8 59 23 16 69 11 51 44 61 21 79 36 9 33 12 53 35
13 11 78 42 25 62 57 72 63 80 6 20 43 17 22 27 31 48 73 66 19 71 81 4 2 14
#c 1 1 3 1 3 1 0 1 0 3 2 0 3 2 3 1 0 0 2 3 0 3 0 0 1 0 1 3 2 1 2 3 1 3 2 3 3 1 2 2 1 2 0 0 3 1 2 0 3 2 2 0 2 3 1 1 1 0 2 0 1 3 0 0 2 0 3 1 1 0 2 3 0 3 0 2 2 1 0 3 0 3 2
9 9 3 55 77 29 68 67 40 0 24 62 42 22 47 72 65 8 51 23
11 14 1 37 56 54 32 60 26 7 5 15 45 78 25 57 11 59 63 80 6 20 43 74 69 17 16
#c 1 1 3 1 3 1 0 1 0 3 2 0 3 2 3 1 0 0 2 3 0 3 0 0 1 0 1 3 2 1 2 3 1 3 2 3 3 1 2 2 1 2 0 0 3 1 2 0 3 2 2 0 2 3 1 1 1 0 2 0 1 3 0 0 2 0 3 1 1 0 2 3 0 3 0 2 2 1 0 3 0 3 2
#c 1 1 3 1 3 1 0 1 0 3 2 0 3 2 3 1 0 0 2 3 0 3 0 0 1 0 1 3 2 1 2 3 1 3 2 3 3 1 2 2 1 2 0 0 3 1 2 0 3 2 2 0 2 3 1 1 1 0 2 0 1 3 0 0 2 0 3 1 1 0 2 3 0 3 0 2 2 1 0 3 0 3 2
7 7 79 36 44 66 35 27 31 7 68 55 5 29 56 37
14 13 48 73 21 19 61 12 71 81 4 2 53 33 14 9 1 77 3 54 67 32 60 26 0 24 15 45 40
#c 1 1 3 1 3 1 0 1 0 3 2 0 3 2 3 1 0 0 2 3 0 3 0 0 1 0 1 3 2 1 2 3 1 3 2 3 3 1 2 2 1 2 0 0 3 1 2 0 3 2 2 0 2 3 1 1 1 0 2 0 1 3 0 0 2 0 3 1 1 0 2 3 0 3 0 2 2 1 0 3 0 3 2
7 7 63 57 42 20 51 8 74 77 37 40 67 7 29 54
16 13 78 65 25 62 72 11 59 80 47 6 43 23 69 17 16 22 1 3 56 32 60 26 0 24 5 15 68 55 45
#c 1 1 3 1 3 1 0 1 0 3 2 0 3 2 3 1 0 0 2 3 0 3 0 0 1 0 1 3 2 1 2 3 1 3 2 3 3 1 2 2 1 2 0 0 3 1 2 0 3 2 2 0 2 3 1 1 1 0 2 0 1 3 0 0 2 0 3 1 1 0 2 3 0 3 0 2 2 1 0 3 0 3 2
3 3 15 1 37 43 16 17
17 20 77 3 56 54 67 32 60 29 26 7 0 24 5 68 55 45 40 78 42 65 25 62 57 72 11 51 59 63 80 47 6 20 74 23 69 8 22
#c 1 1 3 1 3 1 0 1 0 3 2 0 3 2 3 1 0 0 2 3 0 3 0 0 1 0 1 3 2 1 2 3 1 3 2 3 3 1 2 2 1 2 0 0 3 1 2 0 3 2 2 0 2 3 1 1 1 0 2 0 1 3 0 0 2 0 3 1 1 0 2 3 0 3 0 2 2 1 0 3 0 3 2
6 6 75 30 58 82 76 39 56 32 1 68 15 29
13 14 50 70 64 41 38 49 34 10 13 46 52 28 18 37 77 3 54 67 60 26 7 0 24 5 55 45 40
#c 1 1 3 1 3 1 0 1 0 3 2 0 3 2 3 1 0 0 2 3 0 3 0 0 1 0 1 3 2 1 2 3 1 3 2 3 3 1 2 2 1 2 0 0 3 1 2 0 3 2 2 0 2 3 1 1 1 0 2 0 1 3 0 0 2 0 3 1 1 0 2 3 0 3 0 2 2 1 0 3 0 3 2
8 8 61 33 79 2 31 9 66 4 57 78 22 8 62 16 20 23
13 15 27 48 73 21 44 19 12 71 81 53 36 14 35 42 65 25 72 11 51 59 63 80 47 6 43 74 69 17
#c 1 1 3 1 3 1 0 1 0 3 2 0 3 2 3 1 0 0 2 3 0 3 0 0 1 0 1 3 2 1 2 3 1 3 2 3 3 1 2 2 1 2 0 0 3 1 2 0 3 2 2 0 2 3 1 1 1 0 2 0 1 3 0 0 2 0 3 1 1 0 2 3 0 3 0 2 2 1 0 3 0 3 2
1 1 23 61
22 20 78 42 65 25 62 57 72 11 51 59 63 80 47 6 20 43 74 69 17 16 8 22 27 31 48 73 66 21 44 19 12 71 81 79 4 2 53 36 33 14 35 9
#c 1 1 3 1 3 1 0 1 0 3 2 0 3 2 3 1 0 0 2 3 0 3 0 0 1 0 1 3 2 1 2 3 1 3 2 3 3 1 2 2 1 2 0 0 3 1 2 0 3 2 2 0 2 3 1 1 1 0 2 0 1 3 0 0 2 0 3 1 1 0 2 3 0 3 0 2 2 1 0 3 0 3 2
#c 1 1 3 1 3 1 0 1 0 3 2 0 3 2 3 1 0 0 2 3 0 3 0 0 1 0 1 3 2 1 2 3 1 3 2 3 3 1 2 2 1 2 0 0 3 1 2 0 3 2 2 0 2 3 1 1 1 0 2 0 1 3 0 0 2 0 3 1 1 0 2 3 0 3 0 2 2 1 0 3 0 3 2
9 9 18 39 52 30 82 41 76 75 50 53 73 14 12 61 27 79 2 9
10 12 58 70 64 38 49 34 10 13 46 28 31 48 66 21 44 19 71 81 4 36 33 35
#c 1 1 3 1 3 1 0 1 0 3 2 0 3 2 3 1 0 0 2 3 0 3 0 0 1 0 1 3 2 1 2 3 1 3 2 3 3 1 2 2 1 2 0 0 3 1 2 0 3 2 2 0 2 3 1 1 1 0 2 0 1 3 0 0 2 0 3 1 1 0 2 3 0 3 0 2 2 1 0 3 0 3 2
#c 1 1 3 1 3 1 0 1 0 3 2 0 3 2 3 1 0 0 2 3 0 3 0 0 1 0 1 3 2 1 2 3 1 3 2 3 3 1 2 2 1 2 0 0 3 1 2 0 3 2 2 0 2 3 1 1 1 0 2 0 1 3 0 0 2 0 3 1 1 0 2 3 0 3 0 2 2 1 0 3 0 3 2
2 2 65 69 61 31
21 19 78 42 25 62 57 72 11 51 59 63 80 47 6 20 43 74 23 17 16 8 22 27 48 73 66 21 44 19 12 71 81 79 4 2 53 36 33 14 35 9
#c 1 1 3 1 3 1 0 1 0 3 2 0 3 2 3 1 0 0 2 3 0 3 0 0 1 0 1 3 2 1 2 3 1 3 2 3 3 1 2 2 1 2 0 0 3 1 2 0 3 2 2 0 2 3 1 1 1 0 2 0 1 3 0 0 2 0 3 1 1 0 2 3 0 3 0 2 2 1 0 3 0 3 2
9 9 55 60 45 7 37 67 26 68 77 42 65 69 57 11 25 51 47 74
11 14 1 3 56 54 32 29 0 24 5 15 40 78 62 72 59 63 80 6 20 43 23 17 16 8 22
#c 1 1 3 1 3 1 0 1 0 3 2 0 3 2 3 1 0 0 2 3 0 3 0 0 1 0 1 3 2 1 2 3 1 3 2 3 3 1 2 2 1 2 0 0 3 1 2 0 3 2 2 0 2 3 1 1 1 0 2 0 1 3 0 0 2 0 3 1 1 0 2 3 0 3 0 2 2 1 0 3 0 3 2
4 4 50 13 52 18 4 2 79 44
15 17 30 58 70 82 75 64 41 76 38 49 34 10 46 39 28 27 31 48 73 66 21 19 61 12 71 81 53 36 33 14 35 9
#c 1 1 3 1 3 1 0 1 0 3 2 0 3 2 3 1 0 0 2 3 0 3 0 0 1 0 1 3 2 1 2 3 1 3 2 3 3 1 2 2 1 2 0 0 3 1 2 0 3 2 2 0 2 3 1 1 1 0 2 0 1 3 0 0 2 0 3 1 1 0 2 3 0 3 0 2 2 1 0 3 0 3 2
2 2 21 12 64 10
19 17 27 31 48 73 66 44 19 61 71 81 79 4 2 53 36 33 14 35 9 30 50 58 70 82 75 41 76 38 49 34 13 46 39 52 28 18
#c 1 1 3 1 3 1 0 1 0 3 2 0 3 2 3 1 0 0 2 3 0 3 0 0 1 0 1 3 2 1 2 3 1 3 2 3 3 1 2 2 1 2 0 0 3 1 2 0 3 2 2 0 2 3 1 1 1 0 2 0 1 3 0 0 2 0 3 1 1 0 2 3 0 3 0 2 2 1 0 3 0 3 2
1 1 69 56
22 19 78 42 65 25 62 57 72 11 51 59 63 80 47 6 20 43 74 23 17 16 8 22 1 37 77 3 54 67 32 60 29 26 7 0 24 5 15 68 55 45 40
#c 1 1 3 1 3 1 0 1 0 3 2 0 3 2 3 1 0 0 2 3 0 3 0 0 1 0 1 3 2 1 2 3 1 3 2 3 3 1 2 2 1 2 0 0 3 1 2 0 3 2 2 0 2 3 1 1 1 0 2 0 1 3 0 0 2 0 3 1 1 0 2 3 0 3 0 2 2 1 0 3 0 3 2
6 7 37 67 7 32 60 68 62 78 80 42 47 43 23
14 16 1 77 3 56 54 29 26 0 24 5 15 55 45 40 65 25 57 72 11 51 59 63 6 20 74 69 17 16 8 22
#c 1 1 3 1 3 1 0 1 0 3 2 0 3 2 3 1 0 0 2 3 0 3 0 0 1 0 1 3 2 1 2 3 1 3 2 3 3 1 2 2 1 2 0 0 3 1 2 0 3 2 2 0 2 3 1 1 1 0 2 0 1 3 0 0 2 0 3 1 1 0 2 3 0 3 0 2 2 1 0 3 0 3 2
4 4 75 41 38 18 81 36 12 9
15 17 30 50 58 70 82 64 76 49 34 10 13 46 39 52 28 27 31 48 73 66 21 44 19 61 71 79 4 2 53 33 14 35
#c 1 1 3 1 3 1 0 1 0 3 2 0 3 2 3 1 0 0 2 3 0 3 0 0 1 0 1 3 2 1 2 3 1 3 2 3 3 1 2 2 1 2 0 0 3 1 2 0 3 2 2 0 2 3 1 1 1 0 2 0 1 3 0 0 2 0 3 1 1 0 2 3 0 3 0 2 2 1 0 3 0 3 2
3 2 48 9 35 78 25
18 21 27 31 73 66 21 44 19 61 12 71 81 79 4 2 53 36 33 14 42 65 62 57 72 11 51 59 63 80 47 6 20 43 74 23 69 17 16 8 22
#c 1 1 3 1 3 1 0 1 0 0 2 0 3 2 3 1 0 0 2 3 0 3 0 0 1 3 1 3 2 1 2 3 1 3 2 0 3 1 2 2 1 2 0 0 3 1 2 0 0 2 2 0 2 3 1 1 1 0 2 0 1 3 0 0 2 0 3 1 1 0 2 3 0 3 0 2 2 1 3 3 0 3 2
9 9 47 65 23 59 69 48 62 22 9 26 37 1 60 77 24 32 68 0
15 11 42 57 72 11 51 63 80 6 20 43 74 17 16 8 35 3 56 54 67 29 7 5 15 55 45 40
#c 1 1 3 1 3 1 0 1 0 0 2 0 3 2 3 1 0 0 2 3 0 3 0 0 1 3 1 3 2 1 2 3 1 3 2 0 3 1 2 2 1 2 0 0 3 1 2 0 0 2 2 0 2 3 1 1 1 0 2 0 1 3 0 0 2 0 3 1 1 0 2 3 0 3 0 2 2 1 3 3 0 3 2
10 11 0 24 1 3 54 29 68 60 55 15 10 50 18 46 39 49 52 30 70 75 38
10 8 37 77 56 67 32 26 7 5 45 40 58 82 64 41 76 34 13 28
#c 1 1 3 1 3 1 0 1 0 0 2 0 3 2 3 1 0 0 2 3 0 3 0 0 1 3 1 3 2 1 2 3 1 3 2 0 3 1 2 2 1 2 0 0 3 1 2 0 0 2 2 0 2 3 1 1 1 0 2 0 1 3 0 0 2 0 3 1 1 0 2 3 0 3 0 2 2 1 3 3 0 3 2
8 6 18 41 34 76 46 64 13 38 2 61 19 78 21 4
11 14 30 50 58 70 82 75 49 10 39 52 28 27 31 73 66 44 12 71 81 79 53 36 33 14 25
#c 1 1 3 1 3 1 0 1 0 0 2 0 3 2 3 1 0 0 2 3 0 3 0 0 1 3 1 3 2 1 2 3 1 3 2 0 3 1 2 2 1 2 0 0 3 1 2 0 0 2 2 0 2 3 1 1 1 0 2 0 1 3 0 0 2 0 3 1 1 0 2 3 0 3 0 2 2 1 3 3 0 3 2
9 9 36 33 61 2 79 31 78 14 12 26 32 7 45 77 68 5 60 24
11 11 27 73 66 21 44 19 71 81 4 53 25 1 37 3 56 54 67 29 0 15 55 40
#c 1 1 3 1 3 1 0 1 0 0 2 0 3 2 3 1 0 0 2 3 0 3 0 0 1 3 1 3 2 1 2 3 1 3 2 0 3 1 2 2 1 2 0 0 3 1 2 0 0 2 2 0 2 3 1 1 1 0 2 0 1 3 0 0 2 0 3 1 1 0 2 3 0 3 0 2 2 1 3 3 0 3 2
1 1 35 82
23 18 42 65 62 57 72 11 51 59 63 80 47 6 20 43 74 23 69 17 16 8 22 48 9 30 50 58 70 75 64 41 76 38 49 34 10 13 46 39 52 28 18
#c 1 1 3 1 3 1 0 1 0 0 2 0 3 2 3 1 0 0 2 3 0 3 0 0 1 3 1 3 2 1 2 3 1 3 2 0 3 1 2 2 1 2 0 0 3 1 2 0 0 2 2 0 2 3 1 1 1 0 2 0 1 3 0 0 2 0 3 1 1 0 2 3 0 3 0 2 2 1 3 3 0 3 2
#c 1 1 3 1 3 1 0 1 0 0 2 0 3 2 3 1 0 0 2 3 0 3 0 0 1 3 1 3 2 1 2 3 1 3 2 0 3 1 2 2 1 2 0 0 3 1 2 0 0 2 2 0 2 3 1 1 1 0 2 0 1 3 0 0 2 0 3 1 1 0 2 3 0 3 0 2 2 1 3 3 0 3 2
5 6 64 30 10 49 34 31 33 71 44 78 2
14 14 50 58 70 82 75 41 76 38 13 46 39 52 28 18 27 73 66 21 19 61 12 81 79 4 53 36 14 25
#c 1 1 3 1 3 1 0 1 0 0 2 0 3 2 3 1 0 0 2 3 0 3 0 0 1 3 1 3 2 1 2 3 1 3 2 0 3 1 2 2 1 2 0 0 3 1 2 0 0 2 2 0 2 3 1 1 1 0 2 0 1 3 0 0 2 0 3 1 1 0 2 3 0 3 0 2 2 1 3 3 0 3 2
6 6 78 4 36 12 2 27 20 62 57 22 6 51
14 18 31 73 66 21 44 19 61 71 81 79 53 33 14 25 42 65 72 11 59 63 80 47 43 74 23 69 17 16 8 48 9 35
#c 1 1 3 1 3 1 0 1 0 0 2 0 3 2 3 1 0 0 2 3 0 3 0 0 1 3 1 3 2 1 2 3 1 3 2 0 3 1 2 2 1 2 0 0 3 1 2 0 0 2 2 0 2 3 1 1 1 0 2 0 1 3 0 0 2 0 3 1 1 0 2 3 0 3 0 2 2 1 3 3 0 3 2
5 5 23 74 62 43 57 12 2 53 19 36
19 15 42 65 72 11 51 59 63 80 47 6 20 69 17 16 8 22 48 9 35 27 31 73 66 21 44 61 71 81 79 4 33 14 78 25
#c 1 1 3 1 3 1 0 1 0 0 2 0 3 2 3 1 0 0 2 3 0 3 0 0 1 3 1 3 2 1 2 3 1 3 2 0 3 1 2 2 1 2 0 0 3 1 2 0 0 2 2 0 2 3 1 1 1 0 2 0 1 3 0 0 2 0 3 1 1 0 2 3 0 3 0 2 2 1 3 3 0 3 2
1 1 0 23
19 23 1 37 77 3 56 54 67 32 60 29 26 7 24 5 15 68 55 45 40 42 65 62 57 72 11 51 59 63 80 47 6 20 43 74 69 17 16 8 22 48 9 35
#c 1 1 3 1 3 1 0 1 0 0 2 0 3 2 3 1 0 0 2 3 0 3 0 0 1 3 1 3 2 1 2 3 1 3 2 0 3 1 2 2 1 2 0 0 3 1 2 0 0 2 2 0 2 3 1 1 1 0 2 0 1 3 0 0 2 0 3 1 1 0 2 3 0 3 0 2 2 1 3 3 0 3 2
5 5 76 13 75 28 82 36 44 66 21 33
14 15 30 50 58 70 64 41 38 49 34 10 46 39 52 18 27 31 73 19 61 12 71 81 79 4 2 53 14 78 25
#c 1 1 3 1 3 1 0 1 0 0 2 0 3 2 3 1 0 0 2 3 0 3 0 0 1 3 1 3 2 1 2 3 1 3 2 0 3 1 2 2 1 2 0 0 3 1 2 0 0 2 2 0 2 3 1 1 1 0 2 0 1 3 0 0 2 0 3 1 1 0 2 3 0 3 0 2 2 1 3 3 0 3 2
10 10 61 27 71 73 21 4 14 2 33 36 72 65 42 80 59 8 57 9 48 23
10 14 31 66 44 19 12 81 79 53 78 25 62 11 51 63 47 6 20 43 74 69 17 16 22 35
#c 1 1 3 1 3 1 0 1 0 0 2 0 3 2 3 1 0 0 2 3 0 3 0 0 1 3 1 3 2 1 2 3 1 3 2 0 3 1 2 2 1 2 0 0 3 1 2 0 0 2 2 0 2 3 1 1 1 0 2 0 1 3 0 0 2 0 3 1 1 0 2 3 0 3 0 2 2 1 3 3 0 3 2
8 8 16 11 57 80 42 43 8 6 79 4 36 78 19 53 66 73
16 12 65 62 72 51 59 63 47 20 74 23 69 17 22 48 9 35 27 31 21 44 61 12 71 81 2 33 14 25
#c 1 1 3 1 3 1 0 1 0 0 2 0 3 2 3 1 0 0 2 3 0 3 0 0 1 3 1 3 2 1 2 3 1 3 2 0 3 1 2 2 1 2 0 0 3 1 2 0 0 2 2 0 2 3 1 1 1 0 2 0 1 3 0 0 2 0 3 1 1 0 2 3 0 3 0 2 2 1 3 3 0 3 2
8 8 32 68 45 26 15 37 3 29 10 75 58 76 52 50 41 28
12 11 1 77 56 54 67 60 7 0 24 5 55 40 30 70 82 64 38 49 34 13 46 39 18
#c 1 1 3 1 3 1 0 1 0 0 2 0 3 2 3 1 0 0 2 3 0 3 0 0 1 3 1 3 2 1 2 3 1 3 2 0 3 1 2 2 1 2 0 0 3 1 2 0 0 2 2 0 2 3 1 1 1 0 2 0 1 3 0 0 2 0 3 1 1 0 2 3 0 3 0 2 2 1 3 3 0 3 2
#c 1 1 3 1 3 1 0 1 0 0 2 0 3 2 3 1 0 0 2 3 0 3 0 0 1 3 1 3 2 1 2 3 1 3 2 0 3 1 2 2 1 2 0 0 3 1 2 0 0 2 2 0 2 3 1 1 1 0 2 0 1 3 0 0 2 0 3 1 1 0 2 3 0 3 0 2 2 1 3 3 0 3 2
10 10 71 44 36 66 12 27 79 61 19 81 46 52 28 18 34 41 10 70 49 38
10 9 31 73 21 4 2 53 33 14 78 25 30 50 58 82 75 64 76 13 39
#c 1 1 3 1 3 1 0 1 0 0 2 0 3 2 3 1 0 0 2 3 0 3 0 0 1 3 1 3 2 1 2 3 1 3 2 0 3 1 2 2 1 2 0 0 3 1 2 0 0 2 2 0 2 3 1 1 1 0 2 0 1 3 0 0 2 0 3 1 1 0 2 3 0 3 0 2 2 1 3 3 0 3 2
4 4 74 59 22 20 46 58 39 75
20 15 42 65 62 57 72 11 51 63 80 47 6 43 23 69 17 16 8 48 9 35 30 50 70 82 64 41 76 38 49 34 10 13 52 28 18
#c 1 1 3 1 3 1 0 1 0 0 2 0 3 2 3 1 0 0 2 3 0 3 0 0 1 3 1 3 2 1 2 3 1 3 2 0 3 1 2 2 1 2 0 0 3 1 2 0 0 2 2 0 2 3 1 1 1 0 2 0 1 3 0 0 2 0 3 1 1 0 2 3 0 3 0 2 2 1 3 3 0 3 2
9 9 1 0 77 24 5 45 37 54 15 25 71 12 36 33 73 4 27 19
11 11 3 56 67 32 60 29 26 7 68 55 40 31 66 21 44 61 81 79 2 53 14 78
#c 1 1 3 1 3 1 0 1 0 0 2 0 3 2 3 1 0 0 2 3 0 3 0 0 1 3 1 3 2 1 2 3 1 3 2 0 3 1 2 2 1 2 0 0 3 1 2 0 0 2 2 0 2 3 1 1 1 0 2 0 1 3 0 0 2 0 3 1 1 0 2 3 0 3 0 2 2 1 3 3 0 3 2
9 9 30 52 49 38 82 46 39 18 70 5 24 56 7 26 0 37 54 67
10 11 50 58 75 64 41 76 34 10 13 28 1 77 3 32 60 29 15 68 55 45 40
#c 1 1 3 1 3 1 0 1 0 0 2 0 3 2 3 1 0 0 2 3 0 3 0 0 1 3 1 3 2 1 2 3 1 3 2 0 3 1 2 2 1 2 0 0 3 1 2 0 0 2 2 0 2 3 1 1 1 0 2 0 1 3 0 0 2 0 3 1 1 0 2 3 0 3 0 2 2 1 3 3 0 3 2
5 5 27 61 73 33 19 38 64 82 75 30
15 14 31 66 21 44 12 71 81 79 4 2 53 36 14 78 25 50 58 70 41 76 49 34 10 13 46 39 52 28 18
#c 1 1 3 1 3 1 0 1 0 0 2 0 3 2 3 1 0 0 2 3 0 3 0 0 1 3 1 3 2 1 2 3 1 3 2 0 3 1 2 2 1 2 0 0 3 1 2 0 0 2 2 0 2 3 1 1 1 0 2 0 1 3 0 0 2 0 3 1 1 0 2 3 0 3 0 2 2 1 3 3 0 3 2
#c 1 1 3 1 3 1 0 1 0 0 2 0 3 2 3 1 0 0 2 3 0 3 0 0 1 3 1 3 2 1 2 3 1 3 2 0 3 1 2 2 1 2 0 0 3 1 2 0 0 2 2 0 2 3 1 1 1 0 2 0 1 3 0 0 2 0 3 1 1 0 2 3 0 3 0 2 2 1 3 3 0 3 2
#c 1 1 3 1 3 1 0 1 0 0 2 0 3 2 3 1 0 0 2 3 0 3 0 0 1 3 1 3 2 1 2 3 1 3 2 0 3 1 2 2 1 2 0 0 3 1 2 0 0 2 2 0 2 3 1 1 1 0 2 0 1 3 0 0 2 0 3 1 1 0 2 3 0 3 0 2 2 1 3 3 0 3 2
4 4 38 41 46 30 33 4 81 12
15 16 50 58 70 82 75 64 76 49 34 10 13 39 52 28 18 27 31 73 66 21 44 19 61 71 79 2 53 36 14 78 25
#c 1 1 3 1 3 1 0 1 0 0 2 0 3 2 3 1 0 0 2 3 0 3 0 0 1 3 1 3 2 1 2 3 1 3 2 0 3 1 2 2 1 2 0 0 3 1 2 0 0 2 2 0 2 3 1 1 1 0 2 0 1 3 0 0 2 0 3 1 1 0 2 3 0 3 0 2 2 1 3 3 0 3 2
6 6 61 27 53 79 21 19 80 17 20 43 69 6
14 18 31 73 66 44 12 71 81 4 2 36 33 14 78 25 42 65 62 57 72 11 51 59 63 47 74 23 16 8 22 48 9 35
#c 1 1 3 1 3 1 0 1 0 0 2 0 3 2 3 1 0 0 2 3 0 3 0 0 1 3 1 3 2 1 2 3 1 3 2 0 3 1 2 2 1 2 0 0 3 1 2 0 0 2 2 0 2 3 1 1 1 0 2 0 1 3 0 0 2 0 3 1 1 0 2 3 0 3 0 2 2 1 3 3 0 3 2
7 7 16 22 43 72 59 69 20 66 79 21 4 33 61 27
17 13 42 65 62 57 11 51 63 80 47 6 74 23 17 8 48 9 35 31 73 44 19 12 71 81 2 53 36 14 78 25
#c 1 1 3 1 3 1 0 1 0 0 2 0 3 2 3 1 0 0 2 3 0 3 0 0 1 3 1 3 2 1 2 3 1 3 2 0 3 1 2 2 1 2 0 0 3 1 2 0 0 2 2 0 2 3 1 1 1 0 2 0 1 3 0 0 2 0 3 1 1 0 2 3 0 3 0 2 2 1 3 3 0 3 2
4 4 60 29 45 54 72 57 65 35
16 20 1 37 77 3 56 67 32 26 7 0 24 5 15 68 55 40 42 62 11 51 59 63 80 47 6 20 43 74 23 69 17 16 8 22 48 9
#c 1 1 3 1 3 1 0 1 0 0 2 0 3 2 3 1 0 0 2 3 0 3 0 0 1 3 1 3 2 1 2 3 1 3 2 0 3 1 2 2 1 2 0 0 3 1 2 0 0 2 2 0 2 3 1 1 1 0 2 0 1 3 0 0 2 0 3 1 1 0 2 3 0 3 0 2 2 1 3 3 0 3 2
#c 1 1 3 1 3 1 0 1 0 0 2 0 3 2 3 1 0 0 2 3 0 3 0 0 1 3 1 3 2 1 2 3 1 3 2 0 3 1 2 2 1 2 0 0 3 1 2 0 0 2 2 0 2 3 1 1 1 0 2 0 1 3 0 0 2 0 3 1 1 0 2 3 0 3 0 2 2 1 3 3 0 3 2
#c 1 1 3 1 3 1 0 1 0 0 2 0 3 2 3 1 0 0 2 3 0 3 0 0 1 3 1 3 2 1 2 3 1 3 2 0 3 1 2 2 1 2 0 0 3 1 2 0 0 2 2 0 2 3 1 1 1 0 2 0 1 3 0 0 2 0 3 1 1 0 2 3 0 3 0 2 2 1 3 3 0 3 2
11 9 20 59 63 9 51 80 42 17 23 62 65 75 76 52 39 50 49 82 38 41
13 10 57 72 11 47 6 43 74 69 16 8 22 48 35 30 58 70 64 34 10 13 46 28 18
#c 1 1 3 1 3 1 0 1 0 0 2 0 3 2 3 1 0 0 2 3 0 3 0 0 1 3 1 3 2 1 2 3 1 3 2 0 3 1 2 2 1 2 0 0 3 1 2 0 0 2 2 0 2 3 1 1 1 0 2 0 1 3 0 0 2 0 3 1 1 0 2 3 0 3 0 2 2 1 3 3 0 3 2
#c 1 1 3 1 3 1 0 1 0 0 2 0 3 2 3 1 0 0 2 3 0 3 0 0 1 3 1 3 2 1 2 3 1 3 2 0 3 1 2 2 1 2 0 0 3 1 2 0 0 2 2 0 2 3 1 1 1 0 2 0 1 3 0 0 2 0 3 1 1 0 2 3 0 3 0 2 2 1 3 3 0 3 2
#c 1 1 3 1 3 1 0 1 0 0 2 0 3 2 3 1 0 0 2 3 0 3 0 0 1 3 1 3 2 1 2 3 1 3 2 0 3 1 2 2 1 2 0 0 3 1 2 0 0 2 2 0 2 3 1 1 1 0 2 0 1 3 0 0 2 0 3 1 1 0 2 3 0 3 0 2 2 1 3 3 0 3 2
9 9 2 21 14 79 33 4 66 73 12 34 49 64 39 13 58 76 82 30
11 10 27 31 44 19 61 71 81 53 36 78 25 50 70 75 41 38 10 46 52 28 18
#c 1 1 3 1 3 1 0 1 0 0 2 0 3 2 3 1 0 0 2 3 0 3 0 0 1 3 1 3 2 1 2 3 1 3 2 0 3 1 2 2 1 2 0 0 3 1 2 0 0 2 2 0 2 3 1 1 1 0 2 0 1 3 0 0 2 0 3 1 1 0 2 3 0 3 0 2 2 1 3 3 0 3 2
4 4 74 63 47 48 24 60 37 0
20 16 42 65 62 57 72 11 51 59 80 6 20 43 23 69 17 16 8 22 9 35 1 77 3 56 54 67 32 29 26 7 5 15 68 55 45 40
#c 1 1 3 1 3 1 0 1 0 0 2 0 3 2 3 1 0 0 2 3 0 3 0 0 1 3 1 3 2 1 2 3 1 3 2 0 3 1 2 2 1 2 0 0 3 1 2 0 0 2 2 0 2 3 1 1 1 0 2 0 1 3 0 0 2 0 3 1 1 0 2 3 0 3 0 2 2 1 3 3 0 3 2
8 8 29 26 67 60 1 7 3 56 6 48 42 11 17 23 63 65
12 16 37 77 54 32 0 24 5 15 68 55 45 40 62 57 72 51 59 80 47 20 43 74 69 16 8 22 9 35
#c 1 1 3 1 3 1 0 1 0 0 2 0 3 2 3 1 0 0 2 3 0 3 0 0 1 3 1 3 2 1 2 3 1 3 2 0 3 1 2 2 1 2 0 0 3 1 2 0 0 2 2 0 2 3 1 1 1 0 2 0 1 3 0 0 2 0 3 1 1 0 2 3 0 3 0 2 2 1 3 3 0 3 2
6 7 64 10 70 50 46 41 24 54 67 5 45 15 55
13 13 30 58 82 75 76 38 49 34 13 39 52 28 18 1 37 77 3 56 32 60 29 26 7 0 68 40
#c 1 1 3 1 3 1 0 1 0 0 2 0 3 2 3 1 0 0 2 3 0 3 0 0 1 3 1 3 2 1 2 3 1 3 2 0 3 1 2 2 1 2 0 0 3 1 2 0 0 2 2 0 2 3 1 1 1 0 2 0 1 3 0 0 2 0 3 1 1 0 2 3 0 3 0 2 2 1 3 3 0 3 2
#c 1 1 3 1 3 1 0 1 0 0 2 0 3 2 3 1 0 0 2 3 0 3 0 0 1 3 1 3 2 1 2 3 1 3 2 0 3 1 2 2 1 2 0 0 3 1 2 0 0 2 2 0 2 3 1 1 1 0 2 0 1 3 0 0 2 0 3 1 1 0 2 3 0 3 0 2 2 1 3 3 0 3 2
6 6 11 63 6 47 22 51 32 5 40 77 7 15
18 14 42 65 62 57 72 59 80 20 43 74 23 69 17 16 8 48 9 35 1 37 3 56 54 67 60 29 26 0 24 68 55 45
#c 1 1 3 1 3 1 0 1 0 0 2 0 3 2 3 1 0 0 2 3 0 3 0 0 1 3 1 3 2 1 2 3 1 3 2 0 3 1 2 2 1 2 0 0 3 1 2 0 0 2 2 0 2 3 1 1 1 0 2 0 1 3 0 0 2 0 3 1 1 0 2 3 0 3 0 2 2 1 3 3 0 3 2
5 5 26 5 7 67 29 11 72 74 17 59
15 19 1 37 77 3 56 54 32 60 0 24 15 68 55 45 40 42 65 62 57 51 63 80 47 6 20 43 23 69 16 8 22 48 9 35
#c 1 1 3 1 3 1 0 1 0 0 2 0 3 2 3 1 0 0 2 3 0 3 0 0 1 3 1 3 2 1 2 3 1 3 2 0 3 1 2 2 1 2 0 0 3 1 2 0 0 2 2 0 2 3 1 1 1 0 2 0 1 3 0 0 2 0 3 1 1 0 2 3 0 3 0 2 2 1 3 3 0 3 2
7 7 75 49 52 13 58 76 64 11 43 16 74 63 65 23
12 17 30 50 70 82 41 38 34 10 46 39 28 18 42 62 57 72 51 59 80 47 6 20 69 17 8 22 48 9 35
#c 1 1 3 1 3 1 0 1 0 0 2 0 3 2 3 1 0 0 2 3 0 3 0 0 1 3 1 3 2 1 2 3 1 3 2 0 3 1 2 2 1 2 0 0 3 1 2 0 0 2 2 0 2 3 1 1 1 0 2 0 1 3 0 0 2 0 3 1 1 0 2 3 0 3 0 2 2 1 3 3 0 3 2
7 7 2 81 27 53 14 73 66 6 69 23 16 63 20 35
13 17 31 21 44 19 61 12 71 79 4 36 33 78 25 42 65 62 57 72 11 51 59 80 47 43 74 17 8 22 48 9
#c 1 1 3 1 3 1 0 1 0 0 2 0 3 2 3 1 0 0 2 3 0 3 0 0 1 3 1 3 2 1 2 3 1 3 2 0 3 1 2 2 1 2 0 0 3 1 2 0 0 2 2 0 2 3 1 1 1 0 2 0 1 3 0 0 2 0 3 1 1 0 2 3 0 3 0 2 2 1 3 3 0 3 2
11 11 6 65 59 63 42 22 80 9 8 17 74 14 61 31 71 21 4 79 12 73 44 81
13 9 62 57 72 11 51 47 20 43 23 69 16 48 35 27 66 19 2 53 36 33 78 25
#c 1 1 3 1 3 1 0 1 0 0 2 0 3 2 3 1 0 0 2 3 0 3 0 0 1 3 1 3 2 1 2 3 1 3 2 0 3 1 2 2 1 2 0 0 3 1 2 0 0 2 2 0 2 3 1 1 1 0 2 0 1 3 0 0 2 0 3 1 1 0 2 3 0 3 0 2 2 1 3 3 0 3 2
4 4 77 55 40 56 81 73 27 25
16 16 1 37 3 54 67 32 60 29 26 7 0 24 5 15 68 45 31 66 21 44 19 61 12 71 79 4 2 53 36 33 14 78
#c 1 1 3 1 3 1 0 1 0 0 2 0 3 2 3 1 0 0 2 3 0 3 0 0 1 3 1 3 2 1 2 3 1 3 2 0 3 1 2 2 1 2 0 0 3 1 2 0 0 2 2 0 2 3 1 1 1 0 2 0 1 3 0 0 2 0 3 1 1 0 2 3 0 3 0 2 2 1 3 3 0 3 2
5 5 13 41 82 30 46 71 33 73 78 53
14 15 50 58 70 75 64 76 38 49 34 10 39 52 28 18 27 31 66 21 44 19 61 12 81 79 4 2 36 14 25
#c 1 1 3 1 3 1 0 1 0 0 2 0 3 2 3 1 0 0 2 3 0 3 0 0 1 3 1 3 2 1 2 3 1 3 2 0 3 1 2 2 1 2 0 0 3 1 2 0 0 2 2 0 2 3 1 1 1 0 2 0 1 3 0 0 2 0 3 1 1 0 2 3 0 3 0 2 2 1 3 3 0 3 2
#c 1 1 3 1 3 1 0 1 0 0 2 0 3 2 3 1 0 0 2 3 0 3 0 0 1 3 1 3 2 1 2 3 1 3 2 0 3 1 2 2 1 2 0 0 3 1 2 0 0 2 2 0 2 3 1 1 1 0 2 0 1 3 0 0 2 0 3 1 1 0 2 3 0 3 0 2 2 1 3 3 0 3 2
2 3 42 48 50 30 82
22 16 65 62 57 72 11 51 59 63 80 47 6 20 43 74 23 69 17 16 8 22 9 35 58 70 75 64 41 76 38 49 34 10 13 46 39 52 28 18
#c 1 1 3 1 3 1 0 1 0 0 2 0 3 2 3 1 0 0 2 3 0 3 0 0 1 3 1 3 2 1 2 3 1 3 2 0 3 1 2 2 1 2 0 0 3 1 2 0 0 2 2 0 2 3 1 1 1 0 2 0 1 3 0 0 2 0 3 1 1 0 2 3 0 3 0 2 2 1 3 3 0 3 2
8 8 60 24 55 15 67 56 68 29 66 71 73 81 44 25 33 53
12 12 1 37 77 3 54 32 26 7 0 5 45 40 27 31 21 19 61 12 79 4 2 36 14 78
#c 1 1 3 1 3 1 0 1 0 0 2 0 3 2 3 1 0 0 2 3 0 3 0 0 1 3 1 3 2 1 2 3 1 3 2 0 3 1 2 2 1 2 0 0 3 1 2 0 0 2 2 0 2 3 1 1 1 0 2 0 1 3 0 0 2 0 3 1 1 0 2 3 0 3 0 2 2 1 3 3 0 3 2
#c 1 1 3 1 3 1 0 1 0 0 2 0 3 2 3 1 0 0 2 3 0 3 0 0 1 3 1 3 2 1 2 3 1 3 2 0 3 1 2 2 1 2 0 0 3 1 2 0 0 2 2 0 2 3 1 1 1 0 2 0 1 3 0 0 2 0 3 1 1 0 2 3 0 3 0 2 2 1 3 3 0 3 2
3 3 44 2 78 82 75 58
17 16 27 31 73 66 21 19 61 12 71 81 79 4 53 36 33 14 25 30 50 70 64 41 76 38 49 34 10 13 46 39 52 28 18
#c 1 1 3 1 3 1 0 1 0 0 2 0 3 2 3 1 0 0 2 3 0 3 0 0 1 3 1 3 2 1 2 3 1 3 2 0 3 1 2 2 1 2 0 0 3 1 2 0 0 2 2 0 2 3 1 1 1 0 2 0 1 3 0 0 2 0 3 1 1 0 2 3 0 3 0 2 2 1 3 3 0 3 2
10 10 63 69 16 47 43 42 51 17 59 22 58 52 18 70 10 49 64 34 82 13
14 9 65 62 57 72 11 80 6 20 74 23 8 48 9 35 30 50 75 41 76 38 46 39 28
#c 1 1 3 1 3 1 0 1 0 0 2 0 3 2 3 1 0 0 2 3 0 3 0 0 1 3 1 3 2 1 2 3 1 3 2 0 3 1 2 2 1 2 0 0 3 1 2 0 0 2 2 0 2 3 1 1 1 0 2 0 1 3 0 0 2 0 3 1 1 0 2 3 0 3 0 2 2 1 3 3 0 3 2
4 5 24 5 26 56 31 4 14 61 78
16 15 1 37 77 3 54 67 32 60 29 7 0 15 68 55 45 40 27 73 66 21 44 19 12 71 81 79 2 53 36 33 25
#c 1 1 3 1 3 1 0 1 0 0 2 0 3 2 3 1 0 0 2 3 0 3 0 0 1 3 1 3 2 1 2 3 1 3 2 0 3 1 2 2 1 2 0 0 3 1 2 0 0 2 2 0 2 3 1 1 1 0 2 0 1 3 0 0 2 0 3 1 1 0 2 3 0 3 0 2 2 1 3 3 0 3 2
#c 1 1 3 1 3 1 0 1 0 0 2 0 3 2 3 1 0 0 2 3 0 3 0 0 1 3 1 3 2 1 2 3 1 3 2 0 3 1 2 2 1 2 0 0 3 1 2 0 0 2 2 0 2 3 1 1 1 0 2 0 1 3 0 0 2 0 3 1 1 0 2 3 0 3 0 2 2 1 3 3 0 3 2
1 1 36 48
19 23 27 31 73 66 21 44 19 61 12 71 81 79 4 2 53 33 14 78 25 42 65 62 57 72 11 51 59 63 80 47 6 20 43 74 23 69 17 16 8 22 9 35
#c 1 1 3 1 3 1 0 1 0 0 2 0 3 2 3 1 0 0 2 3 0 3 0 0 1 3 1 3 2 1 2 3 1 3 2 0 3 1 2 2 1 2 0 0 3 1 2 0 0 2 2 0 2 3 1 1 1 0 2 0 1 3 0 0 2 0 3 1 1 0 2 3 0 3 0 2 2 1 3 3 0 3 2
10 10 23 9 47 22 6 43 65 35 17 20 61 2 73 71 4 79 27 44 78 14
14 10 42 62 57 72 11 51 59 63 80 74 69 16 8 48 31 66 21 19 12 81 53 36 33 25
#c 1 1 3 1 3 1 0 1 0 0 2 0 3 2 3 1 0 0 2 3 0 3 0 0 1 3 1 3 2 1 2 3 1 3 2 0 3 1 2 2 1 2 0 0 3 1 2 0 0 2 2 0 2 3 1 1 1 0 2 0 1 3 0 0 2 0 3 1 1 0 2 3 0 3 0 2 2 1 3 3 0 3 2
#c 1 1 3 1 3 1 0 1 0 0 2 0 3 2 3 1 0 0 2 3 0 3 0 0 1 3 1 3 2 1 2 3 1 3 2 0 3 1 2 2 1 2 0 0 3 1 2 0 0 2 2 0 2 3 1 1 1 0 2 0 1 3 0 0 2 0 3 1 1 0 2 3 0 3 0 2 2 1 3 3 0 3 2
#c 1 1 3 1 3 1 0 1 0 0 2 0 3 2 3 1 0 0 2 3 0 3 0 0 1 3 1 3 2 1 2 3 1 3 2 0 3 1 2 2 1 2 0 0 3 1 2 0 0 2 2 0 2 3 1 1 1 0 2 0 1 3 0 0 2 0 3 1 1 0 2 3 0 3 0 2 2 1 3 3 0 3 2
4 4 4 44 73 27 34 82 13 50
16 15 31 66 21 19 61 12 71 81 79 2 53 36 33 14 78 25 30 58 70 75 64 41 76 38 49 10 46 39 52 28 18
#c 1 1 3 1 3 1 0 1 0 0 2 0 3 2 3 1 0 0 2 3 0 3 0 0 1 3 1 3 2 1 2 3 1 3 2 0 3 1 2 2 1 2 0 0 3 1 2 0 0 2 2 0 2 3 1 1 1 0 2 0 1 3 0 0 2 0 3 1 1 0 2 3 0 3 0 2 2 1 3 3 0 3 2
10 9 72 65 62 6 59 22 42 16 11 43 32 60 68 45 37 7 67 54 0
14 11 57 51 63 80 47 20 74 23 69 17 8 48 9 35 1 77 3 56 29 26 24 5 15 55 40
#c 1 1 3 1 3 1 0 1 0 0 2 0 3 2 3 1 0 0 2 3 0 3 0 0 1 3 1 3 2 1 2 3 1 3 2 0 3 1 2 2 1 2 0 0 3 1 2 0 0 2 2 0 2 3 1 1 1 0 2 0 1 3 0 0 2 0 3 1 1 0 2 3 0 3 0 2 2 1 3 3 0 3 2
1 3 5 42 9 8
19 21 1 37 77 3 56 54 67 32 60 29 26 7 0 24 15 68 55 45 40 65 62 57 72 11 51 59 63 80 47 6 20 43 74 23 69 17 16 22 48 35
#c 1 1 3 1 3 1 0 1 0 0 2 0 3 2 3 1 0 0 2 3 0 3 0 0 1 3 1 3 2 1 2 3 1 3 2 0 3 1 2 2 1 2 0 0 3 1 2 0 0 2 2 0 2 3 1 1 1 0 2 0 1 3 0 0 2 0 3 1 1 0 2 3 0 3 0 2 2 1 3 3 0 3 2
4 4 70 76 39 30 31 71 27 36
15 16 50 58 82 75 64 41 38 49 34 10 13 46 52 28 18 73 66 21 44 19 61 12 81 79 4 2 53 33 14 78 25
#c 1 1 3 1 3 1 0 1 0 0 2 0 3 2 3 1 0 0 2 3 0 3 0 0 1 3 1 3 2 1 2 3 1 3 2 0 3 1 2 2 1 2 0 0 3 1 2 0 0 2 2 0 2 3 1 1 1 0 2 0 1 3 0 0 2 0 3 1 1 0 2 3 0 3 0 2 2 1 3 3 0 3 2
8 8 4 12 33 81 71 19 27 2 62 72 9 23 47 35 59 42
12 16 31 73 66 21 44 61 79 53 36 14 78 25 65 57 11 51 63 80 6 20 43 74 69 17 16 8 22 48
#c 1 1 3 1 3 1 0 1 0 0 2 0 3 2 3 1 0 0 2 3 0 3 0 0 1 3 1 3 2 1 2 3 1 3 2 0 3 1 2 2 1 2 0 0 3 1 2 0 0 2 2 0 2 3 1 1 1 0 2 0 1 3 0 0 2 0 3 1 1 0 2 3 0 3 0 2 2 1 3 3 0 3 2
#c 1 1 3 1 3 1 0 1 0 0 2 0 3 2 3 1 0 0 2 3 0 3 0 0 1 3 1 3 2 1 2 3 1 3 2 0 3 1 2 2 1 2 0 0 3 1 2 0 0 2 2 0 2 3 1 1 1 0 2 0 1 3 0 0 2 0 3 1 1 0 2 3 0 3 0 2 2 1 3 3 0 3 2
1 1 37 9
19 23 1 77 3 56 54 67 32 60 29 26 7 0 24 5 15 68 55 45 40 42 65 62 57 72 11 51 59 63 80 47 6 20 43 74 23 69 17 16 8 22 48 35
#c 1 1 3 1 3 1 0 1 0 0 2 0 3 2 3 1 0 0 2 3 0 3 0 0 1 3 1 3 2 1 2 3 1 3 2 0 3 1 2 2 1 2 0 0 3 1 2 0 0 2 2 0 2 3 1 1 1 0 2 0 1 3 0 0 2 0 3 1 1 0 2 3 0 3 0 2 2 1 3 3 0 3 2
#c 1 1 3 1 3 1 0 1 0 0 2 0 3 2 3 1 0 0 2 3 0 3 0 0 1 3 1 3 2 1 2 3 1 3 2 0 3 1 2 2 1 2 0 0 3 1 2 0 0 2 2 0 2 3 1 1 1 0 2 0 1 3 0 0 2 0 3 1 1 0 2 3 0 3 0 2 2 1 3 3 0 3 2
#c 1 1 3 1 3 1 0 1 0 0 2 0 3 2 3 1 0 0 2 3 0 3 0 0 1 3 1 3 2 1 2 3 1 3 2 0 3 1 2 2 1 2 0 0 3 1 2 0 0 2 2 0 2 3 1 1 1 0 2 0 1 3 0 0 2 0 3 1 1 0 2 3 0 3 0 2 2 1 3 3 0 3 2
4 4 6 8 74 22 67 7 68 3
20 16 42 65 62 57 72 11 51 59 63 80 47 20 43 23 69 17 16 48 9 35 1 37 77 56 54 32 60 29 26 0 24 5 15 55 45 40
#c 1 1 3 1 3 1 0 1 0 0 2 0 3 2 3 1 0 0 2 3 0 3 0 0 1 3 1 3 2 1 2 3 1 3 2 0 3 1 2 2 1 2 0 0 3 1 2 0 0 2 2 0 2 3 1 1 1 0 2 0 1 3 0 0 2 0 3 1 1 0 2 3 0 3 0 2 2 1 3 3 0 3 2
10 10 37 24 3 29 54 0 1 5 67 56 35 6 8 72 62 80 65 16 48 47
10 14 77 32 60 26 7 15 68 55 45 40 42 57 11 51 59 63 20 43 74 23 69 17 22 9
#c 1 1 3 1 3 1 0 1 0 0 2 0 3 2 3 1 0 0 2 3 0 3 0 0 1 3 1 3 2 1 2 3 1 3 2 0 3 1 2 2 1 2 0 0 3 1 2 0 0 2 2 0 2 3 1 1 1 0 2 0 1 3 0 0 2 0 3 1 1 0 2 3 0 3 0 2 2 1 3 3 0 3 2
#c 1 1 3 1 3 1 0 1 0 0 2 0 3 2 3 1 0 0 2 3 0 3 0 0 1 3 1 3 2 1 2 3 1 3 2 0 3 1 2 2 1 2 0 0 3 1 2 0 0 2 2 0 2 3 1 1 1 0 2 0 1 3 0 0 2 0 3 1 1 0 2 3 0 3 0 2 2 1 3 3 0 3 2
5 6 19 78 36 27 33 75 52 64 46 70 49
15 13 31 73 66 21 44 61 12 71 81 79 4 2 53 14 25 30 50 58 82 41 76 38 34 10 13 39 28 18
#c 1 1 3 1 3 1 0 1 0 0 2 0 3 2 3 1 0 0 2 3 0 3 0 0 1 3 1 3 2 1 2 3 1 3 2 0 3 1 2 2 1 2 0 0 3 1 2 0 0 2 2 0 2 3 1 1 1 0 2 0 1 3 0 0 2 0 3 1 1 0 2 3 0 3 0 2 2 1 3 3 0 3 2
12 12 62 59 72 35 74 6 11 69 23 20 42 80 21 25 78 33 53 12 73 27 61 31 14 44
12 8 65 57 51 63 47 43 17 16 8 22 48 9 66 19 71 81 79 4 2 36
#c 1 1 3 1 3 1 0 1 0 0 2 0 3 2 3 1 0 0 2 3 0 3 0 0 1 3 1 3 2 1 2 3 1 3 2 0 3 1 2 2 1 2 0 0 3 1 2 0 0 2 2 0 2 3 1 1 1 0 2 0 1 3 0 0 2 0 3 1 1 0 2 3 0 3 0 2 2 1 3 3 0 3 2
#c 1 1 3 1 3 1 0 1 0 0 2 0 3 2 3 1 0 0 2 3 0 3 0 0 1 3 1 3 2 1 2 3 1 3 2 0 3 1 2 2 1 2 0 0 3 1 2 0 0 2 2 0 2 3 1 1 1 0 2 0 1 3 0 0 2 0 3 1 1 0 2 3 0 3 0 2 2 1 3 3 0 3 2
7 8 13 75 70 41 18 30 82 27 66 81 79 61 73 33 19
12 12 50 58 64 76 38 49 34 10 46 39 52 28 31 21 44 12 71 4 2 53 36 14 78 25
#c 1 1 3 1 3 1 0 1 0 0 2 0 3 2 3 1 0 0 2 3 0 3 0 0 1 3 1 3 2 1 2 3 1 3 2 0 3 1 2 2 1 2 0 0 3 1 2 0 0 2 2 0 2 3 1 1 1 0 2 0 1 3 0 0 2 0 3 1 1 0 2 3 0 3 0 2 2 1 3 3 0 3 2
5 5 25 12 53 31 2 11 42 57 8 65
15 19 27 73 66 21 44 19 61 71 81 79 4 36 33 14 78 62 72 51 59 63 80 47 6 20 43 74 23 69 17 16 22 48 9 35
#c 1 1 3 1 3 1 0 1 0 0 2 0 3 2 3 1 0 0 2 3 0 3 0 0 1 3 1 3 2 1 2 3 1 3 2 0 3 1 2 2 1 2 0 0 3 1 2 0 0 2 2 0 2 3 1 1 1 0 2 0 1 3 0 0 2 0 3 1 1 0 2 3 0 3 0 2 2 1 3 3 0 3 2
7 7 35 42 9 11 48 8 51 46 38 50 58 64 18 76
17 12 65 62 57 72 59 63 80 47 6 20 43 74 23 69 17 16 22 30 70 82 75 41 49 34 10 13 39 52 28
#c 1 1 3 1 3 1 0 1 0 0 2 0 3 2 3 1 0 0 2 3 0 3 0 0 1 3 1 3 2 1 2 3 1 3 2 0 3 1 2 2 1 2 0 0 3 1 2 0 0 2 2 0 2 3 1 1 1 0 2 0 1 3 0 0 2 0 3 1 1 0 2 3 0 3 0 2 2 1 3 3 0 3 2
3 3 1 54 77 58 34 28
17 16 37 3 56 67 32 60 29 26 7 0 24 5 15 68 55 45 40 30 50 70 82 75 64 41 76 38 49 10 13 46 39 52 18
#c 1 1 3 1 3 1 0 1 0 0 2 0 3 2 3 1 0 0 2 3 0 3 0 0 1 3 1 3 2 1 2 3 1 3 2 0 3 1 2 2 1 2 0 0 3 1 2 0 0 2 2 0 2 3 1 1 1 0 2 0 1 3 0 0 2 0 3 1 1 0 2 3 0 3 0 2 2 1 3 3 0 3 2
#c 1 1 3 1 3 1 0 1 0 0 2 0 3 2 3 1 0 0 2 3 0 3 0 0 1 3 1 3 2 1 2 3 1 3 2 0 3 1 2 2 1 2 0 0 3 1 2 0 0 2 2 0 2 3 1 1 1 0 2 0 1 3 0 0 2 0 3 1 1 0 2 3 0 3 0 2 2 1 3 3 0 3 2
5 5 25 53 81 33 2 13 39 28 49 30
15 14 27 31 73 66 21 44 19 61 12 71 79 4 36 14 78 50 58 70 82 75 64 41 76 38 34 10 46 52 18
#c 1 1 3 1 3 1 0 1 0 0 2 0 3 2 3 1 0 0 2 3 0 3 0 0 1 3 1 3 2 1 2 3 1 3 2 0 3 1 2 2 1 2 0 0 3 1 2 0 0 2 2 0 2 3 1 1 1 0 2 0 1 3 0 0 2 0 3 1 1 0 2 3 0 3 0 2 2 1 3 3 0 3 2
4 4 51 8 22 80 73 53 79 31
20 16 42 65 62 57 72 11 59 63 47 6 20 43 74 23 69 17 16 48 9 35 27 66 21 44 19 61 12 71 81 4 2 36 33 14 78 25
#c 1 1 3 1 3 1 0 1 0 0 2 0 3 2 3 1 0 0 2 3 0 3 0 0 1 3 1 3 2 1 2 3 1 3 2 0 3 1 2 2 1 2 0 0 3 1 2 0 0 2 2 0 2 3 1 1 1 0 2 0 1 3 0 0 2 0 3 1 1 0 2 3 0 3 0 2 2 1 3 3 0 3 2
7 7 32 40 54 55 37 29 7 43 47 62 42 17 35 51
13 17 1 77 3 56 67 60 26 0 24 5 15 68 45 65 57 72 11 59 63 80 6 20 74 23 69 16 8 22 48 9
#c 1 1 3 1 3 1 0 1 0 0 2 0 3 2 3 1 0 0 2 3 0 3 0 0 1 3 1 3 2 1 2 3 1 3 2 0 3 1 2 2 1 2 0 0 3 1 2 0 0 2 2 0 2 3 1 1 1 0 2 0 1 3 0 0 2 0 3 1 1 0 2 3 0 3 0 2 2 1 3 3 0 3 2
#c 1 1 3 1 3 1 0 1 0 0 2 0 3 2 3 1 0 0 2 3 0 3 0 0 1 3 1 3 2 1 2 3 1 3 2 0 3 1 2 2 1 2 0 0 3 1 2 0 0 2 2 0 2 3 1 1 1 0 2 0 1 3 0 0 2 0 3 1 1 0 2 3 0 3 0 2 2 1 3 3 0 3 2
#c 1 1 3 1 3 1 0 1 0 0 2 0 3 2 3 1 0 0 2 3 0 3 0 0 1 3 1 3 2 1 2 3 1 3 2 0 3 1 2 2 1 2 0 0 3 1 2 0 0 2 2 0 2 3 1 1 1 0 2 0 1 3 0 0 2 0 3 1 1 0 2 3 0 3 0 2 2 1 3 3 0 3 2
#c 1 1 3 1 3 1 0 1 0 0 2 0 3 2 3 1 0 0 2 3 0 3 0 0 1 3 1 3 2 1 2 3 1 3 2 0 3 1 2 2 1 2 0 0 3 1 2 0 0 2 2 0 2 3 1 1 1 0 2 0 1 3 0 0 2 0 3 1 1 0 2 3 0 3 0 2 2 1 3 3 0 3 2
10 10 24 3 7 60 15 55 54 5 29 40 25 66 2 27 12 31 81 14 78 73
10 10 1 37 77 56 67 32 26 0 68 45 21 44 19 61 71 79 4 53 36 33
#c 1 1 3 1 3 1 0 1 0 0 2 0 3 2 3 1 0 0 2 3 0 3 0 0 1 3 1 3 2 1 2 3 1 3 2 0 3 1 2 2 1 2 0 0 3 1 2 0 0 2 2 0 2 3 1 1 1 0 2 0 1 3 0 0 2 0 3 1 1 0 2 3 0 3 0 2 2 1 3 3 0 3 2
#c 1 1 3 1 3 1 0 1 0 0 2 0 3 2 3 1 0 0 2 3 0 3 0 0 1 3 1 3 2 1 2 3 1 3 2 0 3 1 2 2 1 2 0 0 3 1 2 0 0 2 2 0 2 3 1 1 1 0 2 0 1 3 0 0 2 0 3 1 1 0 2 3 0 3 0 2 2 1 3 3 0 3 2
1 1 78 11
19 23 27 31 73 66 21 44 19 61 12 71 81 79 4 2 53 36 33 14 25 42 65 62 57 72 51 59 63 80 47 6 20 43 74 23 69 17 16 8 22 48 9 35
#c 1 1 3 1 3 1 0 1 0 0 2 0 3 2 3 1 0 0 2 3 0 3 0 0 1 3 1 3 2 1 2 3 1 3 2 0 3 1 2 2 1 2 0 0 3 1 2 0 0 2 2 0 2 3 1 1 1 0 2 0 1 3 0 0 2 0 3 1 1 0 2 3 0 3 0 2 2 1 3 3 0 3 2
8 8 35 23 72 11 57 80 42 16 67 77 3 5 60 68 56 1
16 12 65 62 51 59 63 47 6 20 43 74 69 17 8 22 48 9 37 54 32 29 26 7 0 24 15 55 45 40
#c 1 1 3 1 3 1 0 1 0 0 2 0 3 2 3 1 0 0 2 3 0 3 0 0 1 3 1 3 2 1 2 3 1 3 2 0 3 1 2 2 1 2 0 0 3 1 2 0 0 2 2 0 2 3 1 1 1 0 2 0 1 3 0 0 2 0 3 1 1 0 2 3 0 3 0 2 2 1 3 3 0 3 2
#c 1 1 3 1 3 1 0 1 0 0 2 0 3 2 3 1 0 0 2 3 0 3 0 0 1 3 1 3 2 1 2 3 1 3 2 0 3 1 2 2 1 2 0 0 3 1 2 0 0 2 2 0 2 3 1 1 1 0 2 0 1 3 0 0 2 0 3 1 1 0 2 3 0 3 0 2 2 1 3 3 0 3 2
7 8 18 41 82 30 38 58 75 51 42 65 43 80 23 17 47
12 16 50 70 64 76 49 34 10 13 46 39 52 28 62 57 72 11 59 63 6 20 74 69 16 8 22 48 9 35
#c 1 1 3 1 3 1 0 1 0 0 2 0 3 2 3 1 0 0 2 3 0 3 0 0 1 3 1 3 2 1 2 3 1 3 2 0 3 1 2 2 1 2 0 0 3 1 2 0 0 2 2 0 2 3 1 1 1 0 2 0 1 3 0 0 2 0 3 1 1 0 2 3 0 3 0 2 2 1 3 3 0 3 2
#c 1 1 3 1 3 1 0 1 0 0 2 0 3 2 3 1 0 0 2 3 0 3 0 0 1 3 1 3 2 1 2 3 1 3 2 0 3 1 2 2 1 2 0 0 3 1 2 0 0 2 2 0 2 3 1 1 1 0 2 0 1 3 0 0 2 0 3 1 1 0 2 3 0 3 0 2 2 1 3 3 0 3 2
#c 1 1 3 1 3 1 0 1 0 0 2 0 3 2 3 1 0 0 2 3 0 3 0 0 1 3 1 3 2 1 2 3 1 3 2 0 3 1 2 2 1 2 0 0 3 1 2 0 0 2 2 0 2 3 1 1 1 0 2 0 1 3 0 0 2 0 3 1 1 0 2 3 0 3 0 2 2 1 3 3 0 3 2
8 8 32 54 37 1 60 29 26 55 64 28 82 70 39 34 38 10
12 11 77 3 56 67 7 0 24 5 15 68 45 40 30 50 58 75 41 76 49 13 46 52 18
#c 1 1 3 1 3 1 0 1 0 0 2 0 3 2 3 1 0 0 2 3 0 3 0 0 1 3 1 3 2 1 2 3 1 3 2 0 3 1 2 2 1 2 0 0 3 1 2 0 0 2 2 0 2 3 1 1 1 0 2 0 1 3 0 0 2 0 3 1 1 0 2 3 0 3 0 2 2 1 3 3 0 3 2
3 2 52 76 10 57 51
16 22 30 50 58 70 82 75 64 41 38 49 34 13 46 39 28 18 42 65 62 72 11 59 63 80 47 6 20 43 74 23 69 17 16 8 22 48 9 35
#c 1 1 3 1 3 1 0 1 0 0 2 0 3 2 3 1 0 0 2 3 0 3 0 0 1 3 1 3 2 1 2 3 1 3 2 0 3 1 2 2 1 2 0 0 3 1 2 0 0 2 2 0 2 3 1 1 1 0 2 0 1 3 0 0 2 0 3 1 1 0 2 3 0 3 0 2 2 1 3 3 0 3 2
6 6 53 4 19 2 25 44 41 30 70 76 10 28
14 13 27 31 73 66 21 61 12 71 81 79 36 33 14 78 50 58 82 75 64 38 49 34 13 46 39 52 18
#c 1 1 3 1 3 1 0 1 0 0 2 0 3 2 3 1 0 0 2 3 0 3 0 0 1 3 1 3 2 1 2 3 1 3 2 0 3 1 2 2 1 2 0 0 3 1 2 0 0 2 2 0 2 3 1 1 1 0 2 0 1 3 0 0 2 0 3 1 1 0 2 3 0 3 0 2 2 1 3 3 0 3 2
#c 1 1 3 1 3 1 0 1 0 0 2 0 3 2 3 1 0 0 2 3 0 3 0 0 1 3 1 3 2 1 2 3 1 3 2 0 3 1 2 2 1 2 0 0 3 1 2 0 0 2 2 0 2 3 1 1 1 0 2 0 1 3 0 0 2 0 3 1 1 0 2 3 0 3 0 2 2 1 3 3 0 3 2
9 9 60 56 77 29 5 15 45 68 37 42 9 6 16 22 65 20 57 43
11 15 1 3 54 67 32 26 7 0 24 55 40 62 72 11 51 59 63 80 47 74 23 69 17 8 48 35
#c 1 1 3 1 3 1 0 1 0 0 2 0 3 2 3 1 0 0 2 3 0 3 0 0 1 3 1 3 2 1 2 3 1 3 2 0 3 1 2 2 1 2 0 0 3 1 2 0 0 2 2 0 2 3 1 1 1 0 2 0 1 3 0 0 2 0 3 1 1 0 2 3 0 3 0 2 2 1 3 3 0 3 2
9 9 70 58 41 52 28 76 82 39 34 24 56 60 77 7 26 55 45 0
10 11 30 50 75 64 38 49 10 13 46 18 1 37 3 54 67 32 29 5 15 68 40
#c 1 1 3 1 3 1 0 1 0 0 2 0 3 2 3 1 0 0 2 3 0 3 0 0 1 3 1 3 2 1 2 3 1 3 2 0 3 1 2 2 1 2 0 0 3 1 2 0 0 2 2 0 2 3 1 1 1 0 2 0 1 3 0 0 2 0 3 1 1 0 2 3 0 3 0 2 2 1 3 3 0 3 2
#c 1 1 3 1 3 1 0 1 0 0 2 0 3 2 3 1 0 0 2 3 0 3 0 0 1 3 1 3 2 1 2 3 1 3 2 0 3 1 2 2 1 2 0 0 3 1 2 0 0 2 2 0 2 3 1 1 1 0 2 0 1 3 0 0 2 0 3 1 1 0 2 3 0 3 0 2 2 1 3 3 0 3 2
7 8 11 72 47 69 51 16 20 78 81 4 53 12 27 79 44
17 12 42 65 62 57 59 63 80 6 43 74 23 17 8 22 48 9 35 31 73 66 21 19 61 71 2 36 33 14 25
#c 1 1 3 1 3 1 0 1 0 0 2 0 3 2 3 1 0 0 2 3 0 3 0 0 1 3 1 3 2 1 2 3 1 3 2 0 3 1 2 2 1 2 0 0 3 1 2 0 0 2 2 0 2 3 1 1 1 0 2 0 1 3 0 0 2 0 3 1 1 0 2 3 0 3 0 2 2 1 3 3 0 3 2
10 10 32 55 45 54 40 24 15 37 29 56 36 21 71 12 81 79 2 31 61 33
10 10 1 77 3 67 60 26 7 0 5 68 27 73 66 44 19 4 53 14 78 25
#c 1 1 1 1 3 1 0 1 0 0 2 0 1 2 3 3 0 0 2 3 0 1 0 0 3 3 1 3 2 3 2 1 3 1 2 0 1 3 2 2 3 2 0 0 3 3 2 0 0 2 2 0 2 3 3 3 3 0 2 0 1 1 0 0 2 0 3 1 1 0 2 1 0 3 0 2 2 1 3 1 0 1 2
1 1 70 4
18 19 30 50 58 82 75 64 41 76 38 49 34 10 13 46 39 52 28 18 27 73 66 44 19 53 14 78 25 32 55 45 54 40 24 15 37 29 56
#c 1 1 1 1 3 1 0 1 0 0 2 0 1 2 3 3 0 0 2 3 0 1 0 0 3 3 1 3 2 3 2 1 3 1 2 0 1 3 2 2 3 2 0 0 3 3 2 0 0 2 2 0 2 3 3 3 3 0 2 0 1 1 0 0 2 0 3 1 1 0 2 1 0 3 0 2 2 1 3 1 0 1 2
6 6 66 40 4 45 25 53 52 70 82 46 50 28
14 13 27 73 44 19 14 78 32 55 54 24 15 37 29 56 30 58 75 64 41 76 38 49 34 10 13 39 18
#c 1 1 1 1 3 1 0 1 0 0 2 0 1 2 3 3 0 0 2 3 0 1 0 0 3 3 1 3 2 3 2 1 3 1 2 0 1 3 2 2 3 2 0 0 3 3 2 0 0 2 2 0 2 3 3 3 3 0 2 0 1 1 0 0 2 0 3 1 1 0 2 1 0 3 0 2 2 1 3 1 0 1 2
#c 1 1 1 1 3 1 0 1 0 0 2 0 1 2 3 3 0 0 2 3 0 1 0 0 3 3 1 3 2 3 2 1 3 1 2 0 1 3 2 2 3 2 0 0 3 3 2 0 0 2 2 0 2 3 3 3 3 0 2 0 1 1 0 0 2 0 3 1 1 0 2 1 0 3 0 2 2 1 3 1 0 1 2
4 4 0 61 68 31 69 9 17 62
16 20 1 77 3 67 60 26 7 5 36 21 71 12 81 79 2 33 42 65 57 72 11 51 59 63 80 47 6 20 43 74 23 16 8 22 48 35
#c 1 1 1 1 3 1 0 1 0 0 2 0 1 2 3 3 0 0 2 3 0 1 0 0 3 3 1 3 2 3 2 1 3 1 2 0 1 3 2 2 3 2 0 0 3 3 2 0 0 2 2 0 2 3 3 3 3 0 2 0 1 1 0 0 2 0 3 1 1 0 2 1 0 3 0 2 2 1 3 1 0 1 2
6 7 76 46 39 13 34 64 27 15 78 45 53 37 73
13 13 30 50 58 70 82 75 41 38 49 10 52 28 18 66 44 19 4 14 25 32 55 54 40 24 29 56
#c 1 1 1 1 3 1 0 1 0 0 2 0 1 2 3 3 0 0 2 3 0 1 0 0 3 3 1 3 2 3 2 1 3 1 2 0 1 3 2 2 3 2 0 0 3 3 2 0 0 2 2 0 2 3 3 3 3 0 2 0 1 1 0 0 2 0 3 1 1 0 2 1 0 3 0 2 2 1 3 1 0 1 2
2 2 15 55 30 18
18 17 27 73 66 44 19 4 53 14 78 25 32 45 54 40 24 37 29 56 50 58 70 82 75 64 41 76 38 49 34 10 13 46 39 52 28
#c 1 1 1 1 3 1 0 1 0 0 2 0 1 2 3 3 0 0 2 3 0 1 0 0 3 3 1 3 2 3 2 1 3 1 2 0 1 3 2 2 3 2 0 0 3 3 2 0 0 2 2 0 2 3 3 3 3 0 2 0 1 1 0 0 2 0 3 1 1 0 2 1 0 3 0 2 2 1 3 1 0 1 2
#c 1 1 1 1 3 1 0 1 0 0 2 0 1 2 3 3 0 0 2 3 0 1 0 0 3 3 1 3 2 3 2 1 3 1 2 0 1 3 2 2 3 2 0 0 3 3 2 0 0 2 2 0 2 3 3 3 3 0 2 0 1 1 0 0 2 0 3 1 1 0 2 1 0 3 0 2 2 1 3 1 0 1 2
4 4 68 36 26 77 52 70 39 13
16 15 1 3 67 60 7 0 5 21 71 12 81 79 2 31 61 33 30 50 58 82 75 64 41 76 38 49 34 10 46 28 18
#c 1 1 1 1 3 1 0 1 0 0 2 0 1 2 3 3 0 0 2 3 0 1 0 0 3 3 1 3 2 3 2 1 3 1 2 0 1 3 2 2 3 2 0 0 3 3 2 0 0 2 2 0 2 3 3 3 3 0 2 0 1 1 0 0 2 0 3 1 1 0 2 1 0 3 0 2 2 1 3 1 0 1 2
2 2 75 52 77 71
17 18 30 50 58 70 82 64 41 76 38 49 34 10 13 46 39 28 18 1 3 67 60 26 7 0 5 68 36 21 12 81 79 2 31 61 33
#c 1 1 1 1 3 1 0 1 0 0 2 0 1 2 3 3 0 0 2 3 0 1 0 0 3 3 1 3 2 3 2 1 3 1 2 0 1 3 2 2 3 2 0 0 3 3 2 0 0 2 2 0 2 3 3 3 3 0 2 0 1 1 0 0 2 0 3 1 1 0 2 1 0 3 0 2 2 1 3 1 0 1 2
10 10 40 54 78 15 44 25 24 56 73 53 64 38 39 46 28 58 10 34 75 82
10 9 27 66 19 4 14 32 55 45 37 29 30 50 70 41 76 49 13 52 18
#c 1 1 1 1 3 1 0 1 0 0 2 0 1 2 3 3 0 0 2 3 0 1 0 0 3 3 1 3 2 3 2 1 3 1 2 0 1 3 2 2 3 2 0 0 3 3 2 0 0 2 2 0 2 3 3 3 3 0 2 0 1 1 0 0 2 0 3 1 1 0 2 1 0 3 0 2 2 1 3 1 0 1 2
3 3 8 23 9 46 10 52
21 16 42 65 62 57 72 11 51 59 63 80 47 6 20 43 74 69 17 16 22 48 35 30 50 58 70 82 75 64 41 76 38 49 34 13 39 28 18
#c 1 1 1 1 3 1 0 1 0 0 2 0 1 2 3 3 0 0 2 3 0 1 0 0 3 3 1 3 2 3 2 1 3 1 2 0 1 3 2 2 3 2 0 0 3 3 2 0 0 2 2 0 2 3 3 3 3 0 2 0 1 1 0 0 2 0 3 1 1 0 2 1 0 3 0 2 2 1 3 1 0 1 2
1 1 81 45
19 19 1 77 3 67 60 26 7 0 5 68 36 21 71 12 79 2 31 61 33 27 73 66 44 19 4 53 14 78 25 32 55 54 40 24 15 37 29 56
#c 1 1 1 1 3 1 0 1 0 0 2 0 1 2 3 3 0 0 2 3 0 1 0 0 3 3 1 3 2 3 2 1 3 1 2 0 1 3 2 2 3 2 0 0 3 3 2 0 0 2 2 0 2 3 3 3 3 0 2 0 1 1 0 0 2 0 3 1 1 0 2 1 0 3 0 2 2 1 3 1 0 1 2
4 4 70 28 64 76 1 0 81 3
15 16 30 50 58 82 75 41 38 49 34 10 13 46 39 52 18 77 67 60 26 7 5 68 36 21 71 12 79 2 31 61 33
#c 1 1 1 1 3 1 0 1 0 0 2 0 1 2 3 3 0 0 2 3 0 1 0 0 3 3 1 3 2 3 2 1 3 1 2 0 1 3 2 2 3 2 0 0 3 3 2 0 0 2 2 0 2 3 3 3 3 0 2 0 1 1 0 0 2 0 3 1 1 0 2 1 0 3 0 2 2 1 3 1 0 1 2
#c 1 1 1 1 3 1 0 1 0 0 2 0 1 2 3 3 0 0 2 3 0 1 0 0 3 3 1 3 2 3 2 1 3 1 2 0 1 3 2 2 3 2 0 0 3 3 2 0 0 2 2 0 2 3 3 3 3 0 2 0 1 1 0 0 2 0 3 1 1 0 2 1 0 3 0 2 2 1 3 1 0 1 2
10 10 59 62 43 51 74 20 17 16 8 48 55 37 29 4 40 14 24 73 19 53
14 10 42 65 57 72 11 63 80 47 6 23 69 22 9 35 27 66 44 78 25 32 45 54 15 56
#c 1 1 1 1 3 1 0 1 0 0 2 0 1 2 3 3 0 0 2 3 0 1 0 0 3 3 1 3 2 3 2 1 3 1 2 0 1 3 2 2 3 2 0 0 3 3 2 0 0 2 2 0 2 3 3 3 3 0 2 0 1 1 0 0 2 0 3 1 1 0 2 1 0 3 0 2 2 1 3 1 0 1 2
#c 1 1 1 1 3 1 0 1 0 0 2 0 1 2 3 3 0 0 2 3 0 1 0 0 3 3 1 3 2 3 2 1 3 1 2 0 1 3 2 2 3 2 0 0 3 3 2 0 0 2 2 0 2 3 3 3 3 0 2 0 1 1 0 0 2 0 3 1 1 0 2 1 0 3 0 2 2 1 3 1 0 1 2
#c 1 1 1 1 3 1 0 1 0 0 2 0 1 2 3 3 0 0 2 3 0 1 0 0 3 3 1 3 2 3 2 1 3 1 2 0 1 3 2 2 3 2 0 0 3 3 2 0 0 2 2 0 2 3 3 3 3 0 2 0 1 1 0 0 2 0 3 1 1 0 2 1 0 3 0 2 2 1 3 1 0 1 2
4 4 4 14 45 78 2 33 12 7
16 16 27 73 66 44 19 53 25 32 55 54 40 24 15 37 29 56 1 77 3 67 60 26 0 5 68 36 21 71 81 79 31 61
#c 1 1 1 1 3 1 0 1 0 0 2 0 1 2 3 3 0 0 2 3 0 1 0 0 3 3 1 3 2 3 2 1 3 1 2 0 1 3 2 2 3 2 0 0 3 3 2 0 0 2 2 0 2 3 3 3 3 0 2 0 1 1 0 0 2 0 3 1 1 0 2 1 0 3 0 2 2 1 3 1 0 1 2
1 1 17 34
23 18 42 65 62 57 72 11 51 59 63 80 47 6 20 43 74 23 69 16 8 22 48 9 35 30 50 58 70 82 75 64 41 76 38 49 10 13 46 39 52 28 18
#c 1 1 1 1 3 1 0 1 0 0 2 0 1 2 3 3 0 0 2 3 0 1 0 0 3 3 1 3 2 3 2 1 3 1 2 0 1 3 2 2 3 2 0 0 3 3 2 0 0 2 2 0 2 3 3 3 3 0 2 0 1 1 0 0 2 0 3 1 1 0 2 1 0 3 0 2 2 1 3 1 0 1 2
2 2 5 26 37 15
18 18 1 77 3 67 60 7 0 68 36 21 71 12 81 79 2 31 61 33 27 73 66 44 19 4 53 14 78 25 32 55 45 54 40 24 29 56
#c 1 1 1 1 3 1 0 1 0 0 2 0 1 2 3 3 0 0 2 3 0 1 0 0 3 3 1 3 2 3 2 1 3 1 2 0 1 3 2 2 3 2 0 0 3 3 2 0 0 2 2 0 2 3 3 3 3 0 2 0 1 1 0 0 2 0 3 1 1 0 2 1 0 3 0 2 2 1 3 1 0 1 2
3 3 30 18 28 17 69 11
16 21 50 58 70 82 75 64 41 76 38 49 34 10 13 46 39 52 42 65 62 57 72 51 59 63 80 47 6 20 43 74 23 16 8 22 48 9 35
#c 1 1 1 1 3 1 0 1 0 0 2 0 1 2 3 3 0 0 2 3 0 1 0 0 3 3 1 3 2 3 2 1 3 1 2 0 1 3 2 2 3 2 0 0 3 3 2 0 0 2 2 0 2 3 3 3 3 0 2 0 1 1 0 0 2 0 3 1 1 0 2 1 0 3 0 2 2 1 3 1 0 1 2
#c 1 1 1 1 3 1 0 1 0 0 2 0 1 2 3 3 0 0 2 3 0 1 0 0 3 3 1 3 2 3 2 1 3 1 2 0 1 3 2 2 3 2 0 0 3 3 2 0 0 2 2 0 2 3 3 3 3 0 2 0 1 1 0 0 2 0 3 1 1 0 2 1 0 3 0 2 2 1 3 1 0 1 2
12 12 74 35 20 43 9 11 51 48 80 57 59 72 58 10 49 75 76 38 13 46 34 82 39 64
12 7 42 65 62 63 47 6 23 69 17 16 8 22 30 50 70 41 52 28 18
#c 1 1 1 1 3 1 0 1 0 0 2 0 1 2 3 3 0 0 2 3 0 1 0 0 3 3 1 3 2 3 2 1 3 1 2 0 1 3 2 2 3 2 0 0 3 3 2 0 0 2 2 0 2 3 3 3 3 0 2 0 1 1 0 0 2 0 3 1 1 0 2 1 0 3 0 2 2 1 3 1 0 1 2
#c 1 1 1 1 3 1 0 1 0 0 2 0 1 2 3 3 0 0 2 3 0 1 0 0 3 3 1 3 2 3 2 1 3 1 2 0 1 3 2 2 3 2 0 0 3 3 2 0 0 2 2 0 2 3 3 3 3 0 2 0 1 1 0 0 2 0 3 1 1 0 2 1 0 3 0 2 2 1 3 1 0 1 2
9 11 70 30 39 82 49 46 52 76 13 61 21 60 12 67 68 1 71 7 77 36
10 9 50 58 75 64 41 38 34 10 28 18 3 26 0 5 81 79 2 31 33
#c 1 1 1 1 3 1 0 1 0 0 2 0 1 2 3 3 0 0 2 3 0 1 0 0 3 3 1 3 2 3 2 1 3 1 2 0 1 3 2 2 3 2 0 0 3 3 2 0 0 2 2 0 2 3 3 3 3 0 2 0 1 1 0 0 2 0 3 1 1 0 2 1 0 3 0 2 2 1 3 1 0 1 2
#c 1 1 1 1 3 1 0 1 0 0 2 0 1 2 3 3 0 0 2 3 0 1 0 0 3 3 1 3 2 3 2 1 3 1 2 0 1 3 2 2 3 2 0 0 3 3 2 0 0 2 2 0 2 3 3 3 3 0 2 0 1 1 0 0 2 0 3 1 1 0 2 1 0 3 0 2 2 1 3 1 0 1 2
1 1 74 77
23 19 42 65 62 57 72 11 51 59 63 80 47 6 20 43 23 69 17 16 8 22 48 9 35 1 3 67 60 26 7 0 5 68 36 21 71 12 81 79 2 31 61 33
#c 1 1 1 1 3 1 0 1 0 0 2 0 1 2 3 3 0 0 2 3 0 1 0 0 3 3 1 3 2 3 2 1 3 1 2 0 1 3 2 2 3 2 0 0 3 3 2 0 0 2 2 0 2 3 3 3 3 0 2 0 1 1 0 0 2 0 3 1 1 0 2 1 0 3 0 2 2 1 3 1 0 1 2
4 4 26 36 12 60 50 39 30 49
16 15 1 77 3 67 7 0 5 68 21 71 81 79 2 31 61 33 58 70 82 75 64 41 76 38 34 10 13 46 52 28 18
#c 1 1 1 1 3 1 0 1 0 0 2 0 1 2 3 3 0 0 2 3 0 1 0 0 3 3 1 3 2 3 2 1 3 1 2 0 1 3 2 2 3 2 0 0 3 3 2 0 0 2 2 0 2 3 3 3 3 0 2 0 1 1 0 0 2 0 3 1 1 0 2 1 0 3 0 2 2 1 3 1 0 1 2
7 7 41 46 38 52 76 34 64 25 14 40 19 44 56 54
12 13 30 50 58 70 82 75 49 10 13 39 28 18 27 73 66 4 53 78 32 55 45 24 15 37 29
#c 1 1 1 1 3 1 0 1 0 0 2 0 1 2 3 3 0 0 2 3 0 1 0 0 3 3 1 3 2 3 2 1 3 1 2 0 1 3 2 2 3 2 0 0 3 3 2 0 0 2 2 0 2 3 3 3 3 0 2 0 1 1 0 0 2 0 3 1 1 0 2 1 0 3 0 2 2 1 3 1 0 1 2
4 2 19 78 27 4 69 43
16 22 73 66 44 53 14 25 32 55 45 54 40 24 15 37 29 56 42 65 62 57 72 11 51 59 63 80 47 6 20 74 23 17 16 8 22 48 9 35
#c 1 1 1 1 3 1 0 1 0 0 2 0 1 2 3 3 0 0 2 3 0 1 0 0 3 3 1 3 2 3 2 1 3 1 2 0 1 3 2 2 3 2 0 0 3 3 2 0 0 2 2 0 2 3 3 3 3 0 2 0 1 1 0 0 2 0 3 1 1 0 2 1 0 3 0 2 2 1 3 1 0 1 2
#c 1 1 1 1 3 1 0 1 0 0 2 0 1 2 3 3 0 0 2 3 0 1 0 0 3 3 1 3 2 3 2 1 3 1 2 0 1 3 2 2 3 2 0 0 3 3 2 0 0 2 2 0 2 3 3 3 3 0 2 0 1 1 0 0 2 0 3 1 1 0 2 1 0 3 0 2 2 1 3 1 0 1 2
8 8 67 81 61 3 5 1 33 2 51 48 69 6 23 47 8 17
12 16 77 60 26 7 0 68 36 21 71 12 79 31 42 65 62 57 72 11 59 63 80 20 43 74 16 22 9 35
#c 1 1 1 1 3 1 0 1 0 0 2 0 1 2 3 3 0 0 2 3 0 1 0 0 3 3 1 3 2 3 2 1 3 1 2 0 1 3 2 2 3 2 0 0 3 3 2 0 0 2 2 0 2 3 3 3 3 0 2 0 1 1 0 0 2 0 3 1 1 0 2 1 0 3 0 2 2 1 3 1 0 1 2
#c 1 1 1 1 3 1 0 1 0 0 2 0 1 2 3 3 0 0 2 3 0 1 0 0 3 3 1 3 2 3 2 1 3 1 2 0 1 3 2 2 3 2 0 0 3 3 2 0 0 2 2 0 2 3 3 3 3 0 2 0 1 1 0 0 2 0 3 1 1 0 2 1 0 3 0 2 2 1 3 1 0 1 2
10 10 24 66 73 29 4 25 27 32 45 15 42 11 43 72 23 20 57 22 65 74
10 14 44 19 53 14 78 55 54 40 37 56 62 51 59 63 80 47 6 69 17 16 8 48 9 35
#c 1 1 1 1 3 1 0 1 0 0 2 0 1 2 3 3 0 0 2 3 0 1 0 0 3 3 1 3 2 3 2 1 3 1 2 0 1 3 2 2 3 2 0 0 3 3 2 0 0 2 2 0 2 3 3 3 3 0 2 0 1 1 0 0 2 0 3 1 1 0 2 1 0 3 0 2 2 1 3 1 0 1 2
#c 1 1 1 1 3 1 0 1 0 0 2 0 1 2 3 3 0 0 2 3 0 1 0 0 3 3 1 3 2 3 2 1 3 1 2 0 1 3 2 2 3 2 0 0 3 3 2 0 0 2 2 0 2 3 3 3 3 0 2 0 1 1 0 0 2 0 3 1 1 0 2 1 0 3 0 2 2 1 3 1 0 1 2
4 4 33 7 3 5 35 22 51 80
16 20 1 77 67 60 26 0 68 36 21 71 12 81 79 2 31 61 42 65 62 57 72 11 59 63 47 6 20 43 74 23 69 17 16 8 48 9
#c 1 1 1 1 3 1 0 1 0 0 2 0 1 2 3 3 0 0 2 3 0 1 0 0 3 3 1 3 2 3 2 1 3 1 2 0 1 3 2 2 3 2 0 0 3 3 2 0 0 2 2 0 2 3 3 3 3 0 2 0 1 1 0 0 2 0 3 1 1 0 2 1 0 3 0 2 2 1 3 1 0 1 2
1 1 28 68
18 19 30 50 58 70 82 75 64 41 76 38 49 34 10 13 46 39 52 18 1 77 3 67 60 26 7 0 5 36 21 71 12 81 79 2 31 61 33
#c 1 1 1 1 3 1 0 1 0 0 2 0 1 2 3 3 0 0 2 3 0 1 0 0 3 3 1 3 2 3 2 1 3 1 2 0 1 3 2 2 3 2 0 0 3 3 2 0 0 2 2 0 2 3 3 3 3 0 2 0 1 1 0 0 2 0 3 1 1 0 2 1 0 3 0 2 2 1 3 1 0 1 2
10 10 45 32 55 54 73 53 37 15 56 27 49 28 18 58 46 30 52 34 50 64
10 9 66 44 19 4 14 78 25 40 24 29 70 82 75 41 76 38 10 13 39
#c 1 1 1 1 3 1 0 1 0 0 2 0 1 2 3 3 0 0 2 3 0 1 0 0 3 3 1 3 2 3 2 1 3 1 2 0 1 3 2 2 3 2 0 0 3 3 2 0 0 2 2 0 2 3 3 3 3 0 2 0 1 1 0 0 2 0 3 1 1 0 2 1 0 3 0 2 2 1 3 1 0 1 2
1 1 59 66
23 19 42 65 62 57 72 11 51 63 80 47 6 20 43 74 23 69 17 16 8 22 48 9 35 27 73 44 19 4 53 14 78 25 32 55 45 54 40 24 15 37 29 56
#c 1 1 1 1 3 1 0 1 0 0 2 0 1 2 3 3 0 0 2 3 0 1 0 0 3 3 1 3 2 3 2 1 3 1 2 0 1 3 2 2 3 2 0 0 3 3 2 0 0 2 2 0 2 3 3 3 3 0 2 3 1 1 0 0 2 0 0 1 1 0 2 1 0 3 0 2 2 1 3 1 0 1 2
8 10 67 77 2 81 1 5 71 12 41 13 58 75 50 38 49 18 28 46
12 9 3 60 26 7 0 68 36 21 79 31 61 33 30 70 82 64 76 34 10 39 52
#c 1 1 1 1 3 1 0 1 0 0 2 0 1 2 3 3 0 0 2 3 0 1 0 0 3 3 1 3 2 3 2 1 3 1 2 0 1 3 2 2 3 2 0 0 3 3 2 0 0 2 2 0 2 3 3 3 3 0 2 3 1 1 0 0 2 0 0 1 1 0 2 1 0 3 0 2 2 1 3 1 0 1 2
#c 1 1 1 1 3 1 0 1 0 0 2 0 1 2 3 3 0 0 2 3 0 1 0 0 3 3 1 3 2 3 2 1 3 1 2 0 1 3 2 2 3 2 0 0 3 3 2 0 0 2 2 0 2 3 3 3 3 0 2 3 1 1 0 0 2 0 0 1 1 0 2 1 0 3 0 2 2 1 3 1 0 1 2
2 4 73 24 49 82 46 75
18 15 27 44 19 4 53 14 78 25 32 55 45 54 40 15 37 29 56 59 30 50 58 70 64 41 76 38 34 10 13 39 52 28 18
#c 1 1 1 1 3 1 0 1 0 0 2 0 1 2 3 3 0 0 2 3 0 1 0 0 3 3 1 3 2 3 2 1 3 1 2 0 1 3 2 2 3 2 0 0 3 3 2 0 0 2 2 0 2 3 3 3 3 0 2 3 1 1 0 0 2 0 0 1 1 0 2 1 0 3 0 2 2 1 3 1 0 1 2
2 2 8 62 73 56
22 18 42 65 57 72 11 51 63 80 47 6 20 43 74 23 69 17 16 22 48 9 35 66 27 44 19 4 53 14 78 25 32 55 45 54 40 24 15 37 29 59
#c 1 1 1 1 3 1 0 1 0 0 2 0 1 2 3 3 0 0 2 3 0 1 0 0 3 3 1 3 2 3 2 1 3 1 2 0 1 3 2 2 3 2 0 0 3 3 2 0 0 2 2 0 2 3 3 3 3 0 2 3 1 1 0 0 2 0 0 1 1 0 2 1 0 3 0 2 2 1 3 1 0 1 2
10 10 71 2 33 26 1 0 7 21 67 79 57 43 6 22 62 47 17 65 63 51
10 14 77 3 60 5 68 36 12 81 31 61 42 72 11 80 20 74 23 69 16 8 48 9 35 66
#c 1 1 1 1 3 1 0 1 0 0 2 0 1 2 3 3 0 0 2 3 0 1 0 0 3 3 1 3 2 3 2 1 3 1 2 0 1 3 2 2 3 2 0 0 3 3 2 0 0 2 2 0 2 3 3 3 3 0 2 3 1 1 0 0 2 0 0 1 1 0 2 1 0 3 0 2 2 1 3 1 0 1 2
#c 1 1 1 1 3 1 0 1 0 0 2 0 1 2 3 3 0 0 2 3 0 1 0 0 3 3 1 3 2 3 2 1 3 1 2 0 1 3 2 2 3 2 0 0 3 3 2 0 0 2 2 0 2 3 3 3 3 0 2 3 1 1 0 0 2 0 0 1 1 0 2 1 0 3 0 2 2 1 3 1 0 1 2
#c 1 1 1 1 3 1 0 1 0 0 2 0 1 2 3 3 0 0 2 3 0 1 0 0 3 3 1 3 2 3 2 1 3 1 2 0 1 3 2 2 3 2 0 0 3 3 2 0 0 2 2 0 2 3 3 3 3 0 2 3 1 1 0 0 2 0 0 1 1 0 2 1 0 3 0 2 2 1 3 1 0 1 2
1 1 66 12
23 19 42 65 62 57 72 11 51 63 80 47 6 20 43 74 23 69 17 16 8 22 48 9 35 1 77 3 67 60 26 7 0 5 68 36 21 71 81 79 2 31 61 33
#c 1 1 1 1 3 1 0 1 0 0 2 0 1 2 3 3 0 0 2 3 0 1 0 0 3 3 1 3 2 3 2 1 3 1 2 0 1 3 2 2 3 2 0 0 3 3 2 0 0 2 2 0 2 3 3 3 3 0 2 3 1 1 0 0 2 0 0 1 1 0 2 1 0 3 0 2 2 1 3 1 0 1 2
#c 1 1 1 1 3 1 0 1 0 0 2 0 1 2 3 3 0 0 2 3 0 1 0 0 3 3 1 3 2 3 2 1 3 1 2 0 1 3 2 2 3 2 0 0 3 3 2 0 0 2 2 0 2 3 3 3 3 0 2 3 1 1 0 0 2 0 0 1 1 0 2 1 0 3 0 2 2 1 3 1 0 1 2
1 1 39 9
18 23 30 50 58 70 82 75 64 41 76 38 49 34 10 13 46 52 28 18 42 65 62 57 72 11 51 63 80 47 6 20 43 74 23 69 17 16 8 22 48 35 66
#c 1 1 1 1 3 1 0 1 0 2 2 0 1 2 3 3 0 0 2 3 0 1 0 0 3 3 1 3 2 3 2 1 3 1 2 0 1 3 2 0 3 2 0 0 3 3 2 0 0 2 2 0 2 3 3 3 3 0 2 3 1 1 0 0 2 0 0 1 1 0 2 1 0 3 0 2 2 1 3 1 0 1 2
9 9 14 19 37 29 24 45 32 78 25 1 67 79 33 7 2 3 26 71
11 11 27 73 44 4 53 55 54 40 15 56 59 77 60 0 5 68 36 21 12 81 31 61
#c 1 1 1 1 3 1 0 1 0 2 2 0 1 2 3 3 0 0 2 3 0 1 0 0 3 3 1 3 2 3 2 1 3 1 2 0 1 3 2 0 3 2 0 0 3 3 2 0 0 2 2 0 2 3 3 3 3 0 2 3 1 1 0 0 2 0 0 1 1 0 2 1 0 3 0 2 2 1 3 1 0 1 2
#c 1 1 1 1 3 1 0 1 0 2 2 0 1 2 3 3 0 0 2 3 0 1 0 0 3 3 1 3 2 3 2 1 3 1 2 0 1 3 2 0 3 2 0 0 3 3 2 0 0 2 2 0 2 3 3 3 3 0 2 3 1 1 0 0 2 0 0 1 1 0 2 1 0 3 0 2 2 1 3 1 0 1 2
#c 1 1 1 1 3 1 0 1 0 2 2 0 1 2 3 3 0 0 2 3 0 1 0 0 3 3 1 3 2 3 2 1 3 1 2 0 1 3 2 0 3 2 0 0 3 3 2 0 0 2 2 0 2 3 3 3 3 0 2 3 1 1 0 0 2 0 0 1 1 0 2 1 0 3 0 2 2 1 3 1 0 1 2
9 9 38 49 76 34 70 18 28 41 9 48 66 22 72 11 39 42 6 23
10 15 30 50 58 82 75 64 10 13 46 52 65 62 57 51 63 80 47 20 43 74 69 17 16 8 35
#c 1 1 1 1 3 1 0 1 0 2 2 0 1 2 3 3 0 0 2 3 0 1 0 0 3 3 1 3 2 3 2 1 3 1 2 0 1 3 2 0 3 2 0 0 3 3 2 0 0 2 2 0 2 3 3 3 3 0 2 3 1 1 0 0 2 0 0 1 1 0 2 1 0 3 0 2 2 1 3 1 0 1 2
4 5 19 73 27 59 2 61 26 5 81
16 15 44 4 53 14 78 25 32 55 45 54 40 24 15 37 29 56 1 77 3 67 60 7 0 68 36 21 71 12 79 31 33
#c 1 1 1 1 3 1 0 1 0 2 2 0 1 2 3 3 0 0 2 3 0 1 0 0 3 3 1 3 2 3 2 1 3 1 2 0 1 3 2 0 3 2 0 0 3 3 2 0 0 2 2 0 2 3 3 3 3 0 2 3 1 1 0 0 2 0 0 1 1 0 2 1 0 3 0 2 2 1 3 1 0 1 2
12 12 69 43 42 63 39 11 62 47 6 17 80 66 9 58 76 28 82 30 70 41 50 13 75 34
12 7 65 57 72 51 20 74 23 16 8 22 48 35 64 38 49 10 46 52 18
#c 1 1 1 1 3 1 0 1 0 2 2 0 1 2 3 3 0 0 2 3 0 1 0 0 3 3 1 3 2 3 2 1 3 1 2 0 1 3 2 0 3 2 0 0 3 3 2 0 0 2 2 0 2 3 3 3 3 0 2 3 1 1 0 0 2 0 0 1 1 0 2 1 0 3 0 2 2 1 3 1 0 1 2
10 10 31 12 33 26 0 81 77 1 71 79 45 37 54 14 32 29 59 15 19 27
10 10 3 67 60 7 5 68 36 21 2 61 73 44 4 53 78 25 55 40 24 56
#c 1 1 1 1 3 1 0 1 0 2 2 0 1 2 3 3 0 0 2 3 0 1 0 0 3 3 1 3 2 3 2 1 3 1 2 0 1 3 2 0 3 2 0 0 3 3 2 0 0 2 2 0 2 3 3 3 3 0 2 3 1 1 0 0 2 0 0 1 1 0 2 1 0 3 0 2 2 1 3 1 0 1 2
7 7 10 76 49 9 70 50 28 36 2 79 0 81 12 67
12 13 30 58 82 75 64 41 38 34 13 46 52 18 1 77 3 60 26 7 5 68 21 71 31 61 33
#c 1 1 1 1 3 1 0 1 0 2 2 0 1 2 3 3 0 0 2 3 0 1 0 0 3 3 1 3 2 3 2 1 3 1 2 0 1 3 2 0 3 2 0 0 3 3 2 0 0 2 2 0 2 3 3 3 3 0 2 3 1 1 0 0 2 0 0 1 1 0 2 1 0 3 0 2 2 1 3 1 0 1 2
7 7 4 55 29 53 73 56 59 31 7 5 71 61 26 77
13 13 27 44 19 14 78 25 32 45 54 40 24 15 37 1 3 67 60 0 68 36 21 12 81 79 2 33
#c 1 1 1 1 3 1 0 1 0 2 2 0 1 2 3 3 0 0 2 3 0 1 0 0 3 3 1 3 2 3 2 1 3 1 2 0 1 3 2 0 3 2 0 0 3 3 2 0 0 2 2 0 2 3 3 3 3 0 2 3 1 1 0 0 2 0 0 1 1 0 2 1 0 3 0 2 2 1 3 1 0 1 2
12 12 65 39 17 22 20 42 47 63 69 74 62 51 56 59 14 27 25 53 24 54 55 15 40 29
12 8 57 72 11 80 6 43 23 16 8 48 35 66 73 44 19 4 78 32 45 37
#c 1 1 1 1 3 1 0 1 0 2 2 0 1 2 3 3 0 0 2 3 0 1 0 0 3 3 1 3 2 3 2 1 3 1 2 0 1 3 2 0 3 2 0 0 3 3 2 0 0 2 2 0 2 3 3 3 3 0 2 3 1 1 0 0 2 0 0 1 1 0 2 1 0 3 0 2 2 1 3 1 0 1 2
3 3 67 0 77 73 55 54
17 17 1 3 60 26 7 5 68 36 21 71 12 81 79 2 31 61 33 27 44 19 4 53 14 78 25 32 45 40 24 15 37 29 56 59
#c 1 1 1 1 3 1 0 1 0 2 2 0 1 2 3 3 0 0 2 3 0 1 0 0 3 3 1 3 2 3 2 1 3 1 2 0 1 3 2 0 3 2 0 0 3 3 2 0 0 2 2 0 2 3 3 3 3 0 2 3 1 1 0 0 2 0 0 1 1 0 2 1 0 3 0 2 2 1 3 1 0 1 2
9 9 82 49 70 13 41 30 76 10 38 63 6 48 42 39 8 66 65 22
10 15 50 58 75 64 34 46 52 28 18 9 62 57 72 11 51 80 47 20 43 74 23 69 17 16 35
#c 1 1 1 1 3 1 0 1 0 2 2 0 1 2 3 3 0 0 2 3 0 1 0 0 3 3 1 3 2 3 2 1 3 1 2 0 1 3 2 0 3 2 0 0 3 3 2 0 0 2 2 0 2 3 3 3 3 0 2 3 1 1 0 0 2 0 0 1 1 0 2 1 0 3 0 2 2 1 3 1 0 1 2
#c 1 1 1 1 3 1 0 1 0 2 2 0 1 2 3 3 0 0 2 3 0 1 0 0 3 3 1 3 2 3 2 1 3 1 2 0 1 3 2 0 3 2 0 0 3 3 2 0 0 2 2 0 2 3 3 3 3 0 2 3 1 1 0 0 2 0 0 1 1 0 2 1 0 3 0 2 2 1 3 1 0 1 2
9 9 80 43 17 22 65 8 23 62 51 29 24 15 54 56 4 32 40 45
15 11 42 57 72 11 63 47 6 20 74 69 16 48 35 66 39 27 73 44 19 53 14 78 25 55 37 59
#c 1 1 1 1 3 1 0 1 0 2 2 0 1 2 3 3 0 0 2 3 0 1 0 0 3 3 1 3 2 3 2 1 3 1 2 0 1 3 2 0 3 2 0 0 3 3 2 0 0 2 2 0 2 3 3 3 3 0 2 3 1 1 0 0 2 0 0 1 1 0 2 1 0 3 0 2 2 1 3 1 0 1 2
6 7 68 5 71 3 2 81 56 59 45 14 25 44 32
14 13 1 77 67 60 26 7 0 36 21 12 79 31 61 33 27 73 19 4 53 78 55 54 40 24 15 37 29
#c 1 1 1 1 3 1 0 1 0 2 2 0 1 2 3 3 0 0 2 3 0 1 0 0 3 3 1 3 2 3 2 1 3 1 2 0 1 3 2 0 3 2 0 0 3 3 2 0 0 2 2 0 2 3 3 3 3 0 2 3 1 1 0 0 2 0 0 1 1 0 2 1 0 3 0 2 2 1 3 1 0 1 2
8 8 75 18 70 64 28 50 34 82 66 8 62 39 17 43 74 47
11 16 30 58 41 76 38 49 10 13 46 52 9 42 65 57 72 11 51 63 80 6 20 23 69 16 22 48 35
#c 1 1 1 1 3 1 0 1 0 2 2 0 1 2 3 3 0 0 2 3 0 1 0 0 3 3 1 3 2 3 2 1 3 1 2 0 1 3 2 0 3 2 0 0 3 3 2 0 0 2 2 0 2 3 3 3 3 0 2 3 1 1 0 0 2 0 0 1 1 0 2 1 0 3 0 2 2 1 3 1 0 1 2
6 5 14 15 40 25 56 37 79 12 81 31 33
14 15 27 73 44 19 4 53 78 32 55 45 54 24 29 59 1 77 3 67 60 26 7 0 5 68 36 21 71 2 61
#c 1 1 1 1 3 1 0 1 0 2 2 0 1 2 3 3 0 0 2 3 0 1 0 0 3 3 1 3 2 3 2 1 3 1 2 0 1 3 2 0 3 2 0 0 3 3 2 0 0 2 2 0 2 3 3 3 3 0 2 3 1 1 0 0 2 0 0 1 1 0 2 1 0 3 0 2 2 1 3 1 0 1 2
12 12 23 43 66 63 22 20 17 8 65 74 42 51 34 46 50 30 70 76 58 38 82 10 9 75
12 7 62 57 72 11 80 47 6 69 16 48 35 39 64 41 49 13 52 28 18
#c 1 1 1 1 3 1 0 1 0 2 2 0 1 2 3 3 0 0 2 3 0 1 0 0 3 3 1 3 2 3 2 1 3 1 2 0 1 3 2 0 3 2 0 0 3 3 2 0 0 2 2 0 2 3 3 3 3 0 2 3 1 1 0 0 2 0 0 1 1 0 2 1 0 3 0 2 2 1 3 1 0 1 2
7 7 77 33 7 60 3 71 21 28 13 46 41 76 18 52
13 12 1 67 26 0 5 68 36 12 81 79 2 31 61 30 50 58 70 82 75 64 38 49 34 10 9
#c 1 1 1 1 3 1 0 1 0 2 2 0 1 2 3 3 0 0 2 3 0 1 0 0 3 3 1 3 2 3 2 1 3 1 2 0 1 3 2 0 3 2 0 0 3 3 2 0 0 2 2 0 2 3 3 3 3 0 2 3 1 1 0 0 2 0 0 1 1 0 2 1 0 3 0 2 2 1 3 1 0 1 2
6 6 58 76 9 18 49 10 6 35 63 42 11 69
13 18 30 50 70 82 75 64 41 38 34 13 46 52 28 65 62 57 72 51 80 47 20 43 74 23 17 16 8 22 48 66 39
#c 1 1 1 1 3 1 0 1 0 2 2 0 1 2 3 3 0 0 2 3 0 1 0 0 3 3 1 3 2 3 2 1 3 1 2 0 1 3 2 0 3 2 0 0 3 3 2 0 0 2 2 0 2 3 3 3 3 0 2 3 1 1 0 0 2 0 0 1 1 0 2 1 0 3 0 2 2 1 3 1 0 1 2
6 6 40 19 27 29 32 73 0 71 26 67 36 60
1 1 1 1 3 1 0 1 0 2 2 0 1 2 3 3 0 0 2 3 0 1 0 0 3 3 1 3 2 3 2 1 3 1 2 0 1 3 2 0 3 2 0 0 3 3 2 0 0 2 2 0 2 3 3 3 3 0 2 3 1 1 0 0 2 0 0 1 1 0 2 1 0 3 0 2 2 1 3 1 0 1 2
