#c 0 1 2 3 4 5 6 0 1 2 3 4 5 6 0 1 2 3 4 5 6 0 1 2 3 4 5 6 0 1 2 3 4 5 6 0 1 2 3 4 5 6 0 1 2 3 4
#c 0 1 2 3 4 5 6 0 1 2 3 4 5 6 0 1 2 3 4 5 6 0 1 2 3 4 5 6 0 1 2 3 4 5 6 0 1 2 3 4 5 6 0 1 2 3 4
2 2 30 23 21 42
5 5 2 9 16 37 44 0 7 14 28 35
#c 0 1 2 3 4 5 6 0 1 2 3 4 5 6 0 1 2 3 4 5 6 2 1 0 3 4 5 6 0 1 0 3 4 5 6 0 1 2 3 4 5 6 2 1 2 3 4
3 3 31 38 3 2 16 9
4 4 10 17 24 45 37 44 21 42
#c 0 1 3 2 4 5 6 0 1 3 3 4 5 6 0 1 3 3 4 5 6 2 1 0 3 4 5 6 0 1 0 2 4 5 6 0 1 2 2 4 5 6 2 1 2 3 4
3 3 39 32 11 30 0 7
4 4 4 18 25 46 14 28 35 23
#c 4 1 3 2 4 5 6 4 1 3 3 0 5 6 0 1 3 3 4 5 6 2 1 0 3 4 5 6 0 1 4 2 0 5 6 0 1 2 2 0 5 6 2 1 2 3 4
3 3 12 33 5 16 10 24
3 4 19 26 40 17 45 2 9
#c 4 1 3 2 4 5 6 4 1 3 3 0 5 6 0 1 3 3 4 5 6 2 1 0 3 4 5 6 0 1 4 2 0 5 6 0 1 2 2 0 5 6 2 1 2 3 4
3 3 20 41 13 30 0 7
3 4 6 27 34 4 18 25 46
#c 4 1 3 2 4 5 6 4 1 3 3 0 5 6 0 1 3 3 4 5 6 2 1 0 3 4 5 6 0 1 4 2 0 5 6 0 1 2 2 0 5 6 2 1 2 3 4
1 2 14 36 1
6 5 28 35 23 39 32 11 8 15 22 29 43
#c 4 1 3 2 4 5 6 4 1 3 3 0 5 6 0 1 3 3 4 5 6 2 1 0 3 4 5 6 0 1 4 2 0 5 6 0 1 2 2 0 5 6 2 1 2 3 4
#c 4 1 3 2 4 5 6 4 1 3 3 0 5 6 0 1 3 3 4 5 6 2 1 0 3 4 5 6 0 1 4 2 0 5 6 0 1 2 2 0 5 6 2 1 2 3 4
1 1 3 18
6 6 37 44 21 42 31 38 4 25 46 30 0 7
#c 4 1 3 4 4 5 6 4 1 3 3 0 5 6 0 1 3 3 2 5 6 2 1 0 3 4 5 6 0 1 4 2 0 5 6 0 1 2 2 0 5 6 2 1 2 3 4
1 1 10 32
6 6 17 24 45 2 16 9 14 28 35 23 39 11
#c 4 1 3 4 4 5 6 4 1 3 3 0 5 6 0 1 3 3 2 5 6 2 1 0 3 4 5 6 0 1 4 2 0 5 6 0 1 2 2 0 5 6 2 1 2 3 4
3 3 3 46 25 38 42 31
4 4 4 30 0 7 37 44 21 18
#c 4 1 3 4 4 5 6 4 1 3 3 0 5 6 0 1 3 3 2 5 6 2 1 0 3 4 5 6 0 1 4 2 0 5 6 0 1 2 2 0 5 6 2 1 2 3 4
#c 4 1 3 4 4 5 6 4 1 3 3 0 5 6 0 1 3 3 2 5 6 2 1 0 3 4 5 6 0 1 4 2 0 5 6 0 1 2 2 0 5 6 2 1 2 3 4
#c 4 1 3 4 4 5 6 4 1 3 3 0 5 6 0 1 3 3 2 5 6 2 1 0 3 4 5 6 0 1 4 2 0 5 6 0 1 2 2 0 5 6 2 1 2 3 4
1 1 11 5
6 5 14 28 35 23 39 32 12 19 26 33 40
#c 4 1 3 4 4 5 6 4 1 3 3 0 5 6 0 1 3 3 2 5 6 2 1 0 3 4 5 6 0 1 4 2 0 5 6 0 1 2 2 0 5 6 2 1 2 3 4
2 2 15 43 26 33
5 4 1 8 22 29 36 5 12 19 40
#c 4 1 3 4 4 5 6 4 1 3 3 0 5 6 0 5 3 3 2 5 6 2 1 0 3 4 1 6 0 1 4 2 0 1 6 0 1 2 2 0 5 6 2 5 2 3 4
#c 4 1 3 4 4 5 6 4 1 3 3 0 5 6 0 5 3 3 2 5 6 2 1 0 3 4 1 6 0 1 4 2 0 1 6 0 1 2 2 0 5 6 2 5 2 3 4
3 4 2 24 45 36 33 29 22
4 3 10 17 16 9 1 8 26
#c 4 1 3 4 4 5 6 4 1 3 3 0 5 6 0 5 3 3 2 5 6 2 1 0 3 4 1 6 0 1 4 2 0 1 6 0 1 2 2 0 5 6 2 5 2 3 4
2 2 4 25 36 22
5 5 46 30 0 7 3 1 8 29 26 33
#c 4 1 3 4 4 5 6 4 1 3 3 0 5 6 0 5 3 3 2 5 6 2 1 0 3 4 1 6 0 1 4 2 0 1 6 0 1 2 2 0 5 6 2 5 2 3 4
1 1 19 24
5 6 5 12 40 15 43 10 17 45 2 16 9
#c 4 1 3 4 4 5 6 4 1 3 3 0 5 6 0 5 3 3 2 5 6 2 1 0 3 4 1 6 0 1 4 2 0 1 6 0 1 2 2 0 5 6 2 5 2 3 4
#c 4 1 3 4 4 5 6 4 1 3 3 0 5 6 0 5 3 3 2 5 6 2 1 0 3 4 1 6 0 1 4 2 0 1 6 0 1 2 2 0 5 6 2 5 2 3 4
1 1 39 25
6 6 14 28 35 23 32 11 4 46 30 0 7 3
#c 4 1 3 4 4 5 6 4 1 3 3 0 5 6 0 5 3 3 2 5 6 2 1 0 3 4 1 6 0 1 4 2 0 1 6 0 1 2 2 0 5 6 2 5 2 3 4
#c 4 1 3 4 4 5 6 4 1 3 3 0 5 6 0 5 3 3 2 5 6 2 1 0 3 4 1 6 0 1 4 2 0 1 6 0 1 2 2 0 5 6 2 5 2 3 4
1 1 37 45
6 6 44 21 42 31 38 18 10 17 24 2 16 9
#c 4 1 3 4 4 5 6 4 1 3 3 0 5 6 0 5 3 3 2 5 6 2 1 0 3 4 1 6 0 1 4 2 0 1 6 0 1 2 2 0 5 6 2 5 2 3 4
3 3 24 9 17 11 39 23
4 4 10 45 2 16 14 28 35 32
#c 4 1 3 4 4 5 6 4 1 3 3 0 5 6 0 5 3 3 2 5 6 2 1 0 3 4 1 6 0 1 4 2 0 1 6 0 1 2 2 0 5 6 2 5 2 3 4
2 2 3 46 36 1
5 5 4 25 30 0 7 8 22 29 26 33
#c 4 4 3 1 4 5 6 4 1 3 3 0 5 6 0 5 3 3 2 5 6 2 1 0 3 4 1 6 0 1 4 2 0 1 6 0 4 2 2 0 5 6 2 5 2 3 1
3 5 19 15 12 27 13 41 20 6
3 1 5 40 43 34
#c 4 4 3 1 4 5 6 4 1 3 3 0 5 6 0 5 3 3 2 5 6 2 1 0 3 4 1 6 0 1 4 2 0 1 6 0 4 2 2 0 5 6 2 5 2 3 1
3 1 13 27 20 37
3 6 6 34 41 44 21 42 31 38 18
#c 4 4 3 1 4 5 6 4 1 3 3 0 5 6 0 5 3 3 2 5 6 2 1 0 3 4 1 6 0 1 4 2 0 1 6 0 4 2 2 0 5 6 2 5 2 3 1
1 1 32 40
6 5 14 28 35 23 39 11 5 12 19 15 43
#c 4 4 3 1 4 5 6 4 1 3 3 0 5 6 0 5 3 3 2 5 6 2 1 0 3 4 1 6 0 1 4 2 0 1 6 0 4 2 2 0 5 6 2 5 2 3 1
3 3 33 8 46 41 34 20
4 3 22 29 26 3 6 13 27
#c 4 4 3 1 4 5 6 4 1 3 3 0 5 6 0 5 3 3 2 5 6 2 1 0 3 4 1 6 0 1 4 2 0 1 6 0 4 2 2 0 5 6 2 5 2 3 1
3 3 38 44 18 36 1 25
4 4 37 21 42 31 4 30 0 7
#c 4 2 3 1 4 5 6 4 1 3 3 0 5 6 0 5 3 3 4 5 6 2 1 0 3 2 1 6 0 1 4 2 0 1 6 0 2 2 4 0 5 6 2 5 4 3 1
1 1 24 18
6 6 10 17 45 2 16 9 4 30 0 7 38 44
#c 4 2 3 1 4 5 6 4 1 3 3 0 5 6 0 5 3 3 3 5 6 2 1 0 4 2 1 6 0 1 4 2 0 1 6 0 2 2 4 0 5 6 2 5 4 3 1
3 3 38 7 24 12 19 5
4 3 4 30 0 44 40 15 43
#c 4 2 3 1 4 5 6 4 1 3 3 0 5 6 0 5 3 3 3 5 6 2 1 0 4 2 1 6 0 1 4 2 0 1 6 0 2 2 4 0 5 6 2 5 4 3 1
3 3 43 5 15 36 25 37
3 4 12 19 40 21 42 31 1
#c 4 2 3 1 4 2 6 4 1 3 3 0 5 6 0 2 3 3 3 5 6 2 1 0 4 5 1 6 0 1 4 2 0 1 6 0 5 5 4 0 5 6 2 2 4 3 1
1 1 20 44
5 6 6 13 27 34 41 4 30 0 7 38 24
#c 4 2 3 1 4 2 6 4 1 3 3 0 5 6 0 2 3 3 3 5 6 2 1 0 4 5 1 6 0 1 4 2 0 1 6 0 5 5 4 0 5 6 2 2 4 3 1
1 1 11 37
6 5 14 28 35 23 39 32 12 19 40 36 25
#c 4 2 3 1 4 2 6 4 1 3 3 0 5 6 0 2 3 3 3 5 6 2 1 0 4 5 1 6 0 1 4 2 0 1 6 0 5 5 4 0 5 6 2 2 4 3 1
3 3 8 33 29 13 34 20
4 3 22 26 3 46 6 27 41
#c 4 2 3 1 4 2 6 4 1 3 3 0 5 6 0 2 3 3 3 5 6 2 1 0 4 5 1 6 0 1 4 2 0 1 6 0 5 5 4 0 5 6 2 2 4 3 1
3 3 21 31 15 27 6 13
4 3 42 1 43 5 20 34 41
#c 4 2 3 1 4 2 6 4 1 3 3 0 5 6 0 2 3 3 3 5 6 2 1 0 4 5 1 6 0 1 4 2 0 1 6 0 5 5 4 0 5 6 2 2 4 3 1
2 2 9 16 31 5
5 5 10 17 45 2 18 21 42 1 43 15
#c 4 2 3 1 4 2 6 4 1 3 3 0 5 6 0 2 3 3 3 5 6 2 1 0 4 5 1 6 0 1 4 2 0 1 6 0 5 5 4 0 5 6 2 2 4 3 1
3 3 0 4 44 41 27 6
4 3 30 7 38 24 13 20 34
#c 4 2 3 1 4 2 6 4 1 3 3 0 5 6 0 2 3 3 3 5 6 2 1 0 4 5 1 6 0 1 4 2 0 1 6 0 5 5 4 0 5 6 2 2 4 3 1
1 1 40 14
5 6 12 19 36 25 37 28 35 23 39 32 11
#c 4 2 3 1 4 2 6 4 1 3 3 0 5 6 0 2 3 3 3 5 6 2 1 0 4 5 1 6 0 1 4 2 0 1 6 0 5 5 4 0 5 6 2 2 4 3 1
3 3 6 13 34 37 12 25
3 3 20 27 41 19 40 36
#c 4 2 3 1 4 2 6 4 1 3 3 0 5 6 0 2 3 3 3 5 6 2 1 0 4 5 1 6 0 1 4 2 0 1 6 0 5 5 4 0 5 6 2 2 4 3 1
3 3 28 39 35 17 9 18
4 4 14 23 32 11 10 45 2 16
#c 4 2 3 1 4 2 6 4 1 3 3 0 5 6 0 2 3 3 3 5 6 2 1 0 4 5 1 6 0 1 4 2 0 1 6 0 5 5 4 0 5 6 2 2 4 3 1
3 3 3 46 8 21 15 1
4 4 22 29 26 33 42 31 43 5
#c 4 2 3 1 4 2 6 4 1 3 3 0 5 6 0 2 3 3 3 5 6 2 1 0 4 5 1 6 0 1 4 2 0 1 6 0 5 5 4 0 5 6 2 2 4 3 1
2 2 42 31 36 25
5 4 21 1 43 5 15 12 19 40 37
#c 4 2 3 1 4 2 6 4 1 3 3 0 5 6 0 2 3 3 3 5 6 2 1 0 4 5 1 6 0 1 4 2 0 1 6 0 5 5 4 0 5 6 2 2 4 3 1
2 2 17 2 26 29
5 5 10 45 16 9 18 8 22 33 3 46
#c 4 2 3 1 4 2 6 4 1 3 3 0 5 6 0 2 3 3 3 5 6 2 1 0 4 5 1 6 0 1 4 2 0 1 6 0 5 5 4 0 5 6 2 2 4 3 1
#c 4 2 3 1 4 2 6 4 1 3 3 0 5 6 0 2 3 3 3 5 6 2 1 0 4 5 1 6 0 1 4 2 0 1 6 0 5 5 4 0 5 6 2 2 4 3 1
3 3 12 36 25 22 33 29
3 4 19 40 37 8 26 3 46
#c 4 2 3 1 4 2 6 4 1 3 3 0 5 6 0 2 3 3 3 5 6 2 1 0 4 5 1 6 0 1 4 2 0 1 6 0 5 5 4 0 5 6 2 2 4 3 1
#c 4 2 3 1 4 2 6 4 1 3 3 0 5 6 0 2 3 3 3 5 6 2 1 0 4 5 1 6 0 1 4 2 0 1 6 0 5 5 4 0 5 6 2 2 4 3 1
2 2 32 28 15 1
5 5 14 35 23 39 11 21 42 31 43 5
#c 4 2 3 1 4 2 6 4 1 3 3 0 5 6 0 2 3 3 3 5 6 2 1 0 4 5 1 6 0 1 4 2 0 1 6 0 5 5 4 0 5 6 2 2 4 3 1
#c 4 2 3 1 4 2 6 4 1 3 3 0 5 6 0 2 3 3 3 5 6 2 1 0 4 5 1 6 0 1 4 2 0 1 6 0 5 5 4 0 5 6 2 2 4 3 1
1 1 43 10
6 6 21 42 31 1 5 15 17 45 2 16 9 18
#c 4 2 3 1 4 2 6 4 1 3 3 0 5 6 0 2 3 3 3 5 6 2 1 0 4 5 1 6 0 1 4 2 0 1 6 0 5 5 4 0 5 6 2 2 4 3 1
#c 4 2 3 1 4 2 6 4 1 3 3 0 5 6 0 2 3 3 3 5 6 2 1 0 4 5 1 6 0 1 4 2 0 1 6 0 5 5 4 0 5 6 2 2 4 3 1
2 2 30 7 18 45
5 5 4 0 38 44 24 10 17 2 16 9
#c 4 2 3 1 4 2 6 4 1 3 3 0 5 6 0 2 3 3 3 5 6 2 1 0 4 5 1 6 0 1 4 2 0 1 6 0 5 5 4 0 5 6 2 2 4 3 1
1 1 12 28
5 6 19 40 36 25 37 14 35 23 39 32 11
#c 4 2 3 1 4 2 6 4 1 3 3 0 5 6 0 2 3 3 3 5 6 2 1 0 4 5 1 6 0 1 4 2 0 1 6 0 5 5 4 0 5 6 2 2 4 3 1
1 1 20 22
5 6 6 13 27 34 41 8 29 26 33 3 46
#c 4 2 3 1 4 2 6 4 1 3 3 0 5 6 0 2 3 3 3 5 6 2 1 0 4 5 1 6 0 1 4 2 0 1 6 0 5 5 4 0 5 6 2 2 4 3 1
3 3 35 39 23 26 3 29
4 4 14 28 32 11 8 22 33 46
#c 4 2 3 1 4 2 6 4 1 3 3 0 5 6 0 2 3 3 3 5 6 2 1 0 4 5 1 6 0 1 4 2 0 1 6 0 5 5 4 0 5 6 2 2 4 3 1
3 3 8 33 26 21 43 15
4 4 22 29 3 46 42 31 1 5
#c 4 2 3 1 4 2 6 4 1 3 3 0 5 6 0 2 3 3 3 5 6 2 1 0 4 5 1 6 0 1 4 2 0 1 6 0 5 5 4 0 5 6 2 2 4 3 1
3 3 21 42 1 33 8 26
4 4 31 43 5 15 22 29 3 46
#c 4 2 3 1 4 2 6 4 1 3 3 0 5 6 0 2 3 3 3 5 6 2 1 0 4 5 1 6 0 1 4 2 0 1 6 0 5 5 4 0 5 6 2 2 4 3 1
2 3 16 18 21 43 1
5 4 10 17 45 2 9 42 31 5 15
#c 4 2 3 1 4 2 6 4 1 3 3 0 5 6 0 2 3 3 3 5 6 2 1 0 4 5 1 6 0 1 4 2 0 1 6 0 5 5 4 0 5 6 2 2 4 3 1
2 2 0 4 17 16
5 5 30 7 38 44 24 10 45 2 9 18
#c 4 2 3 1 4 2 6 4 1 3 3 0 5 6 0 2 3 3 3 5 6 2 1 0 4 5 1 6 0 1 4 2 0 1 6 0 5 5 4 0 5 6 2 2 4 3 1
3 3 19 36 40 23 11 35
3 4 12 25 37 14 28 39 32
#c 4 2 3 1 4 2 6 4 1 3 3 0 5 6 0 2 3 3 3 5 6 2 1 0 4 5 1 6 0 1 4 2 0 1 6 0 5 5 4 0 5 6 2 2 4 3 1
1 1 20 35
5 6 6 13 27 34 41 14 28 23 39 32 11
#c 4 2 3 1 4 2 6 4 1 3 3 0 5 6 0 2 3 3 3 5 6 2 1 0 4 5 1 6 0 1 4 2 0 1 6 0 5 5 4 0 5 6 2 2 4 3 1
1 2 28 30 4
6 5 14 35 23 39 32 11 0 7 38 44 24
#c 4 2 3 1 4 2 6 4 1 3 3 0 5 6 0 2 3 3 3 5 6 2 1 0 4 5 1 6 0 1 4 2 0 1 6 0 5 5 4 0 5 6 2 2 4 3 1
#c 4 2 3 1 4 2 6 4 1 3 3 0 5 6 0 2 3 3 3 5 6 2 1 0 4 5 1 6 0 1 4 2 0 1 6 0 5 5 4 0 5 6 2 2 4 3 1
#c 4 2 3 1 4 2 6 4 1 3 3 0 5 6 0 2 3 3 3 5 6 2 1 0 4 5 1 6 0 1 4 2 0 1 6 0 5 5 4 0 5 6 2 2 4 3 1
1 1 17 44
6 6 10 45 2 16 9 18 4 30 0 7 38 24
#c 4 2 3 1 4 2 6 4 1 3 3 0 5 6 0 2 3 3 3 5 6 2 1 0 4 5 1 6 0 1 4 2 0 1 6 0 5 5 4 0 5 6 2 2 4 3 1
2 2 4 0 11 23
5 5 30 7 38 44 24 14 28 35 39 32
#c 4 2 3 1 4 2 6 4 1 3 3 0 5 6 0 2 3 3 3 5 6 2 1 0 4 5 1 6 0 1 4 2 0 1 6 0 5 5 4 0 5 6 2 2 4 3 1
#c 4 2 3 1 4 2 6 4 1 3 3 0 5 6 0 2 3 3 3 5 6 2 1 0 4 5 1 6 0 1 4 2 0 1 6 0 5 5 4 0 5 6 2 2 4 3 1
1 2 27 25 37
5 4 6 13 20 34 41 12 19 40 36
#c 4 2 3 1 4 2 6 4 1 3 3 0 5 6 0 2 3 3 3 5 6 2 1 0 4 5 1 6 0 1 4 2 0 1 6 0 5 5 4 0 5 6 2 2 4 3 1
#c 4 2 3 1 4 2 6 4 1 3 3 0 5 6 0 2 3 3 3 5 6 2 1 0 4 5 1 6 0 1 4 2 0 1 6 0 5 5 4 0 5 6 2 2 4 3 1
2 2 8 46 12 40
5 4 22 29 26 33 3 19 36 25 37
#c 4 2 3 1 4 2 6 4 1 3 3 0 5 6 0 2 3 3 3 5 6 2 1 0 4 5 1 6 0 1 4 2 0 1 6 0 5 5 4 0 5 6 2 2 4 3 1
1 2 31 4 38
6 5 21 42 1 43 5 15 30 0 7 44 24
#c 4 2 3 1 4 2 6 4 1 3 3 0 5 6 0 2 3 3 3 5 6 2 1 0 4 5 1 6 0 1 4 2 0 1 6 0 5 5 4 0 5 6 2 2 4 3 1
3 3 17 2 10 31 42 43
4 4 45 16 9 18 21 1 5 15
#c 4 2 2 1 4 2 6 4 1 3 2 0 5 6 0 2 3 2 3 5 6 2 1 0 4 5 1 6 0 1 4 3 0 1 6 0 5 5 4 0 5 6 3 3 4 3 1
2 2 0 7 34 6
5 4 4 30 38 44 24 13 20 27 41
#c 4 2 2 1 4 2 6 4 1 3 2 0 5 6 0 2 3 2 3 5 6 2 1 0 4 5 1 6 0 1 4 3 0 1 6 0 5 5 4 0 5 6 3 3 4 3 1
3 3 40 36 37 44 7 24
3 4 12 19 25 4 30 0 38
#c 4 2 2 1 4 2 6 4 1 3 2 0 5 6 0 2 3 2 3 5 6 2 1 0 4 5 1 6 0 1 4 3 0 1 6 0 5 5 4 0 5 6 3 3 4 3 1
1 1 20 40
5 5 6 13 27 34 41 12 19 36 25 37
#c 4 2 2 1 4 2 6 4 1 3 2 0 5 6 0 2 3 2 3 5 5 2 1 0 4 5 1 6 0 1 4 3 0 1 6 0 5 5 4 0 6 6 3 3 4 3 1
2 4 39 11 44 24 38 7
5 3 14 28 35 23 32 4 30 0
#c 4 2 2 1 4 2 6 4 1 3 2 0 5 6 0 2 3 2 3 5 5 2 1 0 4 5 1 6 0 1 4 3 0 1 6 0 5 5 4 0 6 6 3 3 4 3 1
1 1 29 17
6 6 8 22 26 33 3 46 21 1 5 15 2 10
#c 4 2 2 1 4 2 6 4 1 3 2 0 5 6 0 2 3 2 3 5 5 2 1 0 4 5 1 6 0 1 4 3 0 1 6 0 5 5 4 0 6 6 3 3 4 3 1
1 1 5 31
6 6 21 1 15 17 2 10 45 16 9 18 42 43
#c 4 2 2 1 4 2 6 4 1 3 2 0 5 6 0 2 3 2 3 5 5 2 1 0 4 5 1 6 0 1 4 3 0 1 6 0 5 5 4 0 6 6 3 3 4 3 1
3 2 9 45 43 36 25
4 4 16 18 31 42 12 19 37 20
#c 4 2 2 1 4 2 6 4 1 3 2 0 5 6 0 2 3 2 3 5 5 2 1 0 4 5 1 6 0 1 4 3 0 1 6 0 5 5 4 0 6 6 3 3 4 3 1
2 2 38 30 45 18
5 5 4 0 7 44 24 16 9 31 42 43
#c 4 2 2 1 4 2 6 4 1 3 2 0 5 6 0 2 3 2 3 5 5 2 1 0 4 5 1 6 0 1 4 3 0 1 6 0 5 5 4 0 6 6 3 3 4 3 1
2 2 20 36 43 45
4 5 12 19 25 37 16 9 18 31 42
#c 4 2 2 1 4 2 6 4 1 3 2 0 5 6 0 2 3 2 3 5 5 2 1 0 4 5 1 6 0 1 4 3 0 1 6 0 5 5 4 0 6 6 3 3 4 3 1
3 3 34 40 27 17 10 2
3 4 6 13 41 21 1 5 15
#c 4 2 2 1 4 2 6 4 1 3 2 0 5 6 0 2 3 2 3 5 5 2 1 0 4 5 1 6 0 1 4 3 0 1 6 0 5 5 4 0 6 6 3 3 4 3 1
2 3 32 39 38 7 4
5 4 14 28 35 23 11 30 0 44 24
#c 4 2 2 1 4 2 6 4 1 3 2 0 5 6 0 2 3 2 3 5 5 2 1 0 4 5 1 6 0 1 4 3 0 1 6 0 5 5 4 0 6 6 3 3 4 3 1
1 1 3 39
6 6 8 22 29 26 33 46 14 28 35 23 32 11
#c 4 2 2 1 4 2 6 4 1 3 2 0 5 6 0 2 3 2 3 5 5 2 1 0 4 5 1 6 0 1 4 3 0 1 6 0 5 5 4 0 6 6 3 3 4 3 1
1 1 1 28
6 6 21 5 15 17 2 10 14 35 23 39 32 11
#c 4 2 2 1 4 2 6 4 1 3 2 0 5 6 0 2 3 2 3 5 5 2 1 0 4 5 1 6 0 1 4 3 0 1 6 0 5 5 4 0 6 6 3 3 4 3 1
#c 4 2 2 1 4 2 6 4 1 3 2 0 5 6 0 2 3 2 3 5 5 2 1 0 4 5 1 6 0 1 4 3 0 1 6 0 5 5 4 0 6 6 3 3 4 3 1
3 3 38 0 4 34 40 41
4 3 30 7 44 24 6 13 27
#c 4 2 2 1 4 2 6 4 1 3 2 0 5 6 0 2 3 2 3 5 5 2 1 0 4 5 1 6 0 1 4 3 0 1 6 0 5 5 4 0 6 6 3 3 4 3 1
2 2 12 20 27 41
4 4 19 36 25 37 6 13 34 40
#c 4 2 2 1 4 2 6 4 1 3 2 0 5 6 0 2 3 2 3 5 5 2 1 0 4 5 1 6 0 1 4 3 0 1 6 0 5 5 4 0 6 6 3 3 4 3 1
3 3 34 6 13 37 20 25
3 3 27 41 40 12 19 36
#c 4 2 2 1 4 2 6 4 1 3 2 0 5 6 0 2 3 2 3 5 5 2 1 0 4 5 1 6 0 1 4 3 0 1 6 0 5 5 4 0 6 6 3 3 4 3 1
2 1 11 28 33
5 6 14 35 23 39 32 8 22 29 26 3 46
#c 4 2 2 1 4 2 6 4 1 3 2 0 5 6 0 2 3 2 3 5 5 2 1 0 4 5 1 6 0 1 4 3 0 1 6 0 5 5 4 0 6 6 3 3 4 3 1
3 3 26 3 33 41 34 27
4 3 8 22 29 46 6 13 40
#c 4 2 2 1 4 2 6 4 1 3 2 0 5 6 0 2 3 2 3 5 5 2 1 0 4 5 1 6 0 1 4 3 0 1 6 0 5 5 4 0 6 6 3 3 4 3 1
2 2 2 21 6 34
5 4 1 5 15 17 10 13 27 41 40
#c 4 2 2 1 4 2 6 4 1 3 2 0 5 6 0 2 3 2 3 5 5 2 1 0 4 5 1 6 0 1 4 3 0 1 6 0 5 5 4 0 6 6 3 3 4 3 1
#c 4 2 2 1 4 2 6 4 1 3 2 0 5 6 0 2 3 2 3 5 5 2 1 0 4 5 1 6 0 1 4 3 0 1 6 0 5 5 4 0 6 6 3 3 4 3 1
2 2 0 38 21 10
5 5 4 30 7 44 24 1 5 15 17 2
#c 4 2 2 1 4 2 6 4 1 3 2 0 5 6 0 2 3 2 3 5 5 2 1 0 4 5 1 6 0 1 4 3 0 1 6 0 5 5 4 0 6 6 3 3 4 3 1
1 2 25 32 28
5 5 12 19 36 37 20 14 35 23 39 11
#c 4 2 2 1 4 2 6 4 1 3 2 0 5 6 0 2 3 2 3 5 5 2 1 0 4 5 1 6 0 1 4 3 0 1 6 0 5 5 4 0 6 6 3 3 4 3 1
3 3 34 27 40 46 8 33
3 4 6 13 41 22 29 26 3
#c 4 2 2 1 4 2 6 4 1 3 2 0 5 6 0 2 3 2 3 5 5 2 1 0 4 5 1 6 0 1 4 3 0 1 6 0 5 5 4 0 6 6 3 3 4 3 1
1 1 28 46
6 6 14 35 23 39 32 11 8 22 29 26 33 3
#c 4 2 2 1 4 2 6 4 1 3 2 0 5 6 0 2 3 2 3 5 5 2 1 0 4 5 1 6 0 1 4 3 0 1 6 0 5 5 4 0 6 6 3 3 4 3 1
2 3 3 46 38 44 30
5 4 8 22 29 26 33 4 0 7 24
#c 4 2 2 1 4 2 6 4 1 3 2 0 5 6 0 2 3 2 3 5 5 2 1 0 4 5 1 6 0 1 4 3 0 1 6 0 5 5 4 0 6 6 3 3 4 3 1
2 2 5 17 45 31
5 5 21 1 15 2 10 16 9 18 42 43
#c 4 2 2 1 4 2 6 4 1 3 2 0 5 6 0 2 3 2 3 5 5 2 1 0 4 5 1 6 0 1 4 3 0 1 6 0 5 5 4 0 6 6 3 3 4 3 1
1 1 9 40
6 5 45 16 18 31 42 43 6 13 27 34 41
#c 4 2 2 1 4 2 6 4 1 6 2 0 5 6 0 2 3 2 3 5 5 2 1 0 4 5 1 6 0 1 4 3 0 1 6 0 5 5 4 0 3 6 3 3 4 3 1
1 1 7 27
6 5 4 30 0 38 44 24 6 13 34 41 9
#c 4 2 2 1 4 2 6 4 1 6 2 0 5 6 0 2 3 2 3 5 5 2 1 0 4 5 1 6 0 1 4 3 0 1 6 0 5 5 4 0 3 6 3 3 4 3 1
2 2 25 36 38 0
4 5 12 19 37 20 4 30 7 44 24
#c 4 2 2 1 4 2 6 4 1 6 2 0 5 6 0 2 3 2 3 5 5 2 1 0 4 5 1 6 0 1 4 3 0 1 6 0 5 5 4 0 3 6 3 3 4 3 1
3 3 9 6 13 23 28 14
3 4 27 34 41 35 39 32 11
#c 4 2 2 1 4 2 6 4 1 6 2 0 5 6 0 2 3 2 3 5 5 2 1 0 4 5 1 6 0 1 4 3 0 1 6 0 5 5 4 0 3 6 3 3 4 3 1
1 1 11 22
6 6 14 28 35 23 39 32 8 29 26 33 3 46
#c 4 2 2 1 4 2 6 4 1 6 2 0 5 6 0 2 3 2 3 5 5 2 1 0 4 5 1 6 0 1 4 3 0 1 6 0 5 5 4 0 3 6 3 3 4 3 1
#c 4 2 2 1 4 2 6 4 1 6 2 0 5 6 0 2 3 2 3 5 5 2 1 0 4 5 1 6 0 1 4 3 0 1 6 0 5 5 4 0 3 6 3 3 4 3 1
2 2 21 5 6 41
5 4 1 15 17 2 10 13 27 34 9
#c 4 2 2 1 4 2 6 4 1 6 2 0 5 6 0 2 3 2 3 5 5 2 1 0 4 5 1 6 0 1 4 3 0 1 6 0 5 5 4 0 3 6 3 3 4 3 1
#c 4 2 2 1 4 2 6 4 1 6 2 0 5 6 0 2 3 2 3 5 5 2 1 0 4 5 1 6 0 1 4 3 0 1 6 0 5 5 4 0 3 6 3 3 4 3 1
1 1 7 16
6 6 4 30 0 38 44 24 45 18 31 42 43 40
#c 4 2 2 1 4 2 6 4 1 6 2 0 5 6 0 2 3 2 3 5 5 2 1 0 4 5 1 6 0 1 4 3 0 1 6 0 5 5 4 0 3 6 3 3 4 3 1
3 3 19 36 25 5 1 15
3 4 12 37 20 21 17 2 10
#c 4 2 2 1 4 2 6 4 1 6 2 0 5 6 0 2 3 2 3 5 5 2 1 0 4 5 1 6 0 1 4 3 0 1 6 0 5 5 4 0 3 6 3 3 4 3 1
3 1 34 41 9 19
3 5 6 13 27 12 36 25 37 20
#c 4 2 2 1 4 2 6 4 1 6 2 0 5 6 0 2 3 2 3 5 5 2 1 0 4 5 1 6 0 1 4 3 0 1 6 0 5 5 4 0 3 6 3 3 4 3 1
2 2 39 14 44 24
5 5 28 35 23 32 11 4 30 0 7 38
#c 4 2 2 1 4 2 6 4 1 6 2 0 5 6 0 2 3 2 3 5 5 2 1 0 4 5 1 6 0 1 4 3 0 1 6 0 5 5 4 0 3 6 3 3 4 3 1
#c 4 2 2 1 4 2 6 4 1 6 2 0 5 6 0 2 3 2 3 5 5 2 1 0 4 5 1 6 0 1 4 3 0 1 6 0 5 5 4 0 3 6 3 3 4 3 1
2 2 21 5 41 6
#c 4 2 2 1 4 2 6 4 1 6 2 0 5 6 0 2 3 2 3 5 5 2 1 0 4 5 1 6 0 1 4 3 0 1 6 0 5 5 4 0 3 6 3 3 4 3 1
1 1 16 28
6 6 45 18 31 42 43 40 14 35 23 39 32 11
#c 4 2 2 1 4 2 6 4 1 6 2 0 5 6 0 2 3 2 3 5 5 2 1 0 4 5 1 6 0 1 4 3 0 1 6 0 5 5 4 0 3 6 3 3 4 3 1
3 3 7 24 44 6 27 41
4 3 4 30 0 38 13 34 9
#c 4 2 2 1 4 2 4 6 1 6 2 0 5 6 0 2 3 2 3 5 5 2 1 0 6 5 1 4 0 1 4 3 0 1 6 0 5 5 4 0 3 4 3 3 6 3 1
1 1 20 8
5 6 12 19 36 25 37 22 29 26 33 3 46
#c 4 2 2 1 4 2 4 6 1 6 2 0 5 6 0 2 3 2 3 5 5 2 1 0 6 5 1 4 0 1 4 3 0 1 6 0 5 5 4 0 3 4 3 3 6 3 1
2 2 44 34 35 28
4 5 13 9 7 24 14 23 39 32 11
#c 4 2 2 1 4 2 4 6 1 6 2 0 5 6 0 2 3 2 3 5 5 2 1 0 6 5 1 4 0 1 4 3 0 1 6 0 5 5 4 0 3 4 3 3 6 3 1
1 1 28 20
6 5 14 35 23 39 32 11 12 19 36 25 37
#c 4 2 2 1 4 2 4 6 1 6 2 0 5 6 0 2 3 2 3 5 5 2 1 0 6 5 1 4 0 1 4 3 0 1 6 0 5 5 4 0 3 4 3 3 6 3 1
1 1 46 14
6 6 8 22 29 26 33 3 28 35 23 39 32 11
#c 4 2 2 1 4 2 4 6 1 6 2 0 5 6 0 2 3 2 3 5 5 2 1 0 6 5 1 4 0 1 4 3 0 1 6 0 5 5 4 0 3 4 3 3 6 3 1
3 1 21 5 17 35
4 6 1 15 2 10 14 28 23 39 32 11
#c 4 2 2 1 4 2 4 6 1 6 2 0 5 6 0 2 3 2 3 5 5 2 1 0 6 5 1 4 0 1 4 3 0 1 6 0 5 5 4 0 3 4 3 3 6 3 1
#c 4 2 2 1 4 2 4 6 1 6 2 0 5 6 0 2 3 2 3 5 5 2 1 0 6 5 1 4 0 1 4 3 0 1 6 0 5 5 4 0 3 4 3 3 6 3 1
2 2 41 4 10 2
5 5 30 0 38 6 27 21 1 5 15 17
#c 4 2 2 1 4 2 4 6 1 6 2 0 5 6 0 2 3 2 3 5 5 2 1 0 6 5 1 4 0 1 4 3 0 1 6 0 5 5 4 0 3 4 3 3 6 3 1
2 4 19 25 42 31 18 43
4 3 12 36 37 20 45 16 40
#c 4 2 2 1 4 2 4 6 1 6 2 0 5 6 0 2 3 2 3 5 5 2 1 0 6 5 1 4 0 1 4 3 0 1 6 0 5 5 4 0 3 4 3 3 6 3 1
2 2 7 44 30 27
4 5 13 34 9 24 4 0 38 6 41
#c 4 2 2 1 4 2 4 6 1 6 2 0 5 6 0 2 3 2 3 5 5 2 1 0 6 5 1 4 0 1 4 3 0 1 6 0 5 5 4 0 3 4 3 3 6 3 1
1 1 28 2
6 6 14 35 23 39 32 11 21 1 5 15 17 10
#c 4 2 2 1 4 2 4 6 1 6 2 0 5 6 0 2 3 2 3 5 5 2 1 0 6 5 1 4 0 1 4 3 0 1 6 0 5 5 4 0 3 4 3 3 6 3 1
3 1 29 8 46 44
4 5 22 26 33 3 13 34 9 7 24
#c 4 2 2 1 4 2 4 6 1 6 2 0 5 6 0 2 3 2 3 5 5 2 1 0 6 5 1 4 0 1 4 3 0 1 6 0 5 5 4 0 3 4 3 3 6 3 1
#c 4 2 2 1 4 2 4 6 1 6 2 0 5 6 0 2 3 2 3 5 5 2 1 0 6 5 1 4 0 1 4 3 0 1 6 0 5 5 4 0 3 4 3 3 6 3 1
1 1 43 20
6 5 45 16 18 31 42 40 12 19 36 25 37
#c 4 2 2 1 4 2 4 6 1 6 2 0 5 6 0 2 3 2 3 5 5 2 1 0 6 5 1 4 0 1 4 3 0 1 6 0 5 5 4 0 3 4 3 3 6 3 1
2 2 27 0 14 11
5 5 4 30 38 6 41 28 35 23 39 32
#c 4 2 2 1 4 2 4 6 1 6 2 0 5 6 0 2 3 2 3 5 5 2 1 0 6 5 1 4 0 1 4 3 0 1 6 0 5 5 4 0 3 4 3 3 6 3 1
1 1 37 24
5 5 12 19 36 25 20 13 34 9 7 44
#c 4 2 2 1 4 2 4 6 1 6 2 0 5 6 0 2 3 2 3 5 5 2 1 0 6 5 1 4 0 1 4 3 0 1 6 0 5 5 4 0 3 4 3 3 6 3 1
1 1 34 37
5 5 13 9 7 24 44 12 19 36 25 20
#c 4 2 2 1 4 2 4 6 1 6 2 0 5 6 0 2 3 2 3 5 5 2 1 0 6 5 1 4 0 1 4 3 0 1 6 0 5 5 4 0 3 4 3 3 6 3 1
2 2 28 23 5 15
5 5 14 35 39 32 11 21 1 17 2 10
#c 4 2 2 1 4 2 4 6 1 6 2 0 5 6 0 2 3 2 3 5 5 2 1 0 6 5 1 4 0 1 4 3 0 1 6 0 5 5 4 0 3 4 3 3 6 3 1
2 1 33 26 12
5 5 8 22 29 3 46 19 36 25 37 20
#c 4 2 2 1 4 2 4 6 1 6 2 0 5 6 0 2 3 2 3 5 5 2 1 0 6 5 1 4 0 1 4 3 0 1 6 0 5 5 4 0 3 4 3 3 6 3 1
2 2 10 2 32 35
5 5 21 1 5 15 17 14 28 23 39 11
#c 4 2 2 1 4 2 4 6 1 6 2 0 5 6 0 2 3 2 3 5 5 2 1 0 6 5 1 4 0 1 4 3 0 1 6 0 5 5 4 0 3 4 3 3 6 3 1
1 2 18 26 22
6 5 45 16 31 42 43 40 8 29 33 3 46
#c 4 2 2 1 4 2 4 6 1 6 2 0 5 6 0 2 3 2 3 5 5 2 1 0 6 5 1 4 0 1 4 3 0 1 6 0 5 5 4 0 3 4 3 3 6 3 1
#c 4 2 2 1 4 2 4 6 1 6 2 0 5 6 0 2 3 2 3 5 5 2 1 0 6 5 1 4 0 1 4 3 0 1 6 0 5 5 4 0 3 4 3 3 6 3 1
2 2 12 25 39 14
4 5 19 36 37 20 28 35 23 32 11
#c 4 2 2 1 4 2 4 6 1 6 2 0 5 6 0 2 3 2 3 5 5 2 1 0 6 5 1 4 0 1 4 3 0 1 6 0 5 5 4 0 3 4 3 3 6 3 1
3 3 9 34 7 42 18 31
3 4 13 24 44 45 16 43 40
#c 4 2 2 1 4 2 4 6 1 6 2 0 5 6 0 2 3 2 3 5 5 2 1 0 6 5 1 4 0 1 4 3 0 1 6 0 5 5 4 0 3 4 3 3 6 3 1
1 1 35 43
6 6 14 28 23 39 32 11 45 16 18 31 42 40
#c 4 2 2 1 4 2 4 6 1 6 2 0 5 6 0 2 3 2 3 5 5 2 1 0 6 5 1 4 0 1 4 3 0 1 6 3 5 5 4 0 3 4 3 0 6 3 1
2 2 33 8 2 21
5 5 22 29 26 3 46 1 5 15 17 10
#c 4 2 2 1 4 2 4 6 1 6 2 0 5 6 0 2 3 2 3 5 5 2 1 0 6 5 1 4 0 1 4 3 0 1 6 3 5 5 4 0 3 4 3 0 6 3 1
1 1 17 20
6 5 21 1 5 15 2 10 12 19 36 25 37
#c 4 2 2 1 4 2 4 6 1 6 2 0 5 6 0 2 3 2 3 5 5 2 1 0 6 5 1 4 0 1 4 3 0 1 6 3 5 5 4 0 3 4 3 0 6 3 1
1 1 40 4
6 6 45 16 18 31 42 35 30 0 38 6 27 41
#c 4 2 2 1 4 2 4 6 1 6 2 0 5 6 0 2 3 2 3 5 5 2 1 0 6 5 1 4 0 1 4 3 0 1 6 3 5 5 4 0 3 4 3 0 6 3 1
3 3 38 0 6 39 32 43
4 4 4 30 27 41 14 28 23 11
#c 4 2 2 1 4 2 4 6 1 6 2 0 5 6 0 2 3 2 3 5 5 2 1 0 6 5 1 4 0 1 4 3 0 1 6 3 5 5 4 0 3 4 3 0 6 3 1
1 1 19 21
5 6 12 36 25 37 20 1 5 15 17 2 10
#c 4 2 2 1 4 2 4 6 1 6 2 0 5 6 0 2 3 2 3 5 5 2 1 0 6 5 1 4 0 1 4 3 0 1 6 3 5 5 4 0 3 4 3 0 6 3 1
1 2 9 17 15
5 5 13 34 7 24 44 21 1 5 2 10
#c 4 2 2 1 4 2 4 6 1 6 2 0 5 6 0 2 3 2 3 5 5 2 1 0 6 5 1 4 0 1 4 3 0 1 6 3 5 5 4 0 3 4 3 0 6 3 1
3 3 32 23 43 21 2 15
4 4 14 28 39 11 1 5 17 10
#c 4 2 2 1 4 2 4 6 1 6 2 0 5 6 0 2 3 2 3 5 5 2 1 0 6 5 1 4 0 1 4 3 0 1 6 3 5 5 4 0 3 4 3 0 6 3 1
2 2 33 8 6 38
5 5 22 29 26 3 46 4 30 0 27 41
#c 4 2 2 1 4 2 4 6 1 6 2 0 5 6 0 2 3 2 3 5 5 2 1 0 6 5 1 4 0 1 4 3 0 1 6 3 5 5 4 0 3 4 3 0 6 3 1
1 1 10 42
6 6 21 1 5 15 17 2 45 16 18 31 40 35
#c 4 2 2 1 4 2 4 6 1 6 2 0 5 6 0 2 3 2 3 5 5 2 1 0 6 5 1 4 0 1 4 3 0 1 6 3 5 5 4 0 3 4 3 0 6 3 1
1 1 35 34
6 5 45 16 18 31 42 40 13 9 7 24 44
#c 4 2 2 1 4 2 4 6 1 6 2 0 5 6 0 2 3 2 3 5 5 2 1 0 6 5 1 4 0 1 4 3 0 1 3 6 5 5 4 0 3 4 3 0 6 3 1
4 2 2 1 4 2 4 6 1 6 2 0 5 6 0 2 3 2 3 5 5 2 1 0 6 5 1 4 0 1 4 3 0 1 3 6 5 5 4 0 3 4 3 0 6 3 1
