#c 0 1 2 3 4 0 1 2 3 4 0 1 2 3 4 0 1 2 3 4 0 1 2 3 4 0 1 2 3 4 0 1 2 3 4 0 1 2 3 4 0 1 2 3 4 0 1 2 3 4 0 1 2 3 4 0 1 2 3 4 0 1 2 3 4 0 1 2 3 4 0
6 6 1 21 31 16 41 11 48 68 53 18 43 8
8 8 6 26 36 46 51 56 61 66 3 13 23 28 33 38 58 63
#c 0 3 2 3 4 0 1 2 1 4 0 3 2 3 4 0 3 2 1 4 0 3 2 3 4 0 1 2 3 4 0 3 2 3 4 0 1 2 3 4 0 3 2 1 4 0 1 2 1 4 0 1 2 1 4 0 1 2 3 4 0 1 2 3 4 0 1 2 1 4 0
4 4 22 32 47 37 33 21 41 16
10 10 2 7 12 17 27 42 52 57 62 67 3 13 23 28 38 58 63 1 31 11
#c 0 3 2 3 4 0 1 2 1 4 0 3 2 3 4 0 2 2 1 4 0 2 3 3 4 0 1 2 3 4 0 3 3 2 4 0 1 3 3 4 0 2 2 1 4 0 1 3 1 4 0 1 2 1 4 0 1 2 3 4 0 1 2 3 4 0 1 2 1 4 0
2 1 3 37 21
12 13 13 23 28 38 58 63 1 31 11 22 32 47 2 7 12 17 27 42 52 57 62 67 33 41 16
#c 0 3 2 3 4 0 1 2 1 4 0 3 2 3 4 0 2 2 1 4 0 2 3 3 4 0 1 2 3 4 0 3 3 2 4 0 1 3 3 4 0 2 2 1 4 0 1 3 1 4 0 1 2 1 4 0 1 2 3 4 0 1 2 3 4 0 1 2 1 4 0
#c 0 3 2 3 4 0 1 2 1 4 0 3 2 3 4 0 2 2 1 4 0 2 3 3 4 0 1 2 3 4 0 3 3 2 4 0 1 3 3 4 0 2 2 1 4 0 1 3 1 4 0 1 2 1 4 0 1 2 3 4 0 1 2 3 4 0 1 2 1 4 0
6 6 55 50 35 60 5 25 1 3 47 11 13 22
9 8 0 10 15 20 30 40 45 65 70 23 28 38 58 63 31 32 37
#c 0 0 2 0 4 3 1 2 1 4 0 0 2 0 4 0 2 2 1 4 0 2 0 3 4 3 1 2 3 4 0 3 3 2 4 3 1 3 3 4 0 2 2 1 4 0 1 0 1 4 3 1 2 1 4 3 1 2 3 4 3 1 2 3 4 0 1 2 1 4 0
1 1 66 70
13 14 6 26 36 46 51 56 61 48 68 53 18 43 8 0 10 15 20 30 40 45 65 1 3 47 11 13 22
#c 0 0 2 0 4 3 1 2 1 4 0 0 2 0 4 0 2 2 1 4 0 2 0 3 4 3 1 2 3 4 0 3 3 2 4 3 1 3 3 4 0 2 2 1 4 0 1 0 1 4 3 1 2 1 4 3 1 2 3 4 3 1 2 3 4 0 0 2 1 4 1
#c 0 0 2 0 4 3 1 2 1 4 0 0 2 0 4 0 2 2 1 4 0 2 0 3 4 3 1 2 3 4 0 3 3 2 4 3 1 3 3 4 0 2 2 1 4 0 1 0 1 4 3 1 2 1 4 3 1 2 3 4 3 1 2 3 4 0 0 2 1 4 1
#c 0 0 2 0 4 3 1 2 1 4 0 0 2 0 4 0 2 2 1 4 0 2 0 3 4 3 1 2 3 4 0 3 3 2 4 3 1 3 3 4 0 2 2 1 4 0 1 0 1 4 3 1 2 1 4 3 1 2 3 4 3 1 2 3 4 0 0 2 1 4 1
5 5 59 34 9 54 44 21 67 33 7 62
9 9 4 14 19 24 29 39 49 64 69 2 12 17 27 42 52 57 41 16
#c 0 0 2 0 4 3 1 2 1 4 0 0 2 0 4 0 2 2 1 4 0 2 0 3 4 3 1 2 3 4 0 3 3 2 4 3 1 3 3 4 0 2 2 1 4 0 1 0 1 4 3 1 2 1 4 3 1 2 3 4 3 1 2 3 4 0 0 2 1 4 1
7 6 65 40 47 0 20 1 22 12 21 27 52 17 67
8 8 10 15 30 45 3 11 13 66 2 7 42 57 62 33 41 16
#c 0 0 2 0 4 3 1 2 1 4 0 0 2 0 4 0 2 2 1 4 0 2 0 3 4 3 1 2 3 4 0 3 3 2 4 3 1 3 3 4 0 2 2 1 4 0 1 0 1 4 3 1 2 1 4 3 1 2 3 4 3 1 2 3 4 0 0 2 1 4 1
7 7 46 70 53 18 61 6 48 15 3 0 30 13 22 20
7 8 26 36 51 56 68 43 8 10 40 45 65 1 47 11 66
#c 0 0 2 0 4 3 1 2 1 4 0 0 2 0 4 0 2 2 1 4 0 2 0 3 4 3 1 2 3 4 0 3 3 2 4 3 1 3 3 4 0 2 2 1 4 0 1 0 1 4 3 1 2 1 4 3 1 2 3 4 3 1 2 3 4 0 0 2 1 4 1
1 1 2 26
13 13 7 12 17 27 42 52 57 62 67 33 21 41 16 6 36 46 51 56 61 48 68 53 18 43 8 70
#c 0 0 2 0 4 3 1 2 1 4 0 0 2 0 4 0 2 2 1 4 0 2 0 3 4 3 1 2 3 4 0 3 3 2 4 3 1 3 3 4 0 2 2 1 4 0 1 0 1 4 3 1 2 1 4 3 1 2 3 4 3 1 2 3 4 0 0 2 1 4 1
#c 0 0 2 0 4 3 1 2 1 4 0 0 2 0 4 0 2 2 1 4 0 2 0 3 4 3 1 2 3 4 0 3 3 2 4 3 1 3 3 4 0 2 2 1 4 0 1 0 1 4 3 1 2 1 4 3 1 2 3 4 3 1 2 3 4 0 0 2 1 4 1
3 3 59 24 34 62 41 42
11 11 4 9 14 19 29 39 44 49 54 64 69 2 7 12 17 27 52 57 67 33 21 16
#c 0 0 2 0 4 3 1 2 1 4 0 0 2 0 4 0 2 2 1 4 0 2 0 3 4 3 1 2 3 4 0 3 3 2 4 3 1 3 3 4 0 2 2 1 4 0 1 0 1 4 3 1 2 1 4 3 1 2 3 4 3 1 2 3 4 0 0 2 1 4 1
4 4 1 45 10 11 23 60 63 35
11 10 0 15 20 30 40 65 3 47 13 22 66 28 38 58 31 32 37 55 50 5 25
#c 0 0 2 0 4 3 1 2 1 4 0 0 2 0 4 0 2 2 1 4 0 2 0 3 4 3 1 2 3 4 0 3 3 2 4 3 1 3 3 4 0 2 2 1 4 0 1 0 1 4 3 1 2 1 4 3 1 2 3 4 3 1 2 3 4 0 0 2 1 4 1
4 4 68 51 8 46 2 33 21 17
10 10 6 26 36 56 61 48 53 18 43 70 7 12 27 42 52 57 62 67 41 16
#c 0 0 1 0 4 3 1 2 2 4 0 0 2 0 4 0 2 1 1 4 0 1 0 3 4 3 1 2 3 4 0 3 3 1 4 3 1 3 3 4 0 2 2 1 4 0 2 0 1 4 3 2 2 1 4 3 1 2 3 4 3 1 2 3 4 0 0 2 2 4 1
2 2 51 68 17 70
12 12 7 12 27 42 52 57 62 67 41 16 8 46 6 26 36 56 61 48 53 18 43 2 33 21
#c 0 0 1 0 4 3 1 2 2 4 0 0 2 0 4 0 2 1 1 4 0 1 0 3 4 3 1 2 3 4 0 3 3 1 4 3 1 3 3 4 0 2 2 1 4 0 2 0 1 4 3 2 2 1 4 3 1 2 3 4 3 1 2 3 4 0 0 2 2 4 1
6 6 32 63 58 28 37 60 36 21 61 33 26 56
8 8 23 38 31 55 50 35 5 25 6 48 53 18 43 70 2 17
#c 0 0 1 0 4 3 1 2 2 4 0 0 2 0 4 0 2 1 1 4 0 1 0 3 4 3 1 2 3 4 0 3 3 1 4 3 1 3 3 4 0 2 2 1 4 0 2 0 1 4 3 2 2 1 4 3 1 2 3 4 3 1 2 3 4 0 0 2 2 4 1
5 5 59 44 24 69 29 62 52 16 46 67
9 9 4 9 14 19 34 39 49 54 64 7 12 27 42 57 41 68 51 8
#c 0 0 1 0 4 3 1 2 2 4 0 0 2 0 4 0 2 1 1 4 0 1 0 3 4 3 1 2 3 4 0 3 3 1 4 3 1 3 3 4 0 2 2 1 4 0 2 0 1 4 3 2 2 1 4 3 1 2 3 4 3 1 2 3 4 0 0 2 2 4 1
5 5 1 65 22 10 3 37 32 63 5 58
10 9 0 15 20 30 40 45 47 11 13 66 23 28 38 31 55 50 35 60 25
#c 0 0 1 0 4 3 1 2 2 4 0 0 2 0 4 0 2 1 1 4 0 1 0 3 4 3 1 2 3 4 0 3 3 1 4 3 1 3 3 4 0 2 2 1 4 0 2 0 1 4 3 2 2 1 4 3 1 2 3 4 3 1 2 3 4 0 0 2 2 4 1
4 4 26 36 61 70 41 62 27 46
10 10 6 56 48 53 18 43 2 33 21 17 7 12 42 52 57 67 16 68 51 8
#c 0 0 1 0 4 3 1 2 2 4 0 0 2 0 4 0 2 1 1 4 0 1 0 3 4 3 1 2 3 4 0 3 3 1 4 3 1 3 3 4 0 2 2 1 4 0 2 0 1 4 3 2 2 1 4 3 1 2 3 4 3 1 2 3 4 0 0 2 2 4 1
3 3 67 57 42 11 3 30
11 12 7 12 27 52 62 41 16 68 51 8 46 0 10 15 20 40 45 65 1 47 13 22 66
#c 0 0 1 2 4 3 1 2 2 4 0 2 2 0 4 0 2 1 1 4 0 1 0 3 4 3 1 2 3 4 2 3 3 1 4 3 1 3 3 4 0 2 0 1 4 0 2 0 1 4 3 2 2 1 4 3 1 0 3 4 3 1 2 3 4 0 0 0 2 4 1
5 5 32 60 28 58 63 40 57 65 45 47
9 10 23 38 31 37 55 50 35 5 25 0 10 15 20 1 13 22 66 67 42
#c 0 0 1 2 4 3 1 2 2 4 0 2 2 0 4 0 2 1 1 4 0 1 0 3 4 3 1 2 0 4 2 3 0 1 4 3 1 3 3 4 3 2 0 1 4 3 2 3 1 4 3 2 2 1 4 3 1 3 0 4 0 1 2 0 4 3 0 0 2 4 1
4 4 39 49 69 9 43 33 17 48
10 10 4 14 19 24 29 34 44 54 59 64 6 26 36 56 61 53 18 70 2 21
#c 0 0 1 2 4 3 1 2 2 4 0 2 2 0 4 0 2 1 1 4 0 1 0 3 4 3 1 2 0 4 2 3 0 1 4 3 1 3 3 4 3 2 0 1 4 3 2 3 1 4 3 2 2 1 4 3 1 3 0 4 0 1 2 0 4 3 0 0 2 4 1
3 3 22 28 66 12 68 16
12 11 0 10 15 20 1 13 67 42 32 60 58 63 7 27 52 62 41 51 8 46 11 3 30
#c 0 0 1 2 4 3 1 2 2 4 0 2 2 0 4 0 2 1 1 4 0 1 0 3 4 3 1 2 0 4 2 3 0 1 4 3 1 3 3 4 3 2 0 1 4 3 2 3 1 4 3 2 2 1 4 3 1 3 0 4 0 1 2 0 4 3 0 0 2 4 1
2 3 2 70 10 1 28
12 12 6 26 36 56 61 48 53 18 43 33 21 17 0 15 20 13 22 66 67 42 32 60 58 63
#c 0 0 1 2 4 3 1 2 2 4 0 2 2 0 4 0 2 1 1 4 0 1 0 3 4 3 1 2 0 4 2 3 0 1 4 3 1 3 3 4 3 2 0 1 4 3 2 3 1 4 3 2 2 1 4 3 1 3 0 4 0 1 2 0 4 3 0 0 2 4 1
#c 0 0 1 2 4 3 1 2 2 4 0 2 2 0 4 0 2 1 1 4 0 1 0 3 4 3 1 2 0 4 2 3 0 1 4 3 1 3 3 4 3 2 0 1 4 3 2 3 1 4 3 2 2 1 4 3 1 3 0 4 0 1 2 0 4 3 0 0 2 4 1
#c 0 0 1 2 4 3 1 2 2 4 0 2 2 0 4 0 2 1 1 4 0 1 0 3 4 3 1 2 0 4 2 3 0 1 4 3 1 3 3 4 3 2 0 1 4 3 2 3 1 4 3 2 2 1 4 3 1 3 0 4 0 1 2 0 4 3 0 0 2 4 1
#c 0 0 1 2 4 3 1 2 2 4 0 2 2 0 4 0 2 1 1 4 0 1 0 3 4 3 1 2 0 4 2 3 0 1 4 3 1 3 3 4 3 2 0 1 4 3 2 3 1 4 3 2 2 1 4 3 1 3 0 4 0 1 2 0 4 3 0 0 2 4 1
2 2 60 63 4 39
13 12 0 10 15 20 1 13 22 66 67 42 32 28 58 9 14 19 24 29 34 44 49 54 59 64 69
#c 0 0 1 2 4 3 1 2 2 4 0 2 2 0 4 0 2 1 1 4 0 1 0 3 4 3 1 2 0 4 2 3 0 1 4 3 1 3 3 4 3 2 0 1 4 3 2 3 1 4 3 2 2 1 4 3 1 3 0 4 0 1 2 0 4 3 0 0 2 4 1
#c 0 0 1 2 4 3 1 2 2 4 0 2 2 0 4 0 2 1 1 4 0 1 0 3 4 3 1 2 0 4 2 3 0 1 4 3 1 3 3 4 3 2 0 1 4 3 2 3 1 4 3 2 2 1 4 3 1 3 0 4 0 1 2 0 4 3 0 0 2 4 1
7 7 12 7 30 62 46 68 16 57 23 65 55 40 37 38
7 7 27 52 41 51 8 11 3 31 50 35 5 25 45 47
#c 0 0 1 2 4 3 1 2 2 4 0 2 2 0 4 0 2 1 1 4 0 1 0 3 4 3 1 2 0 4 2 3 0 1 4 3 1 3 3 4 3 2 0 1 4 3 2 3 1 4 3 2 2 1 4 3 1 3 0 4 0 1 2 0 4 3 0 0 2 4 1
2 2 37 25 14 44
12 12 23 38 31 55 50 35 5 40 57 65 45 47 4 9 19 24 29 34 39 49 54 59 64 69
#c 0 0 1 2 4 3 1 2 2 4 0 2 2 0 3 0 2 1 1 4 0 1 0 3 4 4 1 2 0 4 2 3 0 1 4 3 1 4 3 4 3 2 0 1 3 3 2 3 1 4 3 2 2 1 4 3 1 3 0 4 0 1 2 0 4 3 0 0 2 4 1
#c 0 0 1 2 4 3 1 2 2 4 0 2 2 0 3 0 2 1 1 4 0 1 0 3 4 4 1 2 0 4 2 3 0 1 4 3 1 4 3 4 3 2 0 1 3 3 2 3 1 4 3 2 2 1 4 3 1 3 0 4 0 1 2 0 4 3 0 0 2 4 1
1 1 66 8
14 13 0 10 15 20 1 13 22 67 42 32 60 28 58 63 7 12 27 52 62 41 16 68 51 46 11 3 30
#c 0 0 1 2 4 3 1 2 2 4 0 2 2 0 3 0 2 1 1 4 0 1 0 3 4 4 1 2 0 4 2 3 0 1 4 3 1 4 3 4 3 2 0 1 3 3 2 3 1 4 3 2 2 1 4 3 1 3 0 4 0 1 2 0 4 3 0 0 2 4 1
6 6 53 21 36 6 18 61 11 51 68 46 52 41
8 8 26 56 48 43 70 2 33 17 7 12 27 62 16 8 3 30
#c 0 0 1 2 4 3 1 2 2 4 0 2 2 0 3 0 2 1 1 4 0 1 0 3 4 4 1 2 0 4 2 3 0 1 4 3 1 4 3 4 3 2 0 1 3 3 2 3 1 4 3 2 2 1 4 3 1 3 0 4 0 1 2 0 4 3 0 0 2 4 1
2 2 3 30 35 31
12 12 7 12 27 52 62 41 16 68 51 8 46 11 23 38 55 50 5 40 57 65 45 47 14 44
#c 0 0 1 3 4 3 1 2 2 4 0 2 2 0 3 0 2 1 1 4 0 1 0 3 4 4 1 2 0 4 3 2 0 1 4 2 1 4 3 4 3 2 0 1 3 3 2 3 1 4 3 2 2 1 4 3 1 3 0 4 0 1 2 0 4 3 0 0 2 4 1
5 5 50 57 40 44 14 62 41 8 46 68
9 9 23 38 55 5 65 45 47 3 30 7 12 27 52 16 51 11 35 31
#c 0 0 1 3 4 3 1 2 2 4 0 2 2 0 3 0 2 1 1 4 0 1 0 3 4 4 1 2 0 4 3 2 0 1 4 2 1 4 3 4 3 2 0 1 3 3 2 3 1 4 3 2 2 1 4 3 1 3 0 4 0 1 2 0 4 3 0 0 2 4 1
#c 0 0 1 3 4 3 1 2 2 4 0 2 2 0 3 0 2 1 1 4 0 1 0 3 4 4 1 2 0 4 3 2 0 1 4 2 1 4 3 4 3 2 0 1 3 3 2 3 1 4 3 2 2 1 4 3 1 3 0 4 0 1 2 0 4 3 0 0 2 4 1
5 6 10 66 60 42 28 68 52 41 8 12 35
10 8 0 15 20 1 13 22 67 32 58 63 7 27 62 16 51 46 11 31
#c 0 0 1 3 4 3 1 2 0 4 2 2 0 0 3 0 2 1 1 4 0 1 0 3 4 4 1 2 2 4 3 2 0 1 4 0 1 4 3 4 3 0 2 1 3 3 2 3 1 4 3 2 0 1 4 3 1 3 0 4 2 1 2 0 4 3 2 0 0 4 1
5 5 18 26 6 43 21 1 32 15 22 67
9 11 36 56 61 48 53 70 2 33 17 0 20 13 58 63 68 52 41 8 12 35
#c 0 0 1 3 4 3 1 2 0 4 2 2 0 0 3 0 2 1 1 4 0 1 0 3 4 4 1 2 2 4 3 2 0 1 4 0 1 4 3 4 3 0 2 1 3 3 2 3 1 4 3 2 0 1 4 3 1 3 0 4 2 1 2 0 4 3 2 0 0 4 1
3 3 46 10 62 41 8 22
10 13 7 27 16 51 11 31 66 60 42 28 0 15 20 1 13 67 32 58 63 68 52 12 35
#c 0 0 1 3 4 3 1 2 0 4 2 2 0 0 3 0 2 1 1 4 0 1 0 3 4 4 1 2 2 4 3 2 0 1 4 0 1 4 3 4 3 0 2 1 3 3 2 3 1 4 3 2 0 1 4 3 1 3 0 4 2 1 2 0 4 3 2 0 0 4 1
6 6 44 47 40 50 5 14 2 48 6 18 56 53
8 8 23 38 55 57 65 45 3 30 26 36 61 43 70 33 21 17
#c 0 0 1 3 4 3 1 2 0 4 2 2 0 0 3 0 2 1 1 4 0 1 0 3 4 4 1 2 2 4 3 2 0 1 4 0 1 4 3 4 3 0 2 1 3 3 2 3 1 4 3 2 0 1 4 3 1 3 0 4 2 1 2 0 4 3 2 0 0 4 1
7 8 4 25 49 29 24 69 37 17 56 21 6 18 48 43 2
7 6 9 19 34 39 54 59 64 26 36 61 53 70 33
#c 0 0 1 3 4 3 1 2 0 4 2 2 0 0 3 0 2 1 1 4 0 1 0 3 4 4 1 2 2 4 3 2 0 1 4 0 1 4 3 4 3 0 2 1 3 3 2 3 1 4 3 2 0 1 4 3 1 3 0 4 2 1 2 0 4 3 2 0 0 4 1
3 3 41 58 20 48 2 21
13 11 0 15 1 13 22 67 32 63 68 52 8 12 35 6 26 36 56 61 53 18 43 70 33 17
#c 0 0 1 3 4 3 1 2 0 4 2 2 0 0 3 0 2 1 1 4 0 1 0 3 4 4 1 2 2 4 3 2 0 1 4 0 1 4 3 4 3 0 2 1 3 3 2 3 1 4 3 2 0 1 4 3 1 3 0 4 2 1 2 0 4 3 2 0 0 4 1
4 4 17 36 6 33 28 46 10 7
10 9 26 56 61 48 53 18 43 70 2 21 27 62 16 51 11 31 66 60 42
#c 0 0 1 3 4 3 1 2 0 4 2 2 0 0 3 0 2 1 1 4 0 1 0 3 4 4 1 2 2 4 3 2 0 1 4 0 1 4 3 4 3 0 2 1 3 3 2 3 1 4 3 2 0 1 4 3 1 3 0 4 2 1 2 0 4 3 2 0 0 4 1
#c 0 0 1 3 4 3 1 2 0 4 2 2 0 0 3 0 2 1 1 4 0 1 0 3 4 4 1 2 2 4 3 2 0 1 4 0 1 4 3 4 3 0 2 1 3 3 2 3 1 4 3 2 0 1 4 3 1 3 0 4 2 1 2 0 4 3 2 0 0 4 1
2 3 47 3 56 2 18
12 11 23 38 55 50 5 40 57 65 45 14 44 30 6 26 36 61 48 53 43 70 33 21 17
#c 0 0 1 3 4 3 1 2 0 4 2 2 0 0 3 0 2 1 1 4 0 1 0 3 4 4 1 2 2 4 3 2 0 1 4 0 1 4 3 4 3 0 2 1 3 3 2 3 1 4 3 2 0 1 4 3 1 3 0 4 2 1 2 0 4 3 2 0 0 4 1
#c 0 0 1 3 4 3 1 2 0 4 2 2 0 0 3 0 2 1 1 4 0 1 0 3 4 4 1 2 2 4 3 2 0 1 4 0 1 4 3 4 3 0 2 1 3 3 2 3 1 4 3 2 0 1 4 3 1 3 0 4 2 1 2 0 4 3 2 0 0 4 1
7 7 58 1 32 0 22 13 67 45 38 30 23 44 57 40
9 7 15 20 63 68 52 41 8 12 35 55 50 5 65 47 14 3
#c 3 3 1 3 4 3 1 2 0 4 2 2 0 3 3 0 2 1 1 4 0 1 3 0 4 4 1 2 2 4 0 2 3 1 4 0 1 4 0 4 0 0 2 1 0 0 2 3 1 4 3 2 0 1 4 3 1 0 3 4 2 1 2 0 4 3 2 3 0 4 1
#c 3 3 1 3 4 3 1 2 0 4 2 2 0 3 3 0 2 1 1 4 0 1 3 0 4 4 1 2 2 4 0 2 3 1 4 0 1 4 0 4 0 0 2 1 0 0 2 3 1 4 3 2 0 1 4 3 1 0 3 4 2 1 2 0 4 3 2 3 0 4 1
4 3 42 10 66 7 25 4 69
9 11 27 62 16 51 46 11 31 60 28 9 19 24 29 34 39 49 54 59 64 37
#c 3 3 1 3 4 3 1 2 0 4 2 2 0 3 3 0 2 1 1 4 0 1 3 0 4 4 1 2 2 4 0 2 3 1 4 0 1 4 0 4 0 0 2 1 0 0 2 3 1 4 3 2 0 1 4 3 1 0 3 4 2 1 2 0 4 3 2 3 0 4 1
4 5 1 47 13 65 19 29 25 64 39
10 9 55 50 5 14 3 58 32 0 22 67 4 9 24 34 49 54 59 69 37
#c 3 3 1 3 4 3 1 2 0 4 2 2 0 3 3 0 2 1 1 4 0 1 3 0 4 4 1 2 2 4 0 2 3 1 4 0 1 4 0 4 0 0 2 1 0 0 2 3 1 4 3 2 0 1 4 3 1 0 3 4 2 1 2 0 4 3 2 3 0 4 1
2 2 64 59 45 63
12 14 4 9 19 24 29 34 39 49 54 69 37 25 15 20 68 52 41 8 12 35 38 30 23 44 57 40
#c 3 3 1 3 4 3 1 2 0 4 2 2 0 3 3 0 2 1 1 4 0 1 3 0 4 4 1 2 2 4 0 2 3 1 4 0 1 4 0 4 0 0 2 1 0 0 2 3 1 4 3 2 0 1 4 3 1 0 3 4 2 1 2 0 4 3 2 3 0 4 1
2 2 68 12 47 58
14 12 15 20 63 52 41 8 35 45 38 30 23 44 57 40 55 50 5 65 14 3 1 32 0 22 13 67
#c 3 3 1 3 4 3 1 2 0 4 2 2 0 3 3 0 2 1 1 4 0 1 3 0 4 4 1 2 2 4 0 2 3 1 4 0 1 4 0 4 0 0 2 1 0 0 2 3 1 4 3 2 0 1 4 3 1 0 3 4 2 1 2 0 4 3 2 3 0 4 1
7 5 2 6 43 70 61 17 48 55 47 5 0 13
7 9 26 36 56 53 18 33 21 50 65 14 3 58 1 32 22 67
#c 3 3 1 3 4 3 1 2 0 4 2 2 0 3 3 0 2 1 1 4 0 1 3 0 4 4 1 2 2 4 0 2 3 1 4 0 1 4 0 4 0 0 2 1 0 0 2 3 1 4 3 2 0 1 4 3 1 0 3 4 2 1 2 0 4 3 2 3 0 4 1
#c 3 3 1 3 4 3 1 2 0 4 2 2 0 3 3 0 2 1 1 4 0 1 3 0 4 4 1 2 2 4 0 2 3 1 4 0 1 4 0 4 0 0 2 1 0 0 2 3 1 4 3 2 0 1 4 3 1 0 3 4 2 1 2 0 4 3 2 3 0 4 1
5 3 14 0 13 65 5 11 66 60
9 10 55 50 47 3 58 1 32 22 67 7 27 62 16 51 46 31 10 42 28
#c 3 3 1 3 4 3 1 2 0 4 2 2 0 3 3 0 2 1 1 4 0 1 3 0 4 4 1 2 2 4 0 2 3 1 4 0 1 4 0 4 0 0 2 1 0 0 2 3 1 4 3 2 0 1 4 3 1 0 3 4 2 1 2 0 4 3 2 3 0 4 1
2 2 9 4 56 17
12 12 19 24 29 34 39 49 54 59 64 69 37 25 6 26 36 61 48 53 18 43 70 2 33 21
#c 3 3 1 3 4 3 1 2 0 4 2 2 0 3 3 0 2 1 1 4 0 1 3 0 4 4 1 2 2 4 0 2 3 1 4 0 1 4 0 4 0 0 2 1 0 0 2 3 1 4 3 2 0 1 4 3 1 0 3 4 2 1 2 0 4 3 2 3 0 4 1
8 9 35 57 8 38 23 63 44 40 0 3 50 13 32 58 47 22 55
8 5 15 20 68 52 41 12 45 30 5 65 14 1 67
#c 3 3 1 3 4 3 1 2 0 4 2 2 0 3 3 0 2 1 1 4 0 1 3 0 4 4 1 2 2 4 0 2 3 1 4 0 1 4 0 4 0 0 2 1 0 0 2 3 1 4 3 2 0 1 4 3 1 0 3 4 2 1 2 0 4 3 2 3 0 4 1
1 1 36 24
13 13 6 26 56 61 48 53 18 43 70 2 33 21 17 4 9 19 29 34 39 49 54 59 64 69 37 25
#c 3 3 1 3 4 3 1 2 0 4 2 2 0 3 3 0 2 1 1 4 0 1 3 0 4 4 1 2 2 4 0 2 3 1 4 0 1 4 0 4 0 0 2 1 0 0 2 3 1 4 3 2 0 1 4 3 1 0 3 4 2 1 2 0 4 3 2 3 0 4 1
5 5 60 62 42 27 11 64 54 29 59 25
8 9 7 16 51 46 31 10 66 28 4 9 19 24 34 39 49 69 37
#c 3 3 1 3 4 3 1 2 0 4 2 2 0 3 3 0 2 1 1 4 0 1 3 0 4 4 1 2 2 4 0 2 3 1 4 0 1 4 0 4 0 0 2 1 0 0 2 3 1 4 3 2 0 1 4 3 1 0 3 4 2 1 2 0 4 3 2 3 0 4 1
2 2 65 3 7 60
12 11 55 50 5 47 14 58 1 32 0 22 13 67 27 62 16 51 46 11 31 10 66 42 28
#c 3 3 1 3 4 3 1 2 0 4 2 2 0 3 3 0 2 1 1 4 0 1 3 0 4 4 1 2 2 4 0 2 3 1 4 0 1 4 0 4 0 0 2 1 0 0 2 3 1 4 3 2 0 1 4 3 1 0 3 4 2 1 2 0 4 3 2 3 0 4 1
5 5 64 34 19 49 54 38 35 63 68 12
9 11 4 9 24 29 39 59 69 37 25 15 20 52 41 8 45 30 23 44 57 40
#c 3 3 1 3 4 3 1 2 0 4 2 2 0 3 3 0 2 1 1 4 0 1 3 0 4 4 1 2 2 4 0 2 3 1 4 0 1 4 0 4 0 0 2 1 0 0 2 3 1 4 3 2 0 1 4 3 1 0 3 4 2 1 2 0 4 3 2 3 0 4 1
6 5 45 35 52 30 44 23 17 56 43 18 48
10 9 15 20 63 68 41 8 12 38 57 40 6 26 36 61 53 70 2 33 21
#c 3 3 1 3 4 3 1 2 0 4 2 2 0 3 3 0 2 1 1 4 0 1 3 0 4 4 1 2 2 4 0 2 3 1 4 0 1 4 0 4 0 0 2 1 0 0 2 3 1 4 3 2 0 1 4 3 1 0 3 4 2 1 2 0 4 3 2 3 0 4 1
4 4 21 53 26 18 12 35 45 8
10 12 6 36 56 61 48 43 70 2 33 17 15 20 63 68 52 41 38 30 23 44 57 40
#c 3 3 1 3 4 3 1 2 0 4 2 2 0 3 3 0 2 1 1 4 0 1 3 0 4 4 1 2 2 4 0 2 3 1 4 0 1 4 0 4 0 0 2 1 0 0 2 3 1 4 3 2 0 1 4 3 1 0 3 4 2 1 2 0 4 3 2 3 0 4 1
5 5 51 62 46 16 27 3 22 5 50 67
8 9 7 11 31 10 66 60 42 28 55 65 47 14 58 1 32 0 13
#c 3 3 1 3 4 3 1 2 0 4 2 2 0 3 3 0 2 1 1 4 0 1 3 0 4 4 1 2 2 4 0 2 3 1 4 0 1 4 0 4 0 0 2 1 0 0 2 3 1 4 3 2 0 1 4 3 1 0 3 4 2 1 2 0 4 3 2 3 0 4 1
1 1 5 30
13 15 55 50 65 47 14 3 58 1 32 0 22 13 67 15 20 63 68 52 41 8 12 35 45 38 23 44 57 40
#c 3 3 1 3 4 0 1 2 0 4 2 2 0 3 3 0 2 1 1 4 0 1 3 0 4 4 1 2 2 4 3 2 3 1 4 0 1 4 0 4 0 0 2 1 0 0 2 3 1 4 3 2 0 1 4 3 1 0 3 4 2 1 2 0 4 3 2 3 0 4 1
5 5 34 49 9 24 4 3 13 65 30 67
9 9 19 29 39 54 59 64 69 37 25 55 50 47 14 58 1 32 0 22
#c 3 3 1 3 4 0 1 2 0 4 2 2 0 3 3 0 2 1 1 4 0 1 3 0 4 4 1 2 2 4 3 2 3 1 4 0 1 4 0 4 0 0 2 1 0 0 2 3 1 4 3 2 0 1 4 3 1 0 3 4 2 1 2 0 4 3 2 3 0 4 1
#c 3 3 1 3 4 0 1 2 0 4 2 2 0 3 3 0 2 1 1 4 0 1 3 0 4 4 1 2 2 4 3 2 3 1 4 0 1 4 0 4 0 0 2 1 0 0 2 3 1 4 3 2 0 1 4 3 1 0 3 4 2 1 2 0 4 3 2 3 0 4 1
#c 3 3 1 3 4 0 1 2 0 4 2 2 0 3 3 0 2 1 1 4 0 1 3 0 4 4 1 2 2 4 3 2 3 1 4 0 1 4 0 4 0 0 2 1 0 0 2 3 1 4 3 2 0 1 4 3 1 0 3 4 2 1 2 0 4 3 2 3 0 4 1
1 1 28 54
12 13 7 27 62 16 51 46 11 31 10 66 60 42 4 9 19 24 29 34 39 49 59 64 69 37 25
#c 3 3 1 3 4 0 1 2 0 4 2 2 0 3 3 0 2 1 1 4 0 1 3 0 4 4 1 2 2 4 3 2 3 1 4 0 1 4 0 4 0 0 2 1 0 0 2 3 1 4 3 2 0 1 4 3 1 0 3 4 2 1 2 0 4 3 2 3 0 4 1
4 4 1 47 14 30 4 64 54 49
10 10 55 50 65 3 58 32 0 22 13 67 9 19 24 29 34 39 59 69 37 25
#c 3 3 1 3 4 0 1 2 0 4 2 2 0 3 3 0 2 1 1 4 0 1 3 0 4 4 1 2 2 4 3 2 3 1 4 0 1 4 0 4 0 0 2 1 0 0 2 3 1 4 3 2 0 1 4 3 1 0 3 4 2 1 2 0 4 3 2 3 0 4 1
3 3 4 59 19 3 13 0
11 11 9 24 29 34 39 49 54 64 69 37 25 55 50 65 47 14 58 1 32 22 67 30
#c 3 3 1 3 4 0 1 2 0 4 2 2 0 3 3 0 2 1 1 4 0 1 3 0 4 4 1 2 2 4 3 2 3 1 4 0 1 4 0 4 0 0 2 1 0 0 2 3 1 4 3 2 0 1 4 3 1 0 3 4 2 1 2 0 4 3 2 3 0 4 1
5 5 57 38 40 5 35 0 58 3 14 47
11 9 15 20 63 68 52 41 8 12 45 23 44 55 50 65 1 32 22 13 67 30
#c 3 3 1 3 4 0 1 2 0 4 2 2 0 3 3 0 2 1 1 4 0 1 3 0 4 4 1 2 2 4 3 2 3 1 4 0 1 4 0 4 0 0 2 1 0 0 2 3 1 4 3 2 0 1 4 3 1 0 3 4 2 1 2 0 4 3 2 3 0 4 1
6 6 21 17 53 33 18 2 7 27 46 16 28 66
8 7 6 26 36 56 61 48 43 70 62 51 11 31 10 60 42
#c 3 3 2 3 4 0 1 1 0 4 2 2 0 3 3 0 1 2 2 4 0 2 3 0 4 4 1 1 1 4 3 2 3 2 4 0 1 4 0 4 0 0 2 1 0 0 1 3 1 4 3 2 0 2 4 3 1 0 3 4 2 1 2 0 4 3 1 3 0 4 1
4 4 31 10 62 42 14 13 0 50
9 10 51 11 60 21 17 53 33 18 2 55 65 47 3 58 1 32 22 67 30
#c 3 3 2 3 4 0 1 1 0 4 2 2 0 3 3 0 1 2 2 4 0 2 3 0 4 4 1 1 1 4 3 2 3 2 4 0 1 4 0 4 0 0 2 1 0 0 1 3 1 4 3 2 0 2 4 3 1 0 3 4 2 1 2 0 4 3 1 3 0 4 1
7 7 50 55 47 30 67 32 0 33 60 2 51 42 18 21
7 6 65 14 3 58 1 22 13 62 11 31 10 17 53
#c 3 3 2 3 4 0 1 1 0 4 2 2 0 3 3 0 1 2 2 4 0 2 3 0 4 4 1 1 1 4 3 2 3 2 4 0 1 4 0 4 0 0 2 1 0 0 1 3 1 4 3 2 0 2 4 3 1 0 3 4 2 1 2 0 4 3 1 3 0 4 1
7 7 24 37 29 59 19 25 39 5 38 23 40 57 52 63
7 9 4 9 34 49 54 64 69 15 20 68 41 8 12 35 45 44
#c 3 3 2 3 4 0 1 1 0 4 2 2 0 3 3 0 1 2 2 4 0 2 3 0 4 4 1 1 1 4 3 2 3 2 4 0 1 4 0 4 0 0 2 1 0 0 1 3 1 4 3 2 0 2 4 3 1 0 3 4 2 1 2 0 4 3 1 3 0 4 1
3 3 38 63 52 56 46 6
13 11 15 20 68 41 8 12 35 45 23 44 57 40 5 26 36 61 48 43 70 7 27 16 28 66
#c 3 3 2 3 4 0 1 1 0 4 2 2 0 3 3 0 1 2 2 4 0 2 3 0 4 4 1 1 1 4 3 2 3 2 4 0 1 4 0 4 0 0 2 1 0 0 1 3 1 4 3 2 0 2 4 3 1 0 3 4 2 1 2 0 4 3 1 3 0 4 1
#c 3 3 2 3 4 0 1 1 0 4 2 2 0 3 3 0 1 2 2 4 0 2 3 0 4 4 1 1 1 4 3 2 3 2 4 0 1 4 0 4 0 0 2 1 0 0 1 3 1 4 3 2 0 2 4 3 1 0 3 4 2 1 2 0 4 3 1 3 0 4 1
#c 3 3 2 3 4 0 1 1 0 4 2 2 0 3 3 0 1 2 2 4 0 2 3 0 4 4 1 1 1 4 3 2 3 2 4 0 1 4 0 4 0 0 2 1 0 0 1 3 1 4 3 2 0 2 4 3 1 0 3 4 2 1 2 0 4 3 1 3 0 4 1
#c 3 3 2 3 4 0 1 1 0 4 2 2 0 3 3 0 1 2 2 4 0 2 3 0 4 4 1 1 1 4 3 2 3 2 4 0 1 4 0 4 0 0 2 1 0 0 1 3 1 4 3 2 0 2 4 3 1 0 3 4 2 1 2 0 4 3 1 3 0 4 1
5 4 64 59 19 24 39 1 13 58 65
9 10 4 9 29 34 49 54 69 37 25 55 50 47 14 3 32 0 22 67 30
#c 3 3 2 3 4 0 1 1 0 4 2 2 0 3 3 0 1 2 2 4 0 2 3 0 4 4 1 1 1 4 3 2 3 2 4 0 1 4 0 4 0 0 2 1 0 0 1 3 1 4 3 2 0 2 4 3 1 0 3 4 2 1 2 0 4 3 1 3 0 4 1
2 2 35 63 2 21
14 11 15 20 68 52 41 8 12 45 38 23 44 57 40 5 62 51 11 31 10 60 42 17 53 33 18
#c 3 3 2 3 4 0 1 1 0 4 2 2 0 3 3 0 1 2 2 4 0 2 3 0 4 4 1 1 1 4 3 2 3 2 4 0 1 4 0 4 0 0 2 1 0 0 1 3 1 4 3 2 0 2 4 3 1 0 3 4 2 1 2 0 4 3 1 3 0 4 1
5 5 28 7 66 61 26 40 35 68 20 41
9 11 6 36 56 48 43 70 27 46 16 15 63 52 8 12 45 38 23 44 57 5
#c 3 3 2 3 4 0 1 1 0 4 2 2 0 3 3 0 1 2 2 4 0 2 3 0 4 4 1 1 1 4 3 2 3 2 4 0 1 4 0 4 0 0 2 1 0 0 1 3 1 4 3 2 0 2 4 3 1 0 3 4 2 1 2 0 4 3 1 3 0 4 1
2 2 31 10 34 54
11 12 62 51 11 60 42 21 17 53 33 18 2 4 9 19 24 29 39 49 59 64 69 37 25
#c 3 3 2 3 4 0 1 1 0 4 2 2 0 3 3 0 1 2 2 4 0 2 3 0 4 4 1 1 1 4 3 2 3 2 4 0 1 4 0 4 0 0 2 1 0 0 1 3 1 4 3 2 0 2 4 3 1 0 3 4 2 1 2 0 4 3 1 3 0 4 1
7 7 3 14 58 67 55 22 50 18 2 62 60 51 42 33
7 6 65 47 1 32 0 13 30 11 31 10 21 17 53
#c 3 3 2 3 4 0 1 1 0 4 2 2 0 3 3 0 1 2 2 4 0 2 3 0 4 4 1 1 1 4 3 2 3 2 4 0 1 4 0 4 0 0 2 1 0 0 1 3 1 4 3 2 0 2 4 3 1 0 3 4 2 1 2 0 4 3 1 3 0 4 1
3 3 19 39 64 7 43 48
11 11 4 9 24 29 34 49 54 59 69 37 25 6 26 36 56 61 70 27 46 16 28 66
#c 3 3 2 3 4 0 1 1 0 4 2 2 0 3 3 0 1 2 2 4 0 2 3 0 4 4 1 1 1 4 3 2 3 2 4 0 1 4 0 4 0 0 2 1 0 0 1 3 1 4 3 2 0 2 4 3 1 0 3 4 2 1 2 0 4 3 1 3 0 4 1
#c 3 3 2 3 4 0 1 1 0 4 2 2 0 3 3 0 1 2 2 4 0 2 3 0 4 4 1 1 1 4 3 2 3 2 4 0 1 4 0 4 0 0 2 1 0 0 1 3 1 4 3 2 0 2 4 3 1 0 3 4 2 1 2 0 4 3 1 3 0 4 1
6 6 6 16 46 48 7 43 29 39 49 64 37 54
8 8 26 36 56 61 70 27 28 66 4 9 19 24 34 59 69 25
#c 3 3 2 3 4 0 1 1 0 4 2 2 0 3 3 0 1 2 2 4 0 2 3 0 4 4 1 1 1 4 3 2 3 2 4 0 1 4 0 4 0 0 2 1 0 0 1 3 1 4 3 2 0 2 4 3 1 0 3 4 2 1 2 0 4 3 1 3 0 4 1
6 6 11 51 42 17 2 62 49 25 39 4 54 29
7 8 31 10 60 21 53 33 18 9 19 24 34 59 64 69 37
#c 3 3 2 3 4 0 1 1 0 4 2 2 0 3 3 0 1 2 2 4 0 2 3 0 4 4 1 1 1 4 3 2 3 2 4 0 1 4 0 4 0 0 2 1 0 0 1 3 1 4 3 2 0 2 4 3 1 0 3 4 2 1 2 0 4 3 1 3 0 4 1
2 1 32 30 35
12 15 55 50 65 47 14 3 58 1 0 22 13 67 15 20 63 68 52 41 8 12 45 38 23 44 57 40 5
#c 3 3 2 3 4 0 1 1 0 4 2 2 0 3 3 0 1 2 2 4 0 2 3 0 4 4 1 1 1 4 3 2 3 2 4 0 1 4 0 4 0 0 2 1 0 0 1 3 1 4 3 2 0 2 4 3 1 0 3 4 2 1 2 0 4 3 1 3 0 4 1
7 7 69 24 59 9 37 34 4 20 63 12 52 44 23 15
7 9 19 29 39 49 54 64 25 68 41 8 35 45 38 57 40 5
#c 3 3 2 3 4 0 1 1 0 4 2 2 0 3 3 0 1 2 2 4 0 2 3 0 4 4 1 1 1 4 3 2 3 2 4 0 1 4 0 4 0 0 2 1 0 0 1 3 1 4 3 2 0 2 4 3 1 0 3 4 2 1 2 0 4 3 1 3 0 4 1
3 3 63 20 44 55 0 67
13 11 15 68 52 41 8 12 35 45 38 23 57 40 5 50 65 47 14 3 58 1 32 22 13 30
#c 3 3 2 3 4 0 1 1 0 4 2 2 0 3 3 0 1 2 2 4 0 2 3 0 4 4 1 1 1 4 3 2 3 2 4 0 1 4 0 4 0 0 2 1 0 0 1 3 1 4 3 2 0 2 4 3 1 0 3 4 2 1 2 0 4 3 1 3 0 4 1
4 4 66 46 70 36 18 62 21 60
10 9 6 26 56 61 48 43 7 27 16 28 51 11 31 10 42 17 53 33 2
#c 3 3 2 3 4 0 1 1 0 4 2 2 0 3 3 0 1 2 2 4 0 2 3 0 4 4 1 1 1 4 3 2 3 2 4 0 1 4 0 4 0 0 2 1 0 0 1 3 1 4 3 2 0 2 4 3 1 0 3 4 2 1 2 0 4 3 1 3 0 4 1
2 2 2 33 24 39
11 12 62 51 11 31 10 60 42 21 17 53 18 4 9 19 29 34 49 54 59 64 69 37 25
#c 3 3 2 3 4 0 1 1 0 4 2 2 0 3 3 0 1 2 2 4 0 2 3 0 4 4 1 1 1 4 3 2 3 2 4 0 1 4 0 4 0 0 2 1 0 0 1 3 1 4 3 2 0 2 4 3 1 0 3 4 2 1 2 0 4 3 1 3 0 4 1
2 3 50 1 16 61 26
12 11 55 65 47 14 3 58 32 0 22 13 67 30 6 36 56 48 43 70 7 27 46 28 66
#c 3 3 2 3 4 0 1 1 0 4 2 2 0 3 3 0 1 2 2 4 0 2 3 0 4 4 1 1 1 4 3 2 3 2 4 0 1 4 0 4 0 0 2 1 0 0 1 3 1 4 3 2 0 2 4 3 1 0 3 4 2 1 2 0 4 3 1 3 0 4 1
6 6 49 54 25 64 19 39 5 40 35 45 52 68
8 10 4 9 24 29 34 59 69 37 15 20 63 41 8 12 38 23 44 57
#c 3 3 2 3 4 0 1 1 0 4 2 2 0 3 3 0 1 2 2 4 0 2 3 0 4 4 1 1 1 4 3 2 3 2 4 0 1 4 0 4 0 0 2 1 0 0 1 3 1 4 3 2 0 2 4 3 1 0 3 4 2 1 2 0 4 3 1 3 0 4 1
4 4 40 63 20 52 36 6 48 43
12 10 15 68 41 8 12 35 45 38 23 44 57 5 26 56 61 70 7 27 46 16 28 66
#c 3 3 2 3 4 0 1 1 0 4 2 2 0 3 3 0 1 2 2 4 0 2 3 0 4 4 1 1 1 4 3 2 3 2 4 0 1 4 0 4 0 0 2 1 0 0 1 3 1 4 3 2 0 2 4 3 1 0 3 4 2 1 2 0 4 3 1 3 0 4 1
2 2 56 6 44 52
12 14 26 36 61 48 43 70 7 27 46 16 28 66 15 20 63 68 41 8 12 35 45 38 23 57 40 5
#c 3 3 2 3 4 0 1 1 0 4 2 2 0 3 3 0 1 2 2 4 0 2 3 0 4 4 1 1 1 4 3 2 3 2 4 0 1 4 0 4 0 0 2 1 0 0 1 3 1 4 3 2 0 2 4 3 1 0 3 4 2 1 2 0 4 3 1 3 0 4 1
4 3 10 33 53 2 19 9 37
9 11 62 51 11 31 60 42 21 17 18 4 24 29 34 39 49 54 59 64 69 25
#c 3 3 2 3 4 0 1 1 0 4 2 2 0 3 3 0 1 2 2 4 0 2 3 0 4 4 1 1 1 4 3 2 3 2 4 0 1 4 0 4 0 0 2 1 0 0 1 3 1 4 3 2 0 2 4 3 1 0 3 4 2 1 2 0 4 3 1 3 0 4 1
1 1 30 10
13 12 55 50 65 47 14 3 58 1 32 0 22 13 67 62 51 11 31 60 42 21 17 53 33 18 2
#c 3 3 2 3 4 0 1 1 0 4 2 2 0 3 3 0 1 2 2 4 0 2 3 0 4 4 1 1 1 4 3 2 3 2 4 0 1 4 0 4 0 0 2 1 0 0 1 3 1 4 3 2 0 2 4 3 1 0 3 4 2 1 2 0 4 3 1 3 0 4 1
5 4 9 25 59 19 69 67 22 55 50
9 10 4 24 29 34 39 49 54 64 37 65 47 14 3 58 1 32 0 13 30
#c 3 3 2 3 4 0 1 1 0 4 2 2 0 3 3 0 1 2 2 4 0 2 3 0 4 4 1 1 1 4 3 2 3 2 4 0 1 4 0 4 0 0 2 1 0 0 1 3 1 4 3 2 0 2 4 3 1 0 3 4 2 1 2 0 4 3 1 3 0 4 1
7 7 12 35 20 23 5 15 38 27 28 46 70 16 36 26
9 7 63 68 52 41 8 45 44 57 40 6 56 61 48 43 7 66
#c 3 3 2 3 4 0 1 1 0 4 2 2 0 3 3 0 1 2 2 4 0 2 3 0 4 4 1 1 1 4 3 2 3 2 4 0 1 4 0 4 0 0 2 1 0 0 1 3 1 4 3 2 0 2 4 3 1 0 3 4 2 1 2 0 4 3 1 3 0 4 1
6 6 46 48 16 43 56 27 59 19 64 39 4 29
8 8 6 26 36 61 70 7 28 66 9 24 34 49 54 69 37 25
#c 3 3 2 3 4 0 1 1 0 4 2 2 0 3 3 0 1 2 2 4 0 2 3 0 4 4 1 1 1 4 3 2 3 2 4 0 1 4 0 4 0 0 2 1 0 0 1 3 1 4 3 2 0 2 4 3 1 0 3 4 2 1 2 0 4 3 1 3 0 4 1
5 5 42 53 51 18 21 59 4 25 49 37
8 9 62 11 31 10 60 17 33 2 9 19 24 29 34 39 54 64 69
#c 3 3 2 3 4 0 1 1 0 4 2 2 0 3 3 0 1 2 2 4 0 2 3 0 4 4 1 1 1 4 3 2 3 2 4 0 1 4 0 4 0 0 2 1 0 0 1 3 1 4 3 2 0 2 4 3 1 0 3 4 2 1 2 0 4 3 1 3 0 4 1
3 3 65 58 1 11 33 60
11 10 55 50 47 14 3 32 0 22 13 67 30 62 51 31 10 42 21 17 53 18 2
#c 3 3 2 3 4 0 1 1 0 4 2 2 0 3 3 0 1 2 2 4 0 2 3 0 4 4 1 1 1 4 3 2 3 2 4 0 1 4 0 4 0 0 2 1 0 0 1 3 1 4 3 2 0 2 4 3 1 0 3 4 2 1 2 0 4 3 1 3 0 4 1
7 7 59 25 29 69 37 49 39 53 42 31 18 33 60 11
7 6 4 9 19 24 34 54 64 62 51 10 21 17 2
#c 3 3 2 3 4 0 1 1 0 4 2 2 0 3 3 0 1 2 2 4 0 2 3 0 4 4 1 1 1 4 3 2 3 2 4 0 1 4 0 4 0 0 2 1 0 0 1 3 1 4 3 2 0 2 4 3 1 0 3 4 2 1 2 0 4 3 1 3 0 4 1
7 5 57 41 23 68 63 38 20 67 58 1 55 30
9 9 15 52 8 12 35 45 44 40 5 50 65 47 14 3 32 0 22 13
#c 3 3 2 3 4 0 1 1 0 4 2 2 0 3 3 0 1 2 2 4 0 2 3 0 4 4 1 1 1 4 3 2 3 2 4 0 1 4 0 4 0 0 2 1 0 0 1 3 1 4 3 2 0 2 4 3 1 0 3 4 2 1 2 0 4 3 1 3 0 4 1
3 4 7 16 70 59 29 19 34
11 10 6 26 36 56 61 48 43 27 46 28 66 4 9 24 39 49 54 64 69 37 25
#c 3 3 2 3 4 0 1 1 0 4 2 2 0 3 3 0 1 2 2 4 0 2 3 0 4 4 1 1 1 4 3 2 3 2 4 0 1 4 0 4 0 0 2 1 0 0 1 3 1 4 3 2 0 2 4 3 1 0 3 4 2 1 2 0 4 3 1 3 0 4 1
1 1 51 34
12 13 62 11 31 10 60 42 21 17 53 33 18 2 4 9 19 24 29 39 49 54 59 64 69 37 25
#c 3 3 2 3 4 0 1 1 0 4 2 2 0 3 3 0 1 2 2 4 0 2 3 0 4 4 1 1 1 4 3 2 3 2 4 0 1 4 0 4 0 0 2 1 0 0 1 3 1 4 3 2 0 2 4 3 1 0 3 4 2 1 2 0 4 3 1 3 0 4 1
1 1 1 4
13 13 55 50 65 47 14 3 58 32 0 22 13 67 30 9 19 24 29 34 39 49 54 59 64 69 37 25
#c 3 3 2 3 4 0 1 1 0 4 2 2 0 3 3 0 1 2 2 4 0 2 3 0 4 4 1 1 1 4 3 2 3 2 4 0 1 4 0 4 0 0 2 1 0 0 1 3 1 4 3 2 0 2 4 3 1 0 3 4 2 1 2 0 4 3 1 3 0 4 1
#c 3 3 2 3 4 0 1 1 0 4 2 2 0 3 3 0 1 2 2 4 0 2 3 0 4 4 1 1 1 4 3 2 3 2 4 0 1 4 0 4 0 0 2 1 0 0 1 3 1 4 3 2 0 2 4 3 1 0 3 4 2 1 2 0 4 3 1 3 0 4 1
5 5 40 12 41 45 38 53 51 21 11 33
11 8 15 20 63 68 52 8 35 23 44 57 5 62 31 10 60 42 17 18 2
#c 3 3 2 3 4 0 1 1 0 4 2 2 0 3 3 0 1 2 2 4 0 2 3 0 4 4 1 1 1 4 3 2 3 2 4 0 1 4 0 4 0 0 2 1 0 0 1 3 1 4 3 2 0 2 4 3 1 0 3 4 2 1 2 0 4 3 1 3 0 4 1
1 1 70 47
13 13 6 26 36 56 61 48 43 7 27 46 16 28 66 55 50 65 14 3 58 1 32 0 22 13 67 30
#c 3 3 2 3 4 0 1 1 0 4 2 2 0 3 3 0 1 2 2 4 0 2 3 0 4 4 1 1 1 4 3 2 3 2 4 0 1 4 0 4 0 0 2 1 0 0 1 3 1 4 3 2 0 2 4 3 1 0 3 4 2 1 2 0 4 3 1 3 0 4 1
#c 3 3 2 3 4 0 1 1 0 4 2 2 0 3 3 0 1 2 2 4 0 2 3 0 4 4 1 1 1 4 3 2 3 2 4 0 1 4 0 4 0 0 2 1 0 0 1 3 1 4 3 2 0 2 4 3 1 0 3 4 2 1 2 0 4 3 1 3 0 4 1
4 4 58 30 1 65 24 25 9 37
10 10 55 50 47 14 3 32 0 22 13 67 4 19 29 34 39 49 54 59 64 69
#c 3 3 2 3 4 0 1 1 0 4 2 2 0 3 3 0 1 2 2 4 0 2 3 0 4 4 1 1 1 4 3 2 3 2 4 0 1 4 0 4 0 0 2 1 0 0 1 3 1 4 3 2 0 2 4 3 1 0 3 4 2 1 2 0 4 3 1 3 0 4 1
4 4 34 24 49 4 68 57 15 63
10 12 9 19 29 39 54 59 64 69 37 25 20 52 41 8 12 35 45 38 23 44 40 5
#c 3 3 2 3 4 0 1 1 0 4 2 2 0 3 3 0 1 2 2 4 0 2 3 0 4 4 1 1 1 4 3 2 3 2 4 0 1 4 0 4 0 0 2 1 0 0 1 3 1 4 3 2 0 2 4 3 1 0 3 4 2 1 2 0 4 3 1 3 0 4 1
7 7 5 35 41 63 40 15 8 16 36 6 7 70 27 28
9 7 20 68 52 12 45 38 23 44 57 26 56 61 48 43 46 66
#c 3 3 2 3 4 0 1 1 0 4 2 2 0 3 3 0 1 2 2 4 0 2 3 0 4 4 1 1 1 4 3 2 3 2 4 0 1 4 0 4 0 0 2 1 0 0 1 3 1 4 3 2 0 2 4 3 1 0 3 4 2 1 2 0 4 3 1 3 0 4 1
7 7 28 66 7 48 36 56 16 5 15 38 45 40 44 68
7 9 6 26 61 43 70 27 46 20 63 52 41 8 12 35 23 57
#c 3 3 2 3 4 0 1 1 0 4 2 2 0 3 3 0 1 2 2 4 0 2 3 0 4 4 1 1 1 4 3 2 3 2 4 0 1 4 0 4 0 0 2 1 0 0 1 3 1 4 3 2 0 2 4 3 1 0 3 4 2 1 2 0 4 3 1 3 0 4 1
3 3 18 2 11 48 46 36
10 11 62 51 31 10 60 42 21 17 53 33 6 26 56 61 43 70 7 27 16 28 66
#c 3 3 2 3 4 0 1 1 0 4 2 2 0 3 3 0 1 2 2 4 0 2 3 0 4 4 1 1 1 4 3 2 3 2 4 0 1 4 0 4 0 0 2 1 0 0 1 3 1 4 3 2 0 2 4 3 1 0 3 4 2 1 2 0 4 3 1 3 0 4 1
3 3 32 14 50 60 17 62
11 10 55 65 47 3 58 1 0 22 13 67 30 51 11 31 10 42 21 53 33 18 2
#c 3 3 2 3 4 0 1 1 0 4 2 2 0 3 3 0 1 2 2 4 0 2 3 0 4 4 1 1 1 4 3 2 3 2 4 0 1 4 0 4 0 0 2 1 0 0 1 3 1 4 3 2 0 2 4 3 1 0 3 4 2 1 2 0 4 3 1 3 0 4 1
4 5 54 49 39 19 42 10 17 2 21
10 8 4 9 24 29 34 59 64 69 37 25 62 51 11 31 60 53 33 18
#c 3 3 2 3 4 0 1 1 0 4 2 2 0 3 3 0 1 2 2 4 0 2 3 0 4 4 1 1 1 4 3 2 3 2 4 0 1 4 0 4 0 0 2 1 0 0 1 3 1 4 3 2 0 2 4 3 1 0 3 4 2 1 2 0 4 3 1 3 0 4 1
4 4 15 45 23 52 24 34 59 39
12 10 20 63 68 41 8 12 35 38 44 57 40 5 4 9 19 29 49 54 64 69 37 25
#c 3 3 2 3 4 0 1 1 0 4 2 2 0 3 3 0 1 2 2 4 0 2 3 0 4 4 1 1 1 4 3 2 3 2 4 0 1 4 0 4 0 0 2 1 0 0 1 3 1 4 3 2 0 2 4 3 1 0 3 4 2 1 2 0 4 3 1 3 0 4 1
4 4 46 7 66 56 12 68 20 8
10 12 6 26 36 61 48 43 70 27 16 28 15 63 52 41 35 45 38 23 44 57 40 5
#c 3 3 2 3 4 0 1 1 0 4 2 2 0 3 3 0 1 2 2 4 0 2 3 0 4 4 1 1 1 4 3 2 3 2 4 0 1 4 0 4 0 0 2 1 0 0 1 3 1 4 3 2 0 2 4 3 1 0 3 4 2 1 2 0 4 3 1 3 0 4 1
#c 3 3 2 3 4 0 1 1 0 4 2 2 0 3 3 0 1 2 2 4 0 2 3 0 4 4 1 1 1 4 3 2 3 2 4 0 1 4 0 4 0 0 2 1 0 0 1 3 1 4 3 2 0 2 4 3 1 0 3 4 2 1 2 0 4 3 1 3 0 4 1
5 5 0 13 67 47 1 26 66 56 48 27
9 9 55 50 65 14 3 58 32 22 30 6 36 61 43 70 7 46 16 28
#c 3 3 2 3 4 0 1 1 0 4 2 2 0 3 3 0 1 2 2 4 0 2 3 0 4 4 1 1 1 4 3 2 3 2 4 0 1 4 0 4 0 0 2 1 0 0 1 3 1 4 3 2 0 2 4 3 1 0 3 4 2 1 2 0 4 3 1 3 0 4 1
1 1 49 48
13 13 4 9 19 24 29 34 39 54 59 64 69 37 25 6 26 36 56 61 43 70 7 27 46 16 28 66
#c 3 3 2 3 4 0 1 1 0 4 2 2 0 3 3 0 1 2 2 4 0 2 3 0 4 4 1 1 1 4 3 2 3 2 4 0 1 4 0 4 0 0 2 1 0 0 1 3 1 4 3 2 0 2 4 3 1 0 3 4 2 1 2 0 4 3 1 3 0 4 1
1 1 12 10
15 12 15 20 63 68 52 41 8 35 45 38 23 44 57 40 5 62 51 11 31 60 42 21 17 53 33 18 2
#c 3 3 2 3 4 0 1 1 0 4 2 2 0 3 3 0 1 2 2 4 0 2 3 0 4 4 1 1 1 4 3 2 3 2 4 0 1 4 0 4 0 0 2 1 0 0 1 3 1 4 3 2 0 2 4 3 1 0 3 4 2 1 2 0 4 3 1 3 0 4 1
3 3 27 6 66 15 20 68
11 13 26 36 56 61 48 43 70 7 46 16 28 63 52 41 8 12 35 45 38 23 44 57 40 5
#c 3 3 2 3 4 0 1 1 0 4 2 2 0 3 3 0 1 2 2 4 0 2 3 0 4 4 1 1 1 4 3 2 3 2 4 0 1 4 0 4 0 0 2 1 0 0 1 3 1 4 3 2 0 2 4 3 1 0 3 4 2 1 2 0 4 3 1 3 0 4 1
5 5 53 11 33 62 18 22 30 50 55 67
8 9 51 31 10 60 42 21 17 2 65 47 14 3 58 1 32 0 13
#c 3 3 2 3 4 0 1 1 0 4 2 2 0 3 3 0 1 2 2 4 0 2 3 0 4 4 1 1 1 4 3 2 3 2 4 0 1 4 0 4 0 0 2 1 0 0 1 3 1 4 3 2 0 2 4 3 1 0 3 4 2 1 2 0 4 3 1 3 0 4 1
5 5 47 32 30 0 14 17 33 21 11 42
9 8 55 50 65 3 58 1 22 13 67 62 51 31 10 60 53 18 2
#c 3 3 2 3 4 0 1 1 0 4 2 2 0 3 3 0 1 2 2 4 0 2 3 0 4 4 1 1 1 4 3 2 3 2 4 0 1 4 0 4 0 0 2 1 0 0 1 3 1 4 3 2 0 2 4 3 1 0 3 4 2 1 2 0 4 3 1 3 0 4 1
5 7 9 29 69 39 64 14 65 32 30 55 58 3
9 7 4 19 24 34 49 54 59 37 25 50 47 1 0 22 13 67
#c 3 3 2 3 4 0 1 1 0 4 2 2 0 3 3 0 1 2 2 4 0 2 3 0 4 4 1 1 1 4 3 2 3 2 4 0 1 4 0 4 0 0 2 1 0 0 1 3 1 4 3 2 0 2 4 3 1 0 3 4 2 1 2 0 4 3 1 3 0 4 1
3 3 12 15 68 51 11 53
13 10 20 63 52 41 8 35 45 38 23 44 57 40 5 62 31 10 60 42 21 17 33 18 2
#c 3 3 2 3 4 0 1 1 0 4 2 2 0 3 3 0 1 2 2 4 0 2 3 0 4 4 1 1 1 4 3 2 3 2 4 0 1 4 0 4 0 0 2 1 0 0 1 3 1 4 3 2 0 2 4 3 1 0 3 4 2 1 2 0 4 3 1 3 0 4 1
6 6 43 7 16 66 46 36 0 1 32 13 67 58
8 8 6 26 56 61 48 70 27 28 55 50 65 47 14 3 22 30
#c 3 3 2 3 4 0 1 1 0 4 2 2 0 3 3 0 1 2 2 4 0 2 3 0 4 4 1 1 1 4 3 2 3 2 4 0 1 4 0 4 0 0 2 1 0 0 1 3 1 4 3 2 0 2 4 3 1 0 3 4 2 1 2 0 4 3 1 3 0 4 1
5 5 31 21 18 62 10 30 58 14 47 50
8 9 51 11 60 42 17 53 33 2 55 65 3 1 32 0 22 13 67
#c 3 3 2 3 4 0 1 1 0 4 2 2 0 3 3 0 1 2 2 4 0 2 3 0 4 4 1 1 1 4 3 2 3 2 4 0 1 4 0 4 0 0 2 1 0 0 1 3 1 4 3 2 0 2 4 3 1 0 3 4 2 1 2 0 4 3 1 3 0 4 1
4 4 65 47 3 30 31 2 53 10
10 9 55 50 14 58 1 32 0 22 13 67 62 51 11 60 42 21 17 33 18
#c 3 3 2 3 4 0 1 1 0 4 2 2 0 3 3 0 1 2 2 4 0 2 3 0 4 4 1 1 1 4 3 2 3 2 4 0 1 4 0 4 0 0 2 1 0 0 1 3 1 4 3 2 0 2 4 3 1 0 3 4 2 1 2 0 4 3 1 3 0 4 1
4 4 54 25 29 49 57 40 45 68
10 12 4 9 19 24 34 39 59 64 69 37 15 20 63 52 41 8 12 35 38 23 44 5
#c 3 3 2 3 4 0 1 1 0 4 2 2 0 3 3 0 1 2 2 4 0 2 3 0 4 4 1 1 1 4 3 2 3 2 4 0 1 4 0 4 0 0 2 1 0 0 1 3 1 4 3 2 0 2 4 3 1 0 3 4 2 1 2 0 4 3 1 3 0 4 1
2 2 12 41 10 31
14 11 15 20 63 68 52 8 35 45 38 23 44 57 40 5 62 51 11 60 42 21 17 53 33 18 2
#c 3 3 2 3 4 0 1 1 0 4 2 2 0 3 3 0 1 2 2 4 0 2 3 0 4 4 1 1 1 4 3 2 3 2 4 0 1 4 0 4 0 0 2 1 0 0 1 3 1 4 3 2 0 2 4 3 1 0 3 4 2 1 2 0 4 3 1 3 0 4 1
6 6 70 66 28 61 36 7 53 51 21 11 62 60
8 7 6 26 56 48 43 27 46 16 31 10 42 17 33 18 2
#c 3 3 2 3 4 0 1 1 0 4 2 2 0 3 3 0 1 2 2 4 0 2 3 0 4 4 1 1 1 4 3 2 3 2 4 0 1 4 0 4 0 0 2 1 0 0 1 3 1 4 3 2 0 2 4 3 1 0 3 4 2 1 2 0 4 3 1 3 0 4 1
#c 3 3 2 3 4 0 1 1 0 4 2 2 0 3 3 0 1 2 2 4 0 2 3 0 4 4 1 1 1 4 3 2 3 2 4 0 1 4 0 4 0 0 2 1 0 0 1 3 1 4 3 2 0 2 4 3 1 0 3 4 2 1 2 0 4 3 1 3 0 4 1
5 5 1 13 47 50 0 38 5 40 52 35
9 11 55 65 14 3 58 32 22 67 30 15 20 63 68 41 8 12 45 23 44 57
#c 3 3 2 3 4 0 1 1 0 4 2 2 0 3 3 0 1 2 2 4 0 2 3 0 4 4 1 1 1 4 3 2 3 2 4 0 1 4 0 4 0 0 2 1 0 0 1 3 1 4 3 2 0 2 4 3 1 0 3 4 2 1 2 0 4 3 1 3 0 4 1
5 5 39 25 64 19 59 8 40 45 5 57
9 11 4 9 24 29 34 49 54 69 37 15 20 63 68 52 41 12 35 38 23 44
#c 3 3 2 3 4 0 1 1 0 4 2 2 0 3 3 0 1 2 2 4 0 2 3 0 4 4 1 1 1 4 3 2 3 2 4 0 1 4 0 4 0 0 2 1 0 0 1 3 1 4 3 2 0 2 4 3 1 0 3 4 2 1 2 0 4 3 1 3 0 4 1
8 8 63 12 68 20 35 15 44 41 58 1 47 3 22 30 50 13
8 6 52 8 45 38 23 57 40 5 55 65 14 32 0 67
#c 3 3 2 3 4 0 1 1 0 4 2 2 0 3 3 0 1 2 2 4 0 2 3 0 4 4 1 1 1 4 3 2 3 2 4 0 1 4 0 4 0 0 2 1 0 0 1 3 1 4 3 2 0 2 4 3 1 0 3 4 2 1 2 0 4 3 1 3 0 4 1
7 7 27 43 26 16 46 48 56 59 25 9 37 49 39 29
7 7 6 36 61 70 7 28 66 4 19 24 34 54 64 69
#c 3 3 2 3 4 0 1 1 0 4 2 2 0 3 3 0 1 2 2 4 0 2 3 0 4 4 1 1 1 4 3 2 3 2 4 0 1 4 0 4 0 0 2 1 0 0 1 3 1 4 3 2 0 2 4 3 1 0 3 4 2 1 2 0 4 3 1 3 0 4 1
6 6 62 17 2 31 60 21 5 15 44 41 57 40
7 10 51 11 10 42 53 33 18 20 63 68 52 8 12 35 45 38 23
#c 3 3 2 3 4 0 1 1 0 4 2 2 0 3 3 0 1 2 2 4 0 2 3 0 4 4 1 1 1 4 3 2 3 2 4 0 1 4 0 4 0 0 2 1 0 0 1 3 1 4 3 2 0 2 4 3 1 0 3 4 2 1 2 0 4 3 1 3 0 4 1
6 6 3 14 30 65 0 47 26 16 6 7 70 66
8 8 55 50 58 1 32 22 13 67 36 56 61 48 43 27 46 28
#c 3 3 2 3 4 0 1 1 0 4 2 2 0 3 3 0 1 2 2 4 0 2 3 0 4 4 1 1 1 4 3 2 3 2 4 0 1 4 0 4 0 0 2 1 0 0 1 3 1 4 3 2 0 2 4 3 1 0 3 4 2 1 2 0 4 3 1 3 0 4 1
1 1 49 52
13 15 4 9 19 24 29 34 39 54 59 64 69 37 25 15 20 63 68 41 8 12 35 45 38 23 44 57 40 5
#c 3 3 2 3 4 0 1 1 0 4 2 2 0 3 3 0 1 2 2 4 0 2 3 0 4 4 1 1 1 4 3 2 3 2 4 0 1 4 0 4 0 0 2 1 0 0 1 3 1 4 3 2 0 2 4 3 1 0 3 4 2 1 2 0 4 3 1 3 0 4 1
#c 3 3 2 3 4 0 1 1 0 4 2 2 0 3 3 0 1 2 2 4 0 2 3 0 4 4 1 1 1 4 3 2 3 2 4 0 1 4 0 4 0 0 2 1 0 0 1 3 1 4 3 2 0 2 4 3 1 0 3 4 2 1 2 0 4 3 1 3 0 4 1
6 6 7 36 6 66 27 43 10 42 11 21 62 51
8 7 26 56 61 48 70 46 16 28 31 60 17 53 33 18 2
#c 3 3 2 3 4 0 1 1 0 4 2 2 0 3 3 0 1 2 2 4 0 2 3 0 4 4 1 1 1 4 3 2 3 2 4 0 1 4 0 4 0 0 2 1 0 0 1 3 1 4 3 2 0 2 4 3 1 0 3 4 2 1 2 0 4 3 1 3 0 4 1
4 3 51 53 2 11 32 50 30
9 11 62 31 10 60 42 21 17 33 18 55 65 47 14 3 58 1 0 22 13 67
#c 3 3 2 3 4 0 1 1 0 4 2 2 0 3 3 0 1 2 2 4 0 2 3 0 4 4 1 1 1 4 3 2 3 2 4 0 1 4 0 4 0 0 2 1 0 0 1 3 1 4 3 2 0 2 4 3 1 0 3 4 2 1 2 0 4 3 1 3 0 4 1
2 2 55 47 43 7
12 12 50 65 14 3 58 1 32 0 22 13 67 30 6 26 36 56 61 48 70 27 46 16 28 66
#c 3 3 2 3 4 0 1 1 0 4 2 2 0 3 3 0 1 2 2 4 0 2 3 0 4 4 1 1 1 4 3 2 3 2 4 0 1 4 0 4 0 0 2 1 0 0 1 3 1 4 3 2 0 2 4 3 1 0 3 4 2 1 2 0 4 3 1 3 0 4 1
2 2 34 4 17 21
12 11 9 19 24 29 39 49 54 59 64 69 37 25 62 51 11 31 10 60 42 53 33 18 2
#c 3 3 2 3 4 0 1 1 0 4 2 2 0 3 3 0 1 2 2 4 0 2 3 0 4 4 1 1 1 4 3 2 3 2 4 0 1 4 0 4 0 0 2 1 0 0 1 3 1 4 3 2 0 2 4 3 1 0 3 4 2 1 2 0 4 3 1 3 0 4 1
2 2 20 45 3 22
14 12 15 63 68 52 41 8 12 35 38 23 44 57 40 5 55 50 65 47 14 58 1 32 0 13 67 30
#c 3 3 2 3 4 0 1 1 0 4 2 2 0 3 3 0 1 2 2 4 0 2 3 0 4 4 1 1 1 4 3 2 3 2 4 0 1 4 0 4 0 0 2 1 0 0 1 3 1 4 3 2 0 2 4 3 1 0 3 4 2 1 2 0 4 3 1 3 0 4 1
5 5 28 66 70 6 27 37 24 64 34 59
9 9 26 36 56 61 48 43 7 46 16 4 9 19 29 39 49 54 69 25
#c 3 3 2 3 4 0 1 1 0 4 2 2 0 3 3 0 1 2 2 4 0 2 3 0 4 4 1 1 1 4 3 2 3 2 4 0 1 4 0 4 0 0 2 1 0 0 1 3 1 4 3 2 0 2 4 3 1 0 3 4 2 1 2 0 4 3 1 3 0 4 1
2 2 31 10 14 55
11 12 62 51 11 60 42 21 17 53 33 18 2 50 65 47 3 58 1 32 0 22 13 67 30
#c 3 3 2 3 4 0 1 1 0 4 2 2 0 3 3 0 1 2 2 4 0 2 3 0 4 4 1 1 1 4 3 2 3 2 4 0 1 4 0 4 0 0 2 1 0 0 1 3 1 4 3 2 0 2 4 3 1 0 3 4 2 1 2 0 4 3 1 3 0 4 1
7 7 3 55 32 47 13 30 14 6 16 28 70 66 26 61
7 7 50 65 58 1 0 22 67 36 56 48 43 7 27 46
#c 3 3 2 3 4 0 1 1 0 4 2 2 0 3 3 0 1 2 2 4 0 2 3 0 4 4 1 1 1 4 3 2 3 2 4 0 1 4 0 4 0 0 2 1 0 0 1 3 1 4 3 2 0 2 4 3 1 0 3 4 2 1 2 0 4 3 1 3 0 4 1
5 5 54 34 59 25 9 17 21 42 2 18
9 8 4 19 24 29 39 49 64 69 37 62 51 11 31 10 60 53 33
#c 3 3 2 3 4 0 1 1 0 4 2 2 0 3 3 0 1 2 2 4 0 2 3 0 4 4 1 1 1 4 3 2 3 2 4 0 1 4 0 4 0 0 2 1 0 0 1 3 1 4 3 2 0 2 4 3 1 0 3 4 2 1 2 0 4 3 1 3 0 4 1
8 8 8 57 68 41 15 23 12 52 37 29 69 34 4 9 39 54
8 6 20 63 35 45 38 44 40 5 19 24 49 59 64 25
#c 3 3 2 3 4 0 1 1 0 4 2 2 0 3 3 0 1 2 2 4 0 2 3 0 4 4 1 1 1 4 3 2 3 2 4 0 1 4 0 4 0 0 2 1 0 0 1 3 1 4 3 2 0 2 4 3 1 0 3 4 2 1 2 0 4 3 1 3 0 4 1
7 7 43 36 70 56 28 26 46 68 15 52 63 44 23 41
7 9 6 61 48 7 27 16 66 20 8 12 35 45 38 57 40 5
#c 3 3 2 3 4 0 1 1 0 4 2 2 0 3 3 0 1 2 2 4 0 2 3 0 4 4 1 1 1 4 3 2 3 2 4 0 1 4 0 4 0 0 2 1 0 0 1 3 1 4 3 2 0 2 4 3 1 0 3 4 2 1 2 0 4 3 1 3 0 4 1
#c 3 3 2 3 4 0 1 1 0 4 2 2 0 3 3 0 1 2 2 4 0 2 3 0 4 4 1 1 1 4 3 2 3 2 4 0 1 4 0 4 0 0 2 1 0 0 1 3 1 4 3 2 0 2 4 3 1 0 3 4 2 1 2 0 4 3 1 3 0 4 1
5 4 47 22 65 58 14 6 66 27 46
9 10 55 50 3 1 32 0 13 67 30 26 36 56 61 48 43 70 7 16 28
#c 3 3 2 3 4 0 1 1 0 4 2 2 0 3 3 0 1 2 2 4 0 2 3 0 4 4 1 1 1 4 3 2 3 2 4 0 1 4 0 4 0 0 2 1 0 0 1 3 1 4 3 2 0 2 4 3 1 0 3 4 2 1 2 0 4 3 1 3 0 4 1
1 1 34 10
13 12 4 9 19 24 29 39 49 54 59 64 69 37 25 62 51 11 31 60 42 21 17 53 33 18 2
#c 3 3 2 3 4 0 1 1 0 4 2 2 0 3 3 0 1 2 2 4 0 2 3 0 4 4 1 1 1 4 3 2 3 2 4 0 1 4 0 4 0 0 2 1 0 0 1 3 1 4 3 2 0 2 4 3 1 0 3 4 2 1 2 0 4 3 1 3 0 4 1
#c 3 3 2 3 4 0 1 1 0 4 2 2 0 3 3 0 1 2 2 4 0 2 3 0 4 4 1 1 1 4 3 2 3 2 4 0 1 4 0 4 0 0 2 1 0 0 1 3 1 4 3 2 0 2 4 3 1 0 3 4 2 1 2 0 4 3 1 3 0 4 1
2 1 28 56 65
12 13 6 26 36 61 48 43 70 7 27 46 16 66 55 50 47 14 3 58 1 32 0 22 13 67 30
#c 3 3 2 3 4 0 1 1 0 4 2 2 0 3 3 0 1 2 2 4 0 2 3 0 4 4 1 1 1 4 3 2 3 2 4 0 1 4 0 4 0 0 2 1 0 0 1 3 1 4 3 2 0 2 4 3 1 0 3 4 2 1 2 0 4 3 1 3 0 4 1
5 5 31 51 53 11 21 52 38 41 5 57
8 11 62 10 60 42 17 33 18 2 15 20 63 68 8 12 35 45 23 44 40
#c 3 3 2 3 4 0 1 1 0 4 2 2 0 3 3 0 1 2 2 4 0 2 3 0 4 4 1 1 1 4 3 2 3 2 4 0 1 4 0 4 0 0 2 1 0 0 1 3 1 4 3 2 0 2 4 3 1 0 3 4 2 1 2 0 4 3 1 3 0 4 1
6 6 58 3 22 50 14 30 64 4 19 29 37 69
8 8 55 65 47 1 32 0 13 67 9 24 34 39 49 54 59 25
#c 3 3 2 3 4 0 1 1 0 4 2 2 0 3 3 0 1 2 2 4 0 2 3 0 4 4 1 1 1 4 3 2 3 2 4 0 1 4 0 4 0 0 2 1 0 0 1 3 1 4 3 2 0 2 4 3 1 0 3 4 2 1 2 0 4 3 1 3 0 4 1
6 6 69 4 49 64 54 29 58 22 67 13 47 30
8 8 9 19 24 34 39 59 37 25 55 50 65 14 3 1 32 0
#c 3 3 2 3 4 0 1 1 0 4 2 2 0 3 3 0 1 2 2 4 0 2 3 0 4 4 1 1 1 4 3 2 3 2 4 0 1 4 0 4 0 0 2 1 0 0 1 3 1 4 3 2 0 2 4 3 1 0 3 4 2 1 2 0 4 3 1 3 0 4 1
#c 3 3 2 3 4 0 1 1 0 4 2 2 0 3 3 0 1 2 2 4 0 2 3 0 4 4 1 1 1 4 3 2 3 2 4 0 1 4 0 4 0 0 2 1 0 0 1 3 1 4 3 2 0 2 4 3 1 0 3 4 2 1 2 0 4 3 1 3 0 4 1
#c 3 3 2 3 4 0 1 1 0 4 2 2 0 3 3 0 1 2 2 4 0 2 3 0 4 4 1 1 1 4 3 2 3 2 4 0 1 4 0 4 0 0 2 1 0 0 1 3 1 4 3 2 0 2 4 3 1 0 3 4 2 1 2 0 4 3 1 3 0 4 1
#c 3 3 2 3 4 0 1 1 0 4 2 2 0 3 3 0 1 2 2 4 0 2 3 0 4 4 1 1 1 4 3 2 3 2 4 0 1 4 0 4 0 0 2 1 0 0 1 3 1 4 3 2 0 2 4 3 1 0 3 4 2 1 2 0 4 3 1 3 0 4 1
6 6 3 13 67 58 0 55 35 20 5 40 38 63
8 10 50 65 47 14 1 32 22 30 15 68 52 41 8 12 45 23 44 57
#c 3 3 2 3 4 0 1 1 0 4 2 2 0 3 3 0 1 2 2 4 0 2 3 0 4 4 1 1 1 4 3 2 3 2 4 0 1 4 0 4 0 0 2 1 0 0 1 3 1 4 3 2 0 2 4 3 1 0 3 4 2 1 2 0 4 3 1 3 0 4 1
5 5 37 24 19 59 49 56 70 6 36 48
9 9 4 9 29 34 39 54 64 69 25 26 61 43 7 27 46 16 28 66
#c 3 3 2 3 4 0 1 1 0 4 2 2 0 3 3 0 1 2 2 4 0 2 3 0 4 4 1 1 1 4 3 2 3 2 4 0 1 4 0 4 0 0 2 1 0 0 1 3 1 4 3 2 0 2 4 3 1 0 3 4 2 1 2 0 4 3 1 3 0 4 1
4 3 38 63 45 5 46 7 28
12 11 15 20 68 52 41 8 12 35 23 44 57 40 6 26 36 56 61 48 43 70 27 16 66
#c 3 3 2 3 4 0 1 1 0 4 2 2 0 3 3 0 1 2 2 4 0 2 3 0 4 4 1 1 1 4 3 2 3 2 4 0 1 4 0 4 0 0 2 1 0 0 1 3 1 4 3 2 0 2 4 3 1 0 3 4 2 1 2 0 4 3 1 3 0 4 1
5 7 43 6 16 7 28 29 9 19 34 24 49 59
9 7 26 36 56 61 48 70 27 46 66 4 39 54 64 69 37 25
#c 3 3 2 3 4 0 1 1 0 4 2 2 0 3 3 0 1 2 2 4 0 2 3 0 4 4 1 1 1 4 3 2 3 2 4 0 1 4 0 4 0 0 2 1 0 0 1 3 1 4 3 2 0 2 4 3 1 0 3 4 2 1 2 0 4 3 1 3 0 4 1
3 3 2 3 4 0 1 1 0 4 2 2 0 3 3 0 1 2 2 4 0 2 3 0 4 4 1 1 1 4 3 2 3 2 4 0 1 4 0 4 0 0 2 1 0 0 1 3 1 4 3 2 0 2 4 3 1 0 3 4 2 1 2 0 4 3 1 3 0 4 1
