#c 0 1 2 3 4 0 1 2 3 4 0 1 2 3 4 0 1 2 3 4 0 1 2 3 4 0 1 2 3 4 0 1 2 3 4 0 1 2 3
3 3 1 21 11 20 35 10
5 5 6 16 26 31 36 0 5 15 25 30
#c 0 0 2 3 4 0 1 2 3 4 1 0 2 3 4 0 1 2 3 4 1 0 2 3 4 0 1 2 3 4 0 1 2 3 4 1 1 2 3
1 1 37 29
7 6 2 7 12 17 22 27 32 4 9 14 19 24 34
#c 0 0 2 3 4 0 1 2 3 4 1 0 2 3 4 0 1 2 3 4 1 0 2 3 4 0 1 2 3 2 0 1 2 3 4 1 1 4 3
4 4 8 13 23 3 4 34 9 19
4 3 18 28 33 38 14 24 37
#c 0 0 2 3 4 0 1 2 3 4 1 0 2 3 4 0 1 2 3 4 1 0 2 3 4 0 1 2 3 2 0 1 2 3 4 1 1 4 3
3 2 37 14 9 27 17
4 6 4 19 24 34 2 7 12 22 32 29
#c 0 0 2 3 4 0 1 2 3 4 1 0 2 3 4 0 1 2 3 4 1 0 2 3 4 0 1 2 3 2 0 1 2 3 4 1 1 4 3
4 4 25 1 11 21 4 19 34 9
4 3 0 5 15 30 14 24 37
#c 0 0 2 3 4 0 1 2 3 4 1 0 2 3 4 0 1 2 3 4 1 0 2 3 4 0 1 2 3 2 0 1 2 3 4 1 1 4 3
4 4 16 10 36 20 19 24 37 14
4 3 6 26 31 35 4 9 34
#c 0 0 2 3 4 0 1 2 3 4 1 0 2 3 4 0 1 2 3 4 1 0 2 3 4 0 1 2 3 2 0 1 2 3 4 1 1 4 3
3 3 2 32 29 14 37 19
5 4 7 12 17 22 27 4 9 24 34
#c 0 0 2 3 4 0 1 2 3 4 1 0 2 3 4 0 1 2 3 4 1 0 2 3 4 0 1 2 3 2 0 1 2 3 4 1 1 4 3
1 1 3 5
7 7 8 13 18 23 28 33 38 0 15 25 30 1 21 11
#c 0 0 2 3 4 0 1 2 3 4 1 0 2 3 4 0 1 2 3 4 1 0 2 3 4 0 1 2 3 2 0 1 2 3 4 1 1 4 3
3 3 19 34 24 22 12 7
4 5 4 9 14 37 2 17 27 32 29
#c 0 0 2 3 4 0 1 2 3 4 1 0 2 3 4 0 1 2 3 4 1 0 2 3 4 0 1 2 3 2 0 1 2 3 4 1 1 4 3
2 4 15 0 4 9 34 37
6 3 5 25 30 1 21 11 14 19 24
#c 0 0 2 3 4 0 1 2 3 4 1 0 2 3 4 0 1 2 3 4 1 0 2 3 4 0 1 2 3 2 0 1 2 3 4 1 1 4 3
#c 0 0 2 3 4 0 1 2 3 4 1 0 2 3 4 0 1 2 3 4 1 0 2 3 4 0 1 2 3 2 0 1 2 3 4 1 1 4 3
4 4 27 29 17 7 37 34 24 14
4 3 2 12 22 32 4 9 19
#c 0 0 2 3 4 0 1 2 3 4 1 0 2 3 4 0 1 2 3 4 1 0 2 3 4 0 1 2 3 2 0 1 2 3 4 1 1 4 3
1 1 38 12
7 7 3 8 13 18 23 28 33 2 7 17 22 27 32 29
#c 0 0 2 3 4 0 1 2 3 4 1 0 2 3 4 0 1 2 3 4 1 0 2 3 4 0 1 2 3 2 0 1 2 3 4 1 1 4 3
2 2 9 14 35 16
5 6 4 19 24 34 37 6 26 31 36 20 10
#c 0 0 2 3 4 0 1 2 3 1 1 0 2 3 1 0 4 2 3 4 1 0 2 3 4 0 1 2 3 2 0 1 2 3 4 4 1 4 3
1 3 30 19 4 35
7 4 0 5 15 25 1 21 11 24 34 37 16
#c 0 0 2 3 4 0 1 2 3 1 1 0 2 3 1 0 4 2 3 4 1 0 2 3 4 0 1 2 3 2 0 1 2 3 4 4 1 4 3
2 2 36 14 11 25
6 6 6 26 31 20 10 9 0 5 15 30 1 21
#c 0 0 2 3 4 0 1 2 3 1 1 0 2 3 1 0 4 2 3 4 1 0 2 3 4 0 1 2 3 2 0 1 2 3 4 4 1 4 3
#c 0 0 2 3 4 0 1 2 3 1 1 0 2 3 1 0 4 2 3 4 1 0 2 3 4 0 1 2 3 2 0 1 2 3 4 4 1 4 3
#c 0 0 2 3 4 0 1 2 3 1 1 0 2 3 1 0 4 2 3 4 1 0 2 3 4 0 1 2 3 2 0 1 2 3 4 4 1 4 3
2 2 37 34 23 28
5 6 4 19 24 35 16 3 8 13 18 33 38
#c 0 0 2 3 4 0 1 2 3 1 1 0 2 3 1 0 4 2 3 4 1 0 2 4 4 0 1 2 4 2 0 1 2 3 3 4 1 3 3
1 2 30 27 32
7 6 0 5 15 25 1 21 11 2 7 12 17 22 29
#c 0 0 2 3 4 0 1 2 3 1 1 0 2 3 1 0 4 2 3 4 1 0 2 4 4 0 1 2 4 2 0 1 2 3 3 4 1 3 3
3 3 26 10 31 17 29 2
5 5 6 36 20 9 14 7 12 22 27 32
#c 0 0 2 3 4 0 1 2 3 1 1 0 2 3 1 0 4 2 3 4 1 0 2 4 4 0 1 2 4 2 0 1 2 3 3 4 1 3 3
1 1 22 34
7 7 2 7 12 17 27 32 29 3 8 13 18 33 38 37
#c 0 0 2 3 4 0 1 2 3 1 1 0 2 3 1 0 4 2 3 4 1 0 2 4 4 0 1 2 4 2 0 1 2 3 3 4 1 3 3
2 2 38 33 7 32
6 6 3 8 13 18 37 34 2 12 17 22 27 29
#c 0 0 2 3 4 0 1 2 3 1 1 0 2 3 1 0 4 2 3 4 1 0 2 4 4 0 1 2 4 2 0 1 2 3 3 4 1 3 3
#c 0 0 2 3 4 0 1 2 3 1 1 0 2 3 1 0 4 2 3 4 1 0 2 4 4 0 1 2 4 2 0 1 2 3 3 4 1 3 3
4 4 0 1 30 21 9 14 20 31
4 4 5 15 25 11 6 26 36 10
#c 1 1 2 3 4 0 1 2 3 0 1 0 2 3 0 0 4 2 3 4 0 1 2 4 4 0 1 2 4 2 1 0 2 3 3 4 1 3 3
3 3 21 26 1 34 33 8
5 5 6 36 10 0 30 3 13 18 38 37
#c 1 1 2 3 4 0 1 2 3 0 1 0 2 3 0 0 4 2 3 4 0 1 2 4 4 0 1 2 4 2 1 0 2 3 3 4 1 3 3
1 1 27 16
7 6 2 7 12 17 22 32 29 4 19 24 35 23 28
#c 1 1 2 3 4 0 1 2 3 0 1 0 2 3 0 0 2 2 3 4 0 1 2 4 4 0 1 4 4 2 1 0 2 3 3 4 1 3 3
#c 1 1 2 3 4 0 1 2 3 0 1 0 2 3 0 0 2 2 3 4 0 1 2 4 4 0 1 4 4 2 1 0 2 3 3 4 1 3 3
1 3 35 2 17 22
6 5 4 19 24 23 28 27 7 12 32 29 16
#c 1 1 4 3 4 0 1 2 3 0 1 0 2 3 0 0 2 4 3 4 0 1 4 4 4 0 1 4 4 2 1 0 2 3 3 2 1 3 3
3 3 15 20 25 34 37 8
5 5 5 11 9 14 31 3 13 18 33 38
#c 1 1 4 3 4 0 1 2 3 0 1 0 2 3 0 0 2 4 3 4 0 1 4 4 4 0 1 4 4 2 1 0 2 3 3 2 1 3 3
1 1 36 11
7 7 6 26 10 0 1 30 21 5 15 25 9 14 20 31
#c 1 1 4 3 4 0 1 2 3 0 1 0 2 3 0 0 2 4 3 4 0 1 4 4 4 0 1 4 4 2 1 0 2 3 3 2 1 3 3
2 2 32 12 10 6
4 6 7 29 16 35 26 36 0 1 30 21
#c 1 1 4 3 4 0 1 2 3 0 1 0 2 3 0 0 2 4 3 4 0 1 4 4 4 0 1 4 4 2 1 0 2 3 3 2 1 3 3
#c 1 1 4 3 4 0 1 2 3 0 1 0 2 3 0 0 2 4 3 4 0 1 4 4 4 0 1 4 4 2 1 0 2 3 3 2 1 3 3
4 3 4 19 24 28 11 31 9
5 5 23 27 2 17 22 5 15 25 14 20
#c 1 1 4 3 4 0 1 2 3 0 1 0 2 3 0 0 2 4 3 4 0 1 4 4 4 0 1 4 4 2 1 0 2 3 3 2 1 3 3
#c 1 1 4 3 4 0 1 2 3 0 1 0 2 3 0 0 2 4 3 4 0 1 4 4 4 0 1 4 4 2 1 0 2 3 3 2 1 3 3
#c 1 1 4 3 4 0 1 2 3 0 1 0 2 3 0 0 2 4 3 4 0 1 4 4 4 0 1 4 4 2 1 0 2 3 3 2 1 3 3
3 3 16 12 7 22 23 24
3 6 32 29 35 4 19 28 27 2 17
#c 1 1 4 3 4 0 1 2 3 0 1 0 2 3 0 0 2 4 3 4 0 1 4 4 4 0 1 4 4 2 1 0 2 3 3 2 1 3 3
4 4 13 34 8 18 15 31 20 14
4 4 3 33 38 37 5 25 11 9
#c 1 1 4 3 4 0 1 2 3 0 1 0 2 3 0 0 2 4 3 4 0 1 4 4 4 0 1 4 4 2 1 0 2 3 3 2 1 3 3
4 4 19 4 23 27 12 16 35 32
5 2 24 28 2 17 22 7 29
#c 1 1 4 3 4 0 1 2 3 0 1 0 2 3 0 0 2 4 3 4 0 1 4 4 4 0 1 4 4 2 1 0 2 3 3 2 1 3 3
1 1 31 7
7 5 5 15 25 11 9 14 20 12 32 29 16 35
#c 1 1 4 3 4 0 1 2 3 0 1 0 2 3 0 0 2 4 3 4 0 1 4 4 4 0 1 4 4 2 1 0 2 3 3 2 1 3 3
3 4 1 10 26 3 38 8 13
5 4 6 36 0 30 21 18 33 37 34
#c 1 1 4 3 4 0 1 2 3 0 1 0 2 3 0 0 2 4 3 4 0 1 4 4 4 0 1 4 4 2 1 0 2 3 3 2 1 3 3
1 2 35 30 10
5 6 7 12 32 29 16 6 26 36 0 1 21
#c 1 1 4 3 4 0 1 2 3 0 1 0 2 3 0 0 2 4 3 4 0 1 4 4 4 0 1 4 4 2 1 0 2 3 3 2 1 3 3
1 1 8 36
7 7 3 13 18 33 38 37 34 6 26 10 0 1 30 21
#c 1 1 4 3 4 0 1 2 1 0 1 0 2 3 0 0 2 4 3 4 0 1 4 4 4 0 1 4 4 2 1 0 2 3 3 2 3 3 3
#c 1 1 4 3 4 0 1 2 1 0 1 0 2 3 0 0 2 4 3 4 0 1 4 4 4 0 1 4 4 2 1 0 2 3 3 2 3 3 3
3 3 9 15 25 7 29 32
5 3 5 11 14 20 31 12 16 35
#c 1 1 4 3 4 0 1 2 1 0 1 0 2 3 0 0 2 4 3 4 0 1 4 4 4 0 1 4 4 2 1 0 2 3 3 2 3 3 3
1 1 30 7
7 5 6 26 10 0 1 21 8 12 32 29 16 35
#c 1 1 4 3 4 0 1 1 1 0 1 0 2 3 0 0 2 4 3 4 0 1 4 4 4 0 1 4 4 2 2 0 2 3 3 2 3 3 3
1 1 35 11
5 7 12 32 29 16 30 5 15 25 9 14 20 31
#c 1 1 4 3 4 0 1 1 1 0 1 0 2 3 0 0 2 4 3 4 0 1 4 4 4 0 1 4 4 2 2 0 2 3 3 2 3 3 3
4 4 33 36 13 34 20 11 9 5
4 4 3 18 38 37 15 25 14 31
#c 1 1 4 3 4 0 1 1 1 0 1 0 2 3 0 0 2 4 3 4 0 1 4 4 4 0 1 4 4 2 2 0 2 3 3 2 3 3 3
3 3 19 22 28 38 36 37
6 5 4 24 23 27 2 17 3 13 18 33 34
#c 1 1 4 3 4 0 1 1 1 0 1 0 2 3 0 0 2 4 3 4 0 1 4 4 4 0 1 4 4 2 2 0 2 3 3 2 3 3 3
1 1 14 33
7 7 5 15 25 11 9 20 31 3 13 18 38 37 34 36
#c 1 1 4 3 4 0 1 1 1 0 1 0 2 3 0 0 2 4 3 4 0 1 4 4 4 0 1 4 4 2 2 0 2 3 3 2 3 3 3
4 4 8 6 7 0 2 19 27 23
4 5 26 10 1 21 4 24 28 17 22
#c 1 1 4 3 4 0 1 1 1 0 1 0 2 3 0 0 2 4 3 4 0 1 4 4 4 0 1 4 4 2 2 0 2 3 3 2 3 3 3
3 3 32 29 35 6 21 8
3 5 12 16 30 26 10 0 1 7
#c 1 1 4 3 4 0 1 1 1 0 1 0 2 3 0 0 2 4 3 4 0 1 4 4 4 0 1 4 4 2 2 0 2 3 3 2 3 3 3
#c 1 1 4 3 4 0 1 1 1 0 1 0 2 3 0 0 2 4 3 4 0 1 4 4 4 0 1 4 4 2 2 0 2 3 3 2 3 3 3
4 4 17 22 19 2 10 26 7 0
5 4 4 24 23 28 27 6 1 21 8
#c 1 1 4 3 4 0 1 1 1 0 1 0 2 3 0 0 2 4 3 4 0 1 4 4 4 0 1 4 4 2 2 0 2 3 3 2 3 3 3
3 3 31 20 9 10 1 26
5 5 5 15 25 11 14 6 0 21 8 7
#c 1 1 4 3 4 0 1 1 1 0 1 0 2 3 0 0 2 4 3 4 0 1 4 4 4 0 1 4 4 2 2 0 2 3 3 2 3 3 3
4 4 1 8 6 21 37 13 3 33
4 4 26 10 0 7 18 38 34 36
#c 1 1 4 3 4 0 1 1 1 0 1 0 2 3 0 0 2 4 3 4 0 1 4 4 4 0 1 4 4 2 2 0 2 3 3 2 3 3 3
2 2 16 12 14 31
4 6 32 29 35 30 5 15 25 11 9 20
#c 1 1 4 3 4 0 1 1 1 0 1 0 2 3 0 0 2 4 3 4 0 1 4 4 4 0 1 4 4 2 2 0 2 3 3 2 3 3 3
2 3 36 3 5 20 14
6 5 13 18 33 38 37 34 15 25 11 9 31
#c 1 1 4 3 4 0 1 1 1 0 1 0 2 3 0 0 2 4 3 4 0 1 4 4 4 0 1 4 4 2 2 0 2 3 3 2 3 3 3
4 4 23 4 2 17 34 33 38 37
5 4 19 24 28 27 22 3 13 18 36
#c 1 1 4 3 4 0 1 1 1 0 1 0 2 3 0 0 2 4 3 4 0 1 4 4 4 0 1 4 4 2 2 0 2 3 3 2 3 3 3
#c 1 1 4 3 4 0 1 1 1 0 1 0 2 3 0 0 2 4 3 4 0 1 4 4 4 0 1 4 4 2 2 0 2 3 3 2 3 3 3
1 1 8 35
7 5 6 26 10 0 1 21 7 12 32 29 16 30
#c 1 1 4 3 4 0 1 1 1 0 1 0 2 3 0 0 2 4 3 4 0 1 4 4 4 0 1 4 4 2 2 0 2 3 3 2 3 3 3
3 2 35 30 16 23 4
3 7 12 32 29 19 24 28 27 2 17 22
#c 1 1 4 3 4 0 1 1 1 0 1 0 2 3 0 0 2 4 3 4 0 1 4 4 4 0 1 4 4 2 2 0 2 3 3 2 3 3 3
3 3 37 13 38 26 7 10
5 5 3 18 33 34 36 6 0 1 21 8
#c 1 1 4 3 4 0 1 1 1 0 1 0 2 3 0 0 2 4 3 4 0 1 4 4 4 0 1 4 4 2 2 0 2 3 3 2 3 3 3
#c 1 1 4 3 4 0 1 1 1 0 1 0 2 3 0 0 2 4 3 4 0 1 4 4 4 0 1 4 4 2 2 0 2 3 3 2 3 3 3
1 1 20 12
7 5 5 15 25 11 9 14 31 32 29 16 35 30
#c 1 1 4 3 4 0 1 1 1 0 1 0 2 3 0 0 2 4 3 4 0 1 4 4 4 0 1 4 4 2 2 0 2 3 3 2 3 3 3
4 4 21 7 10 1 28 4 19 27
4 5 6 26 0 8 24 23 2 17 22
#c 1 1 4 3 4 0 1 1 1 0 1 0 2 3 0 0 2 4 3 4 0 1 4 4 4 0 1 4 4 2 2 0 2 3 3 2 3 3 3
1 1 35 13
5 7 12 32 29 16 30 3 18 33 38 37 34 36
#c 1 1 4 3 4 0 1 1 1 0 1 0 2 3 0 0 2 4 3 4 0 1 4 4 4 0 1 4 4 2 2 0 2 3 3 2 3 3 3
1 2 34 32 12
7 4 3 13 18 33 38 37 36 29 16 35 30
#c 1 1 4 3 4 0 1 1 1 0 1 0 2 3 0 0 2 4 3 4 0 1 4 4 4 0 1 4 4 2 2 0 2 3 3 2 3 3 3
4 4 24 27 22 17 34 38 13 18
5 4 4 19 23 28 2 3 33 37 36
#c 1 1 4 3 4 0 1 1 1 0 1 0 2 3 0 0 2 4 3 4 0 1 4 4 4 0 1 4 4 2 2 0 2 3 3 2 3 3 3
4 4 20 15 31 14 18 3 38 37
4 4 5 25 11 9 13 33 34 36
#c 1 1 4 3 4 0 1 1 1 0 1 0 2 3 0 0 2 4 3 4 0 1 4 4 4 0 1 4 4 2 2 0 2 3 3 2 3 3 3
1 1 1 24
7 8 6 26 10 0 21 8 7 4 19 23 28 27 2 17 22
#c 1 1 4 3 4 0 1 1 1 0 1 0 2 3 0 0 2 4 3 4 0 1 4 4 4 0 1 4 4 2 2 0 2 3 3 2 3 3 3
1 1 16 5
5 7 12 32 29 35 30 15 25 11 9 14 20 31
#c 1 1 4 3 4 0 1 1 1 0 1 0 2 3 0 0 2 4 3 4 0 1 4 4 4 0 1 4 4 2 2 0 2 3 3 2 3 3 3
2 2 34 13 35 16
6 4 3 18 33 38 37 36 12 32 29 30
#c 1 1 4 3 4 0 1 1 1 0 1 0 2 3 0 0 2 4 3 4 0 1 4 4 4 0 1 4 4 2 2 0 2 3 3 2 3 3 3
#c 1 1 4 3 4 0 1 1 1 0 1 0 2 3 0 0 2 4 3 4 0 1 4 4 4 0 1 4 4 2 2 0 2 3 3 2 3 3 3
#c 1 1 4 3 4 0 1 1 1 0 1 0 2 3 0 0 2 4 3 4 0 1 4 4 4 0 1 4 4 2 2 0 2 3 3 2 3 3 3
1 3 21 31 15 5
7 5 6 26 10 0 1 8 7 25 11 9 14 20
#c 1 1 4 3 4 0 1 1 1 0 1 0 2 3 0 0 2 4 3 4 0 1 4 4 4 0 1 4 4 2 2 0 2 3 3 2 3 3 3
2 3 30 12 26 6 8
4 5 32 29 16 35 10 0 1 21 7
#c 1 1 4 3 4 0 2 1 2 0 1 0 1 3 0 0 2 4 3 4 0 1 4 4 4 0 2 4 4 2 1 0 2 3 3 2 3 3 3
4 4 37 36 34 18 10 1 21 7
4 3 3 13 33 38 0 30 12
#c 1 1 4 3 4 0 2 1 2 0 1 0 1 3 0 0 2 4 3 4 0 1 4 4 4 0 2 4 4 2 1 0 2 3 3 2 3 3 3
1 1 4 25
8 7 19 24 23 28 27 2 17 22 5 15 11 9 14 20 31
#c 1 1 4 3 4 0 2 1 2 0 1 0 1 3 0 0 2 4 3 4 0 1 4 4 4 0 2 4 4 2 1 0 2 3 3 2 3 3 3
1 1 31 28
7 8 5 15 25 11 9 14 20 4 19 24 23 27 2 17 22
#c 1 1 4 3 4 0 2 1 2 0 1 0 1 3 0 0 2 4 3 4 0 1 4 4 4 0 2 4 4 2 1 0 2 3 3 2 3 3 3
#c 1 1 4 3 4 0 2 1 2 0 1 0 1 3 0 0 2 4 3 4 0 1 4 4 4 0 2 4 4 2 1 0 2 3 3 2 3 3 3
#c 1 1 4 3 4 0 2 1 2 0 1 0 1 3 0 0 2 4 3 4 0 1 4 4 4 0 2 4 4 2 1 0 2 3 3 2 3 3 3
#c 1 1 4 3 4 0 2 1 2 0 1 0 1 3 0 0 2 4 3 4 0 1 4 4 4 0 2 4 4 2 1 0 2 3 3 2 3 3 3
1 1 4 20
8 7 19 24 23 28 27 2 17 22 5 15 25 11 9 14 31
#c 1 1 4 3 4 0 2 1 2 0 1 0 1 3 0 0 2 4 3 4 0 1 4 4 4 0 2 4 4 2 1 0 2 3 3 2 3 3 3
3 3 9 25 31 28 27 19
5 6 5 15 11 14 20 4 24 23 2 17 22
#c 1 1 4 3 4 0 2 1 2 0 1 0 1 3 0 0 2 4 3 4 0 1 4 4 4 0 2 4 4 2 1 0 2 3 3 2 3 3 3
1 1 10 4
6 8 0 1 21 7 30 12 19 24 23 28 27 2 17 22
#c 1 1 4 3 4 0 2 1 2 0 1 0 1 3 0 0 2 4 3 4 0 1 4 4 4 0 2 4 4 2 1 0 2 3 3 2 3 3 3
1 1 26 38
6 7 32 29 16 35 6 8 3 13 18 33 37 34 36
#c 1 1 4 3 4 0 2 1 2 0 1 0 1 3 0 0 2 4 3 4 0 1 4 4 4 0 2 4 4 2 1 0 2 3 3 2 3 3 3
4 4 33 37 36 3 6 26 29 35
4 3 13 18 38 34 32 16 8
#c 1 1 4 3 4 0 2 1 2 0 1 0 1 3 0 0 2 4 3 4 0 1 4 4 4 0 2 4 4 2 1 0 2 3 3 2 3 3 3
3 4 2 22 4 30 1 0 7
6 3 19 24 23 28 27 17 10 21 12
#c 1 1 4 3 4 0 2 1 2 0 1 0 1 3 0 0 2 4 3 4 0 1 4 4 4 0 2 4 4 2 1 0 2 3 3 2 3 3 3
2 2 25 9 37 34
6 6 5 15 11 14 20 31 3 13 18 33 38 36
#c 1 1 4 3 4 0 2 1 2 0 1 0 1 3 0 0 2 4 3 4 0 1 4 4 4 0 2 4 4 2 1 0 2 3 3 2 3 3 3
#c 1 1 4 3 4 0 2 1 2 0 1 0 1 3 0 0 2 4 3 4 0 1 4 4 4 0 2 4 4 2 1 0 2 3 3 2 3 3 3
2 2 16 35 38 13
5 6 32 29 26 6 8 3 18 33 37 34 36
#c 1 1 4 3 4 0 2 1 2 0 1 0 1 3 0 0 2 4 3 4 0 1 4 4 4 0 2 4 4 2 1 0 2 3 3 2 3 3 3
#c 1 1 4 3 4 0 2 1 2 0 1 0 1 3 0 0 2 4 3 4 0 1 4 4 4 0 2 4 4 2 1 0 2 3 3 2 3 3 3
3 3 22 24 2 9 11 14
6 5 4 19 23 28 27 17 5 15 25 20 31
#c 1 1 4 3 4 0 2 1 2 0 1 0 1 3 0 0 2 4 3 4 0 1 4 4 4 0 2 4 4 2 1 0 2 3 3 2 3 3 3
1 1 9 30
7 6 5 15 25 11 14 20 31 10 0 1 21 7 12
#c 1 1 4 3 4 0 2 1 2 0 1 0 1 3 0 0 2 4 3 4 0 1 4 4 4 0 2 4 4 2 1 0 2 3 3 2 3 3 3
3 3 10 1 30 17 19 2
4 6 0 21 7 12 4 24 23 28 27 22
#c 1 1 4 3 4 0 2 1 2 0 1 0 1 3 0 0 2 4 3 4 0 1 4 4 4 0 2 4 4 2 1 0 2 3 3 2 3 3 3
3 3 32 16 29 20 31 15
4 5 35 26 6 8 5 25 11 9 14
#c 1 1 4 3 4 0 2 1 2 0 1 0 1 3 0 0 2 4 3 4 0 1 4 4 4 0 2 4 4 2 1 0 2 3 3 2 3 3 3
3 3 33 18 37 28 4 23
5 6 3 13 38 34 36 19 24 27 2 17 22
#c 1 1 4 3 4 0 2 1 2 0 1 0 1 3 0 0 2 4 3 4 0 1 4 4 4 0 2 4 4 2 1 0 2 3 3 2 3 3 3
3 4 28 2 23 3 37 18 36
6 4 4 19 24 27 17 22 13 33 38 34
#c 1 1 4 3 4 0 2 1 2 0 1 0 1 3 0 0 2 4 3 4 0 1 4 4 4 0 2 4 4 2 1 0 2 3 3 2 3 3 3
1 1 5 23
7 8 15 25 11 9 14 20 31 4 19 24 28 27 2 17 22
#c 1 1 4 3 4 0 2 1 2 0 1 0 1 3 0 0 2 4 3 4 0 1 4 4 4 0 2 4 4 2 1 0 2 3 3 2 3 3 3
1 1 10 6
6 6 0 1 21 7 30 12 32 29 16 35 26 8
#c 1 1 4 3 4 0 2 1 2 0 1 0 1 3 0 0 2 4 3 4 0 1 4 4 4 0 2 4 4 2 1 0 2 3 3 2 3 3 3
3 5 29 26 32 33 37 34 36 38
4 3 16 35 6 8 3 13 18
#c 1 1 4 3 4 0 2 1 2 0 1 0 1 3 0 0 2 4 3 4 0 1 4 4 4 0 2 4 4 2 1 0 2 3 3 2 3 3 3
3 3 38 36 18 26 8 29
5 4 3 13 33 37 34 32 16 35 6
#c 1 1 4 3 4 0 2 1 2 0 1 0 1 3 0 0 2 4 3 4 0 1 4 4 4 0 2 4 4 2 1 0 2 3 3 2 3 3 3
1 1 19 31
8 7 4 24 23 28 27 2 17 22 5 15 25 11 9 14 20
#c 1 1 4 3 4 0 2 1 2 0 1 0 1 3 0 0 2 4 3 4 0 1 4 4 4 0 2 4 4 2 1 0 2 3 3 2 3 3 3
#c 1 1 4 3 4 0 2 1 2 0 1 0 1 3 0 0 2 4 3 4 0 1 4 4 4 0 2 4 4 2 1 0 2 3 3 2 3 3 3
1 1 10 31
6 7 0 1 21 7 30 12 5 15 25 11 9 14 20
#c 1 1 4 3 4 0 2 1 2 0 1 0 1 3 0 0 2 4 3 4 0 1 4 4 4 0 2 4 4 2 1 0 2 3 3 2 3 3 3
3 3 16 29 26 5 15 9
4 5 32 35 6 8 25 11 14 20 31
#c 1 1 4 3 4 0 2 1 2 0 1 0 1 3 0 0 2 4 3 4 0 1 4 4 4 0 2 4 4 2 1 0 2 3 3 2 3 3 3
2 2 18 33 35 32
6 5 3 13 38 37 34 36 29 16 26 6 8
#c 1 1 4 3 4 0 2 1 2 0 1 0 1 3 0 0 2 4 3 4 0 1 4 4 4 0 2 4 4 2 1 0 2 3 3 2 3 3 3
2 1 27 4 32
7 6 19 24 23 28 2 17 22 29 16 35 26 6 8
#c 1 1 4 3 4 0 2 1 2 0 1 0 1 3 0 0 2 4 3 4 0 1 4 4 4 0 2 4 4 2 1 0 2 3 3 2 3 3 3
#c 1 1 4 3 4 0 2 1 2 0 1 0 1 3 0 0 2 4 3 4 0 1 4 4 4 0 2 4 4 2 1 0 2 3 3 2 3 3 3
#c 1 1 4 3 4 0 2 1 2 0 1 0 1 3 0 0 2 4 3 4 0 1 4 4 4 0 2 4 4 2 1 0 2 3 3 2 3 3 3
3 3 26 16 29 25 15 5
4 5 32 35 6 8 11 9 14 20 31
#c 1 1 4 3 4 0 2 1 2 0 1 0 1 3 0 0 2 4 3 4 0 1 4 4 4 0 2 4 4 2 1 0 2 3 3 2 3 3 3
#c 1 1 4 3 4 0 2 1 2 0 1 0 1 3 0 0 2 4 3 4 0 1 4 4 4 0 2 4 4 2 1 0 2 3 3 2 3 3 3
1 1 28 1
8 6 4 19 24 23 27 2 17 22 10 0 21 7 30 12
#c 1 1 4 3 4 0 2 1 2 0 1 0 1 3 0 0 2 4 3 4 0 1 4 4 4 0 2 4 4 2 1 0 2 3 3 2 3 3 3
2 2 5 20 36 18
6 6 15 25 11 9 14 31 3 13 33 38 37 34
#c 1 1 4 3 4 0 2 1 2 0 1 0 1 3 0 0 2 4 3 4 0 1 4 4 4 0 2 4 4 2 1 0 2 3 3 2 3 3 3
#c 1 1 4 3 4 0 2 1 2 0 1 0 1 3 0 0 2 4 3 4 0 1 4 4 4 0 2 4 4 2 1 0 2 3 3 2 3 3 3
3 3 8 6 16 5 11 9
4 5 32 29 35 26 15 25 14 20 31
#c 1 1 4 3 4 0 2 1 2 0 1 0 1 3 0 0 2 4 3 4 0 1 4 4 4 0 2 4 4 2 1 0 2 3 3 2 3 3 3
4 4 38 3 33 18 22 19 2 28
4 5 13 37 34 36 4 24 23 27 17
#c 1 1 4 3 4 0 2 1 2 0 1 0 1 3 0 0 2 4 3 4 0 1 4 4 4 0 2 4 4 2 1 0 2 3 3 2 3 3 3
4 4 19 2 22 24 12 0 10 7
5 3 4 23 28 27 17 1 21 30
#c 1 1 4 3 4 0 2 1 2 0 1 0 1 3 0 0 2 4 3 4 0 1 4 4 4 0 2 4 4 2 1 0 2 3 3 2 3 3 3
2 2 20 31 28 22
6 7 5 15 25 11 9 14 4 19 24 23 27 2 17
#c 1 1 4 3 4 0 2 1 2 0 1 0 1 3 0 0 2 4 3 4 0 1 4 4 4 0 2 4 4 2 1 0 2 3 3 2 3 3 3
3 3 21 7 0 2 22 23
4 6 10 1 30 12 4 19 24 28 27 17
#c 1 1 4 3 4 0 2 1 2 0 1 0 1 3 0 0 2 4 3 4 0 1 4 4 4 0 2 4 4 2 1 0 2 3 3 2 3 3 3
2 2 29 35 1 21
5 5 32 16 26 6 8 10 0 7 30 12
#c 1 2 4 3 4 0 2 1 2 0 1 0 1 3 0 0 2 4 3 4 0 2 4 4 4 0 2 4 4 1 1 0 2 3 3 1 3 3 3
1 1 38 30
7 6 3 13 18 33 37 34 36 10 0 7 12 29 35
#c 1 2 4 3 4 0 2 1 2 0 1 0 1 3 0 0 2 4 3 4 0 2 4 4 4 0 2 4 4 1 1 0 2 3 3 1 3 3 3
4 4 28 19 24 22 13 34 33 38
5 4 4 23 27 2 17 3 18 37 36
#c 1 2 4 3 4 0 2 1 2 0 1 0 1 3 0 0 2 4 3 4 0 2 4 4 4 0 2 4 4 1 1 0 2 3 3 1 3 3 3
2 3 31 11 32 21 8
6 4 5 15 25 9 14 20 16 26 6 1
#c 1 2 4 3 4 0 2 1 2 0 1 0 1 3 0 0 2 4 3 4 0 2 4 4 4 0 2 4 4 1 1 0 2 3 3 1 3 3 3
2 2 30 35 26 16
5 5 10 0 7 12 29 32 6 8 1 21
#c 1 2 4 3 4 0 2 1 2 0 1 0 1 3 0 0 2 4 3 4 0 2 4 4 4 0 2 4 4 1 1 0 2 3 3 1 3 3 3
1 1 32 5
6 7 16 26 6 8 1 21 15 25 11 9 14 20 31
#c 1 2 4 3 4 0 2 1 2 0 1 0 1 3 0 0 2 4 3 4 0 2 4 4 4 0 2 4 4 1 1 0 2 3 3 1 3 3 3
4 4 37 36 3 34 31 25 20 15
4 4 13 18 33 38 5 11 9 14
#c 1 2 4 3 4 0 2 1 2 0 1 0 1 3 0 0 2 4 3 4 0 2 4 4 4 0 2 4 4 1 1 0 2 3 3 1 3 3 3
4 4 23 2 27 19 14 5 15 25
5 4 4 24 28 17 22 11 9 20 31
#c 1 2 4 3 4 0 2 1 2 0 1 0 1 3 0 0 2 4 3 4 0 2 4 4 4 0 2 4 4 1 1 0 2 3 3 1 3 3 3
2 2 31 14 37 38
6 6 5 15 25 11 9 20 3 13 18 33 34 36
#c 1 2 4 3 4 0 2 1 2 0 1 0 1 3 0 0 2 4 3 4 0 2 4 4 4 0 2 4 4 1 1 0 2 3 3 1 3 3 3
1 1 29 14
6 7 10 0 7 30 12 35 5 15 25 11 9 20 31
#c 1 2 4 3 4 0 2 1 2 0 1 0 1 3 0 0 2 4 3 4 0 2 4 4 4 0 2 4 4 1 1 0 2 3 3 1 3 3 3
1 2 1 10 12
6 5 32 16 26 6 8 21 0 7 30 29 35
#c 1 2 4 3 4 0 2 1 2 0 1 0 1 3 0 0 2 4 3 4 0 2 4 4 4 0 2 4 4 1 1 0 2 3 3 1 3 3 3
3 3 3 34 33 31 25 14
5 5 13 18 38 37 36 5 15 11 9 20
#c 1 2 4 3 4 0 2 1 2 0 1 0 1 3 0 0 2 4 3 4 0 2 4 4 4 0 2 4 4 1 1 0 2 3 3 1 3 3 3
2 2 24 23 32 6
7 5 4 19 28 27 2 17 22 16 26 8 1 21
#c 1 2 4 3 4 0 2 1 2 0 1 0 1 3 0 0 2 4 3 4 0 2 4 4 4 0 2 4 4 1 1 0 2 3 3 1 3 3 3
2 3 9 20 36 34 38
6 5 5 15 25 11 14 31 3 13 18 33 37
#c 1 2 4 3 4 0 2 1 2 0 1 0 1 3 0 0 2 4 3 4 0 2 4 4 4 0 2 4 4 1 1 0 2 3 3 1 3 3 3
3 2 0 12 35 15 31
4 6 10 7 30 29 5 25 11 9 14 20
#c 1 2 4 3 4 0 2 1 2 0 1 0 1 3 0 0 2 4 3 4 0 2 4 4 4 0 2 4 4 1 1 0 2 3 3 1 3 3 3
1 1 21 19
6 8 32 16 26 6 8 1 4 24 23 28 27 2 17 22
#c 1 2 4 3 4 0 2 1 2 0 1 0 1 3 0 0 2 4 3 4 0 2 4 4 4 0 2 4 4 1 1 0 2 3 3 1 3 3 3
1 1 38 9
7 7 3 13 18 33 37 34 36 5 15 25 11 14 20 31
#c 1 2 4 3 4 0 2 1 2 0 1 0 1 3 0 0 2 4 3 4 0 2 4 4 4 0 2 4 4 1 1 0 2 3 3 1 3 3 3
#c 1 2 4 3 4 0 2 1 2 0 1 0 1 3 0 0 2 4 3 4 0 2 4 4 4 0 2 4 4 1 1 0 2 3 3 1 3 3 3
4 5 20 31 25 14 23 22 19 4 17
4 4 5 15 11 9 24 28 27 2
#c 1 2 4 3 4 0 2 1 2 0 1 0 1 3 0 0 2 4 3 4 0 2 4 4 4 0 2 4 4 1 1 0 2 3 3 1 3 3 3
3 3 0 12 29 1 32 8
4 4 10 7 30 35 16 26 6 21
#c 2 1 4 3 4 0 2 1 1 0 1 0 2 3 0 0 2 4 3 4 0 2 4 4 4 0 2 4 4 2 1 0 1 3 3 1 3 3 3
3 3 16 6 21 31 9 5
4 5 26 0 12 29 15 25 11 14 20
#c 2 1 4 3 4 0 2 1 1 0 1 0 2 3 0 0 2 4 3 4 0 2 4 4 4 0 2 4 4 2 1 0 1 3 3 1 3 3 3
2 2 3 18 0 16
6 5 13 33 38 37 34 36 26 6 21 12 29
#c 2 1 4 3 4 0 2 1 1 0 1 0 2 3 0 0 2 4 3 4 0 2 4 4 4 0 2 4 4 2 1 0 1 3 3 1 3 3 3
3 3 28 23 4 0 21 12
6 4 19 24 27 2 17 22 16 26 6 29
#c 2 1 4 3 4 0 2 1 1 0 1 0 2 3 0 0 2 4 3 4 0 2 4 4 4 0 2 4 4 2 1 0 1 3 3 1 3 3 3
2 2 14 15 28 27
6 7 5 25 11 9 20 31 4 19 24 23 2 17 22
#c 2 1 4 3 4 0 2 1 1 0 1 0 2 3 0 0 2 4 3 4 0 2 4 4 4 0 2 4 4 2 1 0 1 3 3 1 3 3 3
3 3 32 35 7 24 4 19
4 6 10 30 1 8 23 28 27 2 17 22
#c 2 1 4 3 4 0 2 1 1 0 1 0 2 3 0 0 2 4 3 4 0 2 4 4 4 0 2 4 4 2 1 0 1 3 3 1 3 3 3
2 2 6 26 22 27
5 7 16 21 0 12 29 4 19 24 23 28 2 17
#c 2 1 4 3 4 0 2 1 1 0 1 0 2 3 0 0 2 4 3 4 0 2 4 4 4 0 2 4 4 2 1 0 1 3 3 1 3 3 3
3 3 37 3 18 15 20 14
5 5 13 33 38 34 36 5 25 11 9 31
#c 2 1 4 3 4 0 2 1 1 0 1 0 2 3 0 0 2 4 3 4 0 2 4 4 4 0 2 4 4 2 1 0 1 3 3 1 3 3 3
2 2 27 17 5 9
7 6 4 19 24 23 28 2 22 15 25 11 14 20 31
#c 2 1 4 3 4 0 2 1 1 0 1 0 2 3 0 0 2 4 3 4 0 2 4 4 4 0 2 4 4 2 1 0 1 3 3 1 3 3 3
4 5 11 25 5 15 16 21 0 6 12
4 2 9 14 20 31 26 29
#c 2 1 4 3 4 0 2 1 1 0 1 0 2 3 0 0 2 4 3 4 0 2 4 4 4 0 2 4 4 2 1 0 1 3 3 1 3 3 3
2 2 7 10 21 26
5 5 30 35 1 32 8 16 6 0 12 29
#c 2 1 4 3 4 0 2 1 1 0 1 0 2 3 0 0 2 4 3 4 0 2 4 4 4 0 2 4 4 2 1 0 1 3 3 1 3 3 3
#c 2 1 4 3 4 0 2 1 1 0 1 0 2 3 0 0 2 4 3 4 0 2 4 4 4 0 2 4 4 2 1 0 1 3 3 1 3 3 3
2 2 37 13 17 19
6 7 3 18 33 38 34 36 4 24 23 28 27 2 22
#c 2 1 4 3 4 0 2 1 1 0 1 0 2 3 0 0 2 4 3 4 0 2 4 4 4 0 2 4 4 2 1 0 1 3 3 1 3 3 3
3 3 4 23 24 0 26 21
6 4 19 28 27 2 17 22 16 6 12 29
#c 2 1 4 3 4 0 2 1 1 0 1 0 2 3 0 0 2 4 3 4 0 2 4 4 4 0 2 4 4 2 1 0 1 3 3 1 3 3 3
2 2 20 25 32 10
6 5 5 15 11 9 14 31 7 30 35 1 8
#c 2 1 4 3 4 0 2 1 1 0 1 0 2 3 0 0 2 4 3 4 0 2 4 4 4 0 2 4 4 2 1 0 1 3 3 1 3 3 3
1 1 32 19
6 8 10 7 30 35 1 8 4 24 23 28 27 2 17 22
#c 2 1 4 3 4 0 2 1 1 0 1 0 2 3 0 0 2 4 3 4 0 2 4 4 4 0 2 4 4 2 1 0 1 3 3 1 3 3 3
6 7 16 6 21 0 12 29 3 13 18 33 37 34 36
#c 2 1 4 3 4 0 2 1 1 0 1 0 2 3 0 0 2 4 3 4 0 2 4 4 4 0 2 4 4 2 1 0 1 3 3 1 3 3 3
3 3 33 13 18 15 25 14
5 5 3 38 37 34 36 5 11 9 20 31
#c 2 1 4 3 4 0 2 1 1 0 1 0 2 3 0 0 2 4 3 4 0 2 4 4 4 0 2 4 4 2 1 0 1 3 3 1 3 3 3
1 1 4 11
8 7 19 24 23 28 27 2 17 22 5 15 25 9 14 20 31
#c 2 1 4 3 4 0 2 1 1 0 1 0 2 3 0 0 2 4 3 4 0 2 4 4 4 0 2 4 4 2 1 0 1 3 3 1 3 3 3
2 2 5 25 30 32
6 5 15 11 9 14 20 31 10 7 35 1 8
#c 2 1 4 3 4 0 2 1 1 0 1 0 2 3 0 0 2 4 3 4 0 2 4 4 4 0 2 4 4 2 1 0 1 3 3 1 3 3 3
2 2 7 32 9 14
5 6 10 30 35 1 8 5 15 25 11 20 31
#c 2 1 4 3 4 0 2 1 1 0 1 0 2 3 0 0 2 4 3 4 0 2 4 4 4 0 2 4 4 2 1 0 1 3 3 1 3 3 3
1 1 26 18
6 7 16 6 21 0 12 29 3 13 33 38 37 34 36
#c 2 1 4 3 4 0 2 1 1 0 1 0 2 3 0 0 2 4 3 4 0 2 4 4 4 0 2 4 4 2 1 0 1 3 3 1 3 3 3
#c 2 1 4 3 4 0 2 1 1 0 1 0 2 3 0 0 2 4 3 4 0 2 4 4 4 0 2 4 4 2 1 0 1 3 3 1 3 3 3
3 3 22 23 17 13 38 18
6 5 4 19 24 28 27 2 3 33 37 34 36
#c 2 1 4 3 4 0 2 1 1 0 1 0 2 3 0 0 2 4 3 4 0 2 4 4 4 0 2 4 4 2 1 0 1 3 3 1 3 3 3
4 4 5 14 20 31 37 13 33 38
4 4 15 25 11 9 3 18 34 36
#c 2 1 4 3 4 0 2 1 1 0 1 0 2 3 0 0 2 4 3 4 0 2 4 4 4 0 2 4 4 2 1 0 1 3 3 1 3 3 3
1 1 1 21
6 6 10 7 30 35 32 8 16 26 6 0 12 29
#c 2 1 4 3 4 0 2 1 1 0 1 0 2 3 0 0 2 4 3 4 0 2 4 4 4 0 2 4 4 2 1 0 1 3 3 1 3 3 3
1 1 29 30
6 6 16 26 6 21 0 12 10 7 35 1 32 8
#c 2 1 4 3 4 0 2 1 1 0 1 0 2 3 0 0 2 4 3 4 0 2 4 4 4 0 2 4 4 2 1 0 1 3 3 1 3 3 3
4 4 3 36 38 18 24 2 22 19
4 5 13 33 37 34 4 23 28 27 17
#c 2 1 4 3 4 0 2 1 1 0 1 0 2 3 0 0 2 4 3 4 0 2 4 4 4 0 2 4 4 2 1 0 1 3 3 1 3 3 3
1 2 23 25 5
8 6 4 19 24 28 27 2 17 22 15 11 9 14 20 31
#c 2 1 4 3 4 0 2 1 1 0 1 0 2 3 0 0 2 4 3 4 0 2 4 4 4 0 2 4 4 2 1 0 1 3 3 1 3 3 3
3 5 11 15 25 29 21 6 16 0
5 2 5 9 14 20 31 26 12
#c 2 1 4 3 4 0 2 1 1 0 1 0 2 3 0 0 2 4 3 4 0 2 4 4 4 0 2 4 4 2 1 0 1 3 3 1 3 3 3
2 2 35 32 6 21
5 5 10 7 30 1 8 16 26 0 12 29
#c 2 1 4 3 4 0 2 1 1 0 1 0 2 3 0 0 2 4 3 4 0 2 4 4 4 0 2 4 4 2 1 0 1 3 3 1 3 3 3
#c 2 1 4 3 4 0 2 1 1 0 1 0 2 3 0 0 2 4 3 4 0 2 4 4 4 0 2 4 4 2 1 0 1 3 3 1 3 3 3
3 3 38 3 37 30 35 7
5 4 13 18 33 34 36 10 1 32 8
#c 2 1 4 3 4 0 2 1 1 0 1 0 2 3 0 0 2 4 3 4 0 2 4 4 4 0 2 4 4 2 1 0 1 3 3 1 3 3 3
4 4 23 22 17 2 21 29 0 6
5 3 4 19 24 28 27 16 26 12
#c 2 1 4 3 4 0 2 1 1 0 1 0 2 3 0 0 2 4 3 4 0 2 4 4 4 0 2 4 4 2 1 0 1 3 3 1 3 3 3
1 2 14 12 29
7 5 5 15 25 11 9 20 31 16 26 6 21 0
#c 2 1 4 3 4 0 2 1 1 0 1 0 2 3 0 0 2 4 3 4 0 2 4 4 4 0 2 4 4 2 1 0 1 3 3 1 3 3 3
3 3 7 32 10 33 36 3
4 5 30 35 1 8 13 18 38 37 34
#c 2 1 4 3 4 0 2 1 1 0 1 0 2 3 0 0 2 4 3 4 0 2 4 4 4 0 2 4 4 2 1 0 1 3 3 1 3 3 3
3 3 21 0 12 22 4 17
4 6 16 26 6 29 19 24 23 28 27 2
#c 2 1 4 3 4 0 2 1 1 0 1 0 2 3 0 0 2 4 3 4 0 2 4 4 4 0 2 4 4 2 1 0 1 3 3 1 3 3 3
4 4 13 38 34 33 35 8 7 1
4 3 3 18 37 36 10 30 32
#c 2 1 4 3 4 0 2 1 1 0 1 0 2 3 0 0 2 4 3 4 0 2 4 4 4 0 2 4 4 2 1 0 1 3 3 1 3 3 3
#c 2 1 4 3 4 0 2 1 1 0 1 0 2 3 0 0 2 4 3 4 0 2 4 4 4 0 2 4 4 2 1 0 1 3 3 1 3 3 3
1 1 14 36
7 7 5 15 25 11 9 20 31 3 13 18 33 38 37 34
#c 2 1 4 3 4 0 2 1 1 0 1 0 2 3 0 0 2 4 3 4 0 2 4 4 4 0 2 4 4 2 1 0 1 3 3 1 3 3 3
3 3 30 10 32 13 36 38
4 5 7 35 1 8 3 18 33 37 34
#c 2 1 4 3 4 0 2 1 1 0 1 0 2 3 0 0 2 4 3 4 0 2 4 4 4 0 2 4 4 2 1 0 1 3 3 1 3 3 3
#c 2 1 4 3 4 0 2 1 1 0 1 0 2 3 0 0 2 4 3 4 0 2 4 4 4 0 2 4 4 2 1 0 1 3 3 1 3 3 3
2 2 18 34 23 22
6 7 3 13 33 38 37 36 4 19 24 28 27 2 17
#c 2 1 4 3 4 0 2 1 1 0 1 0 2 3 0 0 2 4 3 4 0 2 4 4 4 0 2 4 4 2 1 0 1 3 3 1 3 3 3
3 3 4 17 22 33 36 37
6 5 19 24 23 28 27 2 3 13 18 38 34
#c 2 1 4 3 4 0 2 1 1 0 1 0 2 3 0 0 2 4 3 4 0 2 4 4 4 0 2 4 4 2 1 0 1 3 3 1 3 3 3
1 1 15 33
7 7 5 25 11 9 14 20 31 3 13 18 38 37 34 36
#c 2 1 4 3 4 0 2 1 1 0 1 0 2 3 0 0 2 4 3 4 0 2 4 4 4 0 2 4 4 2 1 0 1 3 3 1 3 3 3
2 1 4 3 4 0 2 1 1 0 1 0 2 3 0 0 2 4 3 4 0 2 4 4 4 0 2 4 4 2 1 0 1 3 3 1 3 3 3
