#c 0 1 0 1 0 1 0 1 0 1 0 1 0 1 0 1 0 1 0 1 0 1 0 1 0 1 0 1 0 1 0 1 0 1 0 1 0 1 0 1 0 1 0 1 0 1 0 1 0 1 0 1 0 1 0 1 0 1
12 12 5 9 55 35 43 47 17 37 15 53 29 23 8 14 4 48 50 38 40 34 12 42 28 26
17 17 1 3 7 11 13 19 21 25 27 31 33 39 41 45 49 51 57 0 2 6 10 16 18 20 22 24 30 32 36 44 46 52 54 56
#c 0 1 0 1 1 0 0 1 1 0 0 1 1 1 1 0 0 0 0 1 0 1 0 0 0 1 1 1 1 0 0 1 0 1 1 0 0 0 1 1 1 1 1 0 0 1 0 0 1 1 1 1 0 0 0 0 0 1
#c 0 1 0 1 1 0 0 1 1 0 0 1 1 1 1 0 0 0 0 1 0 1 0 0 0 1 1 1 1 0 0 1 0 1 1 0 0 0 1 1 1 1 1 0 0 1 0 0 1 1 1 1 0 0 0 0 0 1
8 7 3 28 31 48 42 50 57 33 37 29 9 24 20 44 16
21 22 1 7 11 13 19 21 25 27 39 41 45 49 51 8 14 4 38 40 34 12 26 0 2 6 10 18 22 30 32 36 46 52 54 56 5 55 35 43 47 17 15 53 23
#c 0 1 0 0 1 0 0 1 1 1 0 1 1 1 1 0 1 0 0 1 1 1 0 0 1 1 1 1 0 1 0 0 0 0 1 0 0 1 1 1 1 1 0 0 1 1 0 0 0 1 0 1 0 0 0 0 0 0
#c 0 1 0 0 1 0 0 1 1 1 0 1 1 1 1 0 1 0 0 1 1 1 0 0 1 1 1 1 0 1 0 0 0 0 1 0 0 1 1 1 1 1 0 0 1 1 0 0 0 1 0 1 0 0 0 0 0 0
8 8 9 21 37 44 20 27 38 25 53 48 6 10 17 2 32 47
20 22 1 7 11 13 19 39 41 45 49 51 8 14 4 40 34 12 26 29 24 16 0 18 22 30 36 46 52 54 56 5 55 35 43 15 23 3 28 31 42 50 57 33
#c 0 1 0 0 1 0 0 1 1 1 0 1 1 1 1 0 1 0 0 1 1 1 0 0 1 1 1 1 0 1 0 0 0 0 1 0 0 1 1 1 1 1 0 0 1 1 0 0 0 1 0 1 0 0 0 0 0 0
#c 0 1 0 0 1 0 0 1 1 1 0 1 1 1 1 0 1 0 0 1 1 1 0 0 1 1 1 1 0 1 0 0 0 0 1 0 0 1 1 1 1 1 0 0 1 1 0 0 0 1 0 1 0 0 0 0 0 0
#c 0 1 0 0 1 0 0 1 1 1 0 1 1 1 1 0 1 0 0 1 1 1 0 0 1 1 1 1 0 1 0 0 0 0 1 0 0 1 1 1 1 1 0 0 1 1 0 0 0 1 0 1 0 0 0 0 0 0
14 14 6 15 17 43 28 23 36 0 46 32 53 33 56 22 40 26 44 11 38 39 25 7 41 14 49 16 21 27
16 14 2 10 18 30 52 54 5 55 35 47 3 31 48 42 50 57 1 13 19 45 51 8 4 34 12 37 29 9 24 20
#c 1 1 0 0 1 0 1 0 1 1 0 0 1 1 0 1 0 1 0 1 1 0 1 1 1 0 0 0 1 1 0 0 1 1 1 0 1 1 0 0 0 0 0 1 0 1 1 0 0 0 0 1 0 1 0 0 1 0
#c 1 1 0 0 1 0 1 0 1 1 0 0 1 1 0 1 0 1 0 1 1 0 1 1 1 0 0 0 1 1 0 0 1 1 1 0 1 1 0 0 0 0 0 1 0 1 1 0 0 0 0 1 0 1 0 0 1 0
#c 1 1 0 0 1 0 1 0 1 1 0 0 1 1 0 1 0 1 0 1 1 0 1 1 1 0 0 0 1 1 0 0 1 1 1 0 1 1 0 0 0 0 0 1 0 1 1 0 0 0 0 1 0 1 0 0 1 0
#c 1 1 0 0 1 0 1 0 1 1 0 0 1 1 0 1 0 1 0 1 1 0 1 1 1 0 0 0 1 1 0 0 1 1 1 0 1 1 0 0 0 0 0 1 0 1 1 0 0 0 0 1 0 1 0 0 1 0
11 11 2 18 7 39 25 3 35 49 40 48 11 46 51 20 33 8 22 34 29 32 15 13
19 17 10 30 52 54 5 55 47 31 42 50 57 26 44 38 41 14 16 21 27 1 19 45 4 12 37 9 24 6 17 43 28 23 36 0 53 56
#c 1 1 0 0 1 0 1 0 1 1 0 0 1 1 0 1 0 1 0 1 1 0 1 1 1 0 0 0 1 1 0 0 1 1 1 0 1 1 0 0 0 0 0 1 0 1 1 0 0 0 0 1 0 1 0 0 1 0
3 5 0 29 43 55 30 44 57 7
25 25 1 13 19 45 51 8 4 34 12 37 9 24 20 6 15 17 28 23 36 46 32 53 33 56 22 2 10 18 52 54 5 35 47 3 31 48 42 50 40 26 11 38 39 25 41 14 49 16 21 27
#c 1 1 0 0 1 0 1 0 1 1 0 0 1 1 0 1 0 1 0 1 1 0 1 1 1 0 0 0 1 1 0 0 1 1 1 0 1 1 0 0 0 0 0 1 0 1 1 0 0 0 0 1 0 1 0 0 1 0
#c 1 1 0 0 1 0 1 0 1 1 0 0 1 1 0 1 0 1 0 1 1 0 1 1 1 0 0 0 1 1 0 0 1 1 1 0 1 1 0 0 0 0 0 1 0 1 1 0 0 0 0 1 0 1 0 0 1 0
5 5 46 12 43 53 8 5 11 40 52 44
23 25 1 13 19 45 51 4 34 37 29 9 24 20 6 15 17 28 23 36 0 32 33 56 22 2 10 18 30 54 55 35 47 3 31 48 42 50 57 26 38 39 25 7 41 14 49 16 21 27
#c 1 1 0 0 1 0 1 0 1 1 0 0 1 1 0 1 0 1 0 1 1 0 1 1 1 0 0 0 1 1 0 0 1 1 1 0 1 1 0 0 0 0 0 1 0 1 1 0 0 0 0 1 0 1 0 0 1 0
6 7 35 25 3 49 5 57 8 32 29 23 4 17 46
24 21 2 10 18 30 52 54 55 47 31 48 42 50 40 26 44 11 38 39 7 41 14 16 21 27 1 13 19 45 51 34 12 37 9 24 20 6 15 43 28 36 0 53 33 56 22
#c 1 1 0 0 1 0 1 0 1 1 0 0 1 1 0 1 0 1 0 1 1 0 1 1 1 0 0 0 1 1 0 0 1 1 1 0 1 1 0 0 0 0 0 1 0 1 1 0 0 0 0 1 0 1 0 0 1 0
5 4 0 28 56 13 45 27 3 41 54
23 26 1 19 51 8 4 34 12 37 29 9 24 20 6 15 17 43 23 36 46 32 53 33 22 2 10 18 30 52 5 55 35 47 31 48 42 50 57 40 26 44 11 38 39 25 7 14 49 16 21
#c 1 1 0 0 1 0 1 0 1 1 0 0 1 1 0 1 0 1 0 1 1 0 1 1 1 0 0 0 1 1 0 0 1 1 1 0 1 1 0 0 0 0 0 1 0 1 1 0 0 0 0 1 0 1 0 0 1 0
#c 1 1 0 0 1 0 1 0 1 1 0 0 1 1 0 1 0 1 0 1 1 0 1 1 1 0 0 0 1 1 0 0 1 1 1 0 1 1 0 0 0 0 0 1 0 1 1 0 0 0 0 1 0 1 0 0 1 0
#c 1 1 0 0 1 0 1 0 1 1 0 0 1 1 0 1 0 1 0 1 1 0 1 1 1 0 0 0 1 1 0 0 1 1 1 0 1 1 0 0 0 0 0 1 0 1 1 0 0 0 0 1 0 1 0 0 1 0
12 12 25 35 7 21 57 50 14 11 27 26 54 3 9 12 46 53 56 15 4 34 45 1 24 51
18 16 2 10 18 30 52 5 55 47 31 48 42 40 44 38 39 41 49 16 13 19 8 37 29 20 6 17 43 28 23 36 0 32 33 22
#c 1 0 0 1 0 0 1 1 1 0 0 1 0 1 1 0 0 1 0 1 1 1 1 1 0 1 1 1 1 1 0 0 1 1 0 1 1 1 0 0 0 0 0 1 0 0 0 0 0 0 1 0 0 0 1 0 0 1
12 12 21 7 54 13 23 17 14 26 36 50 57 11 55 16 52 24 34 38 12 18 4 47 1 51
16 18 19 8 37 29 20 6 43 28 0 32 33 22 25 35 27 3 2 10 30 5 31 48 42 40 44 39 41 49 9 46 53 56 15 45
#c 1 0 0 1 0 0 1 1 1 0 0 1 0 1 1 0 0 1 0 1 1 1 1 1 0 1 1 1 1 1 0 0 1 1 0 1 1 1 0 0 0 0 0 1 0 0 0 0 0 0 1 0 0 0 1 0 0 1
10 11 55 4 48 24 1 42 45 15 44 49 25 8 27 57 32 43 35 13 50 3 0
20 17 2 10 18 30 52 5 47 31 40 38 39 41 16 9 12 46 53 56 34 51 19 37 29 20 6 17 28 23 36 33 22 7 21 14 11 26 54
#c 1 0 0 1 0 0 1 1 1 0 0 1 0 1 1 0 0 1 0 1 1 1 1 1 0 1 1 1 1 1 0 0 1 1 0 1 1 1 0 0 0 0 0 1 0 0 0 0 0 0 1 0 0 0 1 0 0 1
7 7 26 7 28 29 17 54 35 9 42 24 46 34 12 18
21 23 13 19 8 37 20 6 43 23 36 0 32 33 22 25 21 57 50 14 11 27 3 2 10 30 52 5 55 47 31 48 40 44 38 39 41 49 16 53 56 15 4 45 1 51
#c 1 0 0 1 0 0 1 1 1 0 0 1 0 1 1 0 0 1 0 1 1 1 1 1 0 1 1 1 1 1 0 0 1 1 0 1 1 1 0 0 0 0 0 1 0 0 0 0 0 0 1 0 0 0 1 0 0 1
#c 1 0 0 1 0 0 1 1 1 0 0 1 0 1 1 0 0 1 0 1 1 1 1 1 0 1 1 1 1 1 0 0 1 1 0 1 1 1 0 0 0 0 0 1 0 0 0 0 0 0 1 0 0 0 1 0 0 1
1 1 26 48
27 29 13 19 8 37 29 20 6 17 43 28 23 36 0 32 33 22 25 35 7 21 57 50 14 11 27 54 3 2 10 18 30 52 5 55 47 31 42 40 44 38 39 41 49 16 9 12 46 53 56 15 4 34 45 1 24 51
#c 1 0 0 1 0 0 1 1 1 0 0 1 0 1 1 0 0 1 0 1 1 1 1 1 0 1 1 1 1 1 0 0 1 1 0 1 1 1 0 0 0 0 0 1 0 0 0 0 0 0 1 0 0 0 1 0 0 1
#c 1 0 0 1 0 0 1 1 1 0 0 1 0 1 1 0 0 1 0 1 1 1 1 1 0 1 1 1 1 1 0 0 1 1 0 1 1 1 0 0 0 0 0 1 0 0 0 0 0 0 1 0 0 0 1 0 0 1
#c 1 0 0 1 0 0 1 1 1 0 0 1 0 1 1 0 0 1 0 1 1 1 1 1 0 1 1 1 1 1 0 0 1 1 0 1 1 1 0 0 0 0 0 1 0 0 0 0 0 0 1 0 0 0 1 0 0 1
#c 1 0 0 1 0 0 1 1 1 0 0 1 0 1 1 0 0 1 0 1 1 1 1 1 0 1 1 1 1 1 0 0 1 1 0 1 1 1 0 0 0 0 0 1 0 0 0 0 0 0 1 0 0 0 1 0 0 1
#c 1 0 0 1 0 0 1 1 1 0 0 1 0 1 1 0 0 1 0 1 1 1 1 1 0 1 1 1 1 1 0 0 1 1 0 1 1 1 0 0 0 0 0 1 0 0 0 0 0 0 1 0 0 0 1 0 0 1
9 9 9 46 48 51 41 42 53 34 47 27 3 32 35 19 28 37 13 7
21 19 2 10 18 30 52 5 55 31 40 44 38 39 49 16 12 56 15 4 45 1 24 8 29 20 6 17 43 23 36 0 33 22 25 21 57 50 14 11 26 54
#c 1 0 0 1 0 0 1 1 1 0 0 1 0 1 1 0 0 1 0 1 1 1 1 1 0 1 1 1 1 1 0 0 1 1 0 1 1 1 0 0 0 0 0 1 0 0 0 0 0 0 1 0 0 0 1 0 0 1
3 3 37 43 29 24 30 45
25 27 13 19 8 20 6 17 28 23 36 0 32 33 22 25 35 7 21 57 50 14 11 27 26 54 3 2 10 18 52 5 55 47 31 48 42 40 44 38 39 41 49 16 9 12 46 53 56 15 4 34 1 51
#c 1 0 0 1 0 0 1 1 1 0 0 1 0 1 1 0 0 1 0 1 1 1 1 1 0 1 1 1 1 1 0 0 1 1 0 1 1 1 0 0 0 0 0 1 0 0 0 0 0 0 1 0 0 0 1 0 0 1
14 14 1 4 12 31 42 56 9 15 55 24 5 52 16 47 22 7 20 57 50 25 33 23 43 29 36 6 0 8
16 14 2 10 18 30 48 40 44 38 39 41 49 46 53 34 45 51 13 19 37 17 28 32 35 21 14 11 27 26 54 3
#c 1 0 0 1 0 0 1 1 1 0 0 1 0 1 1 0 0 1 0 1 1 1 1 1 0 1 1 1 1 1 0 0 1 1 0 1 1 1 0 0 0 0 0 1 0 0 0 0 0 0 1 0 0 0 1 0 0 1
14 13 23 11 50 7 27 36 14 28 21 22 35 26 54 29 5 53 40 48 41 9 38 42 10 15 39 16 31
14 17 13 19 8 37 20 6 17 43 0 32 33 25 57 3 2 18 30 52 55 47 44 49 12 46 56 4 34 45 1 24 51
#c 1 0 0 1 0 0 1 1 1 0 0 1 0 1 1 0 0 1 0 1 1 1 1 1 0 1 1 1 1 1 0 0 1 1 0 1 1 1 0 0 0 0 0 1 0 0 0 0 0 0 1 0 0 0 1 0 0 1
#c 1 0 0 1 0 0 1 1 1 0 0 1 0 1 1 0 0 1 0 1 1 1 1 1 0 1 1 1 1 1 0 0 1 1 0 1 1 1 0 0 0 0 0 1 0 0 0 0 0 0 1 0 0 0 1 0 0 1
#c 1 0 0 1 0 0 1 1 1 0 0 1 0 1 1 0 0 1 0 1 1 1 1 1 0 1 1 1 1 1 0 0 1 1 0 1 1 1 0 0 0 0 0 1 0 0 0 0 0 0 1 0 0 0 1 0 0 1
5 5 2 31 45 51 5 13 11 14 43 36
25 23 10 18 30 52 55 47 48 42 40 44 38 39 41 49 16 9 12 46 53 56 15 4 34 1 24 19 8 37 29 20 6 17 28 23 0 32 33 22 25 35 7 21 57 50 27 26 54 3
#c 1 0 0 1 0 0 1 1 1 0 0 1 0 1 1 0 0 1 0 1 1 1 1 1 0 1 1 1 1 1 0 0 1 1 0 1 1 1 0 0 0 0 0 1 0 0 0 0 0 0 1 0 0 0 1 0 0 1
#c 1 0 0 1 0 0 1 1 1 0 0 1 0 1 1 0 0 1 0 1 1 1 1 1 0 1 1 1 1 1 0 0 1 1 0 1 1 1 0 0 0 0 0 1 0 0 0 0 0 0 1 0 0 0 1 0 0 1
#c 1 0 0 1 0 0 1 1 1 0 0 1 0 1 1 0 0 1 0 1 1 1 1 1 0 1 1 1 1 1 0 0 1 1 0 1 1 1 0 0 0 0 0 1 0 0 0 0 0 0 1 0 0 0 1 0 0 1
9 9 29 6 11 43 37 8 57 54 25 9 46 48 39 55 51 15 10 34
19 21 13 19 20 17 28 23 36 0 32 33 22 35 7 21 50 14 27 26 3 2 18 30 52 5 47 31 42 40 44 38 41 49 16 12 53 56 4 45 1 24
#c 1 0 0 1 0 0 1 1 1 0 0 1 0 1 1 0 0 1 0 1 1 1 1 1 0 1 1 1 1 1 0 0 1 1 0 1 1 1 0 0 0 0 0 1 0 0 0 0 0 0 1 0 0 0 1 0 0 1
1 1 48 6
29 27 2 10 18 30 52 5 55 47 31 42 40 44 38 39 41 49 16 9 12 46 53 56 15 4 34 45 1 24 51 13 19 8 37 29 20 17 43 28 23 36 0 32 33 22 25 35 7 21 57 50 14 11 27 26 54 3
#c 1 0 0 1 0 0 1 1 1 0 0 1 0 1 1 0 0 1 0 1 1 1 1 1 0 1 1 1 1 1 0 0 1 1 0 1 1 1 0 0 0 0 0 1 0 0 0 0 0 0 1 0 0 0 1 0 0 1
5 5 20 57 27 43 0 48 18 39 2 10
23 25 13 19 8 37 29 6 17 28 23 36 32 33 22 25 35 7 21 50 14 11 26 54 3 30 52 5 55 47 31 42 40 44 38 41 49 16 9 12 46 53 56 15 4 34 45 1 24 51
#c 1 0 0 1 0 0 1 1 1 0 0 1 0 1 1 0 0 1 0 1 1 1 1 1 0 1 1 1 1 1 0 0 1 1 0 1 1 1 0 0 0 0 0 1 0 0 0 0 0 0 1 0 0 0 1 0 0 1
4 4 49 34 45 9 17 23 19 54
26 24 2 10 18 30 52 5 55 47 31 48 42 40 44 38 39 41 16 12 46 53 56 15 4 1 24 51 13 8 37 29 20 6 43 28 36 0 32 33 22 25 35 7 21 57 50 14 11 27 26 3
#c 1 0 0 1 0 0 1 1 1 0 0 1 0 1 1 0 0 1 0 1 1 1 1 1 0 1 1 1 1 1 0 0 1 1 0 1 1 1 0 0 0 0 0 1 0 0 0 0 0 0 1 0 0 0 1 0 0 1
9 9 13 32 14 8 3 23 11 26 22 46 52 31 18 1 39 41 2 55
19 21 19 37 29 20 6 17 43 28 36 0 33 25 35 7 21 57 50 27 54 10 30 5 47 48 42 40 44 38 49 16 9 12 53 56 15 4 34 45 24 51
#c 1 0 0 1 0 0 1 1 1 0 0 1 0 1 1 0 0 1 0 1 1 1 1 1 0 1 1 1 1 1 0 0 1 1 0 1 1 1 0 0 0 0 0 1 0 0 0 0 0 0 1 0 0 0 1 0 0 1
#c 1 0 0 1 0 0 1 1 1 0 0 1 0 1 1 0 0 1 0 1 1 1 1 1 0 1 1 1 1 1 0 0 1 1 0 1 1 1 0 0 0 0 0 1 0 0 0 0 0 0 1 0 0 0 1 0 0 1
#c 1 0 0 1 0 0 1 1 1 0 0 1 0 1 1 0 0 1 0 1 1 1 1 1 0 1 1 1 1 1 0 0 1 1 0 1 1 1 0 0 0 0 0 1 0 0 0 0 0 0 1 0 0 0 1 0 0 1
13 13 24 47 16 55 56 34 5 49 31 42 18 9 44 22 37 6 57 26 3 23 13 21 33 32 19 27
17 15 2 10 30 52 48 40 38 39 41 12 46 53 15 4 45 1 51 8 29 20 17 43 28 36 0 25 35 7 50 14 11 54
#c 1 0 0 1 0 0 1 1 1 0 0 1 0 1 1 0 0 1 0 1 1 1 1 1 0 1 1 1 1 1 0 0 1 1 0 1 1 1 0 0 0 0 0 1 0 0 0 0 0 0 1 0 0 0 1 0 0 1
13 12 57 26 28 25 22 54 6 35 33 17 13 50 23 56 45 39 38 47 10 24 1 41 12 44 52
15 18 19 8 37 29 20 43 36 0 32 7 21 14 11 27 3 2 18 30 5 55 31 48 42 40 49 16 9 46 53 15 4 34 51
#c 1 0 0 1 0 0 1 1 1 0 0 1 0 1 1 0 0 1 0 1 1 1 1 1 0 1 1 1 1 1 0 0 1 1 0 1 1 1 0 0 0 0 0 1 0 0 0 0 0 0 1 0 0 0 1 0 0 1
#c 1 0 0 1 0 0 1 1 1 0 0 1 0 1 1 0 0 1 0 1 1 1 1 1 0 1 1 1 1 1 0 0 1 1 0 1 1 1 0 0 0 0 0 1 0 0 0 0 0 0 1 0 0 0 1 0 0 1
#c 1 0 0 1 0 0 1 1 1 0 0 1 0 1 1 0 0 1 0 1 1 1 1 1 0 1 1 1 1 1 0 0 1 1 0 1 1 1 0 0 0 0 0 1 0 0 0 0 0 0 1 0 0 0 1 0 0 1
#c 1 0 0 1 0 0 1 1 1 0 0 1 0 1 1 0 0 1 0 1 1 1 1 1 0 1 1 1 1 1 0 0 1 1 0 1 1 1 0 0 0 0 0 1 0 0 0 0 0 0 1 0 0 0 1 0 0 1
9 9 50 37 17 3 32 11 22 35 8 55 12 38 9 51 4 48 1 53
19 21 13 19 29 20 6 43 28 23 36 0 33 25 7 21 57 14 27 26 54 2 10 18 30 52 5 47 31 42 40 44 39 41 49 16 46 56 15 34 45 24
#c 1 0 0 1 0 0 1 1 1 0 0 1 0 1 1 0 0 1 0 1 1 1 1 1 0 1 1 1 1 1 0 0 1 1 0 1 1 1 0 0 0 0 0 1 0 0 0 0 0 0 1 0 0 0 1 0 0 1
#c 1 0 0 1 0 0 1 1 1 0 0 1 0 1 1 0 0 1 0 1 1 1 1 1 0 1 1 1 1 1 0 0 1 1 0 1 1 1 0 0 0 0 0 1 0 0 0 0 0 0 1 0 0 0 1 0 0 1
#c 1 0 0 1 0 0 1 1 1 0 0 1 0 1 1 0 0 1 0 1 1 1 1 1 0 1 1 1 1 1 0 0 1 1 0 1 1 1 0 0 0 0 0 1 0 0 0 0 0 0 1 0 0 0 1 0 0 1
6 6 18 15 38 16 46 52 22 37 23 33 7 36
24 22 2 10 30 5 55 47 31 48 42 40 44 39 41 49 9 12 53 56 4 34 45 1 24 51 13 19 8 29 20 6 17 43 28 0 32 25 35 21 57 50 14 11 27 26 54 3
#c 1 0 0 1 0 0 1 1 1 0 0 1 0 1 1 0 0 1 0 1 1 1 1 1 0 1 1 1 1 1 0 0 1 1 0 1 1 1 0 0 0 0 0 1 0 0 0 0 0 0 1 0 0 0 1 0 0 1
11 11 6 21 36 19 50 0 35 17 28 11 20 44 2 15 47 24 49 46 45 56 52 30
17 19 13 8 37 29 43 23 32 33 22 25 7 57 14 27 26 54 3 10 18 5 55 31 48 42 40 38 39 41 16 9 12 53 4 34 1 51
#c 1 0 0 1 0 0 1 1 1 0 0 1 0 1 1 0 0 1 0 1 1 1 1 1 0 1 1 1 1 1 0 0 1 1 0 1 1 1 0 0 0 0 0 1 0 0 0 0 0 0 1 0 0 0 1 0 0 1
3 3 45 15 31 43 13 11
27 25 2 10 18 30 52 5 55 47 48 42 40 44 38 39 41 49 16 9 12 46 53 56 4 34 1 24 51 19 8 37 29 20 6 17 28 23 36 0 32 33 22 25 35 7 21 57 50 14 27 26 54 3
#c 1 0 0 1 0 0 1 1 1 0 0 1 0 1 1 0 0 1 0 1 1 1 1 1 0 1 1 1 1 1 0 0 1 1 0 1 1 1 0 0 0 0 0 1 0 0 0 0 0 0 1 0 0 0 1 0 0 1
#c 1 0 0 1 0 0 1 1 1 0 0 1 0 1 1 0 0 1 0 1 1 1 1 1 0 1 1 1 1 1 0 0 1 1 0 1 1 1 0 0 0 0 0 1 0 0 0 0 0 0 1 0 0 0 1 0 0 1
#c 1 0 0 1 0 0 1 1 1 0 0 1 0 1 1 0 0 1 0 1 1 1 1 1 0 1 1 1 1 1 0 0 1 1 0 1 1 1 0 0 0 0 0 1 0 0 0 0 0 0 1 0 0 0 1 0 0 1
3 3 19 17 8 44 1 5
25 27 13 37 29 20 6 43 28 23 36 0 32 33 22 25 35 7 21 57 50 14 11 27 26 54 3 2 10 18 30 52 55 47 31 48 42 40 38 39 41 49 16 9 12 46 53 56 15 4 34 45 24 51
#c 1 0 0 1 0 0 1 1 1 0 0 1 0 1 1 0 0 1 0 1 1 1 1 1 0 1 1 1 1 1 0 0 1 1 0 1 1 1 0 0 0 0 0 1 0 0 0 0 0 0 1 0 0 0 1 0 0 1
#c 1 0 0 1 0 0 1 1 1 0 0 1 0 1 1 0 0 1 0 1 1 1 1 1 0 1 1 1 1 1 0 0 1 1 0 1 1 1 0 0 0 0 0 1 0 0 0 0 0 0 1 0 0 0 1 0 0 1
#c 1 0 0 1 0 0 1 1 1 0 0 1 0 1 1 0 0 1 0 1 1 1 1 1 0 1 1 1 1 1 0 0 1 1 0 1 1 1 0 0 0 0 0 1 0 0 0 0 0 0 1 0 0 0 1 0 0 1
#c 1 0 0 1 0 0 1 1 1 0 0 1 0 1 1 0 0 1 0 1 1 1 1 1 0 1 1 1 1 1 0 0 1 1 0 1 1 1 0 0 0 0 0 1 0 0 0 0 0 0 1 0 0 0 1 0 0 1
13 11 3 29 14 6 54 20 21 26 43 33 28 37 17 49 18 48 45 41 52 16 46 39 5 51
15 19 13 19 8 23 36 0 32 22 25 35 7 57 50 11 27 2 10 30 55 47 31 42 40 44 38 9 12 53 56 15 4 34 1 24
#c 1 0 0 1 0 0 1 1 1 0 0 1 0 1 1 0 0 1 0 1 1 1 1 1 0 1 1 1 1 1 0 0 1 1 0 1 1 1 0 0 0 0 0 1 0 0 0 0 0 0 1 0 0 0 1 0 0 1
7 7 49 47 48 40 46 15 44 17 19 7 50 32 6 33
23 21 2 10 18 30 52 5 55 31 42 38 39 41 16 9 12 53 56 4 34 45 1 24 51 13 8 37 29 20 43 28 23 36 0 22 25 35 21 57 14 11 27 26 54 3
#c 1 0 0 1 0 0 1 1 1 0 0 1 0 1 1 0 0 1 0 1 1 1 1 1 0 1 1 1 1 1 0 0 1 1 0 1 1 1 0 0 0 0 0 1 0 0 0 0 0 0 1 0 0 0 1 0 0 1
3 5 11 20 27 44 12 49 15 24
25 25 13 19 8 37 29 6 17 43 28 23 36 0 32 33 22 25 35 7 21 57 50 14 26 54 3 2 10 18 30 52 5 55 47 31 48 42 40 38 39 41 16 9 46 53 56 4 34 45 1 51
#c 1 0 0 1 0 0 1 1 1 0 0 1 0 1 1 0 0 1 0 1 1 1 1 1 0 1 1 1 1 1 0 0 1 1 0 1 1 1 0 0 0 0 0 1 0 0 0 0 0 0 1 0 0 0 1 0 0 1
#c 1 0 0 1 0 0 1 1 1 0 0 1 0 1 1 0 0 1 0 1 1 1 1 1 0 1 1 1 1 1 0 0 1 1 0 1 1 1 0 0 0 0 0 1 0 0 0 0 0 0 1 0 0 0 1 0 0 1
#c 1 0 0 1 0 0 1 1 1 0 0 1 0 1 1 0 0 1 0 1 1 1 1 1 0 1 1 1 1 1 0 0 1 1 0 1 1 1 0 0 0 0 0 1 0 0 0 0 0 0 1 0 0 0 1 0 0 1
#c 1 0 0 1 0 0 1 1 1 0 0 1 0 1 1 0 0 1 0 1 1 1 1 1 0 1 1 1 1 1 0 0 1 1 0 1 1 1 0 0 0 0 0 1 0 0 0 0 0 0 1 0 0 0 1 0 0 1
9 9 32 28 13 25 35 29 0 26 57 47 55 24 44 34 45 4 1 9
19 21 19 8 37 20 6 17 43 23 36 33 22 7 21 50 14 11 27 54 3 2 10 18 30 52 5 31 48 42 40 38 39 41 49 16 12 46 53 56 15 51
#c 1 0 0 1 0 0 1 1 1 0 0 1 0 1 1 0 0 1 0 1 1 1 1 1 0 1 1 1 1 1 0 0 1 1 0 1 1 1 0 0 0 0 0 1 0 0 0 0 0 0 1 0 0 0 1 0 0 1
#c 1 0 0 1 0 0 1 1 1 0 0 1 0 1 1 0 0 1 0 1 1 1 1 1 0 1 1 1 1 1 0 0 1 1 0 1 1 1 0 0 0 0 0 1 0 0 0 0 0 0 1 0 0 0 1 0 0 1
#c 1 0 0 1 0 0 1 1 1 0 0 1 0 1 1 0 0 1 0 1 1 1 1 1 0 1 1 1 1 1 0 0 1 1 0 1 1 1 0 0 0 0 0 1 0 0 0 0 0 0 1 0 0 0 1 0 0 1
#c 1 0 0 1 0 0 1 1 1 0 0 1 0 1 1 0 0 1 0 1 1 1 1 1 0 1 1 1 1 1 0 0 1 1 0 1 1 1 0 0 0 0 0 1 0 0 0 0 0 0 1 0 0 0 1 0 0 1
#c 1 0 0 1 0 0 1 1 1 0 0 1 0 1 1 0 0 1 0 1 1 1 1 1 0 1 1 1 1 1 0 0 1 1 0 1 1 1 0 0 0 0 0 1 0 0 0 0 0 0 1 0 0 0 1 0 0 1
#c 1 0 0 1 0 0 1 1 1 0 0 1 0 1 1 0 0 1 0 1 1 1 1 1 0 1 1 1 1 1 0 0 1 1 0 1 1 1 0 0 0 0 0 1 0 0 0 0 0 0 1 0 0 0 1 0 0 1
#c 1 0 0 1 0 0 1 1 1 0 0 1 0 1 1 0 0 1 0 1 1 1 1 1 0 1 1 1 1 1 0 0 1 1 0 1 1 1 0 0 0 0 0 1 0 0 0 0 0 0 1 0 0 0 1 0 0 1
#c 1 0 0 1 0 0 1 1 1 0 0 1 0 1 1 0 0 1 0 1 1 1 1 1 0 1 1 1 1 1 0 0 1 1 0 1 1 1 0 0 0 0 0 1 0 0 0 0 0 0 1 0 0 0 1 0 0 1
13 13 50 8 28 29 26 3 37 21 36 23 14 57 32 4 39 52 56 46 9 34 42 24 48 30 15 18
15 17 13 19 20 6 17 43 0 33 22 25 35 7 11 27 54 2 10 5 55 47 31 40 44 38 41 49 16 12 53 45 1 51
#c 1 0 0 1 0 0 1 1 1 0 0 1 0 1 1 0 0 1 0 1 1 1 1 1 0 1 1 1 1 1 0 0 1 1 0 1 1 1 0 0 0 0 0 1 0 0 0 0 0 0 1 0 0 0 1 0 0 1
12 12 1 9 38 42 44 40 10 34 51 41 45 15 28 21 17 26 35 11 8 19 36 27 23 32
18 16 2 18 30 52 5 55 47 31 48 39 49 16 12 46 53 56 4 24 13 37 29 20 6 43 0 33 22 25 7 57 50 14 54 3
#c 1 0 0 1 0 0 1 1 1 0 0 1 0 1 1 0 0 1 0 1 1 1 1 1 0 1 1 1 1 1 0 0 1 1 0 1 1 1 0 0 0 0 0 1 0 0 0 0 0 0 1 0 0 0 1 0 0 1
8 8 27 43 8 36 3 14 33 11 18 12 10 39 5 55 15 2
20 22 13 19 37 29 20 6 17 28 23 0 32 22 25 35 7 21 57 50 26 54 30 52 47 31 48 42 40 44 38 41 49 16 9 46 53 56 4 34 45 1 24 51
#c 1 0 0 1 0 0 1 1 1 0 0 1 0 1 1 0 0 1 0 1 1 1 1 1 0 1 1 1 1 1 0 0 1 1 0 1 1 1 0 0 0 0 0 1 0 0 0 0 0 0 1 0 0 0 1 0 0 1
#c 1 0 0 1 0 0 1 1 1 0 0 1 0 1 1 0 0 1 0 1 1 1 1 1 0 1 1 1 1 1 0 0 1 1 0 1 1 1 0 0 0 0 0 1 0 0 0 0 0 0 1 0 0 0 1 0 0 1
#c 1 0 0 1 0 0 1 1 1 0 0 1 0 1 1 0 0 1 0 1 1 1 1 1 0 1 1 1 1 1 0 0 1 1 0 1 1 1 0 0 0 0 0 1 0 0 0 0 0 0 1 0 0 0 1 0 0 1
3 3 30 39 46 57 50 13
27 25 2 10 18 52 5 55 47 31 48 42 40 44 38 41 49 16 9 12 53 56 15 4 34 45 1 24 51 19 8 37 29 20 6 17 43 28 23 36 0 32 33 22 25 35 7 21 14 11 27 26 54 3
#c 1 0 0 1 0 0 1 1 1 0 0 1 0 1 1 0 0 1 0 1 1 1 1 1 0 1 1 1 1 1 0 0 1 1 0 1 1 1 0 0 0 0 0 1 0 0 0 0 0 0 1 0 0 0 1 0 0 1
#c 1 0 0 1 0 0 1 1 1 0 0 1 0 1 1 0 0 1 0 1 1 1 1 1 0 1 1 1 1 1 0 0 1 1 0 1 1 1 0 0 0 0 0 1 0 0 0 0 0 0 1 0 0 0 1 0 0 1
#c 1 0 0 1 0 0 1 1 1 0 0 1 0 1 1 0 0 1 0 1 1 1 1 1 0 1 1 1 1 1 0 0 1 1 0 1 1 1 0 0 0 0 0 1 0 0 0 0 0 0 1 0 0 0 1 0 0 1
#c 1 0 0 1 0 0 1 1 1 0 0 1 0 1 1 0 0 1 0 1 1 1 1 1 0 1 1 1 1 1 0 0 1 1 0 1 1 1 0 0 0 0 0 1 0 0 0 0 0 0 1 0 0 0 1 0 0 1
#c 1 0 0 1 0 0 1 1 1 0 0 1 0 1 1 0 0 1 0 1 1 1 1 1 0 1 1 1 1 1 0 0 1 1 0 1 1 1 0 0 0 0 0 1 0 0 0 0 0 0 1 0 0 0 1 0 0 1
4 4 13 33 19 17 30 15 46 2
24 26 8 37 29 20 6 43 28 23 36 0 32 22 25 35 7 21 57 50 14 11 27 26 54 3 10 18 52 5 55 47 31 48 42 40 44 38 39 41 49 16 9 12 53 56 4 34 45 1 24 51
#c 1 0 0 1 0 0 1 1 1 0 0 1 0 1 1 0 0 1 0 1 1 1 1 1 0 1 1 1 1 1 0 0 1 1 0 1 1 1 0 0 0 0 0 1 0 0 0 0 0 0 1 0 0 0 1 0 0 1
9 9 30 48 49 1 2 52 16 51 46 0 23 21 29 50 14 20 36 17
21 19 10 18 5 55 47 31 42 40 44 38 39 41 9 12 53 56 15 4 34 45 24 13 19 8 37 6 43 28 32 33 22 25 35 7 57 11 27 26 54 3
#c 1 0 0 1 0 0 1 1 1 0 0 1 0 1 1 0 0 1 0 1 1 1 1 1 0 1 1 1 1 1 0 0 1 1 0 1 1 1 0 0 0 0 0 1 0 0 0 0 0 0 1 0 0 0 1 0 0 1
#c 1 0 0 1 0 0 1 1 1 0 0 1 0 1 1 0 0 1 0 1 1 1 1 1 0 1 1 1 1 1 0 0 1 1 0 1 1 1 0 0 0 0 0 1 0 0 0 0 0 0 1 0 0 0 1 0 0 1
#c 1 0 0 1 0 0 1 1 1 0 0 1 0 1 1 0 0 1 0 1 1 1 1 1 0 1 1 1 1 1 0 0 1 1 0 1 1 1 0 0 0 0 0 1 0 0 0 0 0 0 1 0 0 0 1 0 0 1
9 9 36 27 43 0 37 22 57 50 14 44 18 24 16 40 1 4 34 9
19 21 13 19 8 29 20 6 17 28 23 32 33 25 35 7 21 11 26 54 3 2 10 30 52 5 55 47 31 48 42 38 39 41 49 12 46 53 56 15 45 51
#c 1 0 0 1 0 0 1 1 1 0 0 1 0 1 1 0 0 1 0 1 1 1 1 1 0 1 1 1 1 1 0 0 1 1 0 1 1 1 0 0 0 0 0 1 0 0 0 0 0 0 1 0 0 0 1 0 0 1
14 14 41 44 40 45 16 12 42 10 53 48 56 2 1 52 29 7 57 35 25 0 50 23 26 19 33 20 14 54
16 14 18 30 5 55 47 31 38 39 49 9 46 15 4 34 24 51 13 8 37 6 17 43 28 36 32 22 21 11 27 3
#c 1 0 0 1 0 0 1 1 1 0 0 1 0 1 1 0 0 1 0 1 1 1 1 1 0 1 1 1 1 1 0 0 1 1 0 1 1 1 0 0 0 0 0 1 0 0 0 0 0 0 1 0 0 0 1 0 0 1
1 1 43 12
27 29 13 19 8 37 29 20 6 17 28 23 36 0 32 33 22 25 35 7 21 57 50 14 11 27 26 54 3 2 10 18 30 52 5 55 47 31 48 42 40 44 38 39 41 49 16 9 46 53 56 15 4 34 45 1 24 51
#c 1 0 0 1 0 0 1 1 1 0 0 1 0 1 1 0 0 1 0 1 1 1 1 1 0 1 1 1 1 1 0 0 1 1 0 1 1 1 0 0 0 0 0 1 0 0 0 0 0 0 1 0 0 0 1 0 0 1
7 7 1 53 15 34 45 10 31 14 28 43 54 11 36 37
23 21 2 18 30 52 5 55 47 48 42 40 44 38 39 41 49 16 9 12 46 56 4 24 51 13 19 8 29 20 6 17 23 0 32 33 22 25 35 7 21 57 50 27 26 3
#c 1 0 0 1 0 0 1 1 1 0 0 1 0 1 1 0 0 1 0 1 1 1 1 1 0 1 1 1 1 1 0 0 1 1 0 1 1 1 0 0 0 0 0 1 0 0 0 0 0 0 1 0 0 0 1 0 0 1
#c 1 0 0 1 0 0 1 1 1 0 0 1 0 1 1 0 0 1 0 1 1 1 1 1 0 1 1 1 1 1 0 0 1 1 0 1 1 1 0 0 0 0 0 1 0 0 0 0 0 0 1 0 0 0 1 0 0 1
12 10 30 40 2 9 41 1 42 31 10 18 24 12 0 37 7 3 26 28 57 22 23 21
18 18 52 5 55 47 48 44 38 39 49 16 46 53 56 15 4 34 45 51 13 19 8 29 20 6 17 43 36 32 33 25 35 50 14 11 27 54
#c 1 0 0 1 0 0 1 1 1 0 0 1 0 1 1 0 0 1 0 1 1 1 1 1 0 1 1 1 1 1 0 0 1 1 0 1 1 1 0 0 0 0 0 1 0 0 0 0 0 0 1 0 0 0 1 0 0 1
5 5 35 23 7 57 29 15 1 30 41 39
23 25 13 19 8 37 20 6 17 43 28 36 0 32 33 22 25 21 50 14 11 27 26 54 3 2 10 18 52 5 55 47 31 48 42 40 44 38 49 16 9 12 46 53 56 4 34 45 24 51
#c 1 1 0 1 0 0 1 0 1 0 0 1 0 1 1 1 0 1 0 1 1 1 1 0 0 1 1 1 1 0 1 0 1 1 0 0 1 1 0 1 0 1 0 1 0 0 0 0 0 0 1 0 0 0 1 0 0 0
#c 1 1 0 1 0 0 1 0 1 0 0 1 0 1 1 1 0 1 0 1 1 1 1 0 0 1 1 1 1 0 1 0 1 1 0 0 1 1 0 1 0 1 0 1 0 0 0 0 0 0 1 0 0 0 1 0 0 0
8 8 3 27 14 6 13 1 25 8 44 10 2 55 4 34 5 40
20 22 19 37 20 17 43 28 36 0 32 33 22 21 50 11 26 54 15 30 41 39 18 52 47 31 48 42 38 49 16 9 12 46 53 56 45 24 51 35 23 7 57 29
#c 1 1 0 1 0 0 1 0 1 0 0 1 0 1 1 1 0 1 0 1 1 1 1 0 0 1 1 1 1 0 1 0 1 1 0 0 1 1 0 1 0 1 0 1 0 0 0 0 0 0 1 0 0 0 1 0 0 0
#c 1 1 0 1 0 0 1 0 1 0 0 1 0 1 1 1 0 1 0 1 1 1 1 0 0 1 1 1 1 0 1 0 1 1 0 0 1 1 0 1 0 1 0 1 0 0 0 0 0 0 1 0 0 0 1 0 0 0
#c 1 1 0 1 0 0 1 0 1 0 0 1 0 1 1 1 0 1 0 1 1 1 1 0 0 1 1 1 1 0 1 0 1 1 0 0 1 1 0 1 0 1 0 1 0 0 0 0 0 0 1 0 0 0 1 0 0 0
7 7 38 29 52 40 42 46 51 20 39 8 11 33 32 19
23 21 2 10 18 5 55 47 31 48 44 49 16 9 12 53 56 4 34 45 24 35 23 7 57 13 37 6 17 43 28 36 0 22 25 21 50 14 27 26 54 3 15 1 30 41
#c 1 1 0 1 0 0 1 0 1 0 0 1 0 1 1 1 0 1 0 1 1 1 1 0 0 1 1 1 1 0 1 0 1 1 0 0 1 1 0 1 0 1 0 1 0 0 0 0 0 0 1 0 0 0 1 0 0 0
3 3 54 27 21 4 23 7
25 27 13 19 8 37 20 6 17 43 28 36 0 32 33 22 25 50 14 11 26 3 15 1 30 41 39 2 10 18 52 5 55 47 31 48 42 40 44 38 49 16 9 12 46 53 56 34 45 24 51 35 57 29
#c 1 1 0 1 0 0 1 0 1 0 0 1 0 1 1 1 0 1 0 1 1 1 1 0 0 1 1 1 1 0 1 0 1 1 0 0 1 1 0 1 0 1 0 1 0 0 0 0 0 0 1 0 0 0 1 0 0 0
10 10 53 5 16 48 42 46 45 40 55 9 33 6 28 17 15 32 54 50 39 26
20 18 2 10 18 52 47 31 44 38 49 12 56 4 34 24 51 35 23 7 57 29 13 19 8 37 20 43 36 0 22 25 21 14 11 27 3 1 30 41
#c 1 1 0 1 0 0 1 0 1 0 0 1 0 1 1 1 0 1 0 1 1 1 1 0 0 1 1 1 1 0 1 0 1 1 0 0 1 1 0 1 0 1 0 1 0 0 0 0 0 0 1 0 0 0 1 0 0 0
#c 1 1 0 1 0 0 1 0 1 0 0 1 0 1 1 1 0 1 0 1 1 1 1 0 0 1 1 1 1 0 1 0 1 1 0 0 1 1 0 1 0 1 0 1 0 0 0 0 0 0 1 0 0 0 1 0 0 0
#c 1 1 0 1 0 0 1 0 1 0 0 1 0 1 1 1 0 1 0 1 1 1 1 0 0 1 1 1 1 0 1 0 1 1 0 0 1 1 0 1 0 1 0 1 0 0 0 0 0 0 1 0 0 0 1 0 0 0
#c 1 1 0 1 0 0 1 0 1 0 0 1 0 1 1 1 0 1 0 1 1 1 1 0 0 1 1 1 1 0 1 0 1 1 0 0 1 1 0 1 0 1 0 1 0 0 0 0 0 0 1 0 0 0 1 0 0 0
4 4 12 23 34 48 26 20 30 54
26 24 2 10 18 52 5 55 47 31 42 40 44 38 49 16 9 46 53 56 4 45 24 51 35 7 57 29 13 19 8 37 6 17 43 28 36 0 32 33 22 25 21 50 14 11 27 3 15 1 41 39
#c 1 1 0 1 0 0 1 0 1 0 0 1 0 1 1 1 0 1 0 1 1 1 1 0 0 1 1 1 1 0 1 0 1 1 0 0 1 1 0 1 0 1 0 1 0 0 0 0 0 0 1 0 0 0 1 0 0 0
2 2 3 19 16 31
26 28 13 8 37 20 6 17 43 28 36 0 32 33 22 25 21 50 14 11 27 26 54 15 1 30 41 39 2 10 18 52 5 55 47 48 42 40 44 38 49 9 12 46 53 56 4 34 45 24 51 35 23 7 57 29
#c 1 1 0 1 0 0 1 0 1 0 0 1 0 1 1 1 0 1 0 1 1 1 1 0 0 1 1 1 1 0 1 0 1 1 0 0 1 1 0 1 0 1 0 1 0 0 0 0 0 0 1 0 0 0 1 0 0 0
#c 1 1 0 1 0 0 1 0 1 0 0 1 0 1 1 1 0 1 0 1 1 1 1 0 0 1 1 1 1 0 1 0 1 1 0 0 1 1 0 1 0 1 0 1 0 0 0 0 0 0 1 0 0 0 1 0 0 0
11 11 36 11 54 27 25 39 1 37 13 32 43 29 2 5 45 46 55 44 16 48 10 42
17 19 19 8 20 6 17 28 0 33 22 21 50 14 26 3 15 30 41 18 52 47 31 40 38 49 9 12 53 56 4 34 24 51 35 23 7 57
#c 1 1 0 1 0 0 1 0 1 0 0 1 0 1 1 1 0 1 0 1 1 1 1 0 0 1 1 1 1 0 1 0 1 1 0 0 1 1 0 1 0 1 0 1 0 0 0 0 0 0 1 0 0 0 1 0 0 0
15 16 44 56 46 18 23 57 2 38 47 12 16 4 40 48 42 0 32 14 26 41 21 28 13 8 54 19 43 27 39 30 17
15 12 10 52 5 55 31 49 9 53 34 45 24 51 35 7 29 37 20 6 36 33 22 25 50 11 3 15 1
#c 1 1 0 1 0 0 1 0 1 0 0 1 0 1 1 1 0 1 0 1 1 1 1 0 0 1 1 1 1 0 1 0 1 1 0 0 1 1 0 1 0 1 0 1 0 0 0 0 0 0 1 0 0 0 1 0 0 0
#c 1 1 0 1 0 0 1 0 1 0 0 1 0 1 1 1 0 1 0 1 1 1 1 0 0 1 1 1 1 0 1 0 1 1 0 0 1 1 0 1 0 1 0 1 0 0 0 0 0 0 1 0 0 0 1 0 0 0
#c 1 1 0 1 0 0 1 0 1 0 0 1 0 1 1 1 0 1 0 1 1 1 1 0 0 1 1 1 1 0 1 0 1 1 0 0 1 1 0 1 0 1 0 1 0 0 0 0 0 0 1 0 0 0 1 0 0 0
13 12 43 0 19 20 54 33 13 50 28 27 17 8 14 23 34 7 51 40 48 12 38 49 47 16 18
15 18 37 6 36 32 22 25 21 11 26 3 15 1 30 41 39 2 10 52 5 55 31 42 44 9 46 53 56 4 45 24 35 57 29
#c 1 1 0 1 0 0 1 0 1 0 0 1 0 1 1 1 0 1 0 1 1 1 1 0 0 1 1 1 1 0 1 0 1 1 0 0 1 1 0 1 0 1 0 1 0 0 0 0 0 0 1 0 0 0 1 0 0 0
#c 1 1 0 1 0 0 1 0 1 0 0 1 0 1 1 1 0 1 0 1 1 1 1 0 0 1 1 1 1 0 1 0 1 1 0 0 1 1 0 1 0 1 0 1 0 0 0 0 0 0 1 0 0 0 1 0 0 0
#c 1 1 0 1 0 0 1 0 1 0 0 1 0 1 1 1 0 1 0 1 1 1 1 0 0 1 1 1 1 0 1 0 1 1 0 0 1 1 0 1 0 1 0 1 0 0 0 0 0 0 1 0 0 0 1 0 0 0
#c 1 1 0 1 0 0 1 0 1 0 0 1 0 1 1 1 0 1 0 1 1 1 1 0 0 1 1 1 1 0 1 0 1 1 0 0 1 1 0 1 0 1 0 1 0 0 0 0 0 0 1 0 0 0 1 0 0 0
#c 1 1 0 1 0 0 1 0 1 0 0 1 0 1 1 1 0 1 0 1 1 1 1 0 0 1 1 1 1 0 1 0 1 1 0 0 1 1 0 1 0 1 0 1 0 0 0 0 0 0 1 0 0 0 1 0 0 0
3 3 9 52 53 28 33 13
27 25 2 10 18 5 55 47 31 48 42 40 44 38 49 16 12 46 56 4 34 45 24 51 35 23 7 57 29 19 8 37 20 6 17 43 36 0 32 22 25 21 50 14 11 27 26 54 3 15 1 30 41 39
#c 1 1 0 1 0 0 1 0 1 0 0 1 0 1 1 1 0 1 0 1 1 1 1 0 0 1 1 1 1 0 1 0 1 1 0 0 1 1 0 1 0 1 0 1 0 0 0 0 0 0 1 0 0 0 1 0 0 0
#c 1 1 0 1 0 0 1 0 1 0 0 1 0 1 1 1 0 1 0 1 1 1 1 0 0 1 1 1 1 0 1 0 1 1 0 0 1 1 0 1 0 1 0 1 0 0 0 0 0 0 1 0 0 0 1 0 0 0
#c 1 1 0 1 0 0 1 0 1 0 0 1 0 1 1 1 0 1 0 1 1 1 1 0 0 1 1 1 1 0 1 0 1 1 0 0 1 1 0 1 0 1 0 1 0 0 0 0 0 0 1 0 0 0 1 0 0 0
#c 1 1 0 1 0 0 1 0 1 0 0 1 0 1 1 1 0 1 0 1 1 1 1 0 0 1 1 1 1 0 1 0 1 1 0 0 1 1 0 1 0 1 0 1 0 0 0 0 0 0 1 0 0 0 1 0 0 0
9 10 16 47 46 23 12 42 29 34 18 22 11 41 13 50 21 33 3 25 15
21 18 2 10 52 5 55 31 48 40 44 38 49 9 53 56 4 45 24 51 35 7 57 19 8 37 20 6 17 43 28 36 0 32 14 27 26 54 1 30 39
#c 1 1 0 1 0 0 1 0 1 0 0 1 0 1 1 1 0 1 0 1 1 1 1 0 0 1 1 1 1 0 1 0 1 1 0 0 1 1 0 1 0 1 0 1 0 0 0 0 0 0 1 0 0 0 1 0 0 0
#c 1 1 0 1 0 0 1 0 1 0 0 1 0 1 1 1 0 1 0 1 1 1 1 0 0 1 1 1 1 0 1 0 1 1 0 0 1 1 0 1 0 1 0 1 0 0 0 0 0 0 1 0 0 0 1 0 0 0
#c 1 1 0 1 0 0 1 0 1 0 0 1 0 1 1 1 0 1 0 1 1 1 1 0 0 1 1 1 1 0 1 0 1 1 0 0 1 1 0 1 0 1 0 1 0 0 0 0 0 0 1 0 0 0 1 0 0 0
#c 1 1 0 1 0 0 1 0 1 0 0 1 0 1 1 1 0 1 0 1 1 1 1 0 0 1 1 1 1 0 1 0 1 1 0 0 1 1 0 1 0 1 0 1 0 0 0 0 0 0 1 0 0 0 1 0 0 0
7 7 5 56 31 55 23 2 7 30 26 32 20 3 13 54
23 21 10 18 52 47 48 42 40 44 38 49 16 9 12 46 53 4 34 45 24 51 35 57 29 19 8 37 6 17 43 28 36 0 33 22 25 21 50 14 11 27 15 1 41 39
#c 1 1 0 1 0 0 1 0 1 0 0 1 0 1 1 1 0 1 0 1 1 1 1 0 0 1 1 1 1 0 1 0 1 1 0 0 1 1 0 1 0 1 0 1 0 0 0 0 0 0 1 0 0 0 1 0 0 0
#c 1 1 0 1 0 0 1 0 1 0 0 1 0 1 1 1 0 1 0 1 1 1 1 0 0 1 1 1 1 0 1 0 1 1 0 0 1 1 0 1 0 1 0 1 0 0 0 0 0 0 1 0 0 0 1 0 0 0
8 8 52 31 24 2 16 38 5 42 14 33 25 15 1 11 8 37
22 20 10 18 55 47 48 40 44 49 9 12 46 53 56 4 34 45 51 35 23 7 57 29 13 19 20 6 17 43 28 36 0 32 22 21 50 27 26 54 3 30 41 39
#c 1 1 0 1 0 0 1 0 1 0 0 1 0 1 1 1 0 1 0 1 1 1 1 0 0 1 1 1 1 0 1 0 1 1 0 0 1 1 0 1 0 1 0 1 0 0 0 0 0 0 1 0 0 0 1 0 0 0
#c 1 1 0 1 0 0 1 0 1 0 0 1 0 1 1 1 0 1 0 1 1 1 1 0 0 1 1 1 1 0 1 0 1 1 0 0 1 1 0 1 0 1 0 1 0 0 0 0 0 0 1 0 0 0 1 0 0 0
12 12 46 16 29 55 48 52 2 23 31 44 45 24 27 15 17 32 30 11 43 26 20 28 36 33
18 16 10 18 5 47 42 40 38 49 9 12 53 56 4 34 51 35 7 57 13 19 8 37 6 0 22 25 21 50 14 54 3 1 41 39
#c 1 1 0 1 0 0 1 0 1 0 0 1 0 1 1 1 0 1 0 1 1 1 1 0 0 1 1 1 1 0 1 0 1 1 0 0 1 1 0 1 0 1 0 1 0 0 0 0 0 0 1 0 0 0 1 0 0 0
12 12 6 20 21 26 36 8 32 43 19 11 37 17 52 7 16 23 18 47 49 10 57 4 44 24
16 18 13 28 0 33 22 25 50 14 27 54 3 15 1 30 41 39 2 5 55 31 48 42 40 38 9 12 46 53 56 34 45 51 35 29
#c 1 1 0 1 0 0 1 0 1 0 0 1 0 1 1 1 0 1 0 1 1 1 1 0 0 1 1 1 1 0 1 0 1 1 0 0 1 1 0 1 0 1 0 1 0 0 0 0 0 0 1 0 0 0 1 0 0 0
5 5 51 18 46 38 10 15 3 54 1 37
1 1 0 1 0 0 1 0 1 0 0 1 0 1 1 1 0 1 0 1 1 1 1 0 0 1 1 1 1 0 1 0 1 1 0 0 1 1 0 1 0 1 0 1 0 0 0 0 0 0 1 0 0 0 1 0 0 0
