#c 0 1 2 3 4 0 1 2 3 4 0 1 2 3 4 0 1 2 3 4 0 1 2 3 4 0 1 2 3 4
2 2 21 16 2 12
4 4 1 6 11 26 7 17 22 27
#c 0 1 1 3 4 0 1 2 3 4 0 1 1 3 4 0 2 2 3 4 0 2 2 3 4 0 1 2 3 4
1 1 21 10
5 5 7 17 22 27 16 0 5 15 20 25
#c 0 1 1 3 4 0 1 2 3 4 0 1 1 3 4 0 2 2 3 4 0 2 2 3 4 0 1 2 3 4
2 2 8 3 17 7
4 4 13 18 23 28 22 27 21 16
#c 0 1 1 2 4 0 1 3 2 4 0 1 1 3 4 0 2 3 3 4 0 2 2 3 4 0 1 2 3 4
#c 0 1 1 2 4 0 1 3 2 4 0 1 1 3 4 0 2 3 3 4 0 2 2 3 4 0 1 2 3 4
3 3 5 0 10 18 13 17
3 3 15 20 25 23 28 7
#c 3 1 1 2 4 3 1 3 2 4 3 1 1 0 4 0 2 0 0 4 0 2 2 3 4 0 1 2 3 4
2 3 6 12 25 13 17
4 3 1 11 26 2 15 20 18
#c 3 1 1 2 4 3 1 3 2 4 3 1 1 0 4 0 2 0 0 4 0 2 2 3 4 0 1 2 3 4
2 3 8 27 20 15 13
4 3 22 21 16 3 25 18 17
#c 3 1 1 2 4 3 1 3 0 4 3 1 1 2 4 2 2 0 0 4 2 2 2 3 4 0 1 0 3 4
1 1 7 29
5 5 23 28 5 0 10 4 9 14 19 24
#c 3 1 1 2 4 3 1 3 0 4 3 1 1 2 4 2 2 0 0 4 2 2 2 3 4 0 1 0 3 4
3 3 24 29 14 18 17 27
3 2 4 9 19 25 8
#c 3 1 1 2 4 3 1 3 0 4 3 1 1 2 4 2 2 0 0 4 2 2 2 3 4 0 1 0 3 4
2 2 25 8 20 15
3 5 18 17 27 22 21 16 3 13
#c 3 1 1 2 4 3 1 3 0 4 3 1 1 2 4 2 2 0 0 4 2 2 2 3 4 0 1 0 3 4
3 3 26 12 6 14 24 19
3 3 1 11 2 4 9 29
#c 3 1 1 2 4 3 4 3 0 4 3 1 4 2 1 2 2 0 0 1 2 2 2 3 1 0 4 0 3 4
2 2 22 16 25 18
5 3 21 3 20 15 13 17 8 27
#c 3 1 1 2 4 3 4 3 0 4 3 1 4 2 1 2 2 0 0 1 2 2 2 3 1 0 4 0 3 4
#c 3 1 1 2 4 3 4 3 0 4 3 1 4 2 1 2 2 0 0 1 2 2 2 3 1 0 4 0 3 4
1 1 6 3
5 6 4 9 29 26 12 22 21 16 20 15 13
#c 3 1 1 2 4 3 4 3 0 4 3 1 4 2 1 2 2 0 0 1 2 2 2 3 1 0 4 0 3 4
#c 3 1 1 2 4 3 4 3 0 4 3 1 4 2 1 2 2 0 0 1 2 2 2 3 1 0 4 0 3 4
3 3 1 24 2 28 7 5
3 3 11 14 19 23 0 10
#c 3 1 1 2 4 3 4 3 0 4 3 1 4 2 1 2 2 0 0 1 2 2 2 3 1 0 4 0 3 4
#c 3 1 1 2 4 3 4 3 0 4 3 1 4 2 1 2 2 0 0 1 2 2 2 3 1 0 4 0 3 4
#c 3 1 1 2 4 3 4 3 0 4 3 1 4 2 1 2 2 0 0 1 2 2 2 3 1 0 4 0 3 4
1 1 6 21
5 6 4 9 29 26 12 22 16 3 20 15 13
#c 3 1 1 2 4 3 4 3 0 4 3 1 4 2 1 2 2 0 0 1 2 2 2 3 1 0 4 0 3 4
1 1 8 9
4 5 25 18 17 27 4 29 26 12 6
#c 3 1 1 2 4 3 4 3 0 4 3 1 4 2 1 2 2 0 0 1 2 2 2 3 1 0 4 0 3 4
2 3 19 2 21 16 20
4 4 1 11 14 24 22 3 15 13
#c 3 1 1 2 4 3 4 3 0 4 3 1 4 2 1 2 2 0 0 1 2 2 2 3 1 0 4 0 3 4
2 2 20 13 25 27
5 3 22 21 16 3 15 18 17 8
#c 3 1 1 2 4 3 4 3 0 4 3 1 4 2 1 2 2 0 0 1 2 2 2 3 1 0 4 0 3 4
3 3 7 23 5 22 13 16
3 4 28 0 10 21 3 20 15
#c 3 1 1 2 4 3 4 3 0 4 3 1 4 2 1 2 2 0 0 1 2 2 2 3 1 0 4 0 3 4
3 3 9 4 29 18 27 17
3 2 26 12 6 25 8
#c 3 1 1 2 4 3 4 3 0 4 3 1 4 2 1 2 2 0 0 1 2 2 2 3 1 0 4 0 3 4
#c 3 1 1 2 4 3 4 3 0 4 3 1 4 2 1 2 2 0 0 1 2 2 2 3 1 0 4 0 3 4
2 2 1 24 8 18
4 3 11 2 14 19 25 17 27
#c 3 1 1 2 4 3 4 3 0 4 3 1 4 2 1 2 2 0 0 1 2 2 2 3 1 0 4 0 3 4
3 2 13 15 20 29 12
4 4 22 21 16 3 4 9 26 6
#c 3 1 1 2 4 3 4 3 0 4 3 1 4 2 1 2 2 0 0 1 2 2 2 3 1 0 4 0 3 4
3 4 7 0 5 18 25 8 17
3 1 23 28 10 27
#c 3 1 1 2 4 3 4 3 0 4 3 1 4 2 1 2 2 0 0 1 2 2 2 3 1 0 4 0 3 4
2 1 9 4 25
4 4 29 26 12 6 18 17 8 27
#c 3 1 1 2 0 3 4 3 0 0 3 1 4 2 1 2 2 0 0 1 2 2 2 3 1 4 4 0 3 4
2 1 17 18 14
4 5 8 27 9 4 1 11 2 24 19
#c 3 1 1 2 0 3 4 3 0 0 3 1 4 2 1 2 2 0 0 1 2 2 2 3 1 4 4 0 3 4
2 3 2 1 16 3 13
4 4 11 14 24 19 22 21 20 15
#c 3 1 1 2 0 3 4 3 0 0 3 1 4 2 1 2 2 0 0 1 2 2 2 3 1 4 4 0 3 4
2 2 22 13 9 27
5 4 21 16 3 20 15 18 17 8 4
#c 3 1 1 2 0 3 4 3 0 0 3 1 4 2 1 2 2 0 0 1 2 2 2 3 1 4 4 0 3 4
#c 3 1 1 2 0 3 4 3 0 0 3 1 4 2 1 2 2 0 0 1 2 2 2 3 1 4 4 0 3 4
1 1 29 9
4 5 26 12 6 25 18 17 8 27 4
#c 3 1 1 2 0 3 4 3 0 4 3 1 4 2 1 2 2 0 0 1 2 2 2 3 1 4 4 0 3 0
3 3 8 18 27 26 6 25
3 2 17 4 29 12 9
#c 3 1 1 2 0 3 4 3 0 4 3 1 4 2 1 2 2 0 0 1 2 2 2 3 1 4 4 0 3 0
3 3 24 11 2 12 25 6
3 2 1 14 19 26 9
#c 3 1 1 2 0 3 4 3 0 4 3 1 4 2 1 2 2 0 0 1 2 2 2 3 1 4 4 0 3 0
1 1 3 9
6 4 22 21 16 20 15 13 26 12 6 25
#c 3 1 1 2 0 3 4 3 0 4 3 1 4 2 1 2 2 0 0 1 2 2 2 3 1 4 4 0 3 0
1 1 23 12
5 4 28 7 5 0 10 26 6 25 9
#c 3 1 1 2 0 3 4 3 0 4 3 1 4 2 1 2 2 0 0 1 2 2 2 3 1 4 4 0 3 0
2 4 6 26 24 19 2 1
3 2 12 25 9 11 14
#c 3 1 1 2 0 3 4 3 0 4 3 1 4 2 1 2 2 0 0 1 2 2 2 3 1 4 4 0 3 0
2 2 18 29 23 0
4 4 17 8 27 4 28 7 5 10
#c 0 1 1 2 0 3 4 3 0 4 3 1 4 2 1 2 2 0 3 1 2 2 2 0 1 4 4 0 3 3
3 3 14 1 24 3 21 20
3 4 11 2 19 22 16 15 13
#c 0 1 1 2 0 3 4 3 0 4 3 1 4 2 1 2 2 0 3 1 2 2 2 0 1 4 4 0 3 3
2 2 20 15 6 12
5 3 22 21 16 3 13 26 25 9
#c 0 1 1 2 0 3 4 3 0 4 3 1 4 2 1 2 2 0 3 1 2 2 2 0 1 4 4 0 3 3
1 1 28 8
5 5 7 5 10 18 29 17 27 4 23 0
#c 0 1 1 2 0 3 4 3 0 4 3 1 4 2 1 2 2 0 3 1 2 2 2 0 1 4 4 0 3 3
1 1 25 14
4 5 26 12 6 9 1 11 2 24 19
#c 0 1 1 2 0 3 4 3 0 4 3 1 4 2 1 2 2 0 3 1 2 2 2 0 1 4 4 0 3 3
3 3 0 4 8 28 18 7
3 3 17 27 23 5 10 29
#c 0 1 1 2 0 3 4 3 0 4 3 1 4 2 1 2 2 0 3 1 2 2 2 0 1 4 4 0 3 3
3 3 14 24 11 17 4 23
3 3 1 2 19 8 27 0
#c 0 1 1 2 0 3 4 3 0 4 3 1 4 2 1 2 2 0 3 1 2 2 2 0 1 4 4 0 3 3
2 2 13 16 7 29
5 4 22 21 3 20 15 28 5 10 18
#c 0 1 1 2 0 3 4 3 0 4 3 1 4 2 1 2 2 0 3 1 2 2 2 0 1 4 4 0 3 3
2 2 29 18 16 3
4 5 28 7 5 10 22 21 20 15 13
#c 0 1 1 2 0 3 4 3 0 4 3 1 4 2 1 2 2 0 3 1 2 2 2 0 1 4 4 0 3 3
2 2 12 25 19 14
3 4 26 6 9 1 11 2 24
#c 0 1 1 2 0 3 4 3 0 4 3 1 1 2 4 2 2 0 3 4 2 2 2 0 1 1 4 0 3 3
3 3 4 23 0 1 25 11
3 3 17 8 27 2 24 12
#c 0 1 1 2 0 3 4 3 0 4 3 1 1 2 4 2 2 0 3 4 2 2 2 0 1 1 4 0 3 3
#c 0 1 1 2 0 3 4 3 0 4 3 1 1 2 4 2 2 0 3 4 2 2 2 0 1 1 4 0 3 3
3 3 22 15 20 23 8 27
4 3 21 16 3 13 17 4 0
#c 0 1 1 2 0 3 4 3 0 4 3 1 1 2 4 2 2 0 3 4 2 2 2 0 1 1 4 0 3 3
1 1 18 26
5 4 28 7 5 10 29 6 9 19 14
#c 0 1 1 2 0 3 4 3 0 4 3 1 1 2 4 2 2 0 3 4 2 2 2 0 1 1 4 0 3 3
1 1 26 3
4 6 6 9 19 14 22 21 16 20 15 13
#c 0 1 1 2 0 3 4 3 0 4 3 1 1 2 4 2 2 0 3 4 2 2 2 0 1 1 4 0 3 3
2 2 27 8 29 5
4 4 17 4 23 0 28 7 10 18
#c 0 1 1 2 0 3 4 3 0 4 3 1 1 2 4 2 2 0 3 4 2 2 2 0 1 1 4 0 3 3
2 2 11 2 8 27
4 4 1 24 12 25 17 4 23 0
#c 0 1 1 2 0 3 4 3 0 4 3 1 1 2 4 2 2 0 3 4 2 2 2 0 1 1 4 0 3 3
2 4 3 21 18 7 28 29
5 2 22 16 20 15 13 5 10
#c 0 1 1 2 0 3 4 3 0 4 3 1 1 2 4 2 2 0 3 4 2 2 2 0 1 1 4 0 3 3
2 2 5 10 11 2
4 4 28 7 18 29 1 24 12 25
#c 0 1 3 2 0 1 4 3 0 4 1 3 1 2 4 2 2 0 3 4 2 2 2 0 1 1 4 0 3 3
1 1 6 29
4 5 26 9 19 14 28 7 18 11 2
#c 0 1 3 2 0 1 4 3 0 4 1 3 1 2 4 2 2 0 3 4 2 2 2 0 1 1 4 0 3 3
2 2 27 17 12 1
4 4 8 4 23 0 24 25 5 10
#c 0 1 3 2 0 1 4 3 0 4 1 3 1 2 4 2 2 0 3 4 2 2 2 0 1 1 4 0 3 3
#c 0 1 3 2 0 1 4 3 0 4 1 3 1 2 4 2 2 0 3 4 2 2 2 0 1 1 4 0 3 3
2 1 15 20 14
5 4 22 21 16 3 13 26 6 9 19
#c 0 1 3 2 0 1 4 3 0 4 1 3 1 2 4 2 2 0 3 4 2 2 2 0 1 1 4 0 3 3
2 3 7 28 0 23 8
4 3 18 29 11 2 17 27 4
#c 0 1 3 2 0 1 4 3 0 4 1 3 1 2 4 2 2 0 3 4 2 2 2 0 1 1 4 0 3 3
1 1 14 23
4 5 26 6 9 19 17 8 27 4 0
#c 0 1 3 2 0 1 4 3 0 4 1 3 1 2 4 2 2 0 3 4 2 2 2 0 1 1 4 0 3 3
#c 0 1 3 2 0 1 4 3 0 4 1 3 1 2 4 2 2 0 3 4 2 2 2 0 1 1 4 0 3 3
1 1 5 28
5 5 1 24 12 25 10 7 18 29 11 2
#c 0 1 3 2 0 1 4 3 0 4 1 3 1 2 4 2 2 0 3 4 2 2 2 0 1 1 4 0 3 3
2 3 20 22 11 18 29
5 3 21 16 3 15 13 28 7 2
#c 0 1 3 2 0 1 4 3 0 4 1 3 1 2 4 2 2 0 3 4 2 2 2 0 1 1 4 0 3 3
1 1 7 19
5 4 28 18 29 11 2 26 6 9 14
#c 0 1 3 2 0 1 4 3 0 4 1 3 1 2 4 2 2 0 3 4 2 2 2 0 1 1 4 0 3 3
1 1 9 4
4 5 26 6 19 14 17 8 27 23 0
#c 0 1 3 2 0 1 4 3 0 4 1 3 1 2 4 2 2 0 3 4 2 2 2 0 1 1 4 0 3 3
#c 0 1 3 2 0 1 4 3 0 4 1 3 1 2 4 2 2 0 3 4 2 2 2 0 1 1 4 0 3 3
3 2 10 24 5 19 9
3 3 1 12 25 26 6 14
#c 0 1 3 2 0 1 4 3 0 4 1 3 1 2 4 2 2 0 3 4 2 2 2 0 1 1 4 0 3 3
1 1 15 26
6 4 22 21 16 3 20 13 6 9 19 14
#c 0 1 3 2 0 1 4 3 0 4 1 3 1 2 4 4 2 0 3 4 2 2 2 0 1 1 2 0 3 3
3 3 2 29 7 24 12 10
3 3 28 18 11 1 25 5
#c 0 1 3 2 0 1 4 3 0 4 1 3 1 2 4 4 2 0 3 4 2 2 2 0 1 1 2 0 3 3
2 2 15 14 8 23
3 4 6 9 19 17 27 4 0
#c 0 1 3 2 0 1 4 3 0 4 1 3 1 2 4 4 2 0 3 4 2 2 2 0 1 1 2 0 3 3
1 1 8 21
5 6 17 27 4 23 0 22 16 3 20 13 26
#c 0 1 3 2 0 1 4 3 0 4 1 3 1 2 4 4 2 0 3 4 2 2 2 0 1 1 2 0 3 3
#c 0 1 3 2 0 1 4 3 0 4 1 3 1 2 4 4 2 0 3 4 2 2 2 0 1 1 2 0 3 3
#c 0 1 3 2 0 1 4 3 0 4 1 3 1 2 4 4 2 0 3 4 2 2 2 0 1 1 2 0 3 3
1 1 2 17
5 5 28 7 18 29 11 8 27 4 23 0
#c 0 1 3 2 0 1 4 3 0 4 1 3 1 2 4 4 2 0 3 4 2 2 2 0 1 1 2 0 3 3
2 2 19 15 13 3
3 5 6 9 14 22 21 16 20 26
#c 0 1 3 2 0 1 4 3 0 4 1 3 1 2 4 4 2 0 3 4 2 2 2 0 1 1 2 0 3 3
3 1 0 8 27 12
3 5 17 4 23 1 24 25 5 10
#c 0 1 3 2 0 1 4 3 0 4 1 3 1 2 4 4 2 0 3 4 2 2 2 0 1 1 2 0 3 3
#c 0 1 3 2 0 1 4 3 0 4 1 3 1 2 4 4 2 0 3 4 2 2 2 0 1 1 2 0 3 3
#c 0 1 3 2 0 1 4 3 0 4 1 3 1 2 4 4 2 0 3 4 2 2 2 0 1 1 2 0 3 3
#c 0 1 3 2 0 1 4 3 0 4 1 3 1 2 4 4 2 0 3 4 2 2 2 0 1 1 2 0 3 3
2 2 15 6 27 23
3 4 9 19 14 17 8 4 0
#c 0 1 3 2 0 1 4 3 0 4 1 3 1 2 4 4 2 0 3 4 2 2 2 0 1 1 2 0 3 3
1 1 17 6
5 4 8 27 4 23 0 9 19 14 15
#c 0 1 3 2 0 1 0 3 0 4 1 3 1 2 4 4 2 4 3 4 2 2 2 0 1 1 2 0 3 3
1 2 24 2 18
5 4 1 12 25 5 10 28 7 29 11
#c 0 1 3 2 0 1 0 3 0 4 1 3 1 2 4 4 2 4 3 4 2 2 2 0 1 1 2 0 3 3
3 3 26 3 22 9 15 17
4 2 21 16 20 13 19 14
#c 0 1 3 2 0 1 0 3 0 4 1 3 1 2 4 4 2 4 3 4 2 2 2 0 1 1 2 0 3 3
3 3 29 11 18 23 6 8
3 3 28 7 2 27 4 0
#c 0 1 3 2 0 1 0 3 0 4 1 3 1 2 4 4 2 4 3 4 2 2 2 0 1 1 2 0 3 3
1 1 17 26
4 6 9 19 14 15 22 21 16 3 20 13
#c 0 1 3 2 0 1 0 3 0 4 1 3 1 2 4 4 2 4 3 4 2 2 2 0 1 1 2 0 3 3
1 1 4 13
5 6 8 27 23 0 6 22 21 16 3 20 26
#c 0 1 3 2 2 1 0 3 0 4 1 3 1 0 4 4 2 4 3 4 2 2 2 0 1 1 2 0 3 3
1 1 24 14
5 4 1 12 25 5 10 9 19 15 17
#c 0 1 3 2 2 1 0 3 0 4 1 3 1 0 4 4 2 4 3 4 2 2 2 0 1 1 2 0 3 3
3 5 26 21 3 18 28 29 7 2
4 1 22 16 20 4 11
#c 0 1 3 2 2 1 0 3 0 4 1 3 1 0 4 4 2 4 3 4 2 2 2 0 1 1 2 0 3 3
2 2 11 2 14 15
4 3 28 7 18 29 9 19 17
#c 0 1 4 2 2 1 0 3 0 4 1 4 1 0 3 3 2 4 3 4 2 2 2 0 1 1 2 0 3 3
#c 0 1 4 2 2 1 0 3 0 4 1 4 1 0 3 3 2 4 3 4 2 2 2 0 1 1 2 0 3 3
#c 0 1 4 2 2 1 0 3 0 4 1 4 1 0 3 3 2 4 3 4 2 2 2 0 1 1 2 0 3 3
1 1 24 22
5 6 1 12 25 5 10 21 16 3 20 26 4
#c 0 1 4 2 2 1 0 3 0 4 1 4 1 0 3 3 2 4 3 4 2 2 1 0 2 1 2 0 3 3
#c 0 1 4 2 2 1 0 3 0 4 1 4 1 0 3 3 2 4 3 4 2 2 1 0 2 1 2 0 3 3
3 2 14 29 28 20 3
3 5 7 18 15 21 16 26 4 24
#c 0 1 4 3 2 1 0 3 0 4 1 4 1 0 2 3 2 4 3 4 3 2 1 0 2 1 2 0 2 2
1 1 11 21
4 7 9 19 17 2 16 26 4 24 14 29 28
#c 0 1 4 3 2 1 0 3 0 4 1 4 1 0 2 3 2 4 3 4 3 2 1 0 2 1 2 0 2 2
1 1 23 5
5 5 8 27 0 6 13 1 12 25 10 22
#c 0 1 4 3 2 1 0 3 0 4 1 4 1 0 2 3 2 4 3 4 3 2 1 0 2 1 2 0 2 2
2 1 22 10 6
4 5 1 12 25 5 8 27 23 0 13
#c 0 1 4 3 2 1 0 3 0 4 1 4 1 0 2 3 2 4 3 4 3 2 1 0 2 1 2 0 2 2
#c 0 1 4 3 2 1 0 3 0 4 1 4 1 0 2 3 2 4 3 4 3 2 1 0 2 1 2 0 2 2
2 2 18 3 23 6
3 4 7 15 20 8 27 0 13
#c 0 1 4 3 2 1 0 3 0 4 1 4 1 0 2 3 2 4 3 4 3 2 1 0 2 1 2 0 2 2
1 1 17 22
4 5 9 19 11 2 1 12 25 5 10
#c 0 1 4 3 2 1 0 3 0 4 1 4 1 0 2 3 2 4 3 4 3 2 1 0 2 1 2 0 2 2
3 3 8 13 23 29 4 16
3 5 27 0 6 21 26 24 14 28
#c 0 1 4 3 2 1 0 3 0 4 1 4 1 0 2 3 2 4 3 4 3 2 1 0 2 1 2 0 2 2
#c 0 1 4 3 2 1 0 3 0 4 1 4 1 0 2 3 2 4 3 4 3 2 1 0 2 1 2 0 2 2
4 4 28 4 29 26 11 9 19 17
4 1 21 16 24 14 2
#c 0 1 4 3 2 1 0 3 0 4 1 4 1 0 2 3 2 4 3 4 3 2 1 0 2 1 2 0 2 2
#c 0 1 4 3 2 1 0 3 0 4 1 4 1 0 2 3 2 4 3 4 3 2 1 0 2 1 2 0 2 2
1 1 19 13
4 5 9 17 11 2 8 27 23 0 6
#c 0 1 4 3 2 1 0 3 0 4 1 4 1 0 2 3 2 4 3 4 3 2 1 0 2 1 2 0 2 2
#c 0 1 4 3 2 1 0 3 0 4 1 4 1 0 2 3 2 4 3 4 3 2 1 0 2 1 2 0 2 2
1 1 1 3
5 4 12 25 5 10 22 7 18 15 20
#c 0 1 4 3 2 1 0 3 0 4 1 4 1 0 2 3 2 4 3 4 3 2 1 0 2 1 2 0 2 2
2 2 24 29 0 23
6 4 21 16 26 4 14 28 8 27 6 13
#c 0 1 4 3 2 1 0 3 0 4 1 4 1 0 2 3 2 4 3 4 3 2 1 0 2 1 2 0 2 2
2 2 15 18 6 0
3 4 7 20 3 8 27 23 13
#c 0 1 4 3 2 1 0 3 0 4 1 4 1 0 2 3 2 4 3 4 3 2 1 0 2 1 2 0 2 2
#c 0 1 4 3 2 1 0 3 0 4 1 4 1 0 2 3 2 4 3 4 3 2 1 0 2 1 2 0 2 2
1 1 0 7
5 4 8 27 23 6 13 18 15 20 3
#c 0 1 4 3 2 1 0 3 0 4 1 4 1 0 2 3 2 4 3 4 3 2 1 0 2 1 2 0 2 2
1 1 5 26
5 7 1 12 25 10 22 21 16 4 24 14 29 28
#c 0 1 4 3 2 1 0 3 0 4 1 4 1 0 2 3 2 4 3 4 3 2 1 0 2 1 2 0 2 2
3 4 21 14 4 7 20 3 15
5 1 16 26 24 29 28 18
#c 0 1 4 3 2 1 0 3 0 4 1 4 1 0 2 3 2 4 3 4 3 2 1 0 2 1 2 0 2 2
#c 0 1 4 3 2 1 0 3 0 4 1 4 1 0 2 3 2 4 3 4 3 2 1 0 2 1 2 0 2 2
#c 0 1 4 3 2 1 0 3 0 4 1 4 1 0 2 3 2 4 3 4 3 2 1 0 2 1 2 0 2 2
2 1 6 27 12
4 5 8 23 0 13 1 25 5 10 22
#c 0 1 4 3 2 1 0 3 0 4 1 4 1 0 2 3 2 4 3 4 3 2 1 0 2 1 2 0 2 2
2 2 1 12 6 23
4 4 25 5 10 22 8 27 0 13
#c 0 1 4 3 2 1 0 3 0 4 1 4 1 0 2 3 2 4 3 4 3 2 1 0 2 1 2 0 2 2
2 2 16 29 6 0
6 4 21 26 4 24 14 28 8 27 23 13
#c 2 1 4 3 2 1 2 3 0 4 1 4 1 0 2 3 0 4 3 4 3 2 1 0 2 1 2 0 2 0
1 1 20 19
4 4 7 18 15 3 9 17 11 2
#c 2 1 4 3 2 1 2 3 0 4 1 4 1 0 2 3 0 4 3 4 3 2 1 0 2 1 2 0 2 0
1 1 17 25
4 5 9 19 11 2 1 12 5 10 22
#c 2 1 4 3 2 1 2 3 0 4 1 4 1 0 2 3 0 4 3 4 3 2 1 0 2 1 2 0 2 0
2 2 8 13 3 18
4 3 27 23 16 29 7 15 20
#c 2 1 4 3 2 1 2 3 0 4 1 4 1 0 2 3 0 4 3 4 3 2 1 0 2 1 2 0 2 0
1 1 5 9
5 4 1 12 25 10 22 19 17 11 2
#c 2 1 4 3 2 1 2 3 0 4 1 4 1 0 2 3 0 4 3 4 3 2 1 0 2 1 2 0 2 0
3 3 0 28 24 11 17 19
5 2 21 26 4 14 6 9 2
#c 2 1 4 3 2 1 2 3 0 4 1 4 1 0 2 3 0 4 3 4 3 2 1 0 2 1 2 0 2 0
1 3 7 17 11 2
4 2 18 15 20 3 9 19
#c 2 1 4 3 2 1 2 3 0 4 1 4 1 0 2 3 0 4 3 4 3 2 1 0 2 1 2 0 2 0
2 2 2 19 23 16
3 4 9 17 11 8 27 13 29
#c 2 1 4 3 2 1 2 3 0 4 1 4 1 0 2 3 0 4 3 4 3 2 1 0 2 1 2 0 2 0
1 1 8 22
5 5 27 23 13 16 29 1 12 25 5 10
#c 2 1 4 3 2 1 2 3 0 4 1 4 1 0 2 3 0 4 3 4 3 2 1 0 2 1 2 0 2 0
3 3 10 22 1 28 6 24
3 5 12 25 5 21 26 4 14 0
#c 2 1 4 3 2 1 2 3 0 4 1 4 1 0 2 3 0 4 3 4 3 2 1 0 2 1 2 0 2 0
3 1 0 24 6 17
5 4 21 26 4 14 28 9 19 11 2
#c 2 1 4 3 2 1 2 3 0 4 1 4 1 0 2 3 0 4 3 4 3 2 1 0 2 1 2 0 2 0
2 2 20 7 0 6
3 6 18 15 3 21 26 4 24 14 28
#c 2 1 4 3 2 1 2 3 0 4 1 4 1 0 2 3 0 4 3 4 3 2 1 0 2 1 2 0 2 0
4 4 9 17 11 2 18 15 20 3
#c 2 1 4 3 2 1 2 3 0 4 1 4 1 0 2 3 0 4 3 4 3 2 1 0 2 1 2 0 2 0
3 3 23 27 13 18 7 15
3 2 8 16 29 20 3
#c 2 1 4 3 2 1 2 3 0 4 1 4 1 0 2 3 0 4 3 4 3 2 1 0 2 1 2 0 2 0
#c 2 1 4 3 2 1 2 3 0 4 1 4 1 0 2 3 0 4 3 4 3 2 1 0 2 1 2 0 2 0
1 1 14 7
7 4 21 26 4 24 28 6 0 18 15 20 3
#c 2 1 4 3 2 1 2 3 0 4 1 4 1 0 2 3 0 4 3 4 3 2 1 0 2 1 2 0 2 0
2 3 3 7 13 29 23
3 3 18 15 20 8 27 16
#c 2 1 4 3 2 1 2 3 0 4 1 4 1 0 2 3 0 4 3 4 3 2 1 0 2 1 2 0 2 0
1 1 2 12
4 5 9 19 17 11 1 25 5 10 22
#c 2 1 4 3 2 1 2 3 0 4 1 4 1 0 2 3 0 4 3 4 3 2 1 0 2 1 2 0 2 0
1 1 8 15
5 4 27 23 13 16 29 7 18 20 3
#c 2 1 4 3 2 1 2 3 0 4 1 4 1 0 2 3 0 4 3 4 3 2 1 0 2 1 2 0 2 0
1 1 1 13
5 5 12 25 5 10 22 8 27 23 16 29
#c 2 1 4 3 2 1 2 3 0 4 1 4 1 0 2 3 0 4 3 4 3 2 1 0 2 1 2 0 2 0
2 1 4 3 2 1 2 3 0 4 1 4 1 0 2 3 0 4 3 4 3 2 1 0 2 1 2 0 2 0
