#c 0 1 2 3 4 5 6 7 8 9 10 0 1 2 3 4 5 6 7 8 9 10 0 1 2 3 4 5 6 7 8 9 10 0 1 2 3 4 5 6 7 8 9 10 0 1 2 3 4 5 6 7 8 9 10 0 1 2 3 4 5 6 7 8 9 10 0 1 2
1 1 12 63
6 5 1 23 34 45 56 67 8 19 30 41 52
#c 0 1 2 3 4 5 6 7 8 9 10 0 8 2 3 4 5 6 7 8 9 10 0 1 2 3 4 5 6 7 8 9 10 0 1 2 3 4 5 6 7 8 9 10 0 1 2 3 4 5 6 7 8 9 10 0 1 2 3 4 5 6 7 1 9 10 0 1 2
3 3 35 2 68 10 65 43
4 3 13 24 46 57 21 32 54
#c 0 1 2 3 4 5 6 7 8 9 10 0 8 2 3 4 5 6 7 8 9 10 0 1 2 3 4 5 6 7 8 9 10 0 1 2 3 4 5 6 7 8 9 10 0 1 2 3 4 5 6 7 8 9 10 0 1 2 3 4 5 6 7 1 9 10 0 1 2
3 3 58 25 36 45 34 67
3 4 3 14 47 1 23 56 63
#c 0 1 2 3 4 5 6 7 8 9 10 0 8 2 3 4 5 6 7 8 9 10 0 1 2 1 4 5 6 7 8 9 10 0 3 2 1 4 5 6 7 8 9 10 0 3 2 3 4 5 6 7 8 9 10 0 1 2 1 4 5 6 7 1 9 10 0 3 2
#c 0 1 2 3 4 5 6 7 8 9 10 0 8 2 3 4 5 6 7 8 9 10 0 1 2 1 4 5 6 7 8 9 10 0 3 2 1 4 5 6 7 8 9 10 0 3 2 3 4 5 6 7 8 9 10 0 1 2 1 4 5 6 7 1 9 10 0 3 2
3 4 16 49 5 15 59 48 26
3 2 27 38 60 4 37
#c 0 1 2 3 4 5 6 7 8 9 10 0 8 2 3 4 5 6 7 8 9 10 0 1 2 1 4 5 6 7 8 9 10 0 3 2 1 4 5 6 7 8 9 10 0 3 2 3 4 5 6 7 8 9 10 0 1 2 1 4 5 6 7 1 9 10 0 3 2
1 1 61 5
5 5 6 17 28 39 50 16 27 38 49 60
#c 0 1 2 3 4 5 6 7 8 9 10 0 8 2 3 4 5 6 7 8 9 10 0 1 2 1 4 5 6 7 8 9 10 0 3 2 1 4 5 6 7 8 9 10 0 3 2 3 4 5 6 7 8 9 10 0 1 2 1 4 5 6 7 1 9 10 0 3 2
2 2 29 62 5 60
4 4 7 18 40 51 16 27 38 49
#c 0 1 2 3 4 5 6 7 8 9 10 0 8 2 3 4 5 6 7 8 9 10 0 1 2 1 4 5 6 7 8 9 10 0 3 2 1 4 5 6 7 8 9 10 0 3 2 3 4 5 6 7 8 9 10 0 1 2 1 4 5 6 7 1 9 10 0 3 2
2 2 52 30 50 17
4 4 8 19 41 12 6 28 39 61
#c 0 1 2 3 4 5 6 7 8 9 10 0 8 2 3 4 5 6 7 8 9 10 0 1 2 1 4 5 6 7 8 9 10 0 3 2 1 4 5 6 7 8 9 10 0 3 2 3 4 5 6 7 8 9 10 0 1 2 1 4 5 6 7 1 9 10 0 3 2
1 1 64 62
5 5 9 20 31 42 53 7 18 29 40 51
#c 0 1 2 3 4 5 6 7 8 9 10 0 8 2 3 4 5 6 7 8 9 10 0 1 2 1 4 5 6 7 8 9 10 0 3 2 1 4 5 6 7 8 9 10 0 3 2 3 4 5 6 7 8 9 10 0 1 2 1 4 5 6 7 1 9 10 0 3 2
2 2 10 65 30 19
4 4 21 32 43 54 8 41 52 12
#c 0 1 2 3 4 5 6 7 8 9 10 0 8 2 3 4 5 6 7 8 9 10 0 1 2 1 4 5 6 7 8 9 10 0 3 2 1 4 5 6 7 8 9 10 0 3 2 3 4 5 6 7 8 9 10 0 1 2 1 4 5 6 7 1 9 10 0 3 2
1 1 0 40
6 5 11 22 33 44 55 66 7 18 29 51 62
#c 0 1 2 3 4 5 6 7 8 9 10 0 8 2 3 4 5 6 7 8 9 10 0 1 2 1 4 5 6 7 8 9 10 0 3 2 1 4 5 6 7 8 9 10 0 3 2 3 4 5 6 7 8 9 10 0 1 2 1 4 5 6 7 1 9 10 0 3 2
3 3 23 36 1 3 45 47
4 3 56 63 58 25 14 34 67
#c 0 1 2 3 4 5 6 7 8 9 10 0 8 2 3 4 5 6 7 8 9 10 0 1 2 1 4 5 6 7 8 9 10 0 3 2 1 4 5 6 7 8 9 10 0 3 2 3 4 5 6 7 8 9 10 0 1 2 1 4 5 6 7 1 9 10 0 3 2
3 3 46 35 13 44 55 22
4 4 2 24 57 68 0 11 33 66
#c 0 1 2 3 4 5 6 7 8 9 10 0 8 0 3 4 5 6 7 8 9 10 2 1 2 1 4 5 6 7 8 9 10 0 3 0 1 4 5 6 7 8 9 10 2 3 0 3 4 5 6 7 8 9 10 2 1 2 1 4 5 6 7 1 9 10 0 3 2
2 2 67 47 29 18
4 4 3 14 45 34 7 40 51 62
#c 0 1 2 3 4 5 6 7 8 9 10 0 8 0 3 4 5 6 7 8 9 10 2 1 2 1 4 5 6 7 8 9 10 0 3 0 1 4 5 6 7 8 9 10 2 3 0 3 4 5 6 7 8 9 10 2 1 2 1 4 5 6 7 1 9 10 0 3 2
3 3 4 59 15 14 45 67
3 3 26 37 48 3 47 34
#c 0 1 2 3 3 5 6 7 8 9 10 0 8 0 4 3 5 6 7 8 9 10 2 1 2 1 4 5 6 7 8 9 10 0 3 0 1 4 5 6 7 8 9 10 2 4 0 3 4 5 6 7 8 9 10 2 1 2 1 3 5 6 7 1 9 10 0 4 2
1 1 27 66
5 6 5 16 38 49 60 0 11 33 46 35 13
#c 0 1 2 3 3 5 6 7 8 9 10 0 8 0 4 3 5 6 7 8 9 10 2 1 2 1 4 0 6 7 8 9 10 0 3 0 1 4 5 6 7 8 9 10 2 4 0 3 4 5 6 7 8 9 10 2 1 2 1 3 5 6 7 1 9 10 5 4 2
1 1 6 64
5 5 17 28 39 50 61 9 20 31 42 53
#c 0 1 2 3 3 5 6 7 8 9 10 0 8 0 4 3 5 6 7 8 9 10 2 1 2 1 4 0 6 7 8 9 10 0 3 0 1 4 5 6 7 8 9 10 2 4 0 3 4 5 6 7 8 9 10 2 1 2 1 3 5 6 7 1 9 10 5 4 2
3 3 62 29 18 31 20 64
3 3 7 40 51 9 42 53
#c 0 1 2 3 3 5 6 7 8 9 10 0 8 0 4 3 5 6 7 8 9 10 2 1 2 1 4 0 6 7 8 9 10 0 3 0 1 4 5 6 7 8 9 10 2 4 0 3 4 5 6 7 8 9 10 2 1 2 1 3 5 6 7 1 9 10 5 4 2
1 1 19 25
5 6 8 30 41 52 12 1 23 56 63 58 36
#c 0 1 2 3 3 5 6 7 8 9 10 0 8 0 4 3 5 6 7 1 9 10 2 1 2 8 4 0 6 7 8 9 10 0 3 0 1 4 5 6 7 8 9 10 2 4 0 3 4 5 6 7 8 9 10 2 1 2 1 3 5 6 7 1 9 10 5 4 2
1 1 53 32
5 5 9 20 31 42 64 10 21 43 54 65
#c 0 1 2 3 3 5 6 7 8 9 10 0 8 0 4 3 5 6 7 1 9 10 2 1 2 8 4 0 6 7 8 9 10 0 3 0 1 4 5 6 7 8 9 10 2 4 0 3 4 5 6 7 8 9 10 2 1 2 1 3 5 6 7 1 9 10 5 4 2
2 2 54 43 64 31
4 4 10 21 32 65 9 20 42 53
#c 0 1 2 3 3 5 6 7 8 9 10 0 8 0 4 3 5 6 7 1 9 10 2 1 2 8 4 0 6 7 8 10 10 0 3 0 1 4 5 6 7 8 9 9 2 4 0 3 4 5 6 7 8 9 9 2 1 2 1 3 5 6 7 1 10 10 5 4 2
1 1 35 43
6 5 0 11 33 46 13 27 9 20 42 53 54
#c 0 1 2 3 3 5 6 7 8 9 10 0 8 0 4 3 5 6 7 1 9 10 2 1 2 8 4 0 6 7 8 10 10 0 3 0 1 4 5 6 7 8 9 9 2 4 0 3 4 5 6 7 8 9 9 2 1 2 1 3 5 6 7 1 10 10 5 4 2
2 2 56 1 43 42
5 4 23 63 58 36 19 9 20 53 54
#c 0 9 2 3 3 5 6 7 8 9 10 0 8 0 4 3 5 6 7 1 9 10 2 1 2 8 4 0 6 7 8 10 10 0 3 0 1 4 5 6 7 8 1 1 2 4 0 3 4 5 6 7 8 9 9 2 9 2 1 3 5 6 7 1 10 10 5 4 2
2 2 44 22 30 41
5 4 2 24 57 68 55 8 52 12 25
#c 0 9 2 3 3 5 6 7 8 9 10 0 8 0 4 3 5 6 7 1 9 10 2 1 2 8 4 0 6 7 8 10 10 0 3 0 1 4 5 6 7 8 1 1 2 4 0 3 4 5 6 7 8 9 9 2 9 2 1 3 5 6 7 1 10 10 5 4 2
2 3 59 15 17 39 6
4 3 3 47 34 4 28 50 61
#c 0 9 2 3 3 5 6 7 8 9 10 0 8 0 4 3 5 6 7 1 9 10 2 1 2 8 4 0 6 7 8 10 10 0 3 0 1 4 5 6 7 8 1 1 2 4 0 3 4 5 6 7 8 9 9 2 9 2 1 3 5 6 7 1 10 10 5 4 2
1 1 48 17
5 5 26 37 14 45 67 6 28 39 50 61
#c 0 9 2 3 3 5 6 7 8 9 10 0 8 0 4 3 5 4 7 1 9 10 2 1 2 8 4 0 6 7 8 10 10 0 3 0 1 4 5 6 7 8 1 1 2 4 0 3 6 5 6 7 8 9 9 2 9 2 1 3 5 6 7 1 10 10 5 4 2
1 1 66 57
5 6 5 16 38 49 60 2 24 68 44 55 22
#c 0 9 2 3 3 5 6 7 8 9 10 0 8 0 4 3 5 4 7 1 9 10 2 1 2 8 4 0 6 7 8 10 10 0 3 0 1 4 5 6 7 8 1 1 2 4 0 3 6 5 6 7 8 9 9 2 9 2 1 3 5 6 7 1 10 10 5 4 2
3 3 28 61 50 5 38 60
3 3 6 39 48 16 49 66
#c 0 9 2 3 3 6 6 7 8 9 10 0 8 0 4 3 5 4 7 1 9 10 2 1 2 8 4 0 5 7 8 10 10 0 3 0 1 4 6 6 7 8 1 1 2 4 0 3 6 5 5 7 8 9 9 2 9 2 1 3 6 5 7 1 10 10 5 4 2
2 2 51 18 46 13
4 5 7 29 40 62 0 11 33 35 27
#c 0 9 2 3 3 6 6 7 8 9 10 0 8 7 4 3 5 4 0 1 9 10 2 1 2 8 4 0 5 7 8 10 10 0 3 0 1 4 6 6 7 8 1 1 2 4 7 3 6 5 5 0 8 9 9 2 9 2 1 3 6 5 7 1 10 10 5 4 2
3 3 52 30 12 20 1 54
3 3 8 41 25 9 53 56
#c 0 9 2 3 3 6 6 7 8 9 10 0 8 7 4 3 5 4 0 1 9 10 2 1 2 8 4 0 5 7 8 10 10 0 3 0 1 4 6 6 7 8 1 1 2 4 7 3 6 5 5 0 8 9 9 2 9 2 1 3 6 5 7 1 10 10 5 4 2
#c 0 9 2 3 3 6 6 7 8 9 10 0 8 7 4 3 5 4 0 1 9 10 2 1 2 8 4 0 5 7 8 10 10 0 3 0 1 4 6 6 7 8 1 1 2 4 7 3 6 5 5 0 8 9 9 2 9 2 1 3 6 5 7 1 10 10 5 4 2
1 1 31 3
5 5 10 21 32 65 64 47 34 4 59 15
#c 0 9 2 3 3 6 6 7 8 9 10 0 8 7 4 3 5 4 0 1 9 10 2 1 2 8 4 0 5 7 8 10 10 0 3 0 1 4 6 6 7 8 1 1 2 4 7 3 6 5 5 0 8 9 9 2 9 2 1 3 6 5 7 1 10 10 5 4 2
1 1 35 66
6 5 0 11 33 27 51 18 16 49 28 61 50
#c 0 9 2 3 3 6 6 7 8 9 10 0 8 7 4 3 5 4 0 1 9 10 2 1 2 8 4 0 5 7 8 10 10 0 3 5 1 4 6 6 7 8 1 1 2 4 7 3 6 5 5 0 8 9 9 2 9 2 1 3 6 5 7 1 10 10 0 4 2
3 3 23 63 58 68 22 57
4 4 36 19 43 42 2 24 44 55
#c 0 9 2 3 3 6 6 7 8 9 10 0 8 7 4 3 5 4 0 1 9 10 2 1 2 8 4 0 5 7 8 10 10 0 3 5 1 4 6 6 7 8 1 1 2 4 7 3 6 5 5 0 8 9 9 2 9 2 1 3 6 5 7 1 10 10 0 4 2
3 3 2 24 44 5 6 48
4 3 57 68 55 22 39 38 60
#c 0 9 2 3 3 6 6 7 8 9 10 0 8 7 4 3 5 4 0 1 9 10 2 1 2 8 4 0 5 7 8 10 10 0 3 5 1 4 6 6 7 8 1 1 2 4 7 3 6 5 5 0 8 9 9 2 9 2 1 3 6 5 7 1 10 10 0 4 2
2 3 15 59 64 65 31
4 3 3 47 34 4 10 21 32
#c 0 9 2 3 3 6 6 7 8 9 10 0 8 7 4 3 5 4 0 1 9 10 2 1 2 8 4 0 5 7 8 10 10 0 3 5 1 4 6 6 7 8 1 1 2 4 7 3 6 5 5 0 8 9 9 2 9 2 1 3 6 5 7 1 10 10 0 4 2
3 3 17 14 37 47 3 59
3 3 26 45 67 34 4 15
#c 0 9 2 3 3 6 6 7 8 9 10 0 8 7 4 3 5 4 0 1 9 10 2 1 2 8 4 0 5 7 8 10 10 0 3 5 1 4 6 6 7 8 1 1 2 4 7 3 6 5 5 0 8 9 9 2 9 2 1 3 6 5 7 1 10 10 0 4 2
2 2 16 28 1 9
4 4 49 61 50 35 20 53 54 56
#c 0 5 2 3 3 6 6 7 8 5 10 0 8 7 4 3 9 4 0 1 9 10 2 1 2 8 4 0 9 7 8 10 10 0 3 5 1 4 6 6 7 8 1 1 2 4 7 3 6 5 5 0 8 9 9 2 9 2 1 3 6 5 7 1 10 10 0 4 2
3 3 39 38 6 16 54 20
3 3 48 5 60 53 56 28
#c 0 5 2 3 3 6 6 7 8 5 10 0 8 7 4 3 9 4 0 1 9 10 2 1 2 8 4 0 9 7 8 10 10 0 3 5 1 4 6 6 7 8 1 1 2 4 7 3 6 5 5 0 8 9 9 2 9 2 1 3 6 5 7 1 10 10 0 4 2
2 4 13 46 48 5 39 38
4 2 7 29 40 62 6 60
#c 0 5 2 3 3 6 6 7 8 5 10 0 8 7 4 3 9 4 0 1 9 10 2 1 2 8 4 0 9 7 8 10 10 0 3 5 1 4 6 6 7 8 1 1 2 4 7 3 6 5 5 0 8 9 9 2 9 2 1 3 6 5 7 1 10 10 0 4 2
2 2 30 25 37 14
4 4 8 41 52 12 26 45 67 17
#c 0 5 2 3 3 6 6 7 8 5 10 0 8 7 8 3 9 4 0 1 9 10 2 1 2 4 4 0 9 7 4 10 10 0 3 5 1 8 6 6 7 8 1 1 2 4 7 3 6 5 5 0 8 9 9 2 9 2 1 3 6 5 7 1 10 10 0 4 2
3 3 53 56 54 29 40 62
3 3 20 16 28 7 46 13
#c 0 5 2 3 3 6 6 7 8 5 10 0 8 7 8 3 9 4 0 1 9 10 2 1 2 4 4 0 9 7 4 10 10 0 3 5 1 8 6 6 7 8 1 1 2 4 7 3 6 5 5 0 8 9 9 2 9 2 1 3 6 5 7 1 10 10 0 4 2
3 3 32 10 31 68 57 55
3 4 21 65 64 2 24 44 22
#c 0 5 2 3 3 6 6 7 8 5 2 0 8 7 8 3 9 4 0 1 9 10 2 1 2 4 4 0 9 7 4 2 2 0 3 5 1 8 6 6 7 8 1 1 2 4 7 3 6 5 5 0 8 9 9 10 9 10 1 3 6 5 7 1 10 10 0 4 10
3 3 27 0 33 35 50 1
4 3 11 51 18 66 49 61 9
#c 5 0 2 3 3 6 6 7 8 5 2 0 8 7 8 3 9 4 0 1 9 10 2 1 2 4 4 5 9 7 4 2 2 5 3 0 1 8 6 6 7 8 1 1 2 4 7 3 6 5 0 0 8 9 9 10 9 10 1 3 6 5 7 1 10 10 0 4 10
2 4 23 36 15 34 47 3
5 2 63 58 19 43 42 4 59
#c 5 0 2 3 3 6 6 7 8 5 2 0 8 7 8 3 9 4 0 1 9 10 2 1 2 4 4 5 9 7 4 2 2 5 3 0 1 8 6 6 7 8 1 1 2 4 7 3 6 5 0 0 8 9 9 10 9 10 1 3 6 5 7 1 10 10 0 4 10
2 1 32 2 37
5 5 24 44 22 10 31 8 41 52 12 14
#c 5 0 8 3 3 6 6 7 8 5 2 0 8 7 8 3 9 4 0 1 9 10 2 1 2 4 4 5 9 7 4 2 8 5 3 0 1 2 6 6 7 8 1 1 2 4 7 3 6 5 0 0 8 9 9 10 9 10 1 3 6 5 7 1 10 10 0 4 10
2 2 34 3 8 52
4 5 47 4 59 15 41 12 14 32 2
#c 5 0 8 3 3 6 6 7 8 5 2 0 8 7 8 3 9 4 0 1 9 10 2 1 2 4 4 5 9 7 4 2 8 5 3 0 1 2 6 6 7 8 1 1 2 4 7 3 6 5 0 0 8 9 9 10 9 10 1 3 6 5 7 1 10 10 0 4 10
2 2 25 67 12 41
4 5 26 45 17 30 8 52 14 32 2
#c 5 0 8 3 3 6 6 7 8 5 2 0 8 7 8 3 9 4 0 1 9 10 2 1 2 4 4 5 9 7 4 2 8 5 3 0 1 2 6 6 7 8 1 1 2 4 7 3 6 5 0 0 8 9 9 10 9 10 1 3 6 5 7 1 10 10 0 4 10
3 2 27 33 9 2 12
3 5 49 61 0 8 41 52 14 32
#c 5 0 5 3 3 6 6 7 8 8 2 0 5 7 8 3 9 4 0 1 9 10 2 1 2 4 4 8 9 7 4 2 8 8 3 0 1 2 6 6 7 8 1 1 2 4 7 3 6 5 0 0 8 9 9 10 9 10 1 3 6 5 7 1 10 10 0 4 10
2 1 5 60 26
4 5 6 39 48 38 45 67 17 30 25
#c 5 0 5 3 3 6 6 7 8 8 2 0 5 7 8 3 9 4 0 1 9 10 2 1 2 4 4 8 9 7 4 2 8 8 3 0 1 2 6 6 7 8 1 1 2 4 7 3 6 5 0 0 8 9 9 10 9 10 1 3 6 5 7 1 10 10 0 4 10
1 1 7 28
5 5 29 40 62 46 13 20 53 54 56 16
#c 5 0 5 3 3 6 6 7 8 8 2 0 5 7 8 3 9 4 0 1 9 10 2 1 2 4 4 8 9 7 4 2 8 8 3 0 1 2 6 6 7 8 1 1 2 4 7 3 6 5 0 0 8 9 9 10 9 10 1 3 6 5 7 1 10 10 0 4 10
1 1 32 51
7 6 8 41 52 14 27 33 9 11 18 66 35 50 1
#c 5 0 5 3 3 6 6 7 8 8 2 0 5 7 8 3 9 4 0 1 9 10 2 1 2 4 4 8 9 7 4 2 8 8 3 0 1 2 6 6 7 8 1 1 2 4 7 3 6 5 0 0 8 9 9 10 9 10 1 3 6 5 7 1 10 10 0 4 10
1 1 56 33
5 7 20 53 54 16 28 8 41 52 14 32 27 9
#c 5 0 5 3 3 6 6 7 8 8 2 0 5 7 8 3 9 4 0 1 9 10 2 1 2 4 4 8 9 7 4 2 8 8 3 0 1 2 6 6 7 8 1 1 2 4 7 3 6 5 0 0 8 9 9 10 9 10 1 3 6 5 7 1 10 10 0 4 10
3 3 65 64 55 47 34 4
3 3 21 68 57 3 59 15
#c 5 0 5 3 3 6 6 7 8 8 2 0 5 7 8 3 9 4 0 1 9 10 2 1 2 4 4 8 9 7 4 2 8 8 3 0 1 2 6 6 7 8 1 1 2 4 7 3 6 5 0 0 8 9 9 10 9 10 1 3 6 5 7 1 10 10 0 4 10
2 2 51 50 37 22
5 4 11 18 66 35 1 24 44 10 31
#c 5 0 5 3 3 6 6 7 8 8 2 0 5 7 8 3 9 4 0 1 9 10 2 1 2 4 4 8 9 7 4 2 8 8 3 0 1 2 6 6 7 8 1 1 2 4 7 3 6 5 0 0 8 9 9 10 9 10 1 3 6 5 7 1 10 10 0 4 10
1 1 43 24
6 5 23 63 58 36 19 42 44 22 10 31 37
#c 5 0 5 3 3 6 6 7 8 8 2 0 5 7 8 3 9 4 0 1 9 10 2 1 1 4 4 8 9 7 4 2 8 8 3 0 1 2 6 6 7 8 1 2 2 4 7 3 6 5 0 0 8 9 9 10 9 10 1 3 6 5 7 1 10 10 0 4 10
3 3 31 37 43 28 56 16
3 3 44 22 10 20 53 54
#c 5 0 5 3 3 6 6 7 8 8 2 0 5 7 8 3 2 4 0 1 9 10 2 1 1 4 4 8 2 7 4 9 8 8 3 0 1 9 6 6 7 8 1 9 2 4 7 3 6 5 0 0 8 9 9 10 2 10 1 3 6 5 7 1 10 10 0 4 10
1 1 34 26
5 5 3 47 4 59 15 45 67 17 30 25
#c 5 0 5 3 3 6 6 7 8 8 2 0 5 7 8 3 2 4 0 1 9 10 2 1 1 4 4 8 2 7 4 9 8 8 3 0 1 9 6 6 7 8 1 9 2 4 7 3 6 5 0 0 8 9 9 10 2 10 1 3 6 5 7 1 10 10 0 4 10
3 3 26 45 30 48 6 38
3 3 67 17 25 39 5 60
#c 5 0 5 3 3 6 6 7 8 8 2 0 5 7 8 3 2 4 0 1 9 10 2 1 1 4 4 8 2 7 4 9 8 8 3 0 1 9 6 6 7 8 1 9 2 4 7 3 6 5 0 0 8 9 9 10 2 10 1 3 6 5 7 1 10 10 0 4 10
1 1 61 35
4 6 49 0 2 12 11 51 18 66 50 1
#c 5 0 5 3 3 6 6 7 8 8 2 0 5 7 8 3 2 4 0 1 9 10 2 1 1 4 4 8 2 7 4 9 8 8 3 0 1 9 6 6 7 8 1 9 2 4 7 3 6 5 0 0 8 9 9 10 2 10 1 3 6 5 7 1 10 10 0 4 10
1 2 38 64 65
5 4 6 39 48 5 60 21 68 57 55
#c 5 0 5 3 3 6 6 7 8 8 2 0 5 7 8 3 2 4 0 1 9 10 2 1 1 4 4 8 2 7 4 9 8 8 3 0 1 9 6 6 7 8 1 9 2 4 7 3 6 5 0 0 8 9 9 10 2 10 1 3 6 5 7 1 10 10 0 4 10
2 2 62 40 23 42
4 5 7 29 46 13 63 58 36 19 24
#c 5 0 5 3 3 6 6 7 8 8 2 0 5 7 8 3 2 4 0 1 9 10 2 1 1 4 4 8 2 7 4 9 8 8 3 0 1 9 6 6 7 8 1 9 2 4 7 3 6 5 0 0 8 9 9 10 2 10 1 3 6 5 7 1 10 10 0 4 10
2 2 9 52 61 2
6 3 8 41 14 32 27 33 49 0 12
#c 5 0 8 3 3 6 6 7 8 5 2 0 5 7 8 3 2 4 0 1 9 10 2 1 1 4 4 8 2 7 4 9 8 8 3 0 1 9 6 6 7 8 1 9 2 4 7 3 6 5 0 0 5 9 9 10 2 10 1 3 6 8 7 1 10 10 0 4 10
1 1 54 47
5 5 20 53 31 37 43 3 34 4 59 15
#c 5 0 8 3 3 6 6 7 8 5 2 0 5 7 8 3 2 4 0 1 9 10 2 1 1 4 4 8 2 7 4 9 8 8 3 0 1 9 6 6 7 8 1 9 2 4 7 3 6 5 0 0 5 9 9 10 2 10 1 3 6 8 7 1 10 10 0 4 10
1 1 21 56
5 5 65 64 68 57 55 44 22 10 28 16
#c 5 0 8 3 3 6 6 7 8 5 2 0 5 7 8 3 2 4 0 1 9 10 2 1 1 4 4 8 2 7 4 9 8 8 3 0 1 9 6 6 7 8 1 9 2 4 7 3 6 5 0 0 5 9 9 10 2 10 1 3 6 8 7 1 10 10 0 4 10
#c 5 0 8 3 3 6 6 7 8 5 2 0 5 7 8 3 2 4 0 1 9 10 2 1 1 4 4 8 2 7 4 9 8 8 3 0 1 9 6 6 7 8 1 9 2 4 7 3 6 5 0 0 5 9 9 10 2 10 1 3 6 8 7 1 10 10 0 4 10
3 3 42 19 58 56 44 22
4 3 23 63 36 24 10 28 16
#c 5 0 8 3 3 6 6 7 8 5 2 0 5 7 8 3 2 4 0 1 9 10 2 1 1 4 4 8 2 7 4 9 8 8 3 0 1 9 6 6 7 8 1 9 2 4 7 3 6 5 0 0 5 9 9 10 2 10 1 3 6 8 7 1 10 10 0 4 10
3 3 16 56 44 35 51 11
3 4 22 10 28 18 66 50 1
#c 5 0 8 3 3 6 6 7 8 5 2 0 5 7 8 3 2 4 0 1 9 10 2 1 1 4 4 8 2 7 4 9 8 8 3 0 1 9 6 6 7 8 1 9 2 4 7 3 6 5 0 0 5 9 9 10 2 10 1 3 6 8 7 1 10 10 0 4 10
2 2 4 59 25 67
4 4 3 47 34 15 26 45 17 30
#c 5 0 8 3 3 6 6 7 8 5 2 0 5 7 8 3 2 4 0 1 9 10 2 1 1 4 4 8 2 7 4 9 8 8 3 0 1 9 6 6 7 8 1 9 2 4 7 3 6 5 0 0 5 9 9 10 2 10 1 3 6 8 7 1 10 10 0 4 10
2 2 17 45 4 3
4 4 26 67 30 25 47 34 59 15
#c 5 0 8 3 3 6 6 7 8 5 2 0 5 7 8 3 2 4 0 1 9 10 2 1 1 4 4 8 2 7 4 9 8 8 3 0 1 9 6 6 7 8 1 9 2 4 7 3 6 5 0 0 5 9 9 10 2 10 1 3 6 8 7 1 10 10 0 4 10
1 1 12 44
4 5 49 0 9 52 22 10 28 56 16
#c 5 0 8 3 3 6 6 7 8 5 2 0 5 7 8 3 2 4 0 1 9 10 2 1 1 4 4 8 2 7 4 9 8 8 3 0 1 9 6 6 7 8 1 9 2 4 7 3 6 5 0 0 5 9 9 10 2 10 1 3 6 8 7 1 10 10 0 4 10
2 2 6 38 59 15
4 4 39 48 5 60 3 47 34 4
#c 5 0 8 3 3 6 6 7 8 5 2 0 5 7 8 3 2 4 0 1 9 10 2 1 1 4 4 8 2 7 4 9 8 8 3 0 1 9 6 6 7 8 1 9 2 4 7 3 6 5 0 0 5 9 9 10 2 10 1 3 6 8 7 1 10 10 0 4 10
1 1 46 53
5 5 7 29 40 62 13 20 54 31 37 43
#c 5 0 8 3 3 6 6 7 8 5 2 0 5 7 8 3 2 4 0 1 9 10 2 1 1 4 4 8 2 7 4 9 8 8 3 0 1 9 6 6 7 8 1 9 2 4 7 3 6 5 0 0 5 9 9 10 2 10 1 3 6 8 7 1 10 10 0 4 10
3 2 32 61 2 49 9
5 3 8 41 14 27 33 0 12 52
#c 5 0 8 3 3 6 6 7 8 5 2 0 5 7 8 3 2 4 0 1 9 10 2 1 1 4 4 8 2 7 4 9 8 8 3 0 1 9 6 6 7 8 1 9 2 4 7 3 6 5 0 0 5 9 9 10 2 10 1 3 6 8 7 1 10 10 0 4 10
#c 5 0 8 3 3 6 6 7 8 5 2 0 5 7 8 3 2 4 0 1 9 10 2 1 1 4 4 8 2 7 4 9 8 8 3 0 1 9 6 6 7 8 1 9 2 4 7 3 6 5 0 0 5 9 9 10 2 10 1 3 6 8 7 1 10 10 0 4 10
3 3 55 64 65 37 31 54
3 3 21 68 57 20 53 43
#c 5 0 8 3 3 6 6 7 8 5 2 0 5 7 8 3 2 4 0 1 9 10 2 1 1 4 4 8 2 7 4 9 8 8 3 0 1 9 6 6 7 8 1 9 2 4 7 3 6 5 0 0 5 9 9 10 2 10 1 3 6 8 7 1 10 10 0 4 10
1 1 11 68
6 5 51 18 66 35 50 1 21 65 64 57 55
#c 5 0 8 3 3 6 6 7 8 5 2 0 5 7 8 3 2 4 0 1 9 10 2 1 1 4 4 8 2 7 4 9 8 8 3 0 1 9 6 6 7 8 1 9 2 4 7 3 6 5 0 0 5 9 9 10 2 10 1 3 6 8 7 1 10 10 0 4 10
#c 5 0 8 3 3 6 6 7 8 5 2 0 5 7 8 3 2 4 0 1 9 10 2 1 1 4 4 8 2 7 4 9 8 8 3 0 1 9 6 6 7 8 1 9 2 4 7 3 6 5 0 0 5 9 9 10 2 10 1 3 6 8 7 1 10 10 0 4 10
#c 5 0 8 3 3 6 6 7 8 5 2 0 5 7 8 3 2 4 0 1 9 10 2 1 1 4 4 8 2 7 4 9 8 8 3 0 1 9 6 6 7 8 1 9 2 4 7 3 6 5 0 0 5 9 9 10 2 10 1 3 6 8 7 1 10 10 0 4 10
3 3 47 59 3 57 68 21
3 3 34 4 15 65 64 55
#c 5 0 8 3 3 6 6 7 8 5 2 0 5 7 8 3 2 4 0 1 9 10 2 1 1 4 4 8 2 7 4 9 8 8 3 0 1 9 6 6 7 8 1 9 2 4 7 3 6 5 0 0 5 9 9 10 2 10 1 3 6 8 7 1 10 10 0 4 10
3 3 67 17 25 68 65 21
3 3 26 45 30 64 57 55
#c 5 0 8 3 3 6 6 7 8 5 2 0 5 7 8 3 2 4 0 1 9 10 2 1 1 4 4 8 2 7 4 9 8 8 3 0 1 9 6 6 7 8 1 9 2 4 7 3 6 5 0 0 5 9 9 10 2 10 1 3 6 8 7 1 10 10 0 4 10
1 2 0 6 60
4 4 49 12 9 52 39 48 5 38
#c 5 0 8 3 3 6 6 7 8 5 2 0 5 7 8 3 2 4 0 1 9 10 2 1 1 4 4 8 2 7 4 9 8 8 3 0 1 9 6 6 7 8 1 9 2 4 7 3 6 5 0 0 5 9 9 10 2 10 1 3 6 8 7 1 10 10 0 4 10
1 1 60 0
5 4 6 39 48 5 38 49 12 9 52
#c 5 0 8 3 3 6 6 7 8 5 2 0 5 7 8 3 2 4 0 1 9 10 2 1 1 4 4 8 2 7 4 9 8 8 3 0 1 9 6 6 7 8 1 9 2 4 7 3 6 5 0 0 5 9 9 10 2 10 1 3 6 8 7 1 10 10 0 4 10
1 1 13 32
5 7 7 29 40 62 46 8 41 14 27 33 61 2
#c 5 0 8 3 3 6 6 7 8 5 2 0 5 7 8 3 2 4 0 1 9 10 2 1 1 4 4 8 2 7 4 9 8 8 3 0 1 9 6 6 7 8 1 9 2 4 7 3 6 5 0 0 5 9 9 10 2 10 1 3 6 8 7 1 10 10 0 4 10
1 1 2 56
7 5 8 41 14 32 27 33 61 44 22 10 28 16
#c 5 0 8 3 3 6 6 7 8 5 2 0 5 7 8 3 2 4 0 1 9 10 2 1 1 4 4 8 2 7 4 9 8 8 3 0 1 9 6 6 7 8 1 9 2 4 7 3 6 5 0 0 5 9 9 10 2 10 1 3 6 8 7 1 10 10 0 4 10
2 2 54 53 22 28
4 4 20 31 37 43 44 10 56 16
#c 5 0 8 3 3 6 6 7 8 5 2 0 5 7 8 3 2 4 0 1 9 10 2 1 1 4 4 8 2 7 4 9 8 8 3 0 1 9 6 6 7 8 1 9 2 4 7 3 6 5 0 0 5 9 9 10 2 10 1 3 6 8 7 1 10 10 0 4 10
#c 5 0 8 3 3 6 6 7 8 5 2 0 5 7 8 3 2 4 0 1 9 10 2 1 1 4 4 8 2 7 4 9 8 8 3 0 1 9 6 6 7 8 1 9 2 4 7 3 6 5 0 0 5 9 9 10 2 10 1 3 6 8 7 1 10 10 0 4 10
1 1 51 21
6 5 11 18 66 35 50 1 65 64 68 57 55
#c 5 0 8 3 3 6 6 7 8 5 2 0 5 7 8 3 2 4 0 1 9 10 2 1 1 4 4 8 2 7 4 9 8 8 3 0 1 9 6 6 7 8 1 9 2 4 7 3 6 5 0 0 5 9 9 10 2 10 1 3 6 8 7 1 10 10 0 4 10
2 2 24 63 26 45
5 4 23 58 36 19 42 67 17 30 25
#c 5 0 8 3 3 6 6 7 8 5 2 0 5 7 8 3 2 4 0 1 9 10 2 1 1 4 4 8 2 7 4 9 8 8 3 0 1 9 6 6 7 8 1 9 2 4 7 3 6 5 0 0 5 9 9 10 2 10 1 3 6 8 7 1 10 10 0 4 10
#c 5 0 8 3 3 6 6 7 8 5 2 0 5 7 8 3 2 4 0 1 9 10 2 1 1 4 4 8 2 7 4 9 8 8 3 0 1 9 6 6 7 8 1 9 2 4 7 3 6 5 0 0 5 9 9 10 2 10 1 3 6 8 7 1 10 10 0 4 10
1 1 3 2
5 7 47 34 4 59 15 8 41 14 32 27 33 61
#c 5 0 8 3 3 6 6 7 8 5 2 0 5 7 8 3 2 4 0 1 9 10 2 1 1 4 4 8 2 7 4 9 8 8 3 0 1 9 6 6 7 8 1 9 2 4 7 3 6 5 0 0 5 9 9 10 2 10 1 3 6 8 7 1 10 10 0 4 10
3 2 26 67 25 16 56
3 4 45 17 30 44 22 10 28
#c 5 0 8 3 3 6 6 7 8 5 2 0 5 7 8 3 4 4 0 1 9 10 2 1 1 2 2 8 2 7 4 9 8 8 3 0 1 9 6 6 7 8 1 9 2 4 7 3 6 5 0 0 5 9 9 10 4 10 1 3 6 8 7 1 10 10 0 2 10
2 2 12 49 60 39
3 4 0 9 52 6 48 5 38
#c 5 0 8 3 3 6 6 7 8 5 2 0 5 7 8 3 4 4 0 1 9 10 2 1 1 2 2 8 2 7 4 9 8 8 3 0 1 9 6 6 7 8 1 9 2 4 7 3 6 5 0 0 5 9 9 10 4 10 1 3 6 8 7 1 10 10 0 2 10
3 3 38 48 5 64 55 65
3 3 6 39 60 21 68 57
#c 5 0 8 3 3 10 6 7 8 5 2 0 5 7 8 3 4 4 0 1 9 10 2 1 1 2 2 8 2 7 4 9 8 8 3 0 1 9 10 6 7 8 1 9 2 4 7 3 10 5 0 0 5 9 9 6 4 10 1 3 6 8 7 1 6 6 0 2 10
3 3 62 29 7 51 11 1
3 4 40 46 13 18 66 35 50
#c 5 0 8 3 3 10 6 7 8 5 2 0 5 7 8 3 4 4 0 1 9 10 2 1 1 2 2 8 2 7 4 9 8 8 3 0 1 9 10 6 7 8 1 9 2 4 7 3 10 5 0 0 5 9 9 6 4 10 1 3 6 8 7 1 6 6 0 2 10
#c 5 0 8 3 3 10 6 7 8 5 2 0 5 7 8 3 4 4 0 1 9 10 2 1 1 2 2 8 2 7 4 9 8 8 3 0 1 9 10 6 7 8 1 9 2 4 7 3 10 5 0 0 5 9 9 6 4 10 1 3 6 8 7 1 6 6 0 2 10
3 3 53 43 37 58 36 23
3 4 20 54 31 63 19 42 24
#c 5 0 8 3 3 10 6 7 8 5 2 0 5 7 8 3 4 4 0 1 9 10 2 1 1 2 2 8 2 7 4 9 8 8 3 0 1 9 10 6 7 8 1 9 2 4 7 3 10 5 0 0 5 9 9 6 4 10 1 3 6 8 7 1 6 6 0 2 10
2 2 5 68 63 24
4 5 21 57 38 48 23 58 36 19 42
#c 5 0 8 3 3 10 6 7 8 5 2 0 5 7 8 3 4 4 0 1 9 10 2 1 1 2 2 8 2 7 4 9 8 8 3 0 1 9 10 6 7 8 1 9 2 4 7 3 10 5 0 0 5 9 9 6 4 10 1 3 6 8 7 1 6 6 0 2 10
2 2 1 51 45 30
5 3 11 18 66 35 50 17 16 56
#c 5 0 8 3 3 10 6 7 8 5 2 0 5 7 8 3 4 4 0 1 9 10 2 1 1 2 2 8 2 7 4 9 8 8 3 0 1 9 10 6 7 8 1 9 2 4 7 3 10 5 0 0 5 9 9 6 4 10 1 3 6 8 7 1 6 6 0 2 10
1 1 23 31
6 5 63 58 36 19 42 24 20 53 54 37 43
#c 5 0 8 3 3 10 6 7 8 5 2 0 5 7 8 3 4 4 0 1 9 10 2 9 1 2 2 8 2 7 4 1 8 8 3 0 1 9 10 6 7 8 1 9 2 4 7 3 10 5 0 0 5 9 9 6 4 10 1 3 6 8 7 1 6 6 0 2 10
3 3 22 44 28 47 59 3
4 3 10 26 67 25 34 4 15
#c 5 0 8 3 3 10 6 7 8 5 2 0 5 7 8 3 4 4 0 1 9 10 2 9 1 2 2 8 2 7 4 1 8 8 3 0 1 9 10 6 7 8 1 9 2 4 7 3 10 5 0 0 5 9 9 6 4 10 1 3 6 8 7 1 6 6 0 2 10
3 3 4 47 15 33 61 41
3 5 3 34 59 8 14 32 27 2
#c 5 0 8 3 3 10 6 7 8 5 2 0 5 7 8 3 4 4 0 1 9 10 2 9 1 2 2 8 2 7 4 1 8 8 3 0 1 9 10 6 7 8 1 9 2 4 7 3 10 5 0 0 5 9 9 6 4 10 1 3 6 8 7 1 6 6 0 2 10
2 2 56 30 44 26
3 5 45 17 16 22 10 28 67 25
#c 5 0 8 3 3 10 6 7 8 5 2 0 5 7 8 3 4 4 0 1 9 10 2 9 1 2 4 8 2 7 2 1 8 8 3 0 1 9 10 6 7 8 1 9 4 4 7 3 10 5 0 0 5 9 9 6 2 10 1 3 6 8 7 1 6 6 0 2 10
2 2 52 12 28 56
3 5 49 0 9 22 10 67 25 30
#c 5 0 8 3 3 10 6 7 8 5 2 0 5 7 8 3 4 4 0 1 9 10 2 9 1 2 4 8 2 7 2 1 8 8 3 0 1 9 10 6 7 8 1 9 4 4 7 3 10 5 0 0 5 9 9 6 2 10 1 3 6 8 7 1 6 6 0 2 10
3 2 6 64 55 68 21
3 4 39 60 65 57 38 48 5
#c 5 0 8 3 3 10 6 7 8 5 2 0 5 7 8 3 4 4 0 1 9 10 2 9 1 2 4 8 2 7 2 1 8 8 3 0 1 9 10 6 7 8 1 9 4 4 7 3 10 5 0 0 5 9 9 6 2 10 1 3 6 8 7 1 6 6 0 2 10
#c 5 0 8 3 3 10 6 7 8 5 2 0 5 7 8 3 4 4 0 1 9 10 2 9 1 2 4 8 2 7 2 1 8 8 3 0 1 9 10 6 7 8 1 9 4 4 7 3 10 5 0 0 5 9 9 6 2 10 1 3 6 8 7 1 6 6 0 2 10
2 2 27 2 23 43
6 4 8 41 14 32 33 61 20 53 54 37
#c 5 0 8 3 3 10 6 7 8 5 2 0 5 7 8 3 4 4 0 1 9 10 2 9 1 2 4 8 2 7 2 1 8 8 3 0 1 9 10 6 7 8 1 9 4 4 7 3 10 5 0 0 5 9 9 6 2 10 1 3 6 8 7 1 6 6 0 2 10
2 2 43 20 0 52
4 3 53 54 37 23 49 12 9
#c 5 0 8 3 3 10 6 7 8 5 2 0 5 7 8 3 4 4 0 1 9 10 2 9 1 2 4 8 2 7 2 1 8 8 3 0 1 9 10 6 7 8 1 9 4 4 7 3 10 5 0 0 5 9 9 6 2 10 1 3 6 8 7 1 6 6 0 2 10
3 3 21 68 48 63 24 58
3 4 57 38 5 36 19 42 31
#c 5 0 8 3 3 10 6 7 8 5 2 0 5 7 8 3 4 4 0 1 9 10 2 9 1 2 4 8 2 7 2 1 8 8 3 0 1 9 10 6 7 8 1 9 4 4 7 3 10 5 0 0 5 9 9 6 2 10 1 3 6 8 7 1 6 6 0 2 10
2 2 35 51 58 24
5 5 11 18 66 50 1 63 36 19 42 31
#c 5 0 8 3 3 10 6 7 8 5 2 0 5 7 8 3 4 4 0 1 9 10 2 9 1 2 4 8 2 7 2 1 8 8 3 0 1 9 10 6 7 8 1 9 4 4 7 3 10 5 0 0 5 9 9 6 2 10 1 3 6 8 7 1 6 6 0 2 10
2 2 19 63 17 44
5 3 58 36 42 24 31 45 16 26
#c 5 0 8 3 3 10 6 7 8 5 2 0 5 7 8 3 4 4 0 1 9 10 2 9 1 2 4 8 2 7 2 1 8 8 3 0 1 9 10 6 7 8 1 9 4 4 7 3 10 5 0 0 5 9 9 6 2 10 1 3 6 8 7 1 6 6 0 2 10
1 1 30 0
6 4 22 10 28 67 25 56 49 12 9 52
#c 5 0 8 3 3 10 6 7 8 5 2 0 5 7 8 3 4 4 0 1 9 10 2 9 1 2 4 8 2 7 2 1 8 8 3 0 1 9 10 6 7 8 1 9 4 4 7 3 10 5 0 0 5 9 9 6 2 10 1 3 6 8 7 1 6 6 0 2 10
3 3 15 59 34 19 58 42
3 4 3 47 4 63 36 24 31
#c 5 0 8 3 3 10 6 7 8 5 2 0 5 7 8 3 4 4 0 1 9 10 2 9 1 2 4 8 2 7 2 1 8 8 3 0 1 9 10 6 7 8 1 9 4 4 7 3 10 5 0 0 5 9 9 6 2 10 1 3 6 8 7 1 6 6 0 2 10
2 2 17 45 4 47
3 4 16 44 26 3 34 59 15
#c 5 0 8 3 3 10 6 7 8 5 2 0 5 7 8 3 4 4 0 1 9 10 2 9 1 2 4 8 2 7 2 1 8 8 3 0 1 9 10 6 7 8 1 9 4 4 7 3 10 5 0 0 5 9 9 6 2 10 1 3 6 8 7 1 6 6 0 2 10
1 1 0 37
4 5 49 12 9 52 20 53 54 43 23
#c 5 0 8 3 3 10 6 7 8 5 2 0 5 7 8 3 4 4 0 1 9 10 2 9 1 2 4 8 2 7 2 1 8 8 3 0 1 9 10 6 7 8 1 9 4 4 7 3 10 5 0 0 5 9 9 6 2 10 1 3 6 8 7 1 6 6 0 2 10
3 3 6 65 55 53 54 37
3 3 39 60 64 20 43 23
#c 5 0 8 3 3 10 6 7 8 5 2 0 5 7 8 3 4 4 0 1 9 10 2 9 1 2 4 8 2 7 2 1 8 8 3 0 1 9 10 6 7 8 1 9 4 4 7 3 10 5 0 0 5 9 9 6 2 10 1 3 6 8 7 1 6 6 0 2 10
3 3 46 13 62 3 4 59
3 3 7 29 40 47 34 15
#c 5 0 8 3 3 10 6 7 8 5 2 0 5 7 8 3 4 4 0 1 9 10 2 9 1 2 4 8 2 7 2 1 8 8 3 0 1 9 10 6 7 8 1 9 4 4 7 3 10 5 0 0 5 9 9 6 2 10 1 3 6 8 7 1 6 6 0 2 10
2 3 2 14 5 57 38
6 3 8 41 32 27 33 61 21 68 48
#c 5 0 8 3 3 10 6 7 8 5 2 0 5 7 8 3 4 4 0 1 9 10 2 9 1 2 4 8 2 7 2 1 8 8 3 0 1 9 10 6 7 8 1 9 4 4 7 3 10 5 0 0 5 9 9 6 2 10 1 3 6 8 7 1 6 6 0 2 10
1 1 20 55
5 5 53 54 37 43 23 6 39 60 64 65
#c 5 0 8 3 3 10 6 7 8 5 2 0 5 7 8 3 4 4 0 1 9 10 2 9 1 2 4 8 2 7 2 1 8 8 3 0 1 9 10 6 7 8 1 9 4 4 7 3 10 5 0 0 5 9 9 6 2 10 1 3 6 8 7 1 6 6 0 2 10
3 3 57 48 21 0 9 49
3 2 68 38 5 12 52
#c 5 0 8 3 3 10 6 7 8 5 2 0 5 7 8 3 4 4 0 1 9 10 2 9 1 2 4 8 2 7 2 1 8 8 3 0 1 9 10 6 7 8 1 9 4 4 7 3 10 5 0 0 5 9 9 6 2 10 1 3 6 8 7 1 6 6 0 2 10
#c 5 0 8 3 3 10 6 7 8 5 2 0 5 7 8 3 4 4 0 1 9 10 2 9 1 2 4 8 2 7 2 1 8 8 3 0 1 9 10 6 7 8 1 9 4 4 7 3 10 5 0 0 5 9 9 6 2 10 1 3 6 8 7 1 6 6 0 2 10
2 2 42 31 44 17
5 3 63 58 36 19 24 45 16 26
#c 5 0 8 3 3 10 6 7 8 5 2 0 5 7 8 3 4 4 0 1 9 10 2 9 1 2 4 8 2 7 2 1 8 8 3 0 1 9 10 6 7 8 1 9 4 4 7 3 10 5 0 0 5 9 9 6 2 10 1 3 6 8 7 1 6 6 0 2 10
3 3 10 67 30 68 48 21
4 3 22 28 25 56 57 38 5
#c 5 0 8 3 3 10 6 7 8 5 2 0 5 7 8 3 4 4 0 1 9 10 2 9 1 2 4 8 2 7 2 1 8 8 3 0 1 9 10 6 7 8 1 9 4 4 7 3 10 5 0 0 5 9 9 6 2 10 1 3 6 8 7 1 6 6 0 2 10
1 1 34 18
5 6 3 47 4 59 15 11 51 66 35 50 1
#c 5 0 8 3 3 10 6 7 8 5 2 0 5 7 8 3 4 4 0 1 9 10 2 9 1 2 4 8 2 7 2 1 8 8 3 0 1 9 10 6 7 8 1 9 4 4 7 3 10 5 0 0 5 9 9 6 2 10 1 3 6 8 7 1 6 6 0 2 10
1 1 44 51
4 6 45 17 16 26 11 18 66 35 50 1
#c 5 0 8 3 3 10 6 7 8 5 2 0 5 7 8 3 4 4 0 1 9 10 2 9 1 2 4 8 2 7 2 1 8 8 3 0 1 9 10 6 7 8 1 9 4 4 7 3 10 5 0 0 5 9 9 6 2 10 1 3 6 8 7 1 6 6 0 2 10
2 2 49 12 17 16
3 3 0 9 52 45 44 26
#c 5 0 8 3 3 10 6 7 8 5 2 0 5 7 8 3 4 4 0 1 9 10 2 9 1 2 4 8 2 7 2 1 8 8 3 0 1 9 10 6 7 8 1 9 4 4 7 3 10 5 0 0 5 9 9 6 2 10 1 3 6 8 7 1 6 6 0 2 10
1 1 60 16
5 4 6 39 64 55 65 45 17 44 26
#c 5 0 8 3 3 10 6 7 8 5 2 0 5 7 8 3 4 4 0 1 9 10 2 9 1 2 4 8 2 7 2 1 8 8 3 0 1 9 10 6 7 8 1 9 4 4 7 3 10 5 0 0 5 9 9 6 2 10 1 3 6 8 7 1 6 6 0 2 10
3 3 29 62 7 59 47 15
3 3 40 46 13 3 34 4
#c 5 0 8 3 3 10 6 7 8 5 2 0 5 7 8 3 4 4 0 1 9 10 2 9 1 2 4 8 2 7 2 1 8 8 3 0 1 9 10 6 7 8 1 9 4 4 7 3 10 5 0 0 5 9 9 6 2 10 1 3 6 8 7 1 6 6 0 2 10
4 4 61 8 41 33 68 48 57 21
4 2 14 32 27 2 38 5
#c 5 0 8 3 3 10 6 7 10 5 2 0 5 7 8 3 4 4 0 1 9 8 2 9 1 2 4 8 2 7 2 1 8 10 3 0 1 9 10 6 7 10 1 9 4 4 7 3 8 5 0 0 5 9 9 6 2 8 1 3 6 10 7 1 6 6 0 2 8
1 1 20 67
5 6 53 54 37 43 23 22 10 28 25 56 30
#c 5 0 8 3 3 10 6 7 10 5 2 0 5 7 8 3 4 4 0 1 9 8 2 9 1 2 4 8 2 7 2 1 8 10 3 0 1 9 10 6 7 10 1 9 4 4 7 3 8 5 0 0 5 9 9 6 2 8 1 3 6 10 7 1 6 6 0 2 8
3 3 61 5 8 21 48 14
3 5 38 41 33 32 27 2 68 57
#c 5 0 8 3 3 10 6 7 10 5 2 0 5 7 8 3 4 4 0 1 9 8 2 9 1 2 4 8 2 7 2 1 8 10 3 0 1 9 10 6 7 10 1 9 4 4 7 3 8 5 0 0 5 9 9 6 2 8 1 3 6 10 7 1 6 6 0 2 8
3 3 50 11 35 5 8 38
4 3 51 18 66 1 61 41 33
#c 5 0 8 3 3 10 6 7 10 5 2 0 5 7 8 3 4 4 0 1 9 8 2 9 1 2 4 8 2 7 2 1 8 10 3 0 1 9 10 6 7 10 1 9 4 4 7 3 8 5 0 0 5 9 9 6 2 8 1 3 6 10 7 1 6 6 0 2 8
1 1 36 17
6 4 63 58 19 42 24 31 45 16 44 26
#c 5 0 8 3 3 10 6 7 10 5 2 0 5 7 8 3 4 4 0 1 9 8 2 9 1 2 4 8 2 7 2 1 8 10 3 0 1 9 10 6 7 10 1 9 4 4 7 3 8 5 0 0 5 9 9 6 2 8 1 3 6 10 7 1 6 6 0 2 8
2 2 56 28 12 9
5 3 22 10 67 25 30 49 0 52
#c 5 0 8 3 3 10 6 7 10 5 2 0 5 7 8 3 4 4 0 1 9 8 2 9 1 2 4 8 2 7 2 1 8 10 3 0 1 9 10 6 7 10 1 9 4 4 7 3 8 5 0 0 5 9 9 6 2 8 1 3 6 10 7 1 6 6 0 2 8
1 1 47 51
5 6 3 34 4 59 15 11 18 66 35 50 1
#c 5 0 8 3 3 10 6 7 10 5 2 0 5 7 8 3 4 4 0 1 9 8 2 9 1 2 4 8 2 7 2 1 8 10 3 0 1 9 10 6 7 10 1 9 4 4 7 3 8 5 0 0 5 9 9 6 2 8 1 3 6 10 7 1 6 6 0 2 8
1 1 17 3
4 5 45 16 44 26 47 34 4 59 15
#c 5 0 8 3 3 10 6 7 10 5 2 0 5 7 8 3 4 4 0 1 9 8 2 9 1 2 4 8 2 7 2 1 8 10 3 0 1 9 10 6 7 10 1 9 4 4 7 3 8 5 0 0 5 9 9 6 2 8 1 3 6 10 7 1 6 6 0 2 8
1 1 12 25
4 6 49 0 9 52 22 10 28 67 56 30
#c 5 0 8 3 3 10 6 7 10 5 2 0 5 7 8 3 4 4 0 1 9 8 2 9 1 2 4 8 2 7 2 1 8 10 3 0 1 9 10 6 7 10 1 9 4 4 7 3 8 5 0 0 5 9 9 6 2 8 1 3 6 10 7 1 6 6 0 2 8
2 2 55 65 46 40
4 4 6 39 60 64 7 29 62 13
#c 5 0 8 3 3 10 6 7 10 5 2 0 5 7 8 3 4 4 0 1 9 8 2 9 1 2 4 8 2 7 2 1 8 10 3 0 1 9 10 6 7 10 1 9 4 4 7 3 8 5 0 0 5 9 9 6 2 8 1 3 6 10 7 1 6 6 0 2 8
3 3 40 13 29 11 50 35
3 4 7 62 46 51 18 66 1
#c 5 0 8 3 3 10 6 7 10 5 2 0 5 7 8 3 4 4 0 1 9 8 2 9 1 2 4 8 2 7 2 1 8 10 3 0 1 9 10 6 7 10 1 9 4 4 7 3 8 5 0 0 5 9 9 6 2 8 1 3 6 10 7 1 6 6 0 2 8
1 1 32 25
7 6 14 27 2 68 48 57 21 22 10 28 67 56 30
#c 5 0 8 3 3 10 6 7 10 5 2 0 5 7 8 3 4 4 0 1 9 8 2 9 1 2 4 8 2 7 2 1 8 10 3 0 1 9 10 6 7 10 1 9 4 4 7 3 8 5 0 0 5 9 9 6 2 8 1 3 6 10 7 1 6 6 0 2 8
3 3 54 37 20 31 63 36
3 4 53 43 23 58 19 42 24
#c 5 0 8 3 3 10 6 7 10 5 2 0 5 7 8 3 4 4 0 1 9 8 2 9 1 2 4 8 2 7 2 1 8 10 3 0 1 9 10 6 7 10 1 9 4 4 7 3 8 5 0 0 5 9 9 6 2 8 1 3 6 10 7 1 6 6 0 2 8
3 3 5 8 61 52 49 0
3 2 38 41 33 12 9
#c 5 0 8 3 3 10 6 7 10 5 2 0 5 7 8 3 4 4 0 1 9 8 2 9 1 2 4 8 2 7 2 1 8 10 3 0 1 9 10 6 7 10 1 9 4 4 7 3 8 5 0 0 5 9 9 6 2 8 1 3 6 10 7 1 6 6 0 2 8
3 3 51 66 18 61 5 38
4 3 11 35 50 1 8 41 33
#c 5 0 8 3 3 10 6 7 10 5 2 0 5 7 8 3 4 4 0 1 9 8 2 9 1 2 4 8 2 7 2 1 8 10 3 0 1 9 10 6 7 10 1 9 4 4 7 3 8 5 0 0 5 9 9 6 2 8 1 3 6 10 7 1 6 6 0 2 8
3 1 63 19 24 40
4 5 58 36 42 31 7 29 62 46 13
#c 5 0 8 3 3 10 6 7 10 5 2 0 5 7 8 3 4 4 0 1 9 8 2 9 1 2 4 8 2 7 2 1 8 10 3 0 1 9 10 6 7 10 1 9 4 4 7 3 8 5 0 0 5 9 9 6 2 8 1 3 6 10 7 1 6 6 0 2 8
1 1 22 14
6 7 10 28 67 25 56 30 32 27 2 68 48 57 21
#c 5 0 8 3 3 10 6 7 10 5 2 0 5 7 2 3 4 4 0 1 9 8 8 9 1 2 4 8 2 7 2 1 8 10 3 0 1 9 10 6 7 10 1 9 4 4 7 3 8 5 0 0 5 9 9 6 2 8 1 3 6 10 7 1 6 6 0 2 8
1 1 15 25
5 6 3 47 34 4 59 10 28 67 56 30 14
#c 5 0 8 3 3 10 6 7 10 5 2 0 5 7 2 2 4 4 0 1 9 8 8 9 1 3 4 8 2 7 2 1 8 10 3 0 1 9 10 6 7 10 1 9 4 4 7 3 8 5 0 0 5 9 9 6 2 8 1 3 6 10 7 1 6 6 0 2 8
1 1 44 47
4 5 45 17 16 26 3 34 4 59 25
#c 5 0 8 3 3 10 6 7 10 5 2 0 5 7 2 2 4 4 0 1 9 8 8 9 1 3 4 8 2 7 2 1 8 10 3 0 1 9 10 6 7 10 1 9 4 4 7 3 8 5 0 0 5 9 9 6 2 8 1 3 6 10 7 1 6 6 0 2 8
2 2 12 9 46 62
3 4 49 0 52 7 29 40 13
#c 5 0 8 3 3 10 6 7 10 5 2 0 5 7 2 2 4 4 0 1 9 8 8 9 1 3 4 8 2 7 2 1 8 10 3 0 1 9 10 6 7 10 1 9 4 4 7 3 8 5 0 0 5 9 9 6 2 8 1 3 6 10 7 1 6 6 0 2 8
2 1 6 64 54
4 5 39 60 55 65 20 53 37 43 23
#c 5 0 8 3 3 10 6 7 10 5 2 0 5 7 2 2 4 4 0 1 9 8 8 9 1 3 4 8 2 7 2 1 8 10 3 0 1 9 10 6 7 10 1 9 4 4 7 3 8 5 0 0 5 9 9 6 2 8 1 3 6 10 7 1 6 6 0 2 8
1 1 62 65
5 5 7 29 40 46 13 6 39 60 64 55
#c 5 0 8 3 3 10 6 7 10 5 2 0 5 7 2 2 4 4 0 1 9 8 8 9 1 3 4 8 2 7 2 1 8 10 3 0 1 9 10 6 7 10 1 9 4 4 7 3 8 5 0 0 5 9 9 6 2 8 1 3 6 10 7 1 6 6 0 2 8
4 4 2 32 21 48 15 28 30 14
4 3 27 68 57 22 10 67 56
#c 5 0 8 3 3 10 6 7 10 5 2 0 5 7 2 2 4 4 0 1 9 8 8 9 1 3 4 8 2 7 2 1 8 10 3 0 1 9 10 6 7 10 1 9 4 4 7 3 8 5 0 0 5 9 9 6 2 8 1 3 6 10 7 1 6 6 0 2 8
2 2 37 53 35 66
4 5 20 54 43 23 11 51 18 50 1
#c 5 0 8 3 3 10 6 7 10 5 2 0 5 7 2 2 4 4 0 1 9 8 8 9 1 3 4 8 2 7 2 1 8 10 3 0 1 9 10 6 7 10 1 9 4 4 7 3 8 5 0 0 5 9 9 6 2 8 1 3 6 10 7 1 6 6 0 2 8
#c 5 0 8 3 3 10 6 7 10 5 2 0 5 7 2 2 4 4 0 1 9 8 8 9 1 3 4 8 2 7 2 1 8 10 3 0 1 9 10 6 7 10 1 9 4 4 7 3 8 5 0 0 5 9 9 6 2 8 1 3 6 10 7 1 6 6 0 2 8
1 1 51 23
6 5 11 18 66 35 50 1 20 53 54 37 43
#c 5 0 8 3 3 10 6 7 10 5 2 0 5 7 2 2 4 4 0 1 9 8 8 0 1 3 4 8 2 7 2 1 8 10 3 0 1 9 10 6 7 10 1 9 4 4 7 3 8 5 0 9 5 9 9 6 2 8 1 3 6 10 7 1 6 6 0 2 8
1 1 31 16
6 4 63 58 36 19 42 24 45 17 44 26
#c 5 0 8 3 3 10 6 7 10 5 2 0 5 7 2 2 4 4 0 1 9 8 8 0 1 3 4 8 2 7 2 1 8 10 3 0 1 9 10 6 7 10 1 9 4 4 7 3 8 5 0 9 5 9 9 6 2 8 1 3 6 10 7 1 6 6 0 2 8
2 1 67 14 1
5 6 10 28 56 30 15 11 18 66 35 50 23
#c 5 0 8 3 3 10 6 7 10 5 2 0 5 7 2 2 4 4 0 1 9 8 8 0 1 3 4 8 2 7 2 1 8 10 3 0 1 9 10 6 7 10 1 9 4 4 7 3 8 5 0 9 5 9 9 6 2 8 1 3 6 10 7 1 6 6 0 2 8
3 3 4 34 59 45 16 44
3 2 3 47 25 17 26
#c 5 0 8 3 3 10 6 7 10 5 2 0 5 7 2 2 4 4 0 1 9 8 8 0 1 3 4 8 2 7 2 1 8 10 3 0 1 9 10 6 7 10 1 9 4 4 7 3 8 5 0 9 5 9 9 6 2 8 1 3 6 10 7 1 6 6 0 2 8
2 2 44 17 12 52
3 3 45 16 26 49 0 9
#c 5 0 8 3 3 10 6 7 10 5 2 0 5 7 2 2 4 4 0 1 9 8 8 0 1 3 4 8 2 7 2 1 8 10 3 0 1 9 10 6 7 10 1 9 4 4 7 3 8 5 0 9 5 9 9 6 2 8 1 3 6 10 7 1 6 6 0 2 8
2 2 52 12 18 11
3 5 49 0 9 66 35 50 1 23
#c 5 0 8 3 3 10 6 7 10 5 2 0 5 7 2 2 4 4 0 1 9 8 8 0 1 3 4 8 2 7 2 1 8 10 3 0 1 9 10 6 7 10 1 9 4 4 7 3 8 5 0 9 5 9 9 6 2 8 1 3 6 10 7 1 6 6 0 2 8
1 1 55 58
5 6 6 39 60 64 65 63 36 19 42 24 31
#c 5 0 8 3 3 10 6 7 10 5 2 0 5 7 2 2 4 4 0 1 9 8 8 0 1 3 4 8 2 7 2 1 8 10 3 0 1 9 10 6 7 10 1 9 4 4 7 3 8 5 0 9 5 9 9 6 2 8 1 3 6 10 7 1 6 6 0 2 8
1 1 62 9
5 4 7 29 40 46 13 49 0 12 52
#c 5 0 8 3 3 10 6 7 10 5 2 0 5 7 2 2 4 4 0 1 9 8 8 0 1 3 4 8 2 7 2 1 8 10 3 0 1 9 10 6 7 10 1 9 4 4 7 3 8 5 0 9 5 9 9 6 2 8 1 3 6 10 7 1 6 6 0 2 8
3 3 21 48 27 43 37 51
5 3 32 2 68 57 22 20 53 54
#c 5 0 8 3 3 10 6 7 10 5 2 0 5 7 2 2 4 4 0 1 9 8 8 0 1 3 4 8 2 7 2 1 8 10 3 0 1 9 10 6 7 10 1 9 4 4 7 3 8 5 0 9 5 9 9 6 2 8 1 3 6 10 7 1 6 6 0 2 8
#c 5 0 8 3 3 10 6 7 10 5 2 0 5 7 2 2 4 4 0 1 9 8 8 0 1 3 4 8 2 7 2 1 8 10 3 0 1 9 10 6 7 10 1 9 4 4 7 3 8 5 0 9 5 9 9 6 2 8 1 3 6 10 7 1 6 6 0 2 8
2 2 38 61 53 37
4 4 5 8 41 33 20 54 43 51
#c 5 0 8 3 3 10 6 7 10 5 2 0 5 7 2 2 4 4 0 1 9 8 8 0 1 3 4 8 2 7 2 1 8 10 3 0 1 9 10 6 7 10 1 9 4 4 7 3 8 5 0 9 5 9 9 6 2 8 1 3 6 10 7 1 6 6 0 2 8
2 2 50 18 17 26
5 3 11 66 35 1 23 45 16 44
#c 5 0 8 3 3 10 6 7 10 5 2 0 5 7 2 2 4 4 0 1 9 8 8 0 1 3 4 8 2 7 2 1 8 10 3 0 1 9 10 6 7 10 1 9 4 4 7 3 8 5 0 9 5 9 9 6 2 8 1 3 6 10 7 1 6 6 0 2 8
3 3 19 31 36 1 35 50
4 4 63 58 42 24 11 18 66 23
#c 5 0 8 3 3 10 6 7 10 5 2 0 5 7 2 2 4 4 0 1 9 8 8 0 1 3 4 8 2 7 2 1 8 10 3 0 1 9 10 6 7 10 1 9 4 4 7 3 8 5 0 9 5 9 9 6 2 8 1 3 6 10 7 1 6 6 0 2 8
#c 5 0 8 3 3 10 6 7 10 5 2 0 5 7 2 2 4 4 0 1 9 8 8 0 1 3 4 8 2 7 2 1 8 10 3 0 1 9 10 6 7 10 1 9 4 4 7 3 8 5 0 9 5 9 9 6 2 8 1 3 6 10 7 1 6 6 0 2 8
1 2 3 1 23
5 5 47 34 4 59 25 11 18 66 35 50
#c 5 0 8 3 3 10 6 7 10 5 2 0 5 7 2 2 4 4 0 1 9 8 8 0 1 3 4 8 2 7 2 1 8 10 3 0 1 9 10 6 7 10 1 9 4 4 7 3 8 5 0 9 5 9 9 6 2 8 1 3 6 10 7 1 6 6 0 2 8
1 1 16 35
4 6 45 17 44 26 11 18 66 50 1 23
#c 5 0 8 3 3 10 6 7 10 5 2 0 5 7 2 2 4 4 0 1 9 8 8 0 1 3 4 8 2 7 2 1 8 10 3 0 1 9 10 6 7 10 1 9 4 4 7 3 8 5 0 9 5 9 9 6 2 8 1 3 6 10 7 1 6 6 0 2 8
2 2 52 9 31 36
3 5 49 0 12 63 58 19 42 24
#c 5 0 8 3 3 10 6 7 10 5 2 0 5 7 2 2 4 4 0 1 9 8 8 0 1 3 4 8 2 7 2 1 8 10 3 0 1 9 10 6 7 10 1 9 4 4 7 3 8 5 0 9 5 9 9 6 2 8 1 3 6 10 7 1 6 6 0 2 8
3 4 60 6 55 28 10 14 56
3 3 39 64 65 67 30 15
#c 5 0 8 3 3 10 6 7 10 5 2 0 5 7 2 2 4 4 0 1 9 8 8 0 1 3 4 8 2 7 2 1 8 10 3 0 1 9 10 6 7 10 1 9 4 4 7 3 8 5 0 9 5 9 9 6 2 8 1 3 6 10 7 1 6 6 0 2 8
3 3 7 13 62 20 54 53
3 3 29 40 46 37 43 51
#c 5 0 8 3 3 10 6 7 10 5 2 0 5 7 2 2 4 4 0 1 9 8 8 0 1 3 4 8 2 7 2 1 8 10 3 0 1 9 10 6 7 10 1 9 4 4 7 3 8 5 0 9 5 9 9 6 2 8 1 3 6 10 7 1 6 6 0 2 8
#c 5 0 8 3 3 10 6 7 10 5 2 0 5 7 2 2 4 4 0 1 9 8 8 0 1 3 4 8 2 7 2 1 8 10 3 0 1 9 10 6 7 10 1 9 4 4 7 3 8 5 0 9 5 9 9 6 2 8 1 3 6 10 7 1 6 6 0 2 8
3 4 43 20 54 44 45 17 26
3 1 53 37 51 16
#c 5 0 8 3 3 10 6 7 10 5 2 0 5 7 2 2 4 4 0 1 9 8 8 0 1 3 4 8 2 7 2 1 8 10 3 0 1 9 10 6 7 10 1 9 4 4 7 3 8 5 0 9 5 9 9 6 2 8 1 3 6 10 7 1 6 6 0 2 8
1 1 8 45
5 4 38 5 61 41 33 17 16 44 26
#c 5 0 8 3 3 10 6 7 10 5 2 0 5 7 2 2 4 4 0 1 9 8 8 0 1 3 4 8 2 7 2 1 8 10 3 0 1 9 10 6 7 10 1 9 4 4 7 3 8 5 0 9 5 9 9 6 2 8 1 3 6 10 7 1 6 6 0 2 8
3 5 50 23 18 61 33 5 8 41
4 1 11 66 35 1 38
#c 5 0 8 3 3 10 6 7 10 5 2 0 5 7 2 2 4 4 0 1 9 8 8 0 1 3 4 8 2 7 2 1 8 10 3 0 1 9 10 6 7 10 1 9 4 4 7 3 8 5 0 9 5 9 9 6 2 8 1 3 6 10 7 1 6 6 0 2 8
2 2 31 19 47 34
5 4 63 58 36 42 24 3 4 59 25
#c 5 0 8 3 3 10 6 7 10 5 2 0 5 7 2 2 4 4 0 1 9 8 8 0 1 3 4 8 2 7 2 1 8 10 3 0 1 9 10 6 7 10 1 9 4 4 7 3 8 5 0 9 5 9 9 6 2 8 1 3 6 10 7 1 6 6 0 2 8
3 3 15 67 56 21 48 32
4 5 10 28 30 14 27 2 68 57 22
#c 5 0 8 3 3 10 6 7 10 5 2 0 5 7 2 8 4 4 0 1 9 2 8 0 1 3 4 8 2 7 2 1 2 10 3 0 1 9 10 6 7 10 1 9 4 4 7 3 2 5 0 9 5 9 9 6 8 8 1 3 6 10 7 1 6 6 0 8 8
1 1 47 7
5 5 3 34 4 59 25 29 40 62 46 13
#c 5 0 8 3 3 10 6 7 10 5 2 0 5 7 2 8 4 4 0 1 9 2 8 0 1 3 4 8 2 7 2 1 2 10 3 0 1 9 10 6 7 10 1 9 4 4 7 3 2 5 0 9 5 9 9 6 8 8 1 3 6 10 7 1 6 6 0 8 8
2 2 45 16 6 65
3 4 17 44 26 39 60 64 55
#c 5 0 8 3 3 10 6 7 10 5 2 0 5 7 2 8 4 4 0 1 9 2 8 0 1 3 4 8 2 7 2 1 2 10 3 0 1 9 10 6 7 10 1 9 4 4 7 3 2 5 0 9 5 9 9 6 8 8 1 3 6 10 7 1 6 6 0 8 8
2 2 9 12 50 35
3 5 49 0 52 11 18 66 1 23
#c 5 0 8 3 3 10 6 7 10 5 2 0 5 7 2 8 4 4 0 1 9 2 8 0 1 3 4 8 2 7 2 1 2 10 3 0 1 9 10 6 7 10 1 9 4 4 7 3 2 5 0 9 5 9 9 6 8 8 1 3 6 10 7 1 6 6 0 8 8
3 3 39 55 65 59 25 3
3 3 6 60 64 47 34 4
#c 5 0 8 6 3 10 6 7 10 5 2 0 5 7 2 8 4 4 0 1 9 2 8 0 1 6 4 8 2 7 2 1 2 10 3 0 1 9 10 3 7 10 1 9 4 4 7 3 2 5 0 9 5 9 9 3 8 8 1 6 6 10 7 1 6 3 0 8 8
1 1 46 8
5 5 7 29 40 62 13 38 5 61 41 33
#c 5 0 8 6 3 10 6 7 10 5 2 0 5 7 2 8 4 4 0 1 9 2 8 0 1 6 4 8 2 7 2 1 2 10 3 0 1 9 10 3 7 10 1 9 4 4 7 3 2 5 0 9 5 9 9 3 8 8 1 6 6 10 7 1 6 3 0 8 8
3 1 27 22 57 61
5 5 2 68 15 67 56 38 5 8 41 33
#c 5 0 8 6 3 10 6 7 10 5 2 0 5 7 2 8 4 4 0 1 9 2 8 0 1 6 4 8 2 7 2 1 2 10 3 0 1 9 10 3 7 10 1 9 4 4 7 3 2 5 0 9 5 9 9 3 8 8 1 6 6 10 7 1 6 3 0 8 8
3 3 54 51 37 50 1 66
3 4 20 53 43 11 18 35 23
#c 5 0 8 6 3 10 6 7 10 5 2 0 5 7 2 8 4 4 0 1 9 2 8 0 1 6 4 8 2 7 2 1 2 10 3 0 1 9 10 3 7 10 1 9 4 4 7 3 2 5 0 9 5 9 9 3 8 8 1 6 6 10 7 1 6 3 0 8 8
3 3 5 41 38 50 11 23
3 4 61 8 33 18 66 35 1
#c 5 0 8 6 3 10 6 7 10 5 2 0 5 7 2 8 4 4 0 1 9 2 8 0 1 6 4 8 2 7 2 1 2 10 3 0 1 9 10 3 7 10 1 9 4 4 7 3 2 5 0 9 5 9 9 3 8 8 1 6 6 10 7 1 6 3 0 8 8
#c 5 0 8 6 3 10 6 7 10 5 2 0 5 7 2 8 4 4 0 1 9 2 8 0 1 6 4 8 2 7 2 1 2 10 3 0 1 9 10 3 7 10 1 9 4 4 7 3 2 5 0 9 5 9 9 3 8 8 1 6 6 10 7 1 6 3 0 8 8
#c 5 0 8 6 3 10 6 7 10 5 2 0 5 7 2 8 4 4 0 1 9 2 8 0 1 6 4 8 2 7 2 1 2 10 3 0 1 9 10 3 7 10 1 9 4 4 7 3 2 5 0 9 5 9 9 3 8 8 1 6 6 10 7 1 6 3 0 8 8
3 2 10 14 28 5 8
4 4 30 21 48 32 38 61 41 33
#c 5 0 8 6 3 10 6 7 10 5 2 0 5 7 2 8 4 4 0 1 9 2 8 0 1 6 4 8 2 7 2 1 2 10 3 0 1 9 10 3 7 10 1 9 4 4 7 3 2 5 0 9 5 9 9 3 8 8 1 6 6 10 7 1 6 3 0 8 8
1 1 4 23
5 6 47 34 39 55 65 11 18 66 35 50 1
#c 5 0 8 6 3 10 6 7 10 5 2 0 5 7 2 8 4 4 0 1 9 2 8 0 1 6 4 8 2 7 2 1 2 10 3 0 1 9 10 3 7 10 1 9 4 4 7 3 2 5 0 9 5 9 9 3 8 8 1 6 6 10 7 1 6 3 0 8 8
1 1 17 50
4 6 45 16 44 26 11 18 66 35 1 23
#c 5 0 8 6 3 10 6 7 10 5 2 0 5 7 2 8 4 4 0 1 9 2 8 0 1 6 4 8 2 7 2 1 2 10 3 0 1 9 10 3 7 10 1 9 4 4 7 3 2 5 0 9 5 9 9 3 8 8 1 6 6 10 7 1 6 3 0 8 8
1 1 12 53
4 5 49 0 9 52 20 54 37 43 51
#c 5 0 8 6 3 10 6 7 10 5 2 0 5 7 2 8 4 4 0 1 9 2 8 0 1 6 4 8 2 7 2 1 2 10 3 0 1 9 10 3 7 10 1 9 4 4 7 3 2 5 0 9 5 9 9 3 8 8 1 6 6 10 7 1 6 3 0 8 8
3 4 59 60 25 33 38 61 5
3 2 6 64 3 8 41
#c 5 0 8 6 3 10 6 7 10 5 2 0 5 7 2 8 4 4 0 1 9 2 8 0 1 6 4 8 2 7 2 1 2 10 3 0 1 9 10 3 7 10 1 9 4 4 7 3 2 5 0 9 5 9 9 3 8 8 1 6 6 10 7 1 6 3 0 8 8
2 2 46 13 21 28
4 5 7 29 40 62 10 30 14 48 32
#c 5 0 8 6 3 10 6 7 10 5 2 0 5 7 2 8 4 4 0 1 9 2 8 0 1 6 4 8 2 7 2 1 2 10 3 0 1 9 10 3 7 10 1 9 4 4 7 3 2 5 0 9 5 9 9 3 8 8 1 6 6 10 7 1 6 3 0 8 8
#c 5 0 8 6 3 10 6 7 10 5 2 0 5 7 2 8 4 4 0 1 9 2 8 0 1 6 4 8 2 7 2 1 2 10 3 0 1 9 10 3 7 10 1 9 4 4 7 3 2 5 0 9 5 9 9 3 8 8 1 6 6 10 7 1 6 3 0 8 8
#c 5 0 8 6 3 10 6 7 10 5 2 0 5 7 2 8 4 4 0 1 9 2 8 0 1 6 4 8 2 7 2 1 2 10 3 0 1 9 10 3 7 10 1 9 4 4 7 3 2 5 0 9 5 9 9 3 8 8 1 6 6 10 7 1 6 3 0 8 8
3 3 61 38 33 27 2 68
3 5 5 8 41 57 22 15 67 56
#c 5 0 8 6 3 10 6 7 10 5 2 0 5 7 2 8 4 4 0 1 9 2 8 0 1 6 4 8 2 7 2 1 2 10 3 0 1 9 10 3 7 10 1 9 4 4 7 3 2 5 0 9 5 9 9 3 8 8 1 6 6 10 7 1 6 3 0 8 8
3 3 23 18 11 7 40 29
4 3 66 35 50 1 62 46 13
#c 5 0 8 6 3 10 6 7 10 5 2 0 5 7 2 8 4 4 0 1 9 2 8 0 1 6 4 8 2 7 2 1 2 10 3 0 1 9 10 3 7 10 1 9 4 4 7 3 2 5 0 9 5 9 9 3 8 8 1 6 6 10 7 1 6 3 0 8 8
1 3 58 66 11 50
6 4 63 36 19 42 24 31 18 35 1 23
#c 5 0 8 6 3 10 6 7 10 5 2 0 5 7 2 8 4 4 0 1 9 2 8 0 1 6 4 8 2 7 2 1 2 10 3 0 1 9 10 3 7 10 1 9 4 4 7 3 2 5 0 9 5 9 9 3 8 8 1 6 6 10 7 1 6 3 0 8 8
1 1 21 16
6 4 10 28 30 14 48 32 45 17 44 26
#c 5 0 8 6 3 10 6 7 10 5 2 0 5 7 2 8 4 4 0 1 9 2 8 0 1 6 4 8 2 7 2 1 2 10 3 0 1 9 10 3 7 10 1 9 4 4 7 3 2 5 0 9 5 9 9 3 8 8 1 6 6 10 7 1 6 3 0 8 8
2 2 39 65 66 35
4 5 47 34 4 55 11 18 50 1 23
#c 5 0 8 6 3 10 6 7 10 5 2 0 5 7 2 8 4 4 0 1 9 2 8 0 1 6 4 8 2 7 2 1 2 10 3 0 1 9 10 3 7 10 1 9 4 4 7 3 2 5 0 9 5 9 9 3 8 8 1 6 6 10 7 1 6 3 0 8 8
2 3 45 16 59 6 3
3 3 17 44 26 60 64 25
#c 5 0 8 6 3 10 6 7 10 5 2 0 5 7 2 8 4 4 0 1 9 2 8 0 1 6 4 8 2 7 2 1 2 10 3 0 1 9 10 3 7 10 1 9 4 4 7 3 2 5 0 9 5 9 9 3 8 8 1 6 6 10 7 1 6 3 0 8 8
2 2 12 52 26 16
3 3 49 0 9 45 17 44
#c 5 0 8 6 3 10 6 7 10 5 2 0 5 7 2 8 4 4 0 1 9 2 8 0 1 6 4 8 2 7 2 1 2 10 3 0 1 9 10 3 7 10 1 9 4 4 7 3 2 5 0 9 5 9 9 3 8 8 1 6 6 10 7 1 6 3 0 8 8
2 2 64 6 26 45
4 3 60 59 25 3 17 16 44
#c 5 0 8 6 3 10 6 7 10 5 2 0 5 7 2 8 4 4 0 1 9 2 8 0 1 6 4 8 2 7 2 1 2 10 3 0 1 9 10 3 7 10 1 9 4 4 7 3 2 5 0 9 5 9 9 3 8 8 1 6 6 10 7 1 6 3 0 8 8
2 2 62 29 31 24
4 5 7 40 46 13 63 58 36 19 42
#c 5 0 8 6 3 10 6 7 10 5 2 0 5 7 2 8 4 4 0 1 9 2 8 0 1 6 4 8 2 7 2 1 2 10 3 0 1 9 10 3 7 10 1 9 4 4 7 3 2 5 0 9 5 9 9 3 8 8 1 6 6 10 7 1 6 3 0 8 8
2 2 15 56 35 50
6 5 27 2 68 57 22 67 11 18 66 1 23
#c 5 0 8 6 3 10 6 7 10 5 2 0 5 7 2 8 4 4 0 1 9 2 8 0 1 6 4 8 2 7 2 1 2 10 3 0 1 9 10 3 7 10 1 9 4 4 7 3 2 5 0 9 5 9 9 3 8 8 1 6 6 10 7 1 6 3 0 8 8
3 3 53 54 37 46 29 62
3 3 20 43 51 7 40 13
#c 5 0 8 6 3 10 6 7 10 5 2 0 5 7 2 8 4 4 0 1 9 2 8 0 1 6 4 8 2 7 2 1 2 10 3 0 1 9 10 3 7 10 1 9 4 4 7 3 2 5 0 9 5 9 9 3 8 8 1 6 6 10 7 1 6 3 0 8 8
2 1 33 61 4
4 5 38 5 8 41 47 34 39 55 65
#c 5 0 8 6 3 10 6 7 10 5 2 0 5 7 2 8 4 4 0 1 9 2 8 0 1 6 4 8 2 7 2 1 2 10 3 0 1 9 10 3 7 10 1 9 4 4 7 3 2 5 0 9 5 9 9 3 8 8 1 6 6 10 7 1 6 3 0 8 8
1 1 66 3
6 5 11 18 35 50 1 23 6 60 64 59 25
#c 5 0 8 6 3 10 6 7 10 5 2 0 5 7 2 8 4 4 0 1 9 2 8 0 1 6 4 8 2 7 2 1 2 10 3 0 1 9 10 3 7 10 1 9 4 4 7 3 2 5 0 9 5 9 9 3 8 8 1 6 6 10 7 1 6 3 0 8 8
2 2 19 42 8 41
5 4 63 58 36 24 31 38 5 61 33
#c 5 0 8 6 3 10 6 7 10 5 2 0 5 7 2 8 4 4 0 1 9 2 8 0 1 6 4 8 2 7 2 1 2 10 3 0 1 9 10 3 7 10 1 9 4 4 7 3 2 5 0 9 5 9 9 3 8 8 1 6 6 10 7 1 6 3 0 8 8
3 3 10 21 28 36 24 63
4 4 30 14 48 32 58 19 42 31
#c 5 0 8 6 3 10 6 7 10 5 2 0 5 7 2 8 4 4 0 1 9 2 8 0 1 6 4 8 2 7 2 1 2 10 3 0 1 9 10 3 7 10 1 9 4 4 7 3 2 5 0 9 5 9 9 3 8 8 1 6 6 10 7 1 6 3 0 8 8
1 1 55 16
5 4 47 34 4 39 65 45 17 44 26
#c 5 0 8 6 3 10 6 7 10 5 2 0 5 7 2 8 3 4 0 1 9 2 8 0 1 6 4 8 2 7 2 1 2 10 3 0 1 9 10 3 7 10 1 9 4 4 7 3 2 5 0 9 5 9 9 4 8 8 1 6 6 10 7 1 6 3 0 8 8
#c 5 0 8 6 3 10 6 7 10 5 2 0 5 7 2 8 3 4 0 1 9 2 8 0 1 6 4 8 2 7 2 1 2 10 3 0 1 9 10 3 7 10 1 9 4 4 7 3 2 5 0 9 5 9 9 4 8 8 1 6 6 10 7 1 6 3 0 8 8
2 1 0 9 47
3 5 49 12 52 34 4 39 65 16
#c 5 0 8 6 3 10 6 7 10 5 2 0 5 7 2 8 3 4 0 1 9 2 8 0 1 6 4 8 2 7 2 1 2 10 3 0 1 9 10 3 7 10 1 9 4 4 7 3 2 5 0 9 5 9 9 4 8 8 1 6 6 10 7 1 6 3 0 8 8
1 1 3 29
5 5 6 60 64 59 25 7 40 62 46 13
#c 5 0 8 6 3 10 6 7 10 5 2 0 5 7 2 8 3 4 0 1 9 2 8 0 1 6 4 8 2 7 2 1 2 10 3 0 1 9 10 3 7 10 1 9 4 4 7 3 2 5 0 9 5 9 9 4 8 8 1 6 6 10 7 1 6 3 0 8 8
1 1 62 32
5 6 7 29 40 46 13 10 28 30 14 21 48
#c 5 0 8 6 3 10 6 7 10 5 2 0 5 7 2 8 3 4 0 1 9 2 8 0 1 6 4 8 2 7 2 1 2 10 3 0 1 9 10 3 7 10 1 9 4 4 7 3 2 5 0 9 5 9 9 4 8 8 1 6 6 10 7 1 6 3 0 8 8
3 3 22 15 2 25 3 60
5 3 27 68 57 67 56 6 64 59
#c 5 0 8 6 3 10 6 7 10 5 2 0 5 7 2 8 3 4 0 1 9 2 8 0 1 6 4 8 2 7 2 1 2 10 3 0 1 9 10 3 7 10 1 9 4 4 7 3 2 5 0 9 5 9 9 4 8 8 1 6 6 10 7 1 6 3 0 8 8
1 1 43 48
5 6 20 53 54 37 51 10 28 30 14 21 32
#c 5 0 8 6 3 10 6 7 10 5 2 0 5 7 2 8 3 4 0 1 9 2 8 0 1 6 4 8 2 7 2 1 2 10 3 0 1 9 10 3 7 10 1 2 4 4 7 3 9 5 0 9 5 9 9 4 8 8 1 6 6 10 7 1 6 3 0 8 8
3 3 5 33 8 57 67 56
3 5 38 61 41 27 2 68 22 15
#c 5 0 8 6 3 10 6 7 10 5 2 0 5 7 2 8 3 4 0 1 9 2 8 0 1 6 4 8 2 7 2 1 2 10 3 0 1 9 10 3 7 10 1 2 4 4 7 3 9 5 0 9 5 9 9 4 8 8 1 6 6 10 7 1 6 3 0 8 8
2 2 23 35 44 55
5 3 11 18 66 50 1 45 17 26
#c 5 0 8 6 3 10 6 7 10 5 2 0 5 7 2 8 3 4 0 1 9 2 8 0 1 6 4 8 2 7 2 1 2 10 3 0 1 9 10 3 7 10 1 2 4 4 7 3 9 5 0 9 5 9 9 4 8 8 1 6 6 10 7 1 6 3 0 8 8
2 3 31 63 1 66 23
5 4 58 36 19 42 24 11 18 35 50
#c 5 0 8 6 3 10 6 7 10 5 2 0 5 7 2 8 3 4 0 1 9 2 8 0 1 6 4 8 2 7 2 1 2 10 3 0 1 9 10 3 7 10 1 2 4 4 7 3 9 5 0 9 5 9 9 4 8 8 1 6 6 10 7 1 6 3 0 8 8
3 2 30 43 21 67 57
5 0 8 6 3 10 6 7 10 5 2 0 5 7 2 8 3 4 0 1 9 2 8 0 1 6 4 8 2 7 2 1 2 10 3 0 1 9 10 3 7 10 1 2 4 4 7 3 9 5 0 9 5 9 9 4 8 8 1 6 6 10 7 1 6 3 0 8 8
