#c 0 1 2 3 4 5 6 7 8 0 1 2 3 4 5 6 7 8 0 1 2 3 4 5 6 7 8 0 1 2 3 4 5 6 7 8 0 1 2 3 4 5 6 7 8 0 1 2 3 4 5 6 7
3 3 37 28 1 14 5 32
3 3 10 19 46 23 41 50
#c 0 5 2 3 4 1 6 7 8 0 1 2 3 4 1 6 7 8 0 1 2 3 4 5 6 7 8 0 5 2 3 4 1 6 7 8 0 5 2 3 4 5 6 7 8 0 1 2 3 4 5 6 7
1 1 2 35
5 4 11 20 29 38 47 8 17 26 44
#c 0 5 8 3 4 1 6 7 8 0 1 2 3 4 1 6 7 8 0 1 2 3 4 5 6 7 8 0 5 2 3 4 1 6 7 2 0 5 2 3 4 5 6 7 8 0 1 2 3 4 5 6 7
3 3 21 48 30 43 7 52
3 3 3 12 39 16 25 34
#c 0 5 8 3 4 1 6 7 8 0 1 2 3 4 1 6 7 8 0 1 2 3 4 5 6 7 8 0 5 2 3 4 1 6 7 2 0 5 2 3 4 5 6 7 8 0 1 2 3 4 5 6 7
3 3 40 13 49 17 26 2
3 2 4 22 31 8 44
#c 0 5 4 3 4 1 6 7 8 0 1 2 3 8 1 6 7 4 0 1 2 3 4 5 6 7 4 0 5 2 3 4 1 6 7 2 0 5 2 3 8 5 6 7 8 0 1 2 3 8 5 6 7
#c 0 5 4 3 4 1 6 7 8 0 1 2 3 8 1 6 7 4 0 1 2 3 4 5 6 7 4 0 5 2 3 4 1 6 7 2 0 5 2 3 8 5 6 7 8 0 1 2 3 8 5 6 7
#c 0 5 4 3 4 1 6 7 8 0 1 2 3 8 1 6 7 4 0 1 2 3 4 5 6 7 4 0 5 2 3 4 1 6 7 2 0 5 2 3 8 5 6 7 8 0 1 2 3 8 5 6 7
3 3 52 16 7 30 12 3
3 3 25 34 43 21 39 48
#c 0 5 4 3 4 1 6 7 8 0 1 2 3 8 1 6 7 4 0 1 2 3 4 5 6 7 4 0 5 2 3 4 1 6 7 2 0 5 2 3 8 5 6 7 8 0 1 2 3 8 5 6 7
2 2 49 8 3 21
3 4 44 40 13 12 30 39 48
#c 0 5 4 3 4 1 6 7 8 0 1 2 3 8 1 6 7 4 0 1 2 3 4 5 6 7 4 0 5 2 3 4 1 6 7 2 0 5 2 3 8 5 6 7 8 0 1 2 3 8 5 6 7
1 1 18 13
5 4 0 9 27 36 45 8 44 40 49
#c 0 5 4 3 4 1 6 7 8 0 1 2 3 0 1 6 7 4 8 1 2 3 4 5 6 7 4 0 5 2 3 4 1 6 7 2 0 5 2 3 8 5 6 7 8 0 1 2 3 8 5 6 7
1 1 5 20
5 5 10 19 46 14 32 11 29 38 47 35
#c 0 5 4 3 4 2 6 7 8 0 1 2 3 0 1 6 7 4 8 1 1 3 4 5 6 7 4 0 5 2 3 4 1 6 7 2 0 5 2 3 8 5 6 7 8 0 1 2 3 8 5 6 7
3 3 5 47 35 8 44 18
3 2 11 29 38 40 49
#c 0 5 4 3 4 2 6 7 8 0 1 2 3 0 1 6 7 4 8 1 1 3 4 5 6 7 4 0 5 2 3 4 1 6 7 2 0 5 2 3 8 5 6 7 8 0 1 2 3 8 5 6 7
3 3 39 21 48 46 20 32
3 3 3 12 30 10 19 14
#c 0 5 4 3 4 2 6 7 8 0 1 2 3 0 1 6 7 4 8 1 1 3 4 5 6 7 4 0 5 2 3 4 1 6 7 2 0 5 2 3 8 5 6 7 8 0 1 2 3 8 5 6 7
2 2 26 17 40 8
4 3 4 22 31 2 44 49 18
#c 0 5 4 3 4 2 6 7 8 0 1 2 3 0 1 6 7 4 8 1 1 3 4 5 6 7 4 0 5 2 3 4 1 6 7 2 0 5 2 3 8 5 6 7 8 0 1 2 3 8 5 6 7
2 2 50 37 26 31
4 4 23 41 28 1 4 22 17 2
#c 0 5 4 3 4 2 6 7 8 0 1 2 3 0 1 6 7 4 8 1 1 3 4 5 6 7 5 0 5 2 3 5 1 6 7 2 0 4 2 3 8 5 6 7 8 0 1 2 3 8 4 6 7
1 1 33 11
5 5 6 15 24 42 51 29 38 47 35 5
#c 0 5 4 3 4 2 6 7 8 0 1 6 3 0 1 6 7 4 8 1 1 3 4 5 6 7 5 0 5 2 3 5 1 2 7 2 0 4 2 3 8 5 6 7 8 0 1 2 3 8 4 6 7
2 2 25 7 31 23
4 4 16 34 43 52 41 28 1 26
#c 0 5 4 3 4 2 6 5 8 0 1 6 3 0 1 6 7 4 8 1 1 3 4 7 6 5 5 0 5 2 3 7 1 2 7 2 0 4 2 3 8 5 6 7 8 0 1 2 3 8 4 6 7
#c 0 5 4 3 4 2 6 5 8 0 1 6 3 0 1 6 7 4 8 1 1 3 4 7 6 5 5 0 5 2 3 7 1 2 7 2 0 4 2 3 8 5 6 7 8 0 1 2 3 8 4 6 7
#c 0 5 4 3 4 2 6 5 8 0 1 6 3 0 1 6 7 4 8 1 1 3 4 7 6 5 5 0 5 2 3 7 1 2 7 2 0 4 2 3 8 5 6 7 8 0 1 2 3 8 4 6 7
2 1 14 10 8
4 4 19 46 32 20 44 40 49 18
#c 0 5 4 3 4 2 6 5 8 0 1 6 3 0 1 6 7 4 8 1 1 3 4 7 6 5 5 0 5 2 3 7 1 2 7 2 0 4 2 3 8 5 6 7 8 0 1 2 3 8 4 6 7
2 2 47 29 34 43
4 4 38 35 5 33 16 52 31 23
#c 0 5 4 3 4 2 6 5 8 0 1 6 3 0 1 6 7 4 8 1 1 3 4 7 6 5 5 0 5 7 3 7 1 2 2 2 0 4 2 3 8 5 6 2 8 0 1 7 3 8 4 6 7
2 2 21 30 42 51
4 4 3 12 39 48 6 15 24 11
#c 0 5 4 3 4 2 6 5 8 0 1 6 3 0 1 6 7 4 8 1 1 3 4 7 6 5 5 0 5 7 3 7 1 2 2 2 0 4 2 3 8 5 6 2 8 0 1 7 3 8 4 6 7
3 3 50 22 37 3 48 30
3 3 4 17 2 12 21 39
#c 0 5 4 4 4 2 6 5 8 0 1 6 3 0 1 6 7 4 8 1 1 3 3 7 6 5 5 0 5 7 4 7 1 2 2 2 0 3 2 3 8 5 6 2 8 0 1 7 4 8 3 6 7
3 3 25 28 26 22 21 12
3 3 41 1 7 39 50 37
#c 0 5 4 4 4 2 6 5 8 0 1 6 5 0 1 6 7 4 8 1 1 5 5 7 6 3 3 0 3 7 4 7 1 2 2 2 0 3 2 3 8 5 6 2 8 0 1 7 4 8 3 6 7
1 1 11 19
5 5 6 15 24 42 51 10 46 14 32 20
#c 0 5 4 4 4 2 6 5 8 0 1 1 5 0 1 6 7 4 8 6 1 5 5 7 6 3 3 0 3 7 4 7 1 2 2 2 0 3 2 3 8 5 6 2 8 0 1 7 4 8 3 6 7
1 1 52 48
5 5 16 31 23 47 29 4 17 2 3 30
#c 0 5 4 4 4 2 6 5 8 0 1 1 5 0 1 6 7 4 8 6 1 5 5 7 6 3 3 0 3 7 4 7 1 2 2 2 0 3 2 3 8 5 6 2 8 0 1 7 4 8 3 6 7
1 1 18 16
4 5 8 44 40 49 52 31 23 47 29
#c 0 5 4 4 4 2 6 5 8 0 1 1 5 0 1 6 7 4 8 6 1 5 5 7 6 3 3 0 3 7 4 7 1 2 2 2 0 3 2 3 8 5 6 2 8 0 1 7 4 8 3 6 7
1 1 36 17
5 5 0 9 27 45 13 4 2 3 48 30
#c 0 5 4 4 4 2 6 5 8 0 1 1 5 0 1 6 7 4 8 6 1 5 5 7 6 3 3 0 3 7 4 7 1 2 2 2 0 3 2 3 8 5 6 2 8 0 1 7 4 8 3 6 7
3 3 10 14 46 43 34 5
3 3 32 20 11 38 35 33
#c 0 5 4 4 4 2 6 5 8 0 1 1 5 0 1 6 7 4 8 6 1 5 5 7 6 3 3 0 3 7 4 7 1 2 2 2 0 3 2 3 8 5 6 2 8 0 1 7 4 8 3 6 7
2 2 34 33 22 41
4 4 38 35 5 43 1 7 21 12
#c 0 5 4 4 4 2 6 5 8 0 1 1 5 0 1 6 7 4 8 6 1 5 5 7 6 3 3 0 3 7 4 7 1 2 2 2 0 3 2 3 8 5 6 2 8 0 1 7 4 8 3 6 7
2 2 26 25 5 34
4 4 39 50 37 28 38 35 33 43
#c 0 5 4 4 4 2 6 5 8 0 1 1 5 0 1 6 7 4 8 6 1 5 5 7 6 3 3 0 3 7 4 7 1 2 2 2 0 3 2 3 8 5 6 2 8 0 1 7 4 8 3 6 7
3 3 4 30 48 50 39 25
3 3 17 2 3 37 28 26
#c 0 5 4 4 4 2 6 5 8 0 1 1 5 0 1 6 7 4 8 6 1 5 5 7 6 3 3 0 3 7 4 7 1 2 2 2 0 3 2 3 8 5 6 2 8 0 1 7 4 8 3 6 7
3 3 7 22 41 23 52 47
3 3 1 21 12 16 31 29
#c 0 5 4 4 4 2 6 5 8 0 1 1 5 0 1 6 7 4 8 6 1 5 5 7 6 3 3 0 3 7 4 7 1 2 2 2 0 3 2 3 8 5 6 2 8 0 1 7 4 8 3 6 7
2 2 42 15 27 36
4 4 6 24 51 19 0 9 45 13
#c 0 5 4 4 4 2 6 5 8 0 1 1 5 0 1 0 7 4 8 6 1 5 5 7 6 3 3 6 3 7 4 7 1 2 2 2 6 3 2 3 8 5 0 2 8 0 1 7 4 8 3 6 7
1 1 52 27
5 5 16 31 23 47 29 6 24 51 19 36
#c 0 5 4 4 4 2 6 5 8 0 1 1 5 0 1 0 7 4 8 6 1 5 5 7 6 3 3 6 3 7 4 7 1 2 2 2 6 3 2 3 8 5 0 2 8 0 1 7 4 8 3 6 7
2 2 49 8 48 4
3 4 44 40 18 17 2 3 30
#c 0 5 4 4 4 2 6 5 8 0 1 1 5 0 1 0 7 4 8 6 1 5 5 7 6 3 3 6 3 7 4 7 1 2 2 2 6 3 2 3 8 5 0 2 8 0 1 7 4 8 3 6 7
1 1 15 17
5 5 0 9 45 13 42 4 2 3 48 30
#c 0 5 4 4 4 2 6 5 8 0 1 1 5 0 1 0 7 4 8 6 1 5 5 7 6 3 3 6 3 7 4 7 1 2 2 2 6 3 2 3 8 5 0 2 8 0 1 7 4 8 3 6 7
1 1 10 18
5 4 46 14 32 20 11 8 44 40 49
#c 0 5 4 4 4 2 6 5 8 0 1 1 5 0 1 0 7 4 8 6 1 5 5 7 6 3 3 6 3 7 4 7 1 2 2 2 6 3 2 3 8 5 0 2 8 0 1 7 4 8 3 6 7
2 2 35 5 0 45
4 4 38 33 34 43 9 13 42 15
#c 0 5 4 4 4 2 6 5 8 0 1 1 5 0 1 0 7 4 8 6 1 5 5 7 6 3 3 6 3 7 4 7 1 2 2 2 6 3 2 3 8 5 0 2 8 0 1 7 4 8 3 6 7
#c 0 5 4 4 4 2 6 5 8 0 1 1 5 0 1 0 7 4 8 6 1 5 5 7 6 3 3 6 3 7 4 7 1 2 2 2 6 3 2 3 8 5 0 2 8 0 1 7 4 8 3 6 7
1 1 17 38
5 5 4 2 3 48 30 35 5 33 34 43
#c 0 5 4 4 4 2 6 5 8 0 1 1 5 0 1 0 7 4 8 6 1 5 5 7 6 3 3 6 3 7 4 7 1 2 2 2 6 3 2 3 8 5 0 2 8 0 1 7 4 8 3 6 7
3 3 12 7 21 15 13 0
3 3 41 1 22 9 45 42
#c 0 5 4 4 4 2 6 5 8 0 1 1 5 0 1 0 7 4 8 6 1 5 5 7 6 3 3 6 3 7 4 7 1 2 2 2 6 3 2 3 8 5 0 2 8 0 1 7 4 8 3 6 7
2 2 19 24 2 48
4 4 6 51 27 36 4 17 3 30
#c 0 5 4 4 4 2 6 5 8 0 1 1 5 0 1 0 7 4 8 6 1 5 5 7 6 3 3 6 3 7 4 7 1 2 2 2 6 3 2 3 8 5 0 2 8 0 1 7 4 8 3 6 7
3 3 47 31 52 8 44 49
3 2 16 23 29 40 18
#c 0 5 4 4 4 2 6 5 8 0 1 1 5 0 1 0 7 4 8 6 1 5 5 7 6 3 3 6 3 7 4 7 1 2 2 2 6 3 2 3 8 5 0 2 8 0 1 7 4 8 3 6 7
#c 0 5 4 4 4 2 6 5 8 0 1 1 5 0 1 0 7 4 8 6 1 5 5 7 6 3 3 6 3 7 4 7 1 2 2 2 6 3 2 3 8 5 0 2 8 0 1 7 4 8 3 6 7
2 2 15 9 36 27
4 4 0 45 13 42 6 24 51 19
#c 0 5 4 4 4 2 6 5 8 0 1 1 5 0 1 0 7 4 8 6 1 5 5 7 6 3 3 6 3 7 4 7 1 2 2 2 6 3 2 3 8 5 0 2 8 0 1 7 4 8 3 6 7
1 1 32 35
5 5 10 46 14 20 11 38 5 33 34 43
#c 0 5 4 4 4 2 6 5 8 0 1 1 5 0 1 0 7 4 8 6 1 5 5 7 6 3 3 6 3 7 4 7 2 2 2 1 6 3 2 3 8 5 0 2 8 0 1 7 4 8 3 6 7
#c 0 5 4 4 4 2 6 5 8 0 1 1 5 0 1 0 7 4 8 6 1 5 5 7 6 3 3 6 3 7 4 7 2 2 2 1 6 3 2 3 8 5 0 2 8 0 1 7 4 8 3 6 7
1 1 25 51
5 5 39 50 37 28 26 6 24 19 27 36
#c 0 5 4 4 4 2 6 5 8 0 1 1 5 0 1 0 7 4 8 6 1 5 5 7 6 3 3 6 3 7 4 7 2 2 2 1 6 3 2 3 8 5 0 2 8 0 1 7 4 8 3 6 7
2 1 17 2 38
4 5 4 3 48 30 5 33 34 43 32
#c 0 5 4 4 4 2 6 5 8 0 1 1 5 0 1 0 7 4 8 6 1 5 5 7 6 3 3 6 3 7 4 7 2 2 2 1 6 3 2 3 8 5 0 2 8 0 1 7 4 8 3 6 7
2 3 12 41 4 48 3
4 3 1 7 22 21 17 2 30
#c 0 5 4 4 4 2 6 5 8 0 1 1 5 0 1 0 7 4 8 6 1 5 5 7 6 3 3 6 3 7 4 7 2 2 2 1 6 3 2 3 8 5 0 2 8 0 1 7 4 8 3 6 7
2 2 27 24 18 44
4 3 6 51 19 36 8 40 49
#c 0 5 4 4 4 2 6 5 8 0 1 1 5 0 1 0 7 4 8 6 1 5 5 7 6 3 3 6 3 7 4 7 2 2 2 1 6 3 2 3 8 5 0 2 8 0 1 7 4 8 3 6 7
3 3 47 31 52 36 27 24
3 3 16 23 29 6 51 19
#c 0 5 4 4 4 2 6 5 8 0 1 1 5 0 1 0 7 4 8 6 1 5 5 7 6 3 3 6 3 7 4 7 2 2 2 1 6 3 2 3 8 5 0 2 8 0 1 7 4 8 3 6 7
1 1 8 30
4 5 44 40 49 18 4 17 2 3 48
#c 0 5 4 4 4 2 6 5 8 0 1 1 5 0 1 0 7 4 8 6 1 5 5 7 6 3 3 6 3 7 4 7 2 2 2 1 6 3 2 3 8 5 0 2 8 0 1 7 4 8 3 6 7
2 3 45 13 8 49 40
4 2 0 9 42 15 44 18
#c 0 5 4 4 4 2 6 5 8 0 1 1 5 0 1 0 7 4 8 6 1 5 5 7 6 3 3 6 3 7 4 7 2 2 2 1 6 3 2 3 8 5 0 2 8 0 1 7 4 8 3 6 7
1 1 20 18
5 4 10 46 14 11 35 8 44 40 49
#c 0 5 4 4 4 2 6 5 8 0 1 1 5 0 1 0 7 4 8 6 1 5 5 7 6 3 3 6 3 7 4 7 2 2 2 1 6 3 2 3 8 5 0 2 8 0 1 7 4 8 3 6 7
2 3 38 5 40 49 18
4 2 33 34 43 32 8 44
#c 0 5 4 4 4 2 6 5 8 0 1 1 5 0 1 0 7 4 8 6 1 5 5 7 6 3 3 6 3 7 4 7 2 2 2 1 6 3 2 3 8 5 0 2 8 0 1 7 4 8 3 6 7
2 2 26 39 5 33
4 4 50 37 25 28 38 34 43 32
#c 0 5 4 4 4 2 6 5 8 0 1 1 5 0 1 0 7 4 8 6 1 5 5 7 6 3 3 6 3 7 4 7 2 2 2 1 6 3 2 3 8 5 0 2 8 0 1 7 4 8 3 6 7
2 2 3 48 50 39
4 4 4 17 2 30 37 25 28 26
#c 0 5 4 4 4 2 6 5 8 0 1 1 5 0 1 0 7 4 8 6 1 5 5 7 6 3 3 6 3 7 4 7 2 2 2 1 6 3 2 3 8 5 0 2 8 0 1 7 4 8 3 6 7
3 3 22 41 1 28 37 39
3 3 7 21 12 50 25 26
#c 0 5 4 4 4 2 6 5 8 0 1 1 5 0 1 0 7 4 8 6 1 5 5 7 6 3 3 6 3 7 4 7 2 2 2 1 6 3 2 3 8 5 0 2 8 0 1 7 4 8 3 6 7
1 1 36 32
5 5 6 24 51 19 27 38 5 33 34 43
#c 0 5 4 4 4 2 6 5 8 0 1 1 5 0 1 0 7 4 8 6 1 5 5 7 6 3 3 6 3 7 4 7 2 2 2 1 6 3 2 3 8 5 0 2 8 0 1 7 4 8 3 6 7
1 1 29 2
5 5 16 52 31 23 47 4 17 3 48 30
#c 0 5 4 4 4 2 6 5 8 0 1 1 5 0 1 0 7 4 8 6 1 5 5 7 6 3 3 6 3 7 4 7 2 2 2 1 6 3 2 3 8 5 0 2 8 0 1 7 4 8 3 6 7
1 1 8 2
4 5 44 40 49 18 4 17 3 48 30
#c 0 5 4 4 4 2 6 5 8 0 1 1 5 0 1 0 7 4 8 6 1 5 5 7 6 3 3 6 3 7 4 7 2 2 2 1 6 3 2 3 8 5 0 2 8 0 1 7 4 8 3 6 7
2 2 45 9 34 38
4 4 0 13 42 15 5 33 43 32
#c 0 5 4 4 4 2 6 5 8 0 1 1 5 0 1 0 7 4 8 6 1 5 5 7 6 3 3 6 3 7 4 7 2 2 2 1 6 3 2 3 8 5 0 2 8 0 1 7 4 8 3 6 7
2 2 35 10 51 36
4 4 46 14 20 11 6 24 19 27
#c 0 5 4 4 4 2 6 5 8 0 1 1 5 0 1 0 7 4 8 6 1 5 5 7 6 3 3 6 3 7 4 7 2 2 2 1 6 3 2 3 8 5 0 2 8 0 1 7 4 8 3 6 7
2 1 32 43 39
4 5 38 5 33 34 50 37 25 28 26
#c 0 5 4 4 4 2 6 5 8 0 1 1 5 0 1 0 7 4 8 6 1 5 5 7 6 3 3 6 3 7 4 7 2 2 2 1 6 3 2 3 8 5 0 2 8 0 1 7 4 8 3 6 7
1 1 26 1
5 5 39 50 37 25 28 41 7 22 21 12
#c 0 3 4 4 4 2 6 5 8 0 1 1 5 0 1 0 7 4 8 6 1 5 5 7 6 3 5 6 3 7 4 7 2 2 2 1 6 3 2 3 8 5 0 2 8 0 1 7 4 8 3 6 7
3 3 48 17 30 38 33 43
3 3 4 2 3 5 34 32
#c 0 3 4 4 4 2 6 5 8 0 1 1 5 0 1 0 7 4 8 6 1 5 5 7 6 3 5 6 3 7 4 7 2 2 2 1 6 3 2 3 8 5 0 2 8 0 1 7 4 8 3 6 7
1 1 7 35
5 5 41 22 21 12 26 10 46 14 20 11
#c 0 3 4 4 4 2 6 5 8 0 1 1 5 0 1 0 7 4 8 6 1 5 5 7 6 3 5 6 3 7 4 7 2 2 2 1 6 3 2 3 8 5 0 2 8 0 1 7 4 8 3 6 7
1 1 51 43
5 5 6 24 19 27 36 38 5 33 34 32
#c 0 3 4 4 4 2 6 5 8 0 1 1 5 0 1 0 7 4 8 6 1 5 5 7 6 3 5 6 3 7 4 7 2 2 2 1 6 3 2 3 8 5 0 2 8 0 1 7 4 8 3 6 7
3 3 23 16 31 12 7 41
3 3 52 47 29 22 21 26
#c 0 3 4 4 4 2 6 5 8 0 1 1 5 0 1 0 7 4 8 6 1 5 5 7 6 3 5 6 3 7 4 7 2 2 2 1 6 3 2 3 8 5 0 2 8 0 1 7 4 8 3 6 7
2 2 40 44 26 22
3 4 8 49 18 41 7 21 12
#c 0 3 4 4 4 2 6 5 8 0 1 1 5 0 1 0 7 4 8 6 1 5 5 7 6 3 5 6 3 7 4 7 2 2 2 1 6 3 2 3 8 5 0 2 8 0 1 7 4 8 3 6 7
1 1 9 43
5 5 0 45 13 42 15 38 5 33 34 32
#c 0 3 4 4 4 2 6 5 8 0 1 1 5 0 1 0 7 4 8 6 1 5 5 7 6 3 5 6 3 7 4 7 2 2 2 1 6 3 2 3 8 5 0 2 8 0 1 7 4 8 3 6 7
#c 0 3 4 4 4 2 6 5 8 0 1 1 5 0 1 0 7 4 8 6 1 5 5 7 6 3 5 6 3 7 4 7 2 2 2 1 6 3 2 3 8 5 0 2 8 0 1 7 4 8 3 6 7
2 2 38 34 15 9
4 4 5 33 43 32 0 45 13 42
#c 0 3 4 4 4 2 6 5 8 0 1 1 5 0 1 0 7 4 8 6 1 5 5 7 6 3 5 6 3 7 4 7 2 2 2 1 6 3 2 3 8 5 0 2 8 0 1 7 4 8 3 6 7
2 2 28 1 7 22
4 4 39 50 37 25 41 21 12 26
#c 0 3 4 4 4 2 6 5 8 0 1 1 5 0 1 0 7 4 8 6 1 5 5 7 6 3 5 6 3 7 4 7 2 2 2 1 6 3 2 3 8 5 0 2 8 0 1 7 4 8 3 6 7
2 2 4 17 44 40
4 3 2 3 48 30 8 49 18
#c 0 3 4 4 4 2 6 5 8 0 1 1 5 0 1 0 7 4 8 6 1 5 5 7 6 3 5 6 3 7 4 7 2 2 2 1 6 3 2 3 8 5 0 2 8 0 1 7 4 8 3 6 7
2 2 12 7 40 49
4 3 41 22 21 26 8 44 18
#c 0 3 4 4 4 2 6 8 8 0 1 1 8 0 1 0 7 4 8 6 1 5 5 7 6 3 5 6 3 7 4 7 2 2 2 1 6 3 2 3 5 5 0 2 8 0 1 7 4 5 3 6 7
1 1 27 29
5 5 6 24 51 19 36 16 52 31 23 47
#c 0 3 4 4 4 2 6 8 8 0 1 1 8 0 1 0 7 4 8 6 1 5 5 7 6 3 5 6 3 7 4 7 2 2 2 1 6 3 2 3 5 5 0 2 8 0 1 7 4 5 3 6 7
3 3 29 52 16 36 51 19
3 3 31 23 47 6 24 27
#c 0 3 4 4 4 2 6 8 8 0 1 1 8 0 1 0 7 4 8 6 1 5 5 7 6 3 5 6 3 7 4 7 2 2 2 1 6 3 2 3 5 5 0 2 8 0 1 7 4 5 3 6 7
2 3 8 18 30 4 2
3 3 44 12 7 17 3 48
#c 0 3 4 4 4 2 6 8 8 0 1 1 8 0 1 0 7 4 8 6 1 5 5 7 6 3 5 6 3 7 4 7 2 2 2 1 6 3 2 3 5 5 0 2 8 0 1 7 4 5 3 6 7
1 1 42 25
5 5 0 9 45 13 15 39 50 37 28 1
#c 0 3 4 4 4 2 6 8 8 0 1 1 8 0 1 0 7 4 8 6 1 5 5 7 6 3 5 6 3 7 4 7 2 2 2 1 6 3 2 3 5 5 0 2 8 0 1 7 4 5 3 6 7
2 1 14 46 4
4 5 10 20 11 35 17 2 3 48 30
#c 0 3 4 4 4 2 6 8 8 0 1 1 8 0 1 0 7 4 8 6 1 5 5 7 6 3 5 6 3 7 4 7 2 2 2 1 6 3 2 3 5 5 0 2 8 0 1 7 4 5 3 6 7
3 3 43 34 33 36 27 24
3 3 38 5 32 6 51 19
#c 0 3 4 4 4 2 6 8 8 0 1 1 8 0 1 0 7 4 8 6 1 5 5 7 6 3 5 6 3 7 4 7 2 2 2 1 6 3 2 3 5 5 0 2 8 0 1 7 4 5 3 6 7
1 1 28 29
5 5 39 50 37 25 1 16 52 31 23 47
#c 0 3 4 4 4 2 6 8 8 0 1 1 8 0 1 0 7 4 8 6 1 5 5 7 6 3 5 6 3 7 4 7 2 2 2 1 6 3 2 3 5 5 0 2 8 0 1 7 4 5 3 6 7
2 3 4 30 39 1 37
4 3 17 2 3 48 50 25 28
#c 0 3 4 4 4 2 6 8 8 0 1 1 8 0 1 0 7 4 8 6 1 5 5 7 6 3 5 6 3 7 4 7 2 2 2 1 6 3 2 3 5 5 0 2 8 0 1 7 4 5 3 6 7
#c 0 3 4 4 4 2 6 8 8 0 1 1 8 0 1 0 7 4 8 6 1 5 5 7 6 3 5 6 3 7 4 7 2 2 2 1 6 3 2 3 5 5 0 2 8 0 1 7 4 5 3 6 7
2 1 51 36 9
4 5 6 24 19 27 0 45 13 42 15
#c 0 3 4 4 4 2 6 8 8 0 1 1 8 0 1 0 7 4 8 6 1 5 5 7 6 3 5 6 3 7 4 7 2 2 2 1 6 3 2 3 5 5 0 2 8 0 1 7 4 5 3 6 7
1 1 31 51
5 5 16 52 23 47 29 6 24 19 27 36
#c 0 3 4 4 4 2 6 8 8 0 1 1 8 0 1 0 7 4 8 6 1 5 5 7 6 3 5 6 3 7 4 7 2 2 2 1 6 3 2 3 5 5 0 2 8 0 1 7 4 5 3 6 7
2 2 7 8 36 6
3 4 44 18 12 24 51 19 27
#c 0 3 4 4 4 2 6 8 8 0 1 1 8 0 1 0 7 4 8 6 1 5 5 7 6 3 5 6 3 7 4 7 2 2 2 1 6 3 2 3 5 5 0 2 8 0 1 7 4 5 3 6 7
1 1 13 49
5 5 0 9 45 42 15 41 22 21 26 40
#c 0 3 4 4 4 2 6 8 8 0 1 1 8 5 1 0 7 4 8 6 1 5 5 7 6 3 5 6 3 7 4 7 2 2 2 1 6 3 2 3 5 5 0 2 8 0 1 7 4 0 3 6 7
3 3 10 14 11 45 0 15
3 3 46 20 35 9 42 49
#c 0 3 4 4 4 2 6 8 8 0 1 1 8 5 1 0 7 4 8 6 1 5 5 7 6 3 5 6 3 7 4 7 2 2 2 1 6 3 2 3 5 5 0 2 8 0 1 7 4 0 3 6 7
3 3 38 34 43 16 29 31
3 3 5 33 32 52 23 47
#c 0 3 4 4 4 2 6 8 8 0 1 1 8 5 1 0 2 4 8 6 1 5 5 7 6 3 5 6 3 2 4 2 2 2 7 1 6 3 7 3 5 5 0 7 8 0 1 7 4 0 3 6 7
2 2 28 50 10 14
4 4 39 37 25 1 46 20 11 35
#c 0 3 4 4 4 2 6 8 8 0 1 1 8 5 1 0 2 4 8 6 1 5 5 7 6 3 5 6 3 2 4 2 2 2 7 1 6 3 7 3 5 5 0 7 8 0 1 7 4 0 3 6 7
2 1 3 4 10
4 5 17 2 48 30 46 14 20 11 35
#c 0 3 4 4 4 2 6 8 8 0 1 1 8 5 1 0 2 4 8 6 1 5 5 7 6 3 5 6 3 2 4 2 2 2 7 1 6 3 7 3 5 5 0 7 8 0 1 7 4 0 3 6 7
#c 0 3 4 4 4 2 6 8 8 0 1 1 8 5 1 0 2 4 8 6 1 5 5 7 6 3 5 6 3 2 4 2 2 2 7 1 6 3 7 3 5 5 0 7 8 0 1 7 4 0 3 6 7
3 3 6 27 24 40 41 26
3 3 51 19 36 22 21 13
#c 0 3 4 4 4 2 6 8 8 0 1 1 8 5 1 0 2 4 8 6 1 5 5 7 6 3 5 6 3 2 4 2 2 2 7 1 6 3 7 3 5 5 0 7 8 0 1 7 4 0 3 6 7
2 2 23 34 17 30
4 4 52 47 38 43 4 2 3 48
#c 0 3 4 4 4 2 6 8 8 0 1 1 8 5 1 0 2 4 8 6 1 5 5 7 6 3 5 6 3 2 4 2 2 2 7 1 6 3 7 3 5 5 0 7 8 0 1 7 4 0 3 6 7
1 1 8 29
4 5 44 18 12 7 5 33 32 16 31
#c 0 3 4 4 4 2 6 8 8 0 1 1 8 5 1 0 2 4 8 6 1 5 5 7 6 3 5 6 3 2 4 2 2 2 7 1 6 3 7 3 5 5 0 7 8 0 1 7 4 0 3 6 7
2 2 15 49 14 46
4 4 0 9 45 42 10 20 11 35
#c 0 3 4 4 4 2 6 8 8 0 1 1 8 5 1 0 2 4 8 6 1 5 5 7 6 3 5 6 3 2 4 2 2 2 7 1 6 3 7 3 5 5 0 7 8 0 1 7 4 0 3 6 7
2 2 10 11 45 0
4 4 46 14 20 35 9 42 15 49
#c 0 3 4 4 4 2 6 8 8 0 1 1 8 5 1 0 2 4 8 6 1 5 5 7 6 3 5 6 3 2 4 2 2 2 7 1 6 3 7 3 5 5 0 7 8 0 1 7 4 0 3 6 7
2 1 32 5 30
4 5 33 16 29 31 4 17 2 3 48
#c 0 3 4 4 4 2 6 8 8 0 1 1 8 5 1 0 2 4 8 6 1 5 5 7 6 3 5 6 3 2 4 2 2 2 7 1 6 3 7 3 5 5 0 7 8 0 1 7 4 0 3 6 7
1 1 50 48
5 5 39 37 25 28 1 4 17 2 3 30
#c 0 3 4 4 4 2 6 8 8 0 1 1 8 5 1 0 2 4 8 6 1 5 5 7 6 3 5 6 3 2 4 2 2 2 7 1 6 3 7 3 5 5 0 7 8 0 1 7 4 0 3 6 7
3 3 30 2 3 9 0 15
3 3 4 17 48 45 42 49
#c 0 3 4 4 4 2 6 8 8 0 1 1 8 5 1 0 2 4 8 6 1 5 5 7 6 3 5 6 3 2 4 2 2 2 7 1 6 3 7 3 5 5 0 7 8 0 1 7 4 0 3 6 7
1 1 40 2
5 5 41 22 21 26 13 4 17 3 48 30
#c 0 3 4 4 4 2 6 8 8 0 1 1 8 5 1 0 2 4 8 6 1 5 5 7 6 3 5 6 3 2 4 2 2 2 7 1 6 3 7 3 5 5 0 7 8 0 1 7 4 0 3 6 7
1 1 36 7
5 4 6 24 51 19 27 8 44 18 12
#c 0 3 4 4 4 2 6 8 8 0 1 1 8 5 1 0 2 4 8 6 1 5 5 7 6 3 5 6 3 2 4 2 2 2 7 1 6 3 7 3 5 5 0 7 8 0 1 7 4 0 3 6 7
2 2 47 43 19 24
4 4 52 23 38 34 6 51 27 36
#c 0 3 4 4 4 2 6 8 8 0 1 1 8 5 1 0 2 4 8 6 1 5 5 7 6 3 5 6 3 2 4 2 2 2 7 1 6 3 7 3 5 5 0 7 8 0 1 7 4 0 3 6 7
2 1 18 8 3
3 5 44 12 7 4 17 2 48 30
#c 0 3 4 4 4 2 6 8 8 0 1 1 8 5 1 0 2 4 8 6 1 5 5 7 6 3 5 6 3 2 4 2 2 2 7 1 6 3 7 3 5 5 0 7 8 0 1 7 4 0 3 6 7
#c 0 3 4 4 4 2 6 8 8 0 1 1 8 5 1 0 2 4 8 6 1 5 5 7 6 3 5 6 3 2 4 2 2 2 7 1 6 3 7 3 5 5 0 7 8 0 1 7 4 0 3 6 7
2 3 10 35 48 2 17
4 3 46 14 20 11 4 3 30
#c 0 3 4 4 4 2 6 8 8 0 1 1 8 5 1 0 2 4 8 6 1 5 5 7 6 3 5 6 3 2 4 2 2 2 7 1 6 3 7 3 5 5 0 7 8 0 1 7 4 0 3 6 7
1 1 33 13
5 5 5 32 16 29 31 41 22 21 26 40
#c 0 3 4 4 4 2 6 8 8 0 1 1 8 5 1 0 2 4 8 6 1 5 5 7 6 3 5 6 3 2 4 2 2 2 7 1 6 3 7 3 5 5 0 7 8 0 1 7 4 0 3 6 7
2 2 28 39 46 20
4 4 50 37 25 1 10 14 11 35
#c 0 3 4 4 4 2 6 8 8 0 1 1 8 5 1 0 2 4 8 6 3 5 5 7 6 3 5 6 1 2 4 2 2 2 7 1 6 3 7 1 5 5 0 7 8 0 3 7 4 0 3 6 7
3 3 30 48 4 31 5 32
3 3 17 2 3 33 16 29
#c 0 3 4 4 4 2 6 8 8 0 1 1 8 5 1 0 2 4 8 6 3 5 5 7 6 3 5 6 1 2 4 2 2 2 7 1 6 3 7 1 5 5 0 7 8 0 3 7 4 0 3 6 7
3 3 26 41 13 52 34 38
3 3 22 21 40 23 47 43
#c 0 3 4 4 4 2 6 8 8 0 1 1 8 5 1 0 2 4 8 6 3 5 5 7 6 3 5 6 1 2 4 2 2 2 7 1 6 3 7 1 5 5 0 7 8 0 3 7 4 0 3 6 7
2 2 51 24 34 52
4 4 6 19 27 36 23 47 38 43
#c 0 3 4 4 4 2 6 8 8 0 1 1 8 5 1 0 2 4 8 6 3 5 5 7 6 3 5 6 1 2 4 2 2 2 7 1 6 3 7 1 5 5 0 7 8 0 3 7 4 0 3 6 7
3 3 34 43 23 6 24 36
3 3 52 47 38 51 19 27
#c 0 3 4 4 4 2 6 8 8 0 1 1 8 5 1 0 2 4 8 6 3 5 5 7 6 3 5 6 1 2 4 2 2 2 7 1 6 3 7 1 5 5 0 7 8 0 3 7 4 0 3 6 7
2 2 18 44 47 38
3 4 8 12 7 52 23 34 43
#c 0 3 4 4 4 2 6 8 8 0 1 1 8 5 1 0 2 4 8 6 3 5 5 7 6 3 5 6 1 2 4 2 2 2 7 1 6 3 7 1 5 5 0 7 8 0 3 7 4 0 3 6 7
3 3 0 15 9 30 3 2
#c 0 3 4 4 4 2 6 8 8 0 1 1 8 5 1 0 2 4 8 6 3 5 5 7 6 3 5 6 1 2 4 2 2 2 7 1 6 3 7 1 5 5 0 7 8 0 3 7 4 0 3 6 7
3 3 14 35 39 22 21 13
3 3 10 11 28 41 26 40
#c 0 3 4 4 4 2 6 8 8 0 1 1 8 5 1 0 2 4 8 6 3 5 5 7 6 3 5 6 1 2 4 2 2 2 7 1 6 3 7 1 5 5 0 7 8 0 3 7 4 0 3 6 7
#c 0 3 4 4 4 2 6 8 8 0 1 1 8 5 1 0 2 4 8 6 3 5 5 7 6 3 5 6 1 2 4 2 2 2 7 1 6 3 7 1 5 5 0 7 8 0 3 7 4 0 3 6 7
3 4 50 20 46 3 17 30 4
3 2 37 25 1 2 48
#c 0 3 4 4 4 2 6 8 8 0 1 1 8 5 1 0 2 4 8 6 3 5 5 7 6 3 5 6 1 2 4 2 2 2 7 1 6 3 7 1 5 5 0 7 8 0 3 7 4 0 3 6 7
#c 0 3 4 4 4 2 6 8 8 0 1 1 8 5 1 0 2 4 8 6 3 5 5 7 6 3 5 6 1 2 4 2 2 2 7 1 6 3 7 1 5 5 0 7 8 0 3 7 4 0 3 6 7
3 4 41 22 40 24 6 36 27
3 2 21 26 13 51 19
#c 0 3 4 4 4 2 6 8 8 0 1 1 8 5 1 0 2 4 8 6 3 5 5 7 6 3 5 6 1 2 4 2 2 2 7 1 6 3 7 1 5 5 0 7 8 0 3 7 4 0 3 6 7
1 1 19 12
5 4 6 24 51 27 36 8 44 18 7
#c 0 3 4 4 4 2 6 8 8 0 1 1 8 5 1 0 2 4 8 6 3 5 5 7 6 3 5 6 1 2 4 2 2 2 7 1 6 3 7 1 5 5 0 7 8 0 3 7 4 0 3 6 7
2 2 52 47 27 19
4 4 23 38 34 43 6 24 51 36
#c 0 3 4 4 4 2 6 8 8 0 1 1 8 5 1 0 2 4 8 6 3 5 5 7 6 3 5 6 1 2 4 2 2 2 7 1 6 3 7 1 5 5 0 7 8 0 3 7 4 0 3 6 7
2 2 18 8 32 5
3 4 44 12 7 33 16 29 31
#c 0 3 4 4 4 2 6 8 8 0 1 1 8 5 1 0 2 4 8 6 3 5 5 7 6 3 5 6 1 2 4 2 2 2 7 1 6 3 7 1 5 5 0 7 8 0 3 7 4 0 3 6 7
1 1 42 21
5 5 0 9 45 15 49 41 22 26 40 13
#c 0 3 4 4 4 2 6 8 8 0 1 1 8 5 1 0 2 4 8 6 3 5 5 7 6 3 5 6 1 2 4 2 2 2 7 1 6 3 7 1 5 5 0 7 8 0 3 7 4 0 3 6 7
2 1 14 10 52
4 5 11 35 28 39 23 47 38 34 43
#c 0 3 4 4 4 2 6 8 8 0 1 1 8 5 1 0 2 4 8 6 3 5 5 7 6 3 5 6 1 2 4 2 2 2 7 1 6 3 7 1 5 5 0 7 8 0 3 7 4 0 3 6 7
#c 0 3 4 4 4 2 6 8 8 0 1 1 8 5 1 0 2 4 8 6 3 5 5 7 6 3 5 6 1 2 4 2 2 2 7 1 6 3 7 1 5 5 0 7 8 0 3 7 4 0 3 6 7
1 1 25 6
5 5 50 37 1 46 20 24 51 19 27 36
#c 0 3 4 4 4 2 6 8 8 0 1 1 8 5 1 0 2 4 8 6 3 5 5 7 6 3 5 6 1 2 4 2 2 2 7 1 6 3 7 1 5 5 0 7 8 0 3 7 4 0 3 6 7
3 3 30 48 2 8 7 18
3 2 4 17 3 44 12
#c 0 3 4 4 4 2 6 8 8 0 1 1 8 5 1 0 2 4 8 6 3 5 5 7 6 3 5 6 1 2 4 2 2 2 7 1 6 3 7 1 5 5 0 7 8 0 3 7 4 0 3 6 7
2 2 40 21 29 33
4 4 41 22 26 13 5 32 16 31
#c 0 3 4 4 4 2 6 8 8 0 1 1 8 5 1 0 2 4 8 6 3 5 5 7 6 3 5 6 1 2 4 2 2 2 7 1 6 3 7 1 5 5 0 7 8 0 3 7 4 0 3 6 7
2 2 36 24 45 42
4 4 6 51 19 27 0 9 15 49
#c 0 3 4 4 4 2 6 8 8 0 1 1 8 5 1 0 2 4 8 6 3 5 5 7 6 3 5 6 1 2 4 2 2 2 7 1 6 3 7 1 5 5 0 7 8 0 3 7 4 0 3 6 7
3 3 23 34 38 26 40 21
3 3 52 47 43 41 22 13
#c 0 3 4 4 4 2 6 8 8 0 1 1 8 5 1 0 2 4 8 6 3 5 5 7 6 3 5 6 1 2 4 2 2 2 7 1 6 3 7 1 5 5 0 7 8 0 3 7 4 0 3 6 7
1 1 7 13
4 5 8 44 18 12 41 22 21 26 40
#c 0 3 4 4 4 2 6 8 8 0 1 1 8 5 1 0 2 4 8 6 3 5 5 7 6 3 5 6 1 2 4 2 2 2 7 1 6 3 7 1 5 5 0 7 8 0 3 7 4 0 3 6 7
2 3 49 9 27 51 24
4 3 0 45 42 15 6 19 36
#c 0 3 4 4 4 2 6 8 8 0 1 1 8 5 1 0 2 4 8 6 3 5 5 7 6 3 5 6 1 2 4 2 2 2 7 1 6 3 7 1 5 5 0 7 8 0 3 7 4 0 3 6 7
#c 0 3 4 4 4 2 6 8 8 0 1 1 8 5 1 0 2 4 8 6 3 5 5 7 6 3 5 6 1 2 4 2 2 2 7 1 6 3 7 1 5 5 0 7 8 0 3 7 4 0 3 6 7
2 2 5 32 21 41
4 4 33 16 29 31 22 26 40 13
#c 0 3 4 4 4 2 6 8 8 0 1 1 8 5 1 0 2 4 8 6 3 5 5 7 6 3 5 6 1 2 4 2 2 2 7 1 6 3 7 1 5 5 0 7 8 0 3 7 4 0 3 6 7
2 4 25 50 30 48 4 3
4 2 37 1 46 20 17 2
#c 0 3 4 4 4 2 6 8 8 0 1 1 8 5 1 0 2 4 8 6 3 5 5 7 6 3 5 6 1 2 4 2 2 2 7 1 6 3 7 1 5 5 0 7 8 0 3 7 4 0 3 6 7
#c 0 3 4 4 4 2 6 8 8 0 1 1 8 5 1 0 2 4 8 6 3 5 5 7 6 3 5 6 1 2 4 2 2 2 7 1 6 3 7 1 5 5 0 7 8 0 3 7 4 0 3 6 7
3 3 21 13 41 52 23 43
3 3 22 26 40 47 38 34
#c 0 3 4 4 4 2 6 8 8 0 1 1 8 7 1 0 2 4 8 6 3 7 5 5 6 3 5 6 1 2 4 2 2 2 7 1 6 3 7 1 5 7 0 5 8 0 3 7 4 0 3 6 5
2 4 51 27 3 17 48 2
4 2 6 24 19 36 4 30
#c 0 3 4 4 4 2 6 8 8 0 1 1 8 7 1 0 2 4 8 6 3 7 5 5 6 3 5 6 1 2 4 2 2 2 7 1 6 3 7 1 5 7 0 5 8 0 3 7 4 0 3 6 5
3 3 34 41 47 12 44 8
3 2 38 21 13 18 7
#c 0 3 4 4 4 2 6 8 8 0 1 1 8 7 1 0 2 4 8 6 3 7 5 5 6 3 5 6 1 2 4 2 2 2 7 1 6 3 7 1 5 7 0 5 8 0 3 7 4 0 3 6 5
2 2 8 18 33 29
3 4 44 12 7 5 32 16 31
#c 0 3 4 4 4 2 6 8 8 0 1 1 8 7 1 0 2 4 8 6 3 7 5 5 6 3 5 6 1 2 4 2 2 2 7 1 6 3 7 1 5 7 0 5 8 0 3 7 4 0 3 6 5
1 1 45 28
5 5 0 9 42 15 49 10 14 11 35 39
#c 0 3 4 4 4 2 6 8 8 0 1 1 8 7 1 0 2 4 8 6 3 7 5 5 6 3 5 6 1 2 4 2 2 2 7 1 6 3 7 1 5 7 0 5 8 0 3 7 4 0 3 6 5
3 3 39 28 11 13 47 38
3 3 10 14 35 34 21 41
#c 0 3 4 4 4 2 6 8 8 0 1 1 8 7 1 0 2 4 8 6 3 7 5 5 6 3 5 6 1 2 4 2 2 2 7 1 6 3 7 1 5 7 0 5 8 0 3 7 4 0 3 6 5
3 3 32 31 5 8 18 12
3 2 33 16 29 44 7
#c 0 3 4 4 4 2 6 8 8 0 1 1 8 7 1 0 2 4 8 6 3 7 5 5 6 3 5 6 1 2 4 2 2 2 7 1 6 3 7 1 5 7 0 5 8 0 3 7 4 0 3 6 5
3 3 1 46 50 11 35 28
3 3 37 25 20 10 14 39
#c 0 3 4 4 4 2 6 8 8 0 1 1 8 7 1 0 2 4 8 6 3 7 5 5 6 3 5 6 1 2 4 2 2 2 7 1 6 3 7 1 5 7 0 5 8 0 3 7 4 0 3 6 5
2 2 17 48 19 36
4 4 4 2 3 30 6 24 51 27
#c 0 3 4 4 4 2 6 8 8 0 1 1 8 7 1 0 2 4 8 6 3 7 5 5 6 3 5 6 1 2 4 2 2 2 7 1 6 3 7 1 5 7 0 5 8 0 3 7 4 0 3 6 5
2 2 23 52 14 11
4 4 22 26 40 43 10 35 28 39
#c 0 3 4 4 4 2 6 8 8 0 1 5 8 7 5 0 2 4 8 6 3 7 5 1 6 3 5 6 1 2 4 2 2 2 7 1 6 3 7 1 5 7 0 5 8 0 3 7 4 0 3 6 1
2 2 27 19 14 40
4 4 6 24 51 36 22 26 43 11
#c 0 3 4 4 4 2 6 8 8 0 1 5 8 7 5 0 2 4 8 6 3 7 5 1 6 3 5 6 1 2 4 2 2 2 7 1 6 3 7 1 5 7 0 5 8 0 3 7 4 0 3 6 1
3 2 41 21 38 5 31
3 4 47 34 13 33 32 16 29
#c 0 3 4 4 4 2 6 8 8 0 1 5 8 7 5 0 2 4 8 6 3 7 5 1 6 3 5 6 1 2 4 2 2 2 7 1 6 3 7 1 5 7 0 5 8 0 3 7 4 0 3 6 1
1 1 44 22
4 5 8 18 12 7 26 40 43 14 11
#c 0 3 4 4 4 2 6 8 8 0 1 5 8 7 5 0 2 4 8 6 3 7 5 1 6 3 5 6 1 2 4 2 2 2 7 1 6 3 7 1 5 7 0 5 8 0 3 7 4 0 3 6 1
2 2 9 49 34 38
4 4 0 45 42 15 47 21 13 41
#c 0 3 4 4 4 2 6 8 8 0 1 5 8 7 5 0 2 4 8 6 3 7 5 1 6 3 5 6 1 2 4 2 2 2 7 1 6 3 7 1 5 7 0 5 8 0 3 7 4 0 3 6 1
3 3 39 10 28 17 2 48
3 3 35 23 52 4 3 30
#c 0 3 4 4 4 2 6 8 8 0 1 5 8 7 5 0 2 4 8 6 3 7 5 1 6 3 5 6 1 2 4 2 2 2 7 1 6 3 7 1 5 7 0 5 8 0 3 7 4 0 3 6 1
2 2 31 5 3 17
4 4 33 32 16 29 4 2 48 30
#c 0 3 4 4 4 2 6 8 8 0 1 5 8 7 5 0 2 4 8 6 3 7 5 1 6 3 5 6 1 2 4 2 2 2 7 1 6 3 7 1 5 7 0 5 8 0 3 7 4 0 3 6 1
#c 0 3 4 4 4 2 6 8 8 0 1 5 8 7 5 0 2 4 8 6 3 7 5 1 6 3 5 6 1 2 4 2 2 2 7 1 6 3 7 1 5 7 0 5 8 0 3 7 4 0 3 6 1
2 2 30 3 32 29
4 4 4 17 2 48 5 33 16 31
#c 0 3 4 4 4 2 6 8 8 0 1 5 8 7 5 0 2 4 8 6 3 7 5 1 6 3 5 6 1 2 4 2 2 2 7 1 6 3 7 1 5 7 0 5 8 0 3 7 4 0 3 6 1
2 2 11 26 37 50
4 4 22 40 43 14 25 1 46 20
#c 0 3 4 4 4 2 6 8 8 0 1 5 8 7 5 0 2 4 8 6 3 7 5 1 6 3 5 6 1 2 4 2 2 2 7 1 6 3 7 1 5 7 0 5 8 0 3 7 4 0 3 6 1
3 3 6 51 36 2 4 17
3 3 24 19 27 3 48 30
#c 0 3 4 4 4 2 6 8 8 0 1 5 8 7 5 0 2 4 8 6 3 7 5 1 6 3 5 6 1 2 4 2 2 2 7 1 6 3 7 1 5 7 0 5 8 0 3 7 4 0 3 6 1
3 4 34 13 38 22 14 26 11
3 2 47 21 41 40 43
#c 0 3 4 4 4 2 6 8 8 0 1 5 8 7 5 0 2 4 8 6 3 7 5 1 6 3 5 6 1 2 4 2 2 2 7 1 6 3 7 1 5 7 0 5 8 0 3 7 4 0 3 6 1
1 1 8 21
4 5 44 18 12 7 47 38 34 13 41
#c 0 3 4 4 4 2 6 8 8 0 1 5 8 7 5 0 2 4 8 6 3 7 5 1 6 3 5 6 1 2 4 2 2 2 7 1 6 3 7 1 5 7 0 5 8 0 3 7 4 0 3 6 1
#c 0 3 4 4 4 2 6 8 8 0 1 5 8 7 5 0 2 4 8 6 3 7 5 1 6 3 5 6 1 2 4 2 2 2 7 1 6 3 7 1 5 7 0 5 8 0 3 7 4 0 3 6 1
1 1 10 0
5 5 35 28 39 23 52 9 45 42 15 49
#c 1 3 4 4 4 2 6 8 8 0 0 5 8 7 5 0 2 4 8 6 3 7 5 1 6 3 5 6 1 2 4 2 2 2 7 1 6 3 7 1 5 7 0 5 8 0 3 7 4 0 3 6 1
3 3 31 32 16 4 30 3
3 3 5 33 29 17 2 48
#c 1 3 4 4 4 2 6 8 8 0 0 5 8 7 5 0 2 4 8 6 3 7 5 1 6 3 5 6 1 2 4 2 2 2 7 1 6 3 7 1 5 7 0 5 8 0 3 7 4 0 3 6 1
2 2 50 25 6 27
4 4 37 1 46 20 24 51 19 36
#c 1 3 4 4 4 2 6 8 8 0 0 5 8 7 5 0 2 4 8 6 3 7 5 1 6 3 5 6 1 2 4 2 2 2 7 1 6 3 7 1 5 7 0 5 8 0 3 7 4 0 3 6 1
1 1 17 13
5 5 4 2 3 48 30 47 38 34 21 41
#c 1 3 4 4 4 2 6 8 8 0 0 5 8 7 5 0 2 4 8 6 3 7 5 1 6 3 5 6 1 2 4 2 2 2 7 1 6 3 7 1 5 7 0 5 8 0 3 7 4 0 3 6 1
3 5 40 43 14 20 46 1 37 25
3 1 22 26 11 50
#c 1 3 4 4 4 2 6 8 8 0 0 5 8 7 5 0 2 4 8 6 3 7 5 1 6 3 5 6 1 2 4 2 2 2 7 1 6 3 7 1 5 7 0 5 8 0 3 7 4 0 3 6 1
2 2 6 27 44 8
4 3 24 51 19 36 18 12 7
#c 1 3 4 4 4 2 6 8 8 0 0 5 8 7 5 0 2 4 8 6 3 7 5 1 6 3 5 6 1 2 4 2 2 2 7 1 6 3 7 1 5 7 0 5 8 0 3 7 4 0 3 6 1
1 1 13 8
5 4 47 38 34 21 41 44 18 12 7
#c 1 3 4 4 4 2 6 8 8 0 0 5 8 7 5 0 2 4 8 6 3 7 5 1 6 3 5 6 1 2 4 2 2 2 7 1 6 3 7 1 5 7 0 5 8 0 3 7 4 0 3 6 1
2 2 8 7 39 35
3 4 44 18 12 28 23 52 0
#c 1 3 4 4 4 2 6 8 8 0 0 5 8 7 5 0 2 4 8 6 3 7 5 1 6 3 5 6 1 2 4 2 2 2 7 1 6 3 7 1 5 7 0 5 8 0 3 7 4 0 3 6 1
3 3 49 10 15 23 35 39
3 3 9 45 42 28 52 0
#c 1 3 4 4 4 2 6 8 8 0 0 5 8 7 5 0 2 4 8 6 3 7 5 1 6 3 5 6 1 2 4 2 2 2 7 1 6 3 7 1 5 7 0 5 8 0 3 7 4 0 3 6 1
3 3 35 52 28 44 7 18
3 2 39 23 0 8 12
#c 1 3 4 4 4 2 6 8 8 0 0 5 8 7 5 0 2 4 8 6 3 7 5 1 6 3 5 6 1 2 4 2 2 2 7 1 6 3 7 1 5 7 0 5 8 0 3 7 4 0 3 6 1
2 2 31 32 11 26
4 4 5 33 16 29 22 40 43 14
#c 1 3 4 4 4 2 6 8 8 0 0 5 8 7 5 0 2 4 8 6 3 7 5 1 6 3 5 6 1 2 4 2 2 2 7 1 6 3 7 1 5 7 0 5 8 0 3 7 4 0 3 6 1
3 2 20 46 1 34 38
3 4 50 37 25 47 21 13 41
#c 1 3 4 4 4 2 6 8 8 0 0 5 8 7 5 0 2 4 8 6 3 7 5 1 6 3 5 6 1 2 4 2 2 2 7 1 6 3 7 1 5 7 0 5 8 0 3 7 4 0 3 6 1
1 1 48 25
5 5 4 17 2 3 30 50 37 1 46 20
#c 1 3 4 4 4 2 6 8 8 0 0 5 8 7 5 0 2 4 8 6 3 7 5 1 6 3 5 6 1 2 4 2 2 2 7 1 6 3 7 1 5 7 0 5 8 0 3 7 4 0 3 6 1
1 3 14 0 28 35
5 3 22 26 40 43 11 39 23 52
#c 1 3 4 4 4 2 6 8 8 0 0 5 8 7 5 0 2 4 8 6 3 7 5 1 6 3 5 6 1 2 4 2 2 2 7 1 6 3 7 1 5 7 0 5 8 0 3 7 4 0 3 6 1
1 2 51 20 37
5 4 6 24 19 27 36 50 25 1 46
#c 1 3 4 4 4 2 6 8 8 0 0 5 8 7 5 0 2 4 8 6 3 7 5 1 6 3 5 6 1 2 4 2 2 2 7 1 6 3 7 1 5 7 0 5 8 0 3 7 4 0 3 6 1
3 3 38 13 41 22 26 14
3 3 47 34 21 40 43 11
#c 1 3 4 4 4 2 6 8 8 0 0 5 8 7 5 0 2 4 8 6 3 7 5 1 6 3 5 6 1 2 4 2 2 2 7 1 6 3 7 1 5 7 0 5 8 0 3 7 4 0 3 6 1
2 2 8 44 0 35
3 4 18 12 7 28 39 23 52
#c 1 3 4 4 4 2 6 8 8 0 0 5 8 7 5 0 2 4 8 6 3 7 5 1 6 3 5 6 1 2 4 2 2 2 7 1 6 3 7 1 5 7 0 5 8 0 3 7 4 0 3 6 1
#c 1 3 4 4 4 2 6 8 8 0 0 5 8 7 5 0 2 4 8 6 3 7 5 1 6 3 5 6 1 2 4 2 2 2 7 1 6 3 7 1 5 7 0 5 8 0 3 7 4 0 3 6 1
2 1 39 23 30
4 5 35 28 52 0 4 17 2 3 48
#c 1 3 4 4 4 2 6 8 8 0 0 5 8 7 5 0 2 4 8 6 3 7 5 1 6 3 5 6 1 2 4 2 2 2 7 1 6 3 7 1 5 7 0 5 8 0 3 7 4 0 3 6 1
2 2 5 29 30 17
4 4 33 32 16 31 4 2 3 48
#c 1 3 4 4 4 4 6 8 8 0 0 5 8 7 5 0 2 2 8 6 3 7 5 1 6 3 5 6 1 4 2 2 2 2 7 1 6 3 7 1 5 7 0 5 8 0 3 7 4 0 3 6 1
2 2 20 37 22 40
4 4 50 25 1 46 26 43 14 11
#c 1 3 4 4 4 4 6 8 8 0 0 5 8 7 5 0 2 2 8 6 3 7 5 1 6 3 5 6 1 4 2 2 2 2 7 1 6 3 7 1 5 7 0 5 8 0 3 7 4 0 3 6 1
2 2 2 5 31 30
4 4 4 3 48 29 33 32 16 17
#c 1 3 4 4 4 4 6 8 8 0 0 5 8 7 5 0 2 2 8 6 3 7 5 1 6 3 5 6 1 4 2 2 2 2 7 1 6 3 7 1 5 7 0 5 8 0 3 7 4 0 3 6 1
1 2 43 9 45
5 4 22 26 40 14 11 42 15 49 10
#c 1 3 4 4 4 4 6 8 8 0 0 5 8 7 5 0 2 2 8 6 3 7 5 1 6 3 5 6 1 4 2 2 2 2 7 1 6 3 7 1 5 7 0 5 8 0 3 7 4 0 3 6 1
3 3 24 6 27 12 44 7
3 2 51 19 36 8 18
#c 1 3 4 4 4 4 6 8 8 0 0 5 8 7 5 0 2 2 8 6 3 7 5 1 6 3 5 6 1 4 2 2 2 2 7 1 6 3 7 1 5 7 0 5 8 0 3 7 4 0 3 6 1
3 4 34 47 41 50 20 1 25
3 2 38 21 13 37 46
#c 1 3 4 4 4 4 6 8 8 0 0 5 8 7 5 0 2 2 8 6 3 7 5 1 6 3 5 6 1 4 2 2 2 2 7 1 6 3 7 1 5 7 0 5 8 0 3 7 4 0 3 6 1
2 2 44 18 22 40
3 4 8 12 7 26 43 14 11
#c 1 3 4 4 4 4 6 8 8 0 0 5 8 7 5 0 2 2 8 6 3 7 5 1 6 3 5 6 1 4 2 2 2 2 7 1 6 3 7 1 5 7 0 5 8 0 3 7 4 0 3 6 1
1 1 42 22
5 5 9 45 15 49 10 26 40 43 14 11
#c 1 3 4 4 4 4 6 8 8 0 0 5 8 7 5 0 2 2 8 6 3 7 5 1 6 3 5 6 1 4 2 2 2 2 7 1 6 3 7 1 5 7 0 5 8 0 3 7 4 0 3 6 1
1 1 39 41
5 5 35 28 23 52 0 47 38 34 21 13
#c 1 3 4 4 4 4 6 8 8 0 0 5 8 7 5 0 2 2 8 6 3 7 5 1 6 3 5 6 1 4 2 2 2 2 7 1 6 3 7 1 5 7 0 5 8 0 3 7 4 0 3 6 1
3 3 32 17 30 52 39 35
3 3 33 16 31 28 23 0
#c 1 3 4 4 4 4 6 8 8 0 0 5 8 7 5 0 2 2 8 6 3 7 5 1 6 3 5 6 1 4 2 2 2 2 7 1 6 3 7 1 5 7 0 5 8 0 3 7 4 0 3 6 1
#c 1 3 4 4 4 4 6 8 8 0 0 5 8 7 5 0 2 2 8 6 3 7 5 1 6 3 5 6 1 4 2 2 2 2 7 1 6 3 7 1 5 7 0 5 8 0 3 7 4 0 3 6 1
#c 1 3 4 4 4 4 6 8 8 0 0 5 8 7 5 0 2 2 8 6 3 7 5 1 6 3 5 6 1 4 2 2 2 2 7 1 6 3 7 1 5 7 0 5 8 0 3 7 4 0 3 6 1
1 2 14 31 33
5 4 22 26 40 43 11 32 16 30 17
#c 1 3 4 4 4 4 6 8 8 0 0 5 8 7 5 0 2 2 8 6 3 7 5 1 6 3 5 6 1 4 2 2 2 2 7 1 6 3 7 1 5 7 0 5 8 0 3 7 4 0 3 6 1
3 3 19 27 24 31 32 33
3 3 6 51 36 16 30 17
#c 1 3 4 4 4 4 6 8 8 0 0 5 8 7 5 0 2 2 8 6 3 7 5 1 6 3 5 6 1 4 2 2 2 2 7 1 6 3 7 1 5 7 0 5 8 0 3 7 4 0 3 6 1
2 2 21 38 25 46
4 4 47 34 13 41 50 37 1 20
#c 1 3 4 4 4 4 6 8 8 0 0 5 8 7 5 0 2 2 8 6 3 7 5 1 6 3 5 6 1 4 2 2 2 2 7 1 6 3 7 1 5 7 0 5 8 0 3 7 4 0 3 6 1
2 2 8 18 27 6
3 4 44 12 7 24 51 19 36
#c 1 3 4 4 4 4 6 8 8 0 0 5 8 7 5 0 2 2 8 6 3 7 5 1 6 3 5 6 1 4 2 2 2 2 7 1 6 3 7 1 5 7 0 5 8 0 3 7 4 0 3 6 1
3 3 49 10 42 8 7 44
3 2 9 45 15 18 12
#c 1 3 4 4 4 4 6 8 8 0 0 5 8 7 5 0 2 2 8 6 3 7 5 1 6 3 5 6 1 4 2 2 2 2 7 1 6 3 7 1 5 7 0 5 8 0 3 7 4 0 3 6 1
3 3 35 52 39 1 25 50
3 3 28 23 0 37 46 20
#c 1 3 4 4 4 4 6 8 8 0 0 5 8 7 5 0 2 2 8 6 3 7 5 1 6 3 5 6 1 4 2 2 2 2 7 1 6 3 7 1 5 7 0 5 8 0 3 7 4 0 3 6 1
3 3 33 32 30 45 10 49
3 3 16 31 17 9 42 15
#c 1 3 4 4 4 4 6 8 8 0 0 5 8 7 5 0 2 2 8 6 3 7 5 1 6 3 5 6 1 4 2 2 2 2 7 1 6 3 7 1 5 7 0 5 8 0 3 7 4 0 3 6 1
1 1 46 44
5 4 50 37 25 1 20 8 18 12 7
#c 1 3 4 4 4 4 6 8 8 0 0 5 8 7 5 0 2 2 8 6 3 7 5 1 6 3 5 6 1 4 2 2 2 2 7 1 6 3 7 1 5 7 0 5 8 0 3 7 4 0 3 6 1
2 1 2 29 49
4 5 4 3 48 5 9 45 42 15 10
#c 1 3 4 4 4 4 6 8 8 0 0 5 8 7 5 0 2 2 8 6 3 7 5 1 6 3 5 6 1 4 2 2 2 2 7 1 6 3 7 1 5 7 0 5 8 0 3 7 4 0 3 6 1
#c 1 3 4 4 4 4 6 8 8 0 0 5 8 7 5 0 2 2 8 6 3 7 5 1 6 3 5 6 1 4 2 2 2 2 7 1 6 3 7 1 5 7 0 5 8 0 3 7 4 0 3 6 1
3 1 19 36 51 43
3 5 6 24 27 22 26 40 14 11
#c 1 3 4 4 4 4 6 8 8 0 0 5 8 7 5 0 2 2 8 6 3 7 5 1 6 3 5 6 1 4 2 2 2 2 7 1 6 3 7 1 5 7 0 5 8 0 3 7 4 0 3 6 1
2 3 13 47 40 22 26
4 3 38 34 21 41 43 14 11
#c 1 3 4 4 4 4 6 8 8 0 0 5 8 7 5 0 2 2 8 6 3 7 5 1 6 3 5 6 1 4 2 2 2 2 7 1 6 3 7 1 5 7 0 5 8 0 3 7 4 0 3 6 1
2 4 12 8 14 22 11 26
3 2 44 18 7 40 43
#c 1 3 4 4 4 4 6 8 8 0 0 5 8 7 5 0 2 2 8 6 3 7 5 1 6 3 5 6 1 4 2 2 2 2 7 1 6 3 7 1 5 7 0 5 8 0 3 7 4 0 3 6 1
2 2 15 10 20 46
4 4 9 45 42 49 50 37 25 1
#c 1 3 4 4 4 4 6 8 8 0 0 5 8 7 5 0 2 2 8 6 3 7 5 1 6 3 5 6 1 4 2 2 2 2 7 1 6 3 7 1 5 7 0 5 8 0 3 7 4 0 3 6 1
2 2 39 35 46 1
4 4 28 23 52 0 50 37 25 20
#c 1 1 4 4 4 4 6 8 8 0 0 5 8 7 5 0 2 2 8 6 3 7 5 1 6 3 5 6 1 4 2 2 2 2 7 3 6 3 7 3 5 7 0 5 8 0 1 7 4 0 3 6 1
2 2 17 31 36 27
4 4 33 32 16 30 6 24 51 19
#c 1 1 4 4 4 4 6 8 8 0 0 5 8 7 5 0 2 2 8 6 3 7 5 1 6 3 5 6 1 4 2 2 2 2 7 3 6 3 7 3 5 7 0 5 8 0 1 7 4 0 3 6 1
1 1 37 18
5 4 50 25 20 39 35 8 44 12 7
#c 1 1 4 4 4 4 6 8 8 0 0 5 8 7 5 0 2 2 3 6 3 7 5 1 6 3 5 6 1 4 2 2 2 2 7 3 6 8 7 3 5 7 0 5 8 0 1 7 4 0 3 6 1
#c 1 1 4 4 4 4 6 8 8 0 0 5 8 7 5 0 2 2 3 6 3 7 5 1 6 3 5 6 1 4 2 2 2 2 7 3 6 8 7 3 5 7 0 5 8 0 1 7 4 0 3 6 1
3 3 22 40 26 35 39 50
3 3 43 14 11 25 20 18
#c 1 1 4 4 4 4 6 8 8 0 0 5 8 7 5 0 2 2 3 6 3 7 5 1 6 3 5 6 1 4 2 2 2 2 7 3 6 8 7 3 5 7 0 5 8 0 1 7 4 0 3 6 1
1 1 51 5
5 5 6 24 19 27 36 4 2 3 48 29
#c 1 1 4 4 4 4 6 8 8 0 0 5 8 7 5 0 2 2 3 6 3 7 5 1 6 3 5 6 1 4 2 2 2 2 7 3 6 8 7 3 5 7 0 5 8 0 1 7 4 0 3 6 1
#c 1 1 4 4 4 4 6 8 8 0 0 5 8 7 5 0 2 2 3 6 3 7 5 1 6 3 5 6 1 4 2 2 2 2 7 3 6 8 7 3 5 7 0 5 8 0 1 7 4 0 3 6 1
2 2 12 8 3 2
3 4 44 7 37 4 48 5 29
#c 1 1 4 4 4 4 6 8 8 0 0 5 8 7 5 0 2 2 3 6 3 7 5 1 6 3 5 6 1 4 2 2 2 2 7 3 6 8 7 3 5 7 0 5 8 0 1 7 4 0 3 6 1
1 1 10 7
5 4 9 45 42 15 49 8 44 12 37
#c 1 1 4 4 4 4 6 8 8 0 0 5 8 7 5 0 2 2 3 6 3 7 5 1 6 3 5 6 1 4 2 2 2 2 7 3 6 8 7 3 5 7 0 5 8 0 1 7 4 0 3 6 1
#c 1 1 4 4 4 4 6 8 8 0 0 5 8 7 5 0 2 2 3 6 3 7 5 1 6 3 5 6 1 4 2 2 2 2 7 3 6 8 7 3 5 7 0 5 8 0 1 7 4 0 3 6 1
#c 1 1 4 4 4 4 6 8 8 0 0 5 8 7 5 0 2 2 3 6 3 7 5 1 6 3 5 6 1 4 2 2 2 2 7 3 6 8 7 3 5 7 0 5 8 0 1 7 4 0 3 6 1
#c 1 1 4 4 4 4 6 8 8 0 0 5 8 7 5 0 2 2 3 6 3 7 5 1 6 3 5 6 1 4 2 2 2 2 7 3 6 8 7 3 5 7 0 5 8 0 1 7 4 0 3 6 1
3 3 48 4 29 27 24 6
3 3 2 3 5 51 19 36
#c 1 1 4 4 4 4 6 8 8 0 0 5 8 7 5 0 2 2 3 6 3 7 5 1 6 3 5 6 1 4 2 2 2 2 7 3 6 8 7 3 5 7 0 5 8 0 1 7 4 0 3 6 1
3 1 43 22 11 47
3 5 26 40 14 38 34 21 13 41
#c 1 1 4 4 4 4 6 8 8 0 0 5 8 7 5 0 2 2 3 6 3 7 5 1 6 3 5 6 1 4 2 2 2 2 7 3 6 8 7 3 5 7 0 5 8 0 1 7 4 0 3 6 1
#c 1 1 4 4 4 4 6 8 8 0 0 5 8 7 5 0 2 2 3 6 3 7 5 1 6 3 5 6 1 4 2 2 2 2 7 3 6 8 7 3 5 7 0 5 8 0 1 7 4 0 3 6 1
2 2 47 41 2 5
4 4 38 34 21 13 4 3 48 29
#c 1 1 4 4 4 4 6 8 8 0 0 5 8 7 5 0 2 2 3 6 3 7 5 1 6 3 5 6 1 4 2 2 2 2 7 3 6 8 7 3 5 7 0 5 8 0 1 7 4 0 3 6 1
#c 1 1 4 4 4 4 6 8 8 0 0 5 8 7 5 0 2 2 3 6 3 7 5 1 6 3 5 6 1 4 2 2 2 2 7 3 6 8 7 3 5 7 0 5 8 0 1 7 4 0 3 6 1
#c 1 1 4 4 4 4 6 8 8 0 0 5 8 7 5 0 2 2 3 6 3 7 5 1 6 3 5 6 1 4 2 2 2 2 7 3 6 8 7 3 5 7 0 5 8 0 1 7 4 0 3 6 1
1 1 46 20
5 5 28 23 52 0 1 50 25 39 35 18
#c 1 1 4 4 4 4 6 8 8 0 0 5 8 7 5 0 2 2 3 6 3 7 5 1 6 3 5 6 1 4 2 2 2 2 7 3 6 8 7 3 5 7 0 5 8 0 1 7 4 0 3 6 1
1 1 33 48
5 5 32 16 31 30 17 4 2 3 5 29
#c 1 1 4 4 4 4 6 8 8 0 0 5 8 7 5 0 2 2 3 6 3 7 5 1 6 3 5 6 1 4 2 2 2 2 7 3 6 8 7 3 5 7 0 5 8 0 1 7 4 0 3 6 1
3 3 39 20 50 36 6 24
3 3 25 35 18 51 19 27
#c 1 1 4 4 4 4 6 8 8 0 0 5 8 7 5 0 2 2 3 6 3 7 5 1 6 3 5 6 1 4 2 2 2 2 7 3 6 8 7 3 5 7 0 5 8 0 1 7 4 0 3 6 1
2 2 48 3 9 42
4 4 4 2 5 29 45 15 49 10
#c 1 1 4 4 4 4 6 8 8 0 0 5 8 7 5 0 2 2 3 6 3 7 5 1 6 3 5 6 1 4 2 2 2 2 7 3 6 8 7 3 5 7 0 5 8 0 1 7 4 0 3 6 1
2 3 14 43 38 47 41
4 3 22 26 40 11 34 21 13
#c 1 1 4 4 4 4 6 8 8 0 0 5 8 7 5 0 2 2 3 6 3 7 5 1 6 3 5 6 1 4 2 2 2 2 7 3 6 8 7 3 5 7 0 5 8 0 1 7 4 0 3 6 1
1 1 51 41
5 5 6 24 19 27 36 47 38 34 21 13
#c 1 1 4 4 4 4 6 8 8 0 0 5 8 7 5 0 2 2 3 6 3 7 5 1 6 3 5 6 1 4 2 2 2 2 7 3 6 8 7 3 5 7 0 5 8 0 1 7 4 0 3 6 1
#c 1 1 4 4 4 4 6 8 8 0 0 5 8 7 5 0 2 2 3 6 3 7 5 1 6 3 5 6 1 4 2 2 2 2 7 3 6 8 7 3 5 7 0 5 8 0 1 7 4 0 3 6 1
#c 1 1 4 4 4 4 6 8 8 0 0 5 8 7 5 0 2 2 3 6 3 7 5 1 6 3 5 6 1 4 2 2 2 2 7 3 6 8 7 3 5 7 0 5 8 0 1 7 4 0 3 6 1
3 3 49 10 9 40 11 14
3 3 45 42 15 22 26 43
#c 1 1 4 4 4 4 6 8 8 0 0 5 8 7 5 0 2 2 3 6 3 7 5 1 6 3 5 6 1 4 2 2 2 2 7 3 6 8 7 3 5 7 0 5 8 0 1 7 4 0 3 6 1
3 3 52 46 28 13 38 41
3 3 23 0 1 47 34 21
#c 1 1 4 4 4 4 6 8 8 0 0 5 8 7 5 0 2 2 3 6 3 7 5 1 6 3 5 6 1 4 2 2 2 2 7 3 6 8 7 3 5 7 0 5 8 0 1 7 4 0 3 6 1
3 3 31 33 32 20 35 50
3 3 16 30 17 25 39 18
#c 1 1 4 4 4 4 6 8 8 0 0 5 8 7 5 0 2 2 3 6 3 7 5 1 6 3 5 6 1 4 2 2 2 2 7 3 6 8 7 3 5 7 0 5 8 0 1 7 4 0 3 6 1
2 1 20 50 28
4 5 25 39 35 18 23 52 0 46 1
#c 1 1 4 4 4 4 6 8 8 0 0 5 8 7 5 0 2 2 3 6 3 7 5 1 6 3 5 6 1 4 2 2 2 2 7 3 6 8 7 3 5 7 0 5 8 0 1 7 4 0 3 6 1
2 1 3 5 44
4 4 4 2 48 29 8 12 7 37
#c 1 1 4 4 4 4 6 8 8 0 0 5 8 7 5 0 2 2 3 6 3 7 5 1 6 3 5 6 1 4 2 2 2 2 7 3 6 8 7 3 5 7 0 5 8 0 1 7 4 0 3 6 1
1 1 22 17
5 5 26 40 43 14 11 33 32 16 31 30
#c 1 1 4 4 4 4 6 8 8 0 0 5 8 7 5 0 2 2 3 6 3 7 5 1 6 3 5 6 1 4 2 2 2 2 7 3 6 8 7 3 5 7 0 5 8 0 1 7 4 0 3 6 1
#c 1 1 4 4 4 4 6 8 8 0 0 5 8 7 5 0 2 2 3 6 3 7 5 1 6 3 5 6 1 4 2 2 2 2 7 3 6 8 7 3 5 7 0 5 8 0 1 7 4 0 3 6 1
2 2 41 34 52 28
4 4 47 38 21 13 23 0 46 1
#c 1 1 4 4 4 4 6 8 8 0 0 5 8 7 5 0 2 2 3 6 3 7 5 1 6 3 5 6 1 4 2 2 2 2 7 3 6 8 7 3 5 7 0 5 8 0 1 7 4 0 3 6 1
2 2 12 8 3 5
3 4 44 7 37 4 2 48 29
#c 1 1 4 4 4 4 6 8 8 0 0 5 8 7 5 0 2 2 3 6 3 7 5 1 6 3 5 6 1 4 2 2 2 2 7 3 6 8 7 3 5 7 0 5 8 0 1 7 4 0 3 6 1
3 3 45 15 10 32 31 17
3 3 9 42 49 33 16 30
#c 1 1 4 4 4 4 6 8 8 0 0 5 8 7 5 0 2 2 3 6 3 7 5 1 6 3 5 6 1 4 2 2 2 2 7 3 6 8 7 3 5 7 0 5 8 0 1 7 4 0 3 6 1
#c 1 1 4 4 4 4 6 8 8 0 0 5 8 7 5 0 2 2 3 6 3 7 5 1 6 3 5 6 1 4 2 2 2 2 7 3 6 8 7 3 5 7 0 5 8 0 1 7 4 0 3 6 1
1 2 32 3 5
5 4 33 16 31 30 17 4 2 48 29
#c 1 1 4 4 4 4 6 8 8 0 0 5 8 7 5 0 2 2 3 6 3 7 5 1 6 3 5 6 1 4 2 2 2 2 7 3 6 8 7 3 5 7 0 5 8 0 1 7 4 0 3 6 1
#c 1 1 4 4 4 4 6 8 8 0 0 5 8 7 5 0 2 2 3 6 3 7 5 1 6 3 5 6 1 4 2 2 2 2 7 3 6 8 7 3 5 7 0 5 8 0 1 7 4 0 3 6 1
2 2 5 2 43 22
4 4 4 3 48 29 26 40 14 11
#c 1 1 4 4 4 4 6 8 8 0 0 5 8 7 5 0 2 2 3 6 3 7 5 1 6 3 5 6 1 4 2 2 2 2 7 3 6 8 7 3 5 7 0 5 8 0 1 7 4 0 3 6 1
2 1 40 22 52
4 5 26 43 14 11 28 23 0 46 1
#c 1 1 4 4 4 4 6 8 8 0 0 5 8 7 5 0 2 2 3 6 3 7 5 1 6 3 5 6 1 4 2 2 2 2 7 3 6 8 7 3 5 7 0 5 8 0 1 7 4 0 3 6 1
2 2 6 51 7 37
4 3 24 19 27 36 8 44 12
#c 1 1 4 4 4 4 6 8 8 0 0 5 8 7 5 0 2 2 3 6 3 7 5 1 6 3 5 6 1 4 2 2 2 2 7 3 6 8 7 3 5 7 0 5 8 0 1 7 4 0 3 6 1
3 3 13 38 34 48 29 5
3 3 47 21 41 4 2 3
#c 1 1 4 4 4 4 6 8 8 0 0 5 8 7 5 0 2 2 3 6 3 7 5 1 6 3 5 6 1 4 2 2 2 2 7 3 6 8 7 3 5 7 0 5 8 0 1 7 4 0 3 6 1
2 1 12 37 39
3 5 8 44 7 50 25 20 35 18
#c 1 1 4 4 4 4 6 8 8 0 0 5 8 7 5 0 2 2 3 6 3 7 5 1 6 3 5 6 1 4 2 2 2 2 7 3 6 8 7 3 5 7 0 5 8 0 1 7 4 0 3 6 1
#c 1 1 4 4 4 4 6 8 8 0 0 5 8 7 5 0 2 2 3 6 3 7 5 1 6 3 5 6 1 4 2 2 2 2 7 3 6 8 7 3 5 7 0 5 8 0 1 7 4 0 3 6 1
3 3 23 0 46 30 33 17
3 3 28 52 1 32 16 31
#c 1 1 4 4 4 4 6 8 8 0 0 5 8 7 5 0 2 2 3 6 3 7 5 1 6 3 5 6 1 4 2 2 2 2 7 3 6 8 7 3 5 7 0 5 8 0 1 7 4 0 3 6 1
2 2 16 32 12 8
4 3 33 31 30 17 44 7 37
#c 1 1 4 4 4 4 6 8 8 0 0 5 8 7 5 0 2 2 3 6 3 7 5 1 6 3 5 6 1 4 2 2 2 2 7 3 6 8 7 3 5 7 0 5 8 0 1 7 4 0 3 6 1
#c 1 1 4 4 4 4 6 8 8 0 0 5 8 7 5 0 2 2 3 6 3 7 5 1 6 3 5 6 1 4 2 2 2 2 7 3 6 8 7 3 5 7 0 5 8 0 1 7 4 0 3 6 1
#c 1 1 4 4 4 4 6 8 8 0 0 5 8 7 5 0 2 2 3 6 3 7 5 1 6 3 5 6 1 4 2 2 2 2 7 3 6 8 7 3 5 7 0 5 8 0 1 7 4 0 3 6 1
3 3 43 26 11 29 48 5
3 3 22 40 14 4 2 3
#c 1 1 4 4 4 4 6 8 8 0 0 5 8 7 5 0 2 2 3 6 3 7 5 1 6 3 5 6 1 4 2 2 2 2 7 3 6 8 7 3 5 7 0 5 8 0 1 7 4 0 3 6 1
1 1 27 30
5 5 6 24 51 19 36 33 32 16 31 17
#c 1 1 4 4 4 4 6 8 8 0 0 5 8 7 5 0 2 2 3 6 3 7 5 1 6 3 5 6 1 4 2 2 2 2 7 3 6 8 7 3 5 7 0 5 8 0 1 7 4 0 3 6 1
3 3 21 13 47 15 49 42
3 3 38 34 41 9 45 10
#c 1 1 4 4 4 4 6 8 8 0 0 5 8 7 5 0 2 2 3 6 3 7 5 1 6 3 5 6 1 4 2 2 2 2 7 3 6 8 7 3 5 7 0 5 8 0 1 7 4 0 3 6 1
2 2 12 8 42 49
3 4 44 7 37 9 45 15 10
#c 1 1 4 4 4 4 6 8 8 0 0 5 8 7 5 0 2 2 3 6 3 7 5 1 6 3 5 6 1 4 2 2 2 2 7 3 6 8 7 3 5 7 0 5 8 0 1 7 4 0 3 6 1
2 2 42 9 47 38
4 4 45 15 49 10 34 21 13 41
#c 1 1 4 4 4 4 6 8 8 0 0 5 8 7 5 0 2 2 3 6 3 7 5 1 6 3 5 6 1 4 2 2 2 2 7 3 6 8 7 3 5 7 0 5 8 0 1 7 4 0 3 6 1
1 2 0 13 34
5 4 28 23 52 46 1 47 38 21 41
#c 1 1 4 4 4 4 6 8 8 0 0 5 8 7 5 0 2 2 3 6 3 7 5 1 6 3 5 6 1 4 2 2 2 2 7 3 6 8 7 3 5 7 0 5 8 0 1 7 4 0 3 6 1
2 2 17 31 28 0
4 4 33 32 16 30 23 52 46 1
#c 1 1 4 4 4 4 6 8 8 0 0 5 8 7 5 0 2 2 3 6 3 7 5 1 6 3 5 6 1 4 2 2 2 2 7 3 6 8 7 3 5 7 0 5 8 0 1 7 4 0 3 6 1
1 1 18 17
5 5 50 25 20 39 35 33 32 16 31 30
#c 1 1 4 4 4 4 6 8 8 0 0 5 8 7 5 0 2 2 3 6 3 7 5 1 6 3 5 6 1 4 2 2 2 2 7 3 6 8 7 3 5 7 0 5 8 0 1 7 4 0 3 6 1
2 2 4 29 27 36
4 4 2 3 48 5 6 24 51 19
#c 1 1 4 4 4 4 6 8 8 0 0 5 8 7 5 0 2 2 3 6 3 7 5 1 6 3 5 6 1 4 2 2 2 2 7 3 6 8 7 3 5 7 0 5 8 0 1 7 4 0 3 6 1
1 1 43 45
5 5 22 26 40 14 11 9 42 15 49 10
#c 1 1 4 4 4 4 6 8 8 0 0 5 8 7 5 0 2 2 3 6 3 7 5 1 6 3 5 6 1 4 2 2 2 2 7 3 6 8 7 3 5 7 0 5 8 0 1 7 4 0 3 6 1
1 1 6 49
5 5 24 51 19 27 36 9 45 42 15 10
#c 1 1 4 4 4 4 6 8 8 0 0 5 8 7 5 0 2 2 3 6 3 7 5 1 6 3 5 6 1 4 2 2 2 2 7 3 6 8 7 3 5 7 0 5 8 0 1 7 4 0 3 6 1
3 2 41 13 21 5 2
3 4 47 38 34 4 3 48 29
#c 1 1 4 4 4 4 6 8 8 0 0 5 8 7 5 0 2 2 3 6 3 7 5 1 6 3 5 6 1 4 2 2 2 2 7 3 6 8 7 3 5 7 0 5 8 0 1 7 4 0 3 6 1
1 1 7 6
4 5 8 44 12 37 24 51 19 27 36
#c 1 1 4 4 4 4 6 8 8 0 0 5 8 7 5 0 2 2 3 6 3 7 5 1 6 3 5 6 1 4 2 2 2 2 7 3 6 8 7 3 5 7 0 5 8 0 1 7 4 0 3 6 1
1 1 10 37
5 4 9 45 42 15 49 8 44 12 7
#c 1 1 4 4 4 4 6 8 8 0 0 5 8 7 5 0 2 2 3 6 3 7 5 1 6 3 5 6 1 4 2 2 2 2 7 3 6 8 7 3 5 7 0 5 8 0 1 7 4 0 3 6 1
1 1 1 22
5 5 28 23 52 0 46 26 40 43 14 11
#c 1 1 4 4 4 4 6 8 8 0 0 5 8 7 5 0 2 2 3 6 3 7 5 1 6 3 5 6 1 4 2 2 2 2 7 3 6 8 7 3 5 7 0 5 8 0 1 7 4 0 3 6 1
2 2 30 32 35 50
4 4 33 16 31 17 25 20 39 18
#c 1 1 4 4 4 4 6 8 8 0 0 5 8 7 5 0 2 2 3 6 3 7 5 1 6 3 5 6 1 4 2 2 2 2 7 3 6 8 7 3 5 7 0 5 8 0 1 7 4 0 3 6 1
1 1 18 26
5 5 50 25 20 39 35 22 40 43 14 11
#c 1 1 4 4 4 4 6 8 8 0 0 5 8 7 5 0 2 2 3 6 3 7 5 1 6 3 5 6 1 4 2 2 2 2 7 3 6 8 7 3 5 7 0 5 8 0 1 7 4 0 3 6 1
2 1 29 48 15
4 5 4 2 3 5 9 45 42 49 10
#c 1 1 4 4 4 4 6 8 8 0 0 5 8 7 5 0 2 2 3 6 3 7 5 1 6 3 5 6 1 4 2 2 2 2 7 3 6 8 7 3 5 7 0 5 8 0 1 7 4 0 3 6 1
1 1 40 25
5 5 22 26 43 14 11 50 20 39 35 18
#c 1 1 4 4 4 4 6 8 8 0 0 5 8 7 5 0 2 2 3 6 3 7 5 1 6 3 5 6 1 4 2 2 2 2 7 3 6 8 7 3 5 7 0 5 8 0 1 7 4 0 3 6 1
#c 1 1 4 4 4 4 6 8 8 0 0 5 8 7 5 0 2 2 3 6 3 7 5 1 6 3 5 6 1 4 2 2 2 2 7 3 6 8 7 3 5 7 0 5 8 0 1 7 4 0 3 6 1
2 2 47 38 40 11
4 4 34 21 13 41 22 26 43 14
#c 1 1 4 4 4 4 6 8 8 0 0 5 8 7 5 0 2 2 3 6 3 7 5 1 6 3 5 6 1 4 2 2 2 2 7 3 6 8 7 3 5 7 0 5 8 0 1 7 4 0 3 6 1
1 1 12 34
4 5 8 44 7 37 47 38 21 13 41
#c 1 1 4 4 4 4 6 8 8 0 0 5 8 7 5 0 2 2 3 6 3 7 5 1 6 3 5 6 1 4 2 2 2 2 7 3 6 8 7 3 5 7 0 5 8 0 1 7 4 0 3 6 1
3 4 9 49 42 28 52 46 0
3 2 45 15 10 23 1
#c 1 1 4 4 4 4 6 8 8 0 0 5 8 7 5 0 2 2 3 6 3 7 5 1 6 3 5 6 1 4 2 2 2 2 7 3 6 8 7 3 5 7 0 5 8 0 1 7 4 0 3 6 1
3 5 46 52 1 19 24 6 27 51
3 1 28 23 0 36
#c 1 1 4 4 4 4 6 8 8 0 0 5 8 7 5 0 2 2 3 6 3 7 5 1 6 3 5 6 1 4 2 2 2 2 7 3 6 8 7 3 5 7 0 5 8 0 1 7 4 0 3 6 1
2 2 32 16 51 36
4 4 33 31 30 17 6 24 19 27
#c 1 1 4 4 4 4 6 8 8 0 0 5 8 7 5 0 2 2 3 6 3 7 5 1 6 3 5 6 1 4 2 2 2 2 7 3 6 8 7 3 5 7 0 5 8 0 1 7 4 0 3 6 1
2 2 18 20 36 19
4 4 50 25 39 35 6 24 51 27
#c 1 1 4 4 4 4 6 8 8 0 0 5 8 7 5 0 2 2 6 3 6 7 5 1 6 3 5 6 1 4 2 2 2 2 7 3 3 8 7 3 5 7 0 5 8 0 1 7 4 0 3 6 1
1 2 4 35 19
5 4 2 3 48 5 29 50 25 39 36
#c 1 1 4 4 4 4 6 8 8 0 0 5 8 7 5 0 2 2 6 3 6 7 5 1 6 3 5 6 1 4 2 2 2 2 7 3 3 8 7 3 5 7 0 5 8 0 1 7 4 0 3 6 1
#c 1 1 4 4 4 4 6 8 8 0 0 5 8 7 5 0 2 2 6 3 6 7 5 1 6 3 5 6 1 4 2 2 2 2 7 3 3 8 7 3 5 7 0 5 8 0 1 7 4 0 3 6 1
3 3 27 51 6 46 52 0
3 3 24 18 20 28 23 1
#c 1 1 4 4 4 4 6 8 8 0 0 5 8 7 5 0 2 2 6 3 6 7 5 1 6 3 5 6 1 4 2 2 2 2 7 3 3 8 7 3 5 7 0 5 8 0 1 7 4 0 3 6 1
3 3 47 41 21 42 49 9
3 3 38 34 13 45 15 10
#c 1 1 4 4 4 4 6 8 8 0 0 5 8 7 5 0 2 2 6 3 6 7 5 1 6 3 5 6 1 4 2 2 2 2 7 3 3 8 7 3 5 7 0 5 8 0 1 7 4 0 3 6 1
4 5 44 12 7 37 4 2 3 48 5
#c 1 1 4 4 4 4 6 8 8 0 0 5 8 7 5 0 2 2 6 3 6 7 5 1 6 3 5 6 1 4 2 2 2 2 7 3 3 8 7 3 5 7 0 5 8 0 1 7 4 0 3 6 1
1 1 42 48
5 5 9 45 15 49 10 4 2 3 5 29
#c 1 1 4 4 4 4 6 8 8 0 0 5 8 7 5 0 2 2 6 3 6 7 5 1 6 3 5 6 1 4 2 2 2 2 7 3 3 8 7 3 5 7 0 5 8 0 1 7 4 0 3 6 1
2 2 46 28 16 33
4 4 23 52 0 1 32 31 30 17
#c 1 1 4 4 4 4 6 8 8 0 0 5 8 7 5 0 2 2 6 3 6 7 5 1 6 3 5 6 1 4 2 2 2 2 7 3 3 8 7 3 5 7 0 5 8 0 1 7 4 0 3 6 1
1 1 16 49
5 5 33 32 31 30 17 9 45 42 15 10
#c 1 1 4 4 4 4 6 8 8 0 0 5 8 7 5 0 2 2 6 3 6 7 5 1 6 3 5 6 1 4 2 2 2 2 7 3 3 8 7 3 5 7 0 5 8 0 1 7 4 0 3 6 1
1 1 25 9
5 5 50 39 35 36 19 45 42 15 49 10
#c 1 1 4 4 4 4 6 8 8 0 0 5 8 7 5 0 2 2 6 3 6 7 5 1 6 3 5 6 1 4 2 2 2 2 7 3 3 8 7 3 5 7 0 5 8 0 1 7 4 0 3 6 1
2 2 29 5 36 35
4 4 4 2 3 48 50 25 39 19
#c 1 1 4 4 4 4 6 8 8 0 0 5 8 7 5 0 2 2 6 3 6 7 5 1 6 3 5 6 1 4 2 2 2 2 7 3 3 8 7 3 5 7 0 5 8 0 1 7 4 0 3 6 1
#c 1 1 4 4 4 4 6 8 8 0 0 5 8 7 5 0 2 2 6 3 6 7 5 1 6 3 5 6 1 4 2 2 2 2 7 3 3 8 7 3 5 7 0 5 8 0 1 7 4 0 3 6 1
1 1 27 44
5 4 6 24 51 18 20 8 12 7 37
#c 1 1 4 4 4 4 6 8 8 0 0 5 8 7 5 0 2 2 6 3 6 7 5 1 6 3 5 6 1 4 2 2 2 2 7 3 3 8 7 3 5 7 0 5 8 0 1 7 4 0 3 6 1
3 3 34 41 13 52 1 23
3 3 47 38 21 28 0 46
#c 1 1 4 4 4 4 6 8 8 0 0 5 8 7 5 0 2 2 6 3 6 7 5 1 6 3 5 6 1 4 2 2 2 2 7 3 3 8 7 3 5 7 0 5 8 0 1 7 4 0 3 6 1
#c 1 1 4 4 4 4 6 8 8 0 0 5 8 7 5 0 2 2 6 3 6 7 5 1 6 3 5 6 1 4 2 2 2 2 7 3 3 8 7 3 5 7 0 5 8 0 1 7 4 0 3 6 1
1 1 49 20
5 5 9 45 42 15 10 6 24 51 27 18
#c 1 1 4 4 4 4 6 8 8 0 0 5 8 7 5 0 2 2 6 3 6 7 5 1 6 3 5 6 1 4 2 2 2 2 7 3 3 8 7 3 5 7 0 5 8 0 1 7 4 0 3 6 1
3 4 28 23 0 12 44 37 7
3 1 52 46 1 8
#c 8 1 4 4 4 4 6 1 8 0 0 5 1 7 5 0 2 2 6 3 6 7 5 8 6 3 5 6 8 4 2 2 2 2 7 3 3 1 7 3 5 7 0 5 1 0 1 7 4 0 3 6 1
1 1 17 44
5 6 33 32 16 31 30 52 46 1 12 37 7
#c 8 1 4 4 4 4 6 1 8 0 0 5 1 7 5 0 2 2 6 3 6 7 5 8 6 3 5 6 8 4 2 2 2 2 7 3 3 1 7 3 5 7 0 5 1 0 1 7 4 0 3 6 1
2 2 19 50 45 15
4 4 25 39 35 36 9 42 49 10
#c 8 1 4 4 4 4 6 1 8 0 0 5 1 7 5 0 2 2 6 3 6 7 5 8 6 3 5 6 8 4 2 2 2 2 7 3 3 1 7 3 5 7 0 5 1 0 1 7 4 0 3 6 1
2 2 5 29 51 27
4 4 4 2 3 48 6 24 18 20
#c 8 1 4 4 4 4 6 1 8 0 0 5 1 7 5 0 2 2 6 3 6 7 5 8 6 3 5 6 8 4 2 2 2 2 7 3 3 1 7 3 5 7 0 5 1 0 1 7 4 0 3 6 1
3 5 40 43 26 49 10 42 45 15
3 1 22 14 11 9
#c 8 1 4 4 4 4 6 1 8 0 0 5 1 7 5 0 2 2 6 3 6 7 5 8 6 3 5 6 8 4 2 2 2 2 7 3 3 1 7 3 5 7 0 5 1 0 1 7 4 0 3 6 1
1 1 27 28
5 3 6 24 51 18 20 8 23 0
#c 8 1 4 4 4 4 6 1 8 0 0 5 1 7 5 0 2 2 6 3 6 7 5 8 6 3 5 6 8 4 2 2 2 2 7 3 3 1 7 3 5 7 0 5 1 0 1 7 4 0 3 6 1
2 1 13 21 36
4 5 47 38 34 41 50 25 39 35 19
#c 8 1 4 4 4 4 6 1 8 0 0 5 1 7 5 0 2 2 6 3 6 7 5 8 6 3 5 6 8 4 2 2 2 2 7 3 3 1 7 3 5 7 0 5 1 0 1 7 4 0 3 6 1
2 2 0 8 13 41
2 4 28 23 47 38 34 21
#c 8 1 4 4 4 4 6 1 8 0 0 5 1 7 5 0 2 2 6 3 6 7 5 8 6 3 5 6 8 4 2 2 2 2 7 3 3 1 7 3 5 7 0 5 1 0 1 7 4 0 3 6 1
2 1 45 42 31
4 5 9 15 49 10 33 32 16 30 17
#c 8 1 4 4 4 4 6 1 8 0 0 5 1 7 5 0 2 2 6 3 6 7 5 8 6 3 5 6 8 4 2 2 2 2 7 3 3 1 7 3 5 7 0 5 1 0 1 7 4 0 3 6 1
1 1 7 18
6 5 52 46 1 12 44 37 6 24 51 27 20
#c 8 1 4 4 4 4 6 1 8 0 0 5 1 7 5 0 2 2 6 3 6 7 5 8 6 3 5 6 8 4 2 2 2 2 7 3 3 1 7 3 5 7 0 5 1 0 1 7 4 0 3 6 1
2 2 31 17 18 24
4 4 33 32 16 30 6 51 27 20
#c 8 1 4 4 4 4 6 1 8 0 0 5 1 7 5 0 2 2 6 3 6 7 5 8 6 3 5 6 8 4 2 2 2 2 7 3 3 1 7 3 5 7 0 5 1 0 1 7 4 0 3 6 1
2 2 36 25 12 1
4 5 50 39 35 19 52 46 44 37 7
#c 8 1 4 4 4 4 6 1 8 0 0 5 1 7 5 0 2 2 6 3 6 7 5 8 6 3 5 6 8 4 2 2 2 2 7 3 3 1 7 3 5 7 0 5 1 0 1 7 4 0 3 6 1
2 2 2 4 12 46
4 5 3 48 5 29 52 1 44 37 7
#c 8 1 4 4 4 4 6 1 8 0 0 5 1 7 5 0 2 2 6 3 6 7 5 8 6 3 5 6 8 4 2 2 2 2 7 3 3 1 7 3 5 7 0 5 1 0 1 7 4 0 3 6 1
3 3 14 11 26 6 18 20
3 3 22 40 43 24 51 27
#c 8 1 4 4 4 4 6 1 8 0 0 5 1 7 5 0 2 2 6 3 6 7 5 8 6 3 5 6 8 4 2 2 2 2 7 3 3 1 7 3 5 7 0 5 1 0 1 7 4 0 3 6 1
3 3 27 24 51 28 8 23
3 1 6 18 20 0
#c 8 1 4 4 4 4 6 1 8 0 0 5 1 7 5 0 2 2 6 3 6 7 5 8 6 3 5 6 8 4 2 2 2 2 7 3 3 1 7 3 5 7 0 5 1 0 1 7 4 0 3 6 1
2 2 41 34 0 23
4 2 47 38 21 13 8 28
#c 8 1 4 4 4 4 6 1 8 0 0 5 1 7 5 0 2 2 6 3 6 7 5 8 6 3 5 6 8 4 2 2 2 2 7 3 3 1 7 3 5 7 0 5 1 0 1 7 4 0 3 6 1
2 3 23 28 22 26 11
2 3 8 0 40 43 14
#c 8 1 4 4 4 4 6 1 8 0 0 5 1 7 5 0 2 2 6 3 6 7 5 8 6 3 5 6 8 4 2 2 2 2 7 3 3 1 7 3 5 7 0 5 1 0 1 7 4 0 3 6 1
2 2 9 45 39 50
4 4 42 15 49 10 25 35 36 19
#c 8 1 4 4 4 4 6 1 8 3 0 5 1 7 5 0 2 2 6 3 6 7 5 8 6 3 5 6 8 4 2 2 2 2 7 3 3 1 7 0 5 7 0 5 1 3 1 7 4 0 0 6 1
#c 8 1 4 4 4 4 6 1 8 3 0 5 1 7 5 0 2 2 6 3 6 7 5 8 6 3 5 6 8 4 2 2 2 2 7 3 3 1 7 0 5 7 0 5 1 3 1 7 4 0 0 6 1
3 2 32 31 17 3 48
3 4 33 16 30 4 2 5 29
#c 8 1 4 4 4 4 6 1 8 3 0 5 1 7 5 0 2 2 6 3 6 7 5 8 6 3 5 6 8 4 2 2 2 2 7 3 3 1 7 0 5 7 0 5 1 3 1 7 4 0 0 6 1
#c 8 1 4 4 4 4 6 1 8 3 0 5 1 7 5 0 2 2 6 3 6 7 5 8 6 3 5 6 8 4 2 2 2 2 7 3 3 1 7 0 5 7 0 5 1 3 1 7 4 0 0 6 1
#c 8 1 4 4 4 4 6 1 8 3 0 5 1 7 5 0 2 2 6 3 6 7 5 8 6 3 5 6 8 4 2 2 2 2 7 3 3 1 7 0 5 7 0 5 1 3 1 7 4 0 0 6 1
1 1 40 24
5 5 22 26 43 14 11 6 51 27 18 20
#c 8 1 4 4 4 4 6 1 8 3 0 5 1 7 5 0 2 2 6 3 6 7 5 8 6 3 5 6 8 4 2 2 2 2 7 3 3 1 7 0 5 7 0 5 1 3 1 7 4 0 0 6 1
3 3 24 20 6 48 4 3
3 3 51 27 18 2 5 29
#c 8 1 4 4 4 4 6 1 8 3 0 5 1 7 5 0 2 2 6 3 6 7 5 8 6 3 5 6 8 4 2 2 2 2 7 3 3 1 7 0 5 7 0 5 1 3 1 7 4 0 0 6 1
1 1 38 28
5 3 47 34 21 13 41 8 23 0
#c 8 1 4 4 4 4 6 1 8 3 0 5 1 7 5 0 2 2 6 3 6 7 5 8 6 3 5 6 8 4 2 2 2 2 7 3 3 1 7 0 5 7 0 5 1 3 1 7 4 0 0 6 1
1 1 8 35
3 5 28 23 0 25 36 19 9 45
#c 8 1 4 4 4 4 6 1 8 3 0 5 1 7 5 0 2 2 6 3 6 7 5 8 6 3 5 6 8 4 2 2 2 2 7 3 3 1 7 0 5 7 0 5 1 3 1 7 4 0 0 6 1
1 1 15 0
5 3 42 49 10 39 50 8 28 23
#c 8 1 4 4 4 4 6 1 8 3 0 5 1 7 5 0 2 2 6 3 6 7 5 8 6 3 5 6 8 4 2 2 2 2 7 3 3 1 7 0 5 7 0 5 1 3 1 7 4 0 0 6 1
#c 8 1 4 4 4 4 6 1 8 3 0 5 1 7 5 0 2 2 6 3 6 7 5 8 6 3 5 6 8 4 2 2 2 2 7 3 3 1 7 0 5 7 0 5 1 3 1 7 4 0 0 6 1
3 3 30 32 31 7 44 37
3 4 33 16 17 52 46 1 12
#c 8 1 4 4 4 4 6 1 8 3 0 5 1 7 5 0 2 2 6 3 6 7 5 8 6 3 5 6 8 4 2 2 2 2 7 3 3 1 7 0 5 7 0 5 1 3 1 7 4 0 0 6 1
3 3 19 35 36 33 17 16
3 3 25 9 45 32 31 30
#c 8 1 4 4 4 4 6 1 8 3 0 5 1 7 5 0 2 2 6 3 6 7 5 8 6 3 5 6 8 4 2 2 2 2 7 3 3 1 7 0 5 7 0 5 1 3 1 7 4 0 0 6 1
1 1 4 13
5 5 2 3 48 5 29 47 38 34 21 41
#c 8 1 4 4 4 4 6 1 8 3 0 5 1 7 5 0 2 2 6 3 6 7 5 8 6 3 5 6 8 4 2 2 2 2 7 3 3 1 7 0 5 7 0 5 1 3 1 7 4 0 0 6 1
2 1 14 43 33
4 5 22 26 40 11 32 16 31 30 17
#c 8 1 4 4 4 4 6 1 8 3 0 5 1 7 5 0 2 2 6 3 6 7 5 8 6 3 5 6 8 4 2 2 2 2 7 3 3 1 7 0 5 7 0 5 1 3 1 7 4 0 0 6 1
#c 8 1 4 4 4 4 6 1 8 3 0 5 1 7 5 0 2 2 6 3 6 7 5 8 6 3 5 6 8 4 2 2 2 2 7 3 3 1 7 0 5 7 0 5 1 3 1 7 4 0 0 6 1
3 3 13 21 38 19 35 25
3 3 47 34 41 36 9 45
#c 8 1 4 4 4 4 6 1 8 3 0 5 1 7 5 0 2 2 6 3 6 7 5 8 6 3 5 6 8 4 2 2 2 2 7 3 3 1 7 0 5 7 0 5 1 3 1 7 4 0 0 6 1
1 1 23 21
3 5 8 28 0 47 38 34 13 41
#c 8 1 4 4 4 4 6 1 8 3 0 5 1 7 5 0 2 2 6 3 6 7 5 8 6 3 5 6 8 4 2 2 2 2 7 3 3 1 7 0 5 7 0 5 1 3 1 7 4 0 0 6 1
#c 8 1 4 4 4 4 6 1 8 3 0 5 1 7 5 0 2 2 6 3 6 7 5 8 6 3 5 6 8 4 2 2 2 2 7 3 3 1 7 0 5 7 0 5 1 3 1 7 4 0 0 6 1
1 2 37 5 3
6 4 52 46 1 12 44 7 4 2 48 29
#c 8 1 4 4 4 4 6 1 8 3 0 5 1 7 5 0 2 2 6 3 6 7 5 8 6 3 5 6 8 4 2 2 2 2 7 3 3 1 7 0 5 7 0 5 1 3 1 7 4 0 0 6 1
1 1 33 27
5 5 32 16 31 30 17 6 24 51 18 20
#c 8 1 4 4 4 4 6 1 8 3 0 5 1 7 5 0 2 2 6 3 6 7 5 8 6 3 5 6 8 4 2 2 2 2 7 3 3 1 7 0 5 7 0 5 1 3 1 7 4 0 0 6 1
1 2 36 30 17
5 4 25 35 19 9 45 33 32 16 31
#c 8 1 4 4 4 4 6 1 8 3 0 5 1 7 5 0 2 2 6 3 6 7 5 8 6 3 5 6 8 4 2 2 2 2 7 3 3 1 7 0 5 7 0 5 1 3 1 7 4 0 0 6 1
1 1 2 6
5 5 4 3 48 5 29 24 51 27 18 20
#c 8 1 4 4 4 4 6 1 8 3 0 5 1 7 5 0 2 2 6 3 6 7 5 8 6 3 5 6 8 4 2 2 2 2 7 3 3 1 7 0 5 7 0 5 1 3 1 7 4 0 0 6 1
3 3 40 43 14 3 5 48
3 3 22 26 11 4 2 29
#c 8 1 4 4 4 4 6 1 8 3 0 5 1 7 5 0 2 2 6 3 6 7 5 8 6 3 5 6 8 4 2 2 2 2 7 3 3 1 7 0 5 7 0 5 1 3 1 7 4 0 0 6 1
3 3 20 24 6 16 31 32
3 3 51 27 18 33 30 17
#c 8 1 4 4 4 4 6 1 8 3 0 5 1 7 5 0 2 2 6 3 6 7 5 8 6 3 5 6 8 4 2 2 2 2 7 3 3 1 7 0 5 7 0 5 1 3 1 7 4 0 0 6 1
3 5 34 38 47 1 44 7 46 12
3 2 21 13 41 52 37
#c 8 1 4 4 4 4 6 1 8 3 0 5 1 7 5 0 2 2 6 3 6 7 5 8 6 3 5 6 8 4 2 2 2 2 7 3 3 1 7 0 5 7 0 5 1 3 1 7 4 0 0 6 1
2 1 0 8 32
2 5 28 23 33 16 31 30 17
#c 8 1 4 4 4 4 6 1 8 3 0 5 1 7 5 0 2 2 6 3 6 7 5 8 6 3 5 6 8 4 2 2 2 2 7 3 3 1 7 0 5 7 0 5 1 3 1 7 4 0 0 6 1
3 3 50 15 10 32 17 30
3 3 42 49 39 33 16 31
#c 8 1 4 4 4 4 6 1 8 3 0 5 1 7 5 0 2 2 6 3 6 7 5 8 6 3 5 6 8 4 2 2 2 2 7 3 3 1 7 0 5 7 0 5 1 3 1 7 4 0 0 6 1
3 3 1 52 37 48 2 5
4 3 46 12 44 7 4 3 29
#c 8 1 4 4 4 4 6 1 8 3 0 5 1 7 5 0 2 2 6 3 6 7 5 8 6 3 5 6 8 4 2 2 2 2 7 3 3 1 7 0 5 7 0 5 1 3 1 7 4 0 0 6 1
2 2 16 30 14 43
4 4 33 32 31 17 22 26 40 11
#c 8 1 4 4 4 4 6 1 8 3 0 5 1 7 5 0 2 2 6 3 6 7 5 8 6 3 5 6 8 4 2 2 2 2 7 3 3 1 7 0 5 7 0 5 1 3 1 7 4 0 0 6 1
2 3 35 25 8 0 23
4 1 36 19 9 45 28
#c 8 1 4 4 4 4 6 1 8 3 0 5 1 7 5 0 2 2 6 3 6 7 5 8 6 3 5 6 8 4 2 2 2 2 7 3 3 1 7 0 5 7 0 5 1 3 1 7 4 0 0 6 1
3 3 3 29 4 22 26 11
3 3 2 48 5 40 43 14
#c 8 1 4 4 4 4 6 1 8 3 0 5 1 7 5 0 2 2 6 3 6 7 5 8 6 3 5 6 8 4 2 2 2 2 7 3 3 1 7 0 5 7 0 5 1 3 1 7 4 0 0 6 1
3 3 40 11 22 50 39 49
3 3 26 43 14 42 15 10
#c 8 1 4 4 4 4 6 1 8 3 0 5 1 7 5 0 2 2 6 3 6 7 5 8 6 3 5 6 8 4 2 2 2 2 7 3 3 1 7 0 5 7 0 5 1 3 1 7 4 0 0 6 1
2 2 51 20 28 23
4 2 6 24 27 18 8 0
#c 8 1 4 4 4 4 6 1 8 3 0 5 1 7 5 0 2 2 6 3 6 7 5 8 6 3 5 6 8 4 2 2 2 2 7 3 3 1 7 0 5 7 0 5 1 3 1 7 4 0 0 6 1
3 1 13 21 41 18
3 5 47 38 34 6 24 51 27 20
#c 8 1 4 4 4 4 6 1 8 3 0 5 1 7 5 0 2 2 6 3 6 7 5 8 6 3 5 6 8 4 2 2 2 2 7 3 3 1 7 0 5 7 0 5 1 3 1 7 4 0 0 6 1
2 2 23 0 22 26
2 4 8 28 40 43 14 11
#c 8 1 4 4 4 4 6 1 8 3 0 5 1 7 5 0 2 2 6 3 6 7 5 8 6 3 5 6 8 4 2 2 2 2 7 3 3 1 7 0 5 7 0 5 1 3 1 7 4 0 0 6 1
3 3 15 10 39 11 14 22
3 3 42 49 50 26 40 43
#c 8 1 4 4 4 4 6 1 8 3 0 5 1 7 5 0 2 2 6 3 6 7 5 8 6 3 5 6 8 4 2 2 2 2 7 3 3 1 7 0 5 7 0 5 1 3 1 7 4 0 0 6 1
2 2 7 1 43 22
5 4 52 46 12 44 37 26 40 14 11
#c 8 1 4 4 4 4 6 1 8 3 0 5 1 7 5 0 2 2 6 3 6 7 5 8 6 3 5 6 8 4 2 2 2 2 7 3 3 1 7 0 5 7 0 5 1 3 1 7 4 0 0 6 1
2 2 17 32 8 0
4 2 33 16 31 30 28 23
#c 8 1 4 4 4 4 6 1 8 3 0 5 1 7 5 0 2 2 6 3 6 7 5 8 6 3 5 6 8 4 2 2 2 2 7 3 3 1 7 0 5 7 0 5 1 3 1 7 4 0 0 6 1
3 3 36 25 19 0 23 8
3 1 35 9 45 28
#c 8 1 4 4 4 4 6 1 8 3 0 5 1 7 5 0 2 2 6 3 6 7 5 8 6 3 5 6 8 4 2 2 2 2 7 3 3 1 7 0 5 7 0 5 1 3 1 7 4 0 0 6 1
3 4 29 2 48 40 11 22 14
3 2 4 3 5 26 43
#c 8 1 4 4 4 4 6 1 8 3 0 5 1 7 5 0 2 2 6 3 6 7 5 8 6 3 5 6 8 4 2 2 2 2 7 3 3 1 7 0 5 7 0 5 1 3 1 7 4 0 0 6 1
1 1 14 33
5 5 22 26 40 43 11 32 16 31 30 17
#c 8 1 4 4 4 4 6 1 8 3 0 5 1 7 5 0 2 2 6 3 6 7 5 8 6 3 5 6 8 4 2 2 2 2 7 3 3 1 7 0 5 7 0 5 1 3 1 7 4 0 0 6 1
2 2 51 27 36 19
4 4 6 24 18 20 25 35 9 45
#c 8 1 4 4 4 4 6 1 8 3 0 5 1 7 5 0 2 2 6 3 6 7 5 8 6 3 5 6 8 4 2 2 2 2 7 3 3 1 7 0 5 7 0 5 1 3 1 7 4 0 0 6 1
#c 8 1 4 4 4 4 6 1 8 3 0 5 1 7 5 0 2 2 6 3 6 7 5 8 6 3 5 6 8 4 2 2 2 2 7 3 3 1 7 0 5 7 0 5 1 3 1 7 4 0 0 6 1
1 3 23 37 12 1
3 4 8 28 0 52 46 44 7
#c 8 1 4 4 4 4 6 1 8 3 0 5 1 7 5 0 2 2 6 3 6 7 5 8 6 3 5 6 8 4 2 2 2 2 7 3 3 1 7 0 5 7 0 5 1 3 1 7 4 0 0 6 1
2 2 50 42 37 1
4 5 15 49 10 39 52 46 12 44 7
#c 8 1 4 4 4 4 6 1 8 3 0 5 1 7 5 0 2 2 6 3 6 7 5 8 6 3 5 6 8 4 2 2 2 2 7 3 3 1 7 0 5 7 0 5 1 3 1 7 4 0 0 6 1
1 1 46 40
6 5 52 1 12 44 37 7 22 26 43 14 11
#c 8 1 4 4 4 4 6 1 8 3 0 5 1 7 5 0 2 2 6 3 6 7 5 8 6 3 5 6 8 4 2 2 2 2 7 3 3 1 7 0 1 7 0 5 1 3 5 7 4 0 0 6 1
2 2 30 32 9 19
4 4 33 16 31 17 25 35 36 45
#c 8 1 4 4 4 4 6 1 8 3 0 5 1 7 5 0 2 2 6 3 6 7 5 8 6 3 5 6 8 4 2 2 2 2 7 3 3 1 7 0 1 7 0 5 1 3 5 7 4 0 0 6 1
2 3 45 35 51 27 24
4 3 25 36 19 9 6 18 20
#c 8 1 4 4 4 4 6 1 8 3 0 5 1 7 5 0 2 2 6 3 6 7 5 8 6 3 5 6 8 4 2 2 2 2 7 3 3 1 7 0 1 7 0 5 1 3 5 7 4 0 0 6 1
2 2 29 48 41 21
4 4 4 2 3 5 47 38 34 13
#c 8 1 4 4 4 4 6 1 8 3 0 5 1 7 5 0 2 2 6 3 6 7 5 8 6 3 5 6 8 4 2 2 2 2 7 3 3 1 7 0 1 7 0 5 1 3 5 7 4 0 0 6 1
1 2 11 33 16
5 4 22 26 43 14 46 32 31 30 17
#c 8 1 4 4 4 4 6 1 8 3 0 5 1 7 5 0 2 2 6 3 6 7 5 8 6 3 5 6 8 4 2 2 2 2 7 3 3 1 7 0 1 7 0 5 1 3 5 7 4 0 0 6 1
1 1 20 41
5 5 6 24 51 27 18 47 38 34 21 13
#c 8 1 4 4 4 4 6 1 8 3 0 5 1 7 5 0 2 2 6 3 6 7 5 8 6 3 5 6 8 4 2 2 2 2 7 3 3 1 7 0 1 7 0 5 1 3 5 7 4 0 0 6 1
#c 8 1 4 4 4 4 6 1 8 3 0 5 1 7 5 0 2 2 6 3 6 7 5 8 6 3 5 6 8 4 2 2 2 2 7 3 3 1 7 0 1 7 0 5 1 3 5 7 4 0 0 6 1
1 1 8 38
3 5 28 23 0 47 34 21 13 41
#c 8 1 4 4 4 4 6 1 8 3 0 5 1 7 5 0 2 2 6 3 6 7 5 8 6 3 5 6 8 4 2 2 2 2 7 3 3 1 7 0 1 7 0 5 1 3 5 7 4 0 0 6 1
#c 8 1 4 4 4 4 6 1 8 3 0 5 1 7 5 0 2 2 6 3 6 7 5 8 6 3 5 6 8 4 2 2 2 2 7 3 3 1 7 0 1 7 0 5 1 3 5 7 4 0 0 6 1
2 2 40 1 43 26
5 4 52 12 44 37 7 22 14 11 46
#c 8 1 4 4 4 4 6 1 8 3 0 5 1 7 5 0 2 2 6 3 6 7 5 8 6 3 5 6 8 4 2 2 2 2 7 3 3 1 7 0 1 7 0 5 1 3 5 7 4 0 0 6 1
1 1 30 24
5 5 33 32 16 31 17 6 51 27 18 20
#c 8 1 4 4 4 4 6 1 8 3 0 5 1 7 5 0 2 2 6 3 6 7 5 8 6 3 5 6 8 4 2 2 2 2 7 3 3 1 7 0 1 7 0 5 1 3 5 7 4 0 0 6 1
#c 8 1 4 4 4 4 6 1 8 3 0 5 1 7 5 0 2 2 6 3 6 7 5 8 6 3 5 6 8 4 2 2 2 2 7 3 3 1 7 0 1 7 0 5 1 3 5 7 4 0 0 6 1
2 2 48 2 49 10
4 4 4 3 5 29 42 15 39 50
#c 8 1 4 4 4 4 6 1 8 3 0 5 1 7 5 0 2 2 6 3 6 7 5 8 6 3 5 6 8 4 2 2 2 2 7 3 3 1 7 0 1 7 0 5 1 3 5 7 4 0 0 6 1
3 5 11 22 46 25 45 19 36 9
3 1 26 43 14 35
#c 8 1 4 4 4 4 6 1 8 3 0 5 1 7 5 0 2 2 6 3 6 7 5 8 6 3 5 6 8 4 2 2 2 2 7 3 3 1 7 0 1 7 0 5 1 3 5 7 4 0 0 6 1
2 2 6 18 3 5
4 4 24 51 27 20 4 2 48 29
#c 8 1 4 4 4 4 6 1 8 3 0 5 1 7 5 0 2 2 6 3 6 7 5 8 6 3 5 6 8 4 2 2 2 2 7 3 3 1 7 0 1 7 0 5 1 3 5 7 4 0 0 6 1
#c 8 1 4 4 4 4 6 1 8 3 0 5 1 7 5 0 2 2 6 3 6 7 5 8 6 3 5 6 8 4 2 2 2 2 7 3 3 1 7 0 1 7 0 5 1 3 5 7 4 0 0 6 1
2 3 28 23 41 13 34
2 3 8 0 47 38 21
#c 8 1 4 4 4 4 6 1 8 3 0 5 1 7 5 0 2 2 6 3 6 7 5 8 6 3 5 6 8 4 2 2 2 2 7 3 3 1 7 0 1 7 0 5 1 3 5 7 4 0 0 6 1
1 1 39 33
5 5 42 15 49 10 50 32 16 31 30 17
#c 8 1 4 4 4 4 6 1 8 3 0 5 1 7 5 0 2 2 6 3 6 7 5 8 6 3 5 6 8 4 2 2 2 2 7 3 3 1 7 0 1 7 0 5 1 3 5 7 4 0 0 6 1
3 3 52 1 7 43 46 22
4 3 12 44 37 40 26 14 11
#c 8 1 4 4 4 4 6 1 8 3 0 5 1 7 5 0 2 2 6 3 6 7 5 8 6 3 5 6 8 4 2 2 2 2 7 3 3 1 7 0 1 7 0 5 1 3 5 7 4 0 0 6 1
2 2 30 16 44 1
4 5 33 32 31 17 52 12 37 7 40
#c 8 1 4 4 4 4 6 1 8 3 0 5 1 7 5 0 2 2 6 3 6 7 5 8 6 3 5 6 8 4 2 2 2 2 7 3 3 1 7 0 1 7 0 5 1 3 5 7 4 0 0 6 1
2 1 35 19 26
4 5 25 36 9 45 22 43 14 11 46
#c 8 1 4 4 4 4 6 1 8 3 0 5 1 7 5 0 2 2 6 3 6 7 5 8 6 3 5 6 8 4 2 2 2 2 7 3 3 1 7 0 1 7 0 5 1 3 5 7 4 0 0 6 1
2 2 3 29 27 51
4 4 4 2 48 5 6 24 18 20
#c 8 1 4 4 4 4 6 1 8 3 0 5 1 7 5 0 2 2 6 3 6 7 5 8 6 3 5 6 8 4 2 2 2 2 7 3 3 1 7 0 1 7 0 5 1 3 5 7 4 0 0 6 1
#c 8 1 4 4 4 4 6 1 8 3 0 5 1 7 5 0 2 2 6 3 6 7 5 8 6 3 5 6 8 4 2 2 2 2 7 3 3 1 7 0 1 7 0 5 1 3 5 7 4 0 0 6 1
2 4 6 18 50 42 49 10
4 2 24 51 27 20 15 39
#c 8 1 4 4 4 4 6 1 8 3 0 5 1 7 5 0 2 2 6 3 6 7 5 8 6 3 5 6 8 4 2 2 2 2 7 3 3 1 7 0 1 7 0 5 1 3 5 7 4 0 0 6 1
1 1 38 39
5 5 47 34 21 13 41 42 15 49 10 50
#c 8 1 4 4 4 4 6 1 8 3 0 5 1 7 5 0 2 2 6 3 6 7 5 8 6 3 5 6 8 4 2 2 2 2 7 3 3 1 7 0 1 7 0 5 1 3 5 7 4 0 0 6 1
1 1 23 52
3 6 8 28 0 1 12 44 37 7 40
#c 8 1 4 4 4 4 6 1 8 3 0 5 1 7 5 0 2 2 6 3 6 7 5 8 6 3 5 6 8 4 2 2 2 2 7 3 3 1 7 0 1 7 0 5 1 3 5 7 4 0 0 6 1
3 3 49 42 50 31 32 30
3 3 15 10 39 33 16 17
#c 8 1 4 4 4 4 6 1 8 3 0 5 1 7 5 0 2 2 6 3 6 7 5 8 6 3 5 6 8 4 2 2 2 2 7 3 3 1 7 0 1 7 0 5 1 3 5 7 4 0 0 6 1
#c 8 1 4 4 4 4 6 1 8 3 0 5 1 7 5 0 2 2 6 3 6 7 5 8 6 3 5 6 8 4 2 2 2 2 7 3 3 1 7 0 1 7 0 5 1 3 5 7 4 0 0 6 1
2 2 30 17 51 24
4 4 33 32 16 31 6 27 18 20
#c 8 1 4 4 4 4 6 1 8 3 0 5 1 7 5 0 2 2 6 3 6 7 5 8 6 3 5 6 8 4 2 2 2 2 7 3 3 1 7 0 1 7 0 5 1 3 5 7 4 0 0 6 1
1 1 19 27
5 5 25 35 36 9 45 6 24 51 18 20
#c 8 1 4 4 4 4 6 1 8 3 0 5 1 7 5 0 2 2 6 3 6 7 5 8 6 3 5 6 8 4 2 2 2 2 7 3 3 1 7 0 1 7 0 5 1 3 5 7 4 0 0 6 1
3 3 3 29 48 31 17 32
3 3 4 2 5 33 16 30
#c 8 1 4 4 4 4 6 1 8 3 0 5 1 7 5 0 2 2 6 3 6 7 5 8 6 3 5 6 8 4 2 2 2 2 7 3 3 1 7 0 1 7 0 5 1 3 5 7 4 0 0 6 1
3 4 11 22 14 31 17 32 16
3 2 26 43 46 33 30
#c 8 1 4 4 4 4 6 1 8 3 0 5 1 7 5 0 2 2 6 3 6 7 5 8 6 3 5 6 8 4 2 2 2 2 7 3 3 1 7 0 1 7 0 5 1 3 5 7 4 0 0 6 1
2 2 24 51 3 29
4 4 6 27 18 20 4 2 48 5
#c 8 1 4 4 4 4 6 1 8 3 0 5 1 7 5 0 2 2 6 3 6 7 5 8 6 3 5 6 8 4 2 2 2 2 7 3 3 1 7 0 1 7 0 5 1 3 5 7 4 0 0 6 1
2 3 13 34 14 46 43
4 3 47 38 21 41 22 26 11
#c 8 1 4 4 4 4 6 1 8 3 0 5 1 7 5 0 2 2 6 3 6 7 5 8 6 3 5 6 8 4 2 2 2 2 7 3 3 1 7 0 1 7 0 5 1 3 5 7 4 0 0 6 1
1 1 0 43
3 5 8 28 23 22 26 14 11 46
#c 8 1 4 4 4 4 6 1 8 3 0 5 1 7 5 0 2 2 6 3 6 7 5 8 6 3 5 6 8 4 2 2 2 2 7 3 3 1 7 0 1 7 0 5 1 3 5 7 4 0 0 6 1
1 1 49 19
5 5 42 15 10 39 50 25 35 36 9 45
#c 8 1 4 4 4 4 6 1 8 3 0 5 1 7 5 0 2 2 6 3 6 7 5 8 6 3 5 6 8 4 2 2 2 2 7 3 3 1 7 0 1 7 0 5 1 3 5 7 4 0 0 6 1
1 1 1 8
6 3 52 12 44 37 7 40 28 23 0
#c 8 1 4 4 4 4 6 1 8 3 0 5 1 7 5 0 2 2 6 3 6 7 5 8 6 3 5 6 8 4 2 2 2 2 7 3 3 1 7 0 1 7 0 5 1 3 5 7 4 0 0 6 1
1 1 32 7
5 6 33 16 31 30 17 52 1 12 44 37 40
#c 8 1 4 4 4 4 6 1 8 3 0 5 1 7 5 0 2 2 6 3 6 7 5 8 6 3 5 6 8 4 2 2 2 2 7 3 3 1 7 0 1 7 0 5 1 3 5 7 4 0 0 6 1
2 2 45 36 4 2
4 4 25 35 19 9 3 48 5 29
#c 8 1 4 4 4 4 6 1 8 3 0 5 1 7 5 0 2 2 6 3 6 7 5 8 6 3 5 6 8 4 2 2 2 2 7 3 3 1 7 0 1 7 0 5 1 3 5 7 4 0 0 6 1
3 3 5 48 3 11 46 26
3 3 4 2 29 22 43 14
#c 8 1 4 4 4 4 6 1 8 3 0 5 1 7 5 0 2 2 6 3 6 7 5 8 6 3 5 6 8 4 2 2 2 2 7 3 3 1 7 0 1 7 0 5 1 3 5 7 4 0 0 6 1
1 2 43 10 42
5 4 22 26 14 11 46 15 49 39 50
#c 8 1 4 4 4 4 6 1 8 3 0 5 1 7 5 0 2 2 6 3 6 7 5 8 6 3 5 6 8 4 2 2 2 2 7 3 3 1 7 0 1 7 0 5 1 3 5 7 4 0 0 6 1
3 3 6 24 27 40 52 7
3 4 51 18 20 1 12 44 37
#c 8 1 4 4 4 4 1 6 8 3 0 5 1 7 5 0 2 2 6 3 6 7 5 8 1 3 5 1 8 4 2 2 2 2 7 3 3 1 7 0 6 7 0 5 1 3 5 7 4 0 0 6 6
#c 8 1 4 4 4 4 1 6 8 3 0 5 1 7 5 0 2 2 6 3 6 7 5 8 1 3 5 1 8 4 2 2 2 2 7 3 3 1 7 0 6 7 0 5 1 3 5 7 4 0 0 6 6
2 2 0 8 20 40
2 4 28 23 51 18 52 7
#c 8 1 4 4 4 4 1 6 8 3 0 5 1 7 5 0 2 2 6 3 6 7 5 8 1 3 5 1 8 4 2 2 2 2 7 3 3 1 7 0 6 7 0 5 1 3 5 7 4 0 0 6 6
#c 8 1 4 4 4 4 1 6 8 3 0 5 1 7 5 0 2 2 6 3 6 7 5 8 1 3 5 1 8 4 2 2 2 2 7 3 3 1 7 0 6 7 0 5 1 3 5 7 4 0 0 6 6
2 2 12 44 20 18
5 4 1 37 6 24 27 51 40 52 7
#c 8 1 4 4 4 4 1 6 8 3 0 5 1 7 5 0 2 2 6 3 6 7 5 8 1 3 5 1 8 4 2 2 2 2 7 3 3 1 7 0 6 7 0 5 1 3 5 7 4 0 0 6 6
3 3 30 16 17 3 29 5
3 3 33 32 31 4 2 48
#c 8 1 4 2 4 2 1 6 8 3 0 5 1 7 5 0 4 4 6 3 6 7 5 8 1 3 5 1 8 2 4 2 2 2 7 3 3 1 7 0 6 7 0 5 1 3 5 7 4 0 0 6 6
3 3 25 35 19 28 8 23
3 1 36 9 45 0
#c 8 1 4 2 4 2 1 6 8 3 0 5 1 7 5 0 4 4 6 3 6 7 5 8 1 3 5 1 8 2 4 2 2 2 7 3 3 1 7 0 6 7 0 5 1 3 5 7 4 0 0 6 6
2 2 4 48 26 11
4 4 2 30 16 17 22 43 14 46
#c 8 1 4 2 4 2 1 6 8 3 0 5 1 7 5 0 4 4 6 3 6 7 5 8 1 3 5 1 8 2 4 2 2 2 7 3 3 1 7 0 6 7 0 5 1 3 5 7 4 0 0 6 6
2 2 46 43 52 7
4 4 22 26 14 11 51 18 20 40
#c 8 1 4 2 4 2 1 6 8 3 0 5 1 7 5 0 4 4 6 3 6 7 5 8 1 3 5 1 8 2 4 2 2 2 7 3 3 1 7 0 6 7 0 5 1 3 5 7 4 0 0 6 6
2 2 7 20 39 50
4 4 51 18 40 52 42 15 49 10
#c 8 1 4 2 4 2 1 6 8 3 0 5 1 7 5 0 4 4 6 3 6 7 5 8 1 3 5 1 8 2 4 2 2 2 7 3 3 1 7 0 6 7 0 5 1 3 5 7 4 0 0 6 6
2 3 38 47 25 36 45
4 3 34 21 13 41 35 19 9
#c 8 1 4 2 4 2 1 6 8 3 0 5 1 7 5 0 4 4 6 3 6 7 5 8 1 3 5 1 8 2 4 2 2 2 7 3 3 1 7 0 6 7 0 5 1 3 5 7 4 0 0 6 6
2 2 8 23 47 34
2 4 28 0 38 21 13 41
#c 8 1 4 2 4 2 1 6 8 3 0 5 1 7 5 0 4 4 6 3 6 7 5 8 1 3 5 1 8 2 4 2 2 2 7 3 3 1 7 0 6 7 0 5 1 3 5 7 4 0 0 6 6
2 2 49 42 46 43
4 4 15 10 39 50 22 26 14 11
#c 8 1 4 2 4 2 1 6 8 3 0 5 1 7 5 0 4 4 6 3 6 7 5 8 1 3 5 1 8 2 4 2 2 2 7 3 3 1 7 0 6 7 0 5 1 3 5 7 4 0 0 6 6
2 2 44 1 36 19
5 4 12 37 6 24 27 25 35 9 45
#c 8 1 4 2 4 2 1 6 8 3 0 5 1 7 5 0 4 4 6 3 6 7 5 8 1 3 5 1 8 2 4 2 2 2 7 3 3 1 7 0 6 7 0 5 1 3 5 7 4 0 0 6 6
2 2 32 3 20 40
4 4 33 31 29 5 51 18 52 7
#c 8 1 4 2 4 2 1 6 8 3 0 5 1 7 5 0 4 4 6 3 6 7 5 8 1 3 5 1 8 2 4 2 2 2 7 3 3 1 7 0 6 7 0 5 1 3 5 7 4 0 0 6 6
2 2 45 19 22 46
4 4 25 35 36 9 26 43 14 11
#c 8 1 4 2 4 2 1 6 8 3 0 5 1 7 5 0 4 4 6 3 6 7 5 8 1 3 5 1 8 2 4 2 2 2 7 3 3 1 7 0 6 7 0 5 1 3 5 7 4 0 0 6 6
2 2 30 16 44 12
4 5 4 2 48 17 1 37 6 24 27
#c 8 1 4 2 4 2 1 6 8 3 0 5 1 7 5 0 4 4 6 3 6 7 5 8 1 3 5 1 8 2 4 2 2 2 7 3 3 1 7 0 6 7 0 5 1 3 5 7 4 0 0 6 6
3 3 43 46 22 3 33 29
3 3 26 14 11 32 31 5
#c 8 1 4 2 4 2 1 6 8 3 0 5 1 7 5 0 4 4 6 3 6 7 5 8 1 3 5 1 8 2 4 2 2 2 7 3 3 1 7 0 6 7 0 5 1 3 5 7 4 0 0 6 6
1 1 52 33
5 5 51 18 20 40 7 32 31 3 29 5
#c 8 1 4 2 4 2 1 6 8 3 0 5 1 7 5 0 4 4 6 3 6 7 5 8 1 3 5 1 8 2 4 2 2 2 7 3 3 1 7 0 6 7 0 5 1 3 5 7 4 0 0 6 6
2 2 38 21 20 51
4 4 47 34 13 41 18 40 52 7
#c 8 1 4 2 4 2 1 6 8 3 0 5 1 7 5 0 4 4 6 3 6 7 5 8 1 3 5 1 8 2 4 2 2 2 7 3 3 1 7 0 6 7 0 5 1 3 5 7 4 0 0 6 6
2 2 23 28 19 35
2 4 8 0 25 36 9 45
#c 8 1 4 2 4 2 1 6 8 3 0 5 1 7 5 0 4 4 6 3 6 7 5 8 1 3 5 1 8 2 4 2 2 2 7 3 3 1 7 0 6 7 0 5 1 3 5 7 4 0 0 6 6
2 2 15 42 3 31
4 4 49 10 39 50 33 32 29 5
#c 8 1 4 2 4 2 1 6 8 3 0 5 1 7 5 0 4 4 6 3 6 7 5 8 1 3 5 1 8 2 4 2 2 2 7 3 3 1 7 0 6 7 0 5 1 3 5 7 4 0 0 6 6
3 3 24 12 44 20 7 40
4 3 1 37 6 27 51 18 52
#c 8 1 4 2 4 2 1 6 8 3 0 5 1 7 5 0 4 4 6 3 6 7 5 8 1 3 5 1 8 2 4 2 2 2 7 3 3 1 7 0 6 7 0 5 1 3 5 7 4 0 0 6 6
2 2 29 33 7 52
4 4 32 31 3 5 51 18 20 40
#c 8 1 4 2 4 2 1 6 8 3 0 5 1 7 5 0 4 4 6 3 6 7 5 8 1 3 5 1 8 2 4 2 2 2 7 3 3 1 7 0 6 7 0 5 1 3 5 7 4 0 0 6 6
3 3 25 36 19 1 37 44
3 4 35 9 45 12 6 24 27
#c 8 1 4 2 4 2 1 6 8 3 0 5 1 7 5 0 4 4 6 3 6 7 5 8 1 3 5 1 8 2 4 2 2 2 7 3 3 1 7 0 6 7 0 5 1 3 5 7 4 0 0 6 6
1 1 4 18
5 5 2 48 30 16 17 51 20 40 52 7
#c 8 1 4 2 4 2 1 6 8 3 0 5 1 7 5 0 4 4 6 3 6 7 5 8 1 3 5 1 8 2 4 2 2 2 7 3 3 1 7 0 6 7 0 5 1 3 5 7 4 0 0 6 6
2 3 26 14 28 8 23
4 1 22 43 11 46 0
#c 8 1 4 2 4 2 1 6 8 3 0 5 1 7 5 0 4 4 6 3 6 7 5 8 1 3 5 1 8 2 4 2 2 2 7 3 3 1 7 0 6 7 0 5 1 3 5 7 4 0 0 6 6
3 3 18 51 52 0 28 23
3 1 20 40 7 8
#c 8 1 4 2 4 2 1 6 8 3 0 5 1 7 5 0 4 4 6 3 6 7 5 8 1 3 5 1 8 2 4 2 2 2 7 3 3 1 7 0 6 7 0 5 1 3 5 7 4 0 0 6 6
2 2 21 41 14 46
4 4 47 38 34 13 22 26 43 11
#c 8 1 4 2 4 2 1 6 8 3 0 5 1 7 5 0 4 4 6 3 6 7 5 8 1 3 5 1 8 2 4 2 2 2 7 3 3 1 7 0 6 7 0 5 1 3 5 7 4 0 0 6 6
2 2 28 23 37 6
2 5 8 0 1 12 44 24 27
#c 8 1 4 2 4 2 1 6 8 3 0 5 1 7 5 0 4 4 6 3 6 7 5 8 1 3 5 1 8 2 4 2 2 2 7 3 3 1 7 0 6 7 0 5 1 3 5 7 4 0 0 6 6
1 1 42 40
5 5 15 49 10 39 50 51 18 20 52 7
#c 8 1 4 2 4 2 1 6 8 3 0 5 1 7 5 0 4 4 6 3 6 7 5 8 1 3 5 1 8 2 4 2 2 2 7 3 3 1 7 0 6 7 0 5 1 3 5 7 4 0 0 6 6
1 1 37 3
6 5 1 12 44 6 24 27 33 32 31 29 5
#c 8 1 4 2 4 2 1 6 8 3 0 5 1 7 5 0 4 4 6 3 6 7 5 8 1 3 5 1 8 2 4 2 2 2 7 3 3 1 7 0 6 7 0 5 1 3 5 7 4 0 0 6 6
1 2 29 34 47
5 4 33 32 31 3 5 38 21 13 41
#c 8 1 4 2 4 2 1 6 8 3 0 5 1 7 5 0 4 4 6 3 6 7 5 8 1 3 5 1 8 2 4 2 2 2 7 3 3 1 7 0 6 7 0 5 1 3 5 7 4 0 0 6 6
2 2 19 9 28 8
4 2 25 35 36 45 23 0
#c 8 1 4 2 4 2 1 6 8 3 0 5 1 7 5 0 4 4 6 3 6 7 5 8 1 3 5 1 8 2 4 2 2 2 7 3 3 1 7 0 6 7 0 5 1 3 5 7 4 0 0 6 6
3 3 4 30 16 46 22 26
3 3 2 48 17 43 14 11
#c 8 1 4 2 4 2 1 6 8 3 0 5 1 7 5 0 4 4 6 3 6 7 5 8 1 3 5 1 8 2 4 2 2 2 7 3 3 1 7 0 6 7 0 5 1 3 5 7 4 0 0 6 6
1 1 43 3
5 5 22 26 14 11 46 33 32 31 29 5
#c 8 1 4 2 4 2 1 6 8 3 0 5 1 7 5 0 4 4 6 3 6 7 5 8 1 3 5 1 8 2 4 2 2 2 7 3 3 1 7 0 6 7 0 5 1 3 5 7 4 0 0 6 6
1 1 20 38
5 5 51 18 40 52 7 47 34 21 13 41
#c 8 1 4 2 4 2 1 6 8 3 0 5 1 7 5 0 4 4 6 3 6 7 5 8 1 3 5 1 8 2 4 2 2 2 7 3 3 1 7 0 6 7 0 5 1 3 5 7 4 0 0 6 6
1 1 21 15
5 5 47 38 34 13 41 42 49 10 39 50
#c 8 1 4 2 4 2 1 6 8 3 0 5 1 7 5 0 4 4 6 3 6 7 5 8 1 3 5 1 8 2 4 2 2 2 7 3 3 1 7 0 6 7 0 5 1 3 5 7 4 0 0 6 6
2 2 8 28 4 48
2 4 23 0 2 30 16 17
#c 8 1 4 2 4 2 1 6 8 3 0 5 1 7 5 0 4 4 6 3 6 7 5 8 1 3 5 1 8 2 4 2 2 2 7 3 3 1 7 0 6 7 0 5 1 3 5 7 4 0 0 6 6
#c 8 1 4 2 4 2 1 6 8 3 0 5 1 7 5 0 4 4 6 3 6 7 5 8 1 3 5 1 8 2 4 2 2 2 7 3 3 1 7 0 6 7 0 5 1 3 5 7 4 0 0 6 6
3 3 27 12 1 25 36 45
4 3 44 37 6 24 35 19 9
#c 8 1 4 2 4 2 1 6 8 3 0 5 1 7 5 0 4 4 6 3 6 7 5 8 1 3 5 1 8 2 4 2 2 2 7 3 3 1 7 0 6 7 0 5 1 3 5 7 4 0 0 6 6
3 3 5 3 32 51 20 18
3 3 33 31 29 40 52 7
#c 8 1 4 2 4 2 1 6 8 3 0 5 1 7 5 0 4 4 6 3 6 7 5 8 1 3 5 1 8 2 4 2 2 2 7 3 3 1 7 0 6 7 0 5 1 3 5 7 4 0 0 6 6
1 1 19 6
5 6 25 35 36 9 45 1 12 44 37 24 27
#c 8 1 4 2 4 2 1 6 8 3 0 5 1 7 5 0 4 4 6 3 6 7 5 8 1 3 5 1 8 2 4 2 2 2 7 3 3 1 7 0 6 7 0 5 1 3 5 7 4 0 0 6 6
3 4 48 30 16 1 44 24 12
3 3 4 2 17 37 6 27
#c 8 1 4 2 4 2 1 6 8 3 0 5 1 7 5 0 4 4 6 3 6 7 5 8 1 3 5 1 8 2 4 2 2 2 7 3 3 1 7 0 6 7 0 5 1 3 5 7 4 0 0 6 6
3 3 26 11 43 10 15 39
3 3 22 14 46 42 49 50
#c 8 1 4 2 4 2 1 6 8 3 0 5 1 7 5 0 4 4 6 3 6 7 5 8 1 3 5 1 8 2 4 2 2 2 7 3 3 1 7 0 6 7 0 5 1 3 5 7 4 0 0 6 6
3 3 51 18 52 46 22 43
3 3 20 40 7 26 14 11
#c 8 1 4 2 4 2 1 6 8 3 0 5 1 7 5 0 4 4 6 3 6 7 5 8 1 3 5 1 8 2 4 2 2 2 7 3 3 1 7 0 6 7 0 5 1 3 5 7 4 0 0 6 6
2 2 41 38 0 8
4 2 47 34 21 13 28 23
#c 8 1 4 2 4 2 1 6 8 3 0 5 1 7 5 0 4 4 6 3 6 7 5 8 1 3 5 1 8 2 4 2 2 2 7 3 3 1 7 0 6 7 0 5 1 3 5 7 4 0 0 6 6
1 1 23 4
3 5 8 28 0 2 48 30 16 17
#c 8 1 4 2 4 2 1 6 8 3 0 5 1 7 5 0 4 4 6 3 6 7 5 8 1 3 5 1 8 2 4 2 2 2 7 3 3 1 7 0 6 7 0 5 1 3 5 7 4 0 0 6 6
2 2 50 15 52 7
4 4 42 49 10 39 51 18 20 40
#c 8 1 4 2 4 2 1 6 8 3 0 5 1 7 5 0 4 4 6 3 6 7 5 8 1 3 5 1 8 2 4 2 2 2 7 3 3 1 7 0 6 7 0 5 1 3 5 7 4 0 0 6 6
#c 8 1 4 2 4 2 1 6 8 3 0 5 1 7 5 0 4 4 6 3 6 7 5 8 1 3 5 1 8 2 4 2 2 2 7 3 3 1 7 0 6 7 0 5 1 3 5 7 4 0 0 6 6
3 3 3 32 29 27 12 1
3 4 33 31 5 44 37 6 24
#c 8 1 4 2 4 2 1 6 8 3 0 5 1 7 5 0 4 4 6 3 6 7 5 8 1 3 5 1 8 2 4 2 2 2 7 3 3 1 7 0 6 7 0 5 1 3 5 7 4 0 0 6 6
1 1 19 10
5 5 25 35 36 9 45 42 15 49 39 50
#c 8 1 4 2 4 2 1 6 8 3 0 5 1 7 5 0 4 4 6 3 6 7 5 8 1 3 5 1 8 2 4 2 2 2 7 3 3 1 7 0 6 7 0 5 1 3 5 7 4 0 0 6 6
3 3 17 16 30 9 19 25
3 3 4 2 48 35 36 45
#c 8 1 4 2 4 2 1 6 8 3 0 5 1 7 5 0 4 4 6 3 6 7 5 8 1 3 5 1 8 2 4 2 2 2 7 3 3 1 7 0 6 7 0 5 1 3 5 7 4 0 0 6 6
#c 8 1 4 2 4 2 1 6 8 3 0 5 1 7 5 0 4 4 6 3 6 7 5 8 1 3 5 1 8 2 4 2 2 2 7 3 3 1 7 0 6 7 0 5 1 3 5 7 4 0 0 6 6
1 1 7 1
5 6 51 18 20 40 52 12 44 37 6 24 27
#c 8 1 4 2 4 2 1 6 8 3 0 5 1 7 5 0 4 4 6 3 6 7 5 8 1 3 5 1 8 2 4 2 2 2 7 3 3 1 7 0 6 7 0 5 1 3 5 7 4 0 0 6 6
1 3 47 0 8 28
5 1 38 34 21 13 41 23
#c 8 1 4 2 4 2 1 6 8 3 0 5 1 7 5 0 4 4 6 3 6 7 5 8 1 3 5 1 8 2 4 2 2 2 7 3 3 1 7 0 6 7 0 5 1 3 5 7 4 0 0 6 6
1 1 28 36
3 5 8 23 0 25 35 19 9 45
#c 8 1 4 2 4 2 1 6 8 3 0 5 1 7 5 0 4 4 6 3 6 7 5 8 1 3 5 1 8 2 4 2 2 2 7 3 3 1 7 0 6 7 0 5 1 3 5 7 4 0 0 6 6
1 1 49 5
5 5 42 15 10 39 50 33 32 31 3 29
#c 8 1 4 2 4 2 1 6 8 3 0 5 1 7 5 0 4 4 6 3 6 7 5 8 1 3 5 1 8 2 4 2 2 2 7 3 3 1 7 0 6 7 0 5 1 3 5 7 4 0 0 6 6
1 1 24 3
6 5 1 12 44 37 6 27 33 32 31 29 5
#c 8 1 4 2 4 2 1 6 8 3 0 5 1 7 5 0 4 4 6 3 6 7 5 8 1 3 5 1 8 2 4 2 2 2 7 3 3 1 7 0 6 7 0 5 1 3 5 7 4 0 0 6 6
2 3 5 32 30 16 2
4 3 33 31 3 29 4 48 17
#c 8 1 4 2 4 2 1 6 8 3 0 5 1 7 5 0 4 4 6 3 6 7 5 8 1 3 5 1 8 2 4 2 2 2 7 3 3 1 7 0 6 7 0 5 1 3 5 7 4 0 0 6 6
3 4 36 9 45 49 50 10 42
3 2 25 35 19 15 39
#c 8 1 4 2 4 2 1 6 8 3 0 5 1 7 5 0 4 4 6 3 6 7 5 8 1 3 5 1 8 2 4 2 2 2 7 3 3 1 7 0 6 7 0 5 1 3 5 7 4 0 0 6 6
2 2 4 17 18 52
4 4 2 48 30 16 51 20 40 7
#c 8 1 4 2 4 2 1 6 8 3 0 5 1 7 5 0 4 4 6 3 6 7 5 8 1 3 5 1 8 2 4 2 2 2 7 3 3 1 7 0 6 7 0 5 1 3 5 7 4 0 0 6 6
3 2 26 43 46 30 4
3 4 22 14 11 2 48 16 17
#c 8 1 4 2 4 2 1 6 8 3 0 5 1 7 5 0 4 4 6 3 6 7 5 8 1 3 5 1 8 2 4 2 2 2 7 3 3 1 7 0 6 7 0 5 1 3 5 7 4 0 0 6 6
1 1 51 29
5 5 18 20 40 52 7 33 32 31 3 5
#c 8 1 4 2 4 2 1 6 8 3 0 5 1 7 5 0 4 4 6 3 6 7 5 8 1 3 5 1 8 2 4 2 2 2 7 3 3 1 7 0 6 7 0 5 1 3 5 7 4 0 0 6 6
1 2 41 18 20
5 4 47 38 34 21 13 51 40 52 7
#c 8 1 4 2 4 2 1 6 8 3 0 5 1 7 5 0 4 4 6 3 6 7 5 8 1 3 5 1 8 2 4 2 2 2 7 3 3 1 7 0 6 7 0 5 1 3 5 7 4 0 0 6 6
1 1 28 19
3 5 8 23 0 25 35 36 9 45
#c 8 1 4 2 4 2 1 6 8 3 0 5 1 7 5 0 4 4 6 3 6 7 5 8 1 3 5 1 8 2 4 2 2 2 7 3 3 1 7 0 6 7 0 5 1 3 5 7 4 0 0 6 6
2 2 49 50 7 51
4 4 42 15 10 39 18 20 40 52
#c 8 1 4 2 4 2 1 6 8 3 0 5 1 7 5 0 4 4 6 3 6 7 5 8 1 3 5 1 8 2 4 2 2 2 7 3 3 1 7 0 6 7 0 5 1 3 5 7 4 0 0 6 6
1 1 6 34
6 5 1 12 44 37 24 27 47 38 21 13 41
#c 8 1 4 2 4 2 1 6 8 3 0 5 1 7 5 0 4 4 6 3 6 7 5 8 1 3 5 1 8 2 4 2 2 2 7 3 3 1 7 0 6 7 0 5 1 3 5 7 4 0 0 6 6
3 3 29 32 5 21 13 47
3 3 33 31 3 38 34 41
#c 8 1 4 2 4 2 1 6 8 3 0 5 1 7 5 0 4 4 6 3 6 7 5 8 1 3 5 1 8 2 4 2 2 2 7 3 3 1 7 0 6 7 0 5 1 3 5 7 4 0 0 6 6
3 3 9 36 25 34 38 13
3 3 35 19 45 47 21 41
#c 8 1 4 2 4 2 1 6 8 3 0 5 1 7 5 0 4 4 6 3 6 7 5 8 1 3 5 1 8 2 4 2 2 2 7 3 3 1 7 0 6 7 0 5 1 3 5 7 4 0 0 6 6
3 3 16 17 30 7 51 18
3 3 4 2 48 20 40 52
#c 8 1 4 2 4 2 1 6 8 3 0 5 1 7 5 0 4 4 6 3 6 7 5 8 1 3 5 1 8 2 4 2 2 2 7 3 3 1 7 0 6 7 0 5 1 3 5 7 4 0 0 6 6
5 5 22 26 43 14 11 51 18 40 52 7
#c 8 1 4 2 4 2 1 6 8 3 0 5 1 7 5 0 4 4 6 3 6 7 5 8 1 3 5 1 8 2 4 2 2 2 7 3 3 1 7 0 6 7 0 5 1 3 5 7 4 0 0 6 6
1 1 51 49
5 5 18 20 40 52 7 42 15 10 39 50
#c 8 1 4 2 4 2 1 6 8 3 0 5 1 7 5 0 4 4 6 3 6 7 5 8 1 3 5 1 8 2 4 2 2 2 7 3 3 1 7 0 6 7 0 5 1 3 5 7 4 0 0 6 6
3 3 47 38 34 26 46 22
3 3 21 13 41 43 14 11
#c 8 1 4 2 4 2 1 6 8 3 0 5 1 7 5 0 4 4 6 3 6 7 5 8 1 3 5 1 8 2 4 2 2 2 7 3 3 1 7 0 6 7 0 5 1 3 5 7 4 0 0 6 6
1 1 0 32
3 5 8 28 23 33 31 3 29 5
#c 8 1 4 2 4 2 1 6 8 3 0 5 1 7 5 0 4 4 6 3 6 7 5 8 1 3 5 1 8 2 4 2 2 2 7 3 3 1 7 0 6 7 0 5 1 3 5 7 4 0 0 6 6
3 1 15 10 42 27
3 6 49 39 50 1 12 44 37 6 24
#c 8 1 4 2 4 2 1 6 8 3 0 5 1 7 5 0 4 4 6 3 6 7 5 8 1 3 5 1 8 2 4 2 2 2 7 3 3 1 7 0 6 7 0 5 1 3 5 7 4 0 0 6 6
#c 8 1 4 2 4 2 1 6 8 3 0 5 1 7 5 0 4 4 6 3 6 7 5 8 1 3 5 1 8 2 4 2 2 2 7 3 3 1 7 0 6 7 0 5 1 3 5 7 4 0 0 6 6
3 4 33 32 5 51 20 18 7
3 2 31 3 29 40 52
#c 8 1 4 2 4 2 1 6 8 3 0 5 1 7 5 0 4 4 6 3 6 7 5 8 1 3 5 1 8 2 4 2 2 2 7 3 3 1 7 0 6 7 0 5 1 3 5 7 4 0 0 6 6
3 3 9 35 36 29 5 33
3 3 25 19 45 32 31 3
#c 8 1 4 2 4 2 1 6 8 3 0 5 1 7 5 0 4 4 6 3 6 7 5 8 1 3 5 1 8 2 4 2 2 2 7 3 3 1 7 0 6 7 0 5 1 3 5 7 4 0 0 6 6
5 5 4 2 48 30 16 26 43 14 11 46
#c 8 1 4 2 4 2 1 6 8 3 0 5 1 7 5 0 4 4 6 3 6 7 5 8 1 3 5 1 8 2 4 2 2 2 7 3 3 1 7 0 6 7 0 5 1 3 5 7 4 0 0 6 6
3 3 11 43 22 33 31 3
3 3 26 14 46 32 29 5
#c 8 1 4 2 4 2 1 6 8 3 0 5 1 7 5 0 4 4 6 3 6 7 5 8 1 3 5 1 8 2 4 2 2 2 7 3 3 1 7 0 6 7 0 5 1 3 5 7 4 0 0 6 6
3 3 18 40 52 16 17 2
3 3 51 20 7 4 48 30
#c 8 1 4 2 4 2 1 6 8 3 0 5 1 7 5 0 4 4 6 3 6 7 5 8 1 3 5 1 8 2 4 2 2 2 7 3 3 1 7 0 6 7 0 5 1 3 5 7 4 0 0 6 6
2 1 41 38 7
4 5 47 34 21 13 51 18 20 40 52
#c 8 1 4 2 4 2 1 6 8 3 0 5 1 7 5 0 4 4 6 3 6 7 5 8 1 3 5 1 8 2 4 2 2 2 7 3 3 1 7 0 6 7 0 5 1 3 5 7 4 0 0 6 6
2 2 23 28 19 9
2 4 8 0 25 35 36 45
#c 8 1 4 2 4 2 1 6 8 8 0 5 1 7 5 0 4 4 6 8 6 7 5 3 1 3 5 1 3 2 4 2 2 2 7 3 3 1 7 0 6 7 0 5 1 3 5 7 4 0 0 6 6
1 1 42 19
5 3 15 49 10 39 50 8 0 9
#c 8 1 4 2 4 2 1 6 8 8 0 5 1 7 5 0 4 4 6 8 6 7 5 3 1 3 5 1 3 2 4 2 2 2 7 3 3 1 7 0 6 7 0 5 1 3 5 7 4 0 0 6 6
3 3 37 44 24 0 8 19
4 1 1 12 6 27 9
#c 8 1 4 2 4 2 1 6 8 8 0 5 1 7 5 0 4 4 6 8 6 7 5 3 1 3 5 1 3 2 4 2 2 2 7 3 3 1 7 0 6 7 0 5 1 3 5 7 4 0 0 6 6
3 3 32 29 33 0 8 19
3 1 31 3 5 9
#c 8 1 4 2 4 2 1 6 8 8 0 5 1 7 5 0 4 4 6 8 6 7 5 3 1 3 5 1 3 2 4 2 2 2 7 3 3 1 7 0 6 7 0 5 1 3 5 7 4 0 0 6 6
2 1 28 35 5
4 5 25 36 45 23 33 32 31 3 29
#c 8 1 4 2 4 2 1 6 8 8 0 5 1 7 5 0 4 4 6 8 6 7 5 3 1 3 5 1 3 2 4 2 2 2 7 3 3 1 7 0 6 7 0 5 1 3 5 7 4 0 0 6 6
1 1 16 51
5 5 4 2 48 30 17 18 20 40 52 7
#c 8 1 4 2 4 2 1 6 8 8 0 5 1 7 5 0 4 4 6 8 6 7 5 3 1 3 5 1 3 2 4 2 2 2 7 3 3 1 7 0 6 7 0 5 1 3 5 7 4 0 0 6 6
1 1 46 29
5 5 22 26 43 14 11 33 32 31 3 5
#c 8 1 4 2 4 2 1 6 8 8 0 5 1 7 5 0 4 4 6 8 6 7 5 3 1 3 5 1 3 2 4 2 2 2 7 3 3 1 7 0 6 7 0 5 1 3 5 7 4 0 0 6 6
3 2 7 40 20 1 6
3 5 51 18 52 12 44 37 24 27
#c 8 1 4 2 4 2 1 6 8 8 0 5 1 7 5 0 4 4 6 8 6 7 5 3 1 3 5 1 3 2 4 2 2 2 7 3 3 1 7 0 6 7 0 5 1 3 5 7 4 0 0 6 6
2 2 21 47 20 51
4 4 38 34 13 41 18 40 52 7
#c 8 1 4 2 4 2 1 6 8 8 0 5 1 7 5 0 4 4 6 8 6 7 5 3 1 3 5 1 3 2 4 2 2 2 7 3 3 1 7 0 6 7 0 5 1 3 5 7 4 0 0 6 6
1 1 9 33
3 5 8 0 19 32 31 3 29 5
#c 8 1 4 2 4 2 1 6 8 8 0 5 1 7 5 0 4 4 6 8 6 7 5 3 1 3 5 1 3 2 4 2 2 2 7 3 3 1 7 0 6 7 0 5 1 3 5 7 4 0 0 6 6
#c 8 1 4 2 4 2 1 6 8 8 0 5 1 7 5 0 4 4 6 8 6 7 5 3 1 3 5 1 3 2 4 2 2 2 7 3 3 1 7 0 6 7 0 5 1 3 5 7 4 0 0 6 6
#c 8 1 4 2 4 2 1 6 8 8 0 5 1 7 5 0 4 4 6 8 6 7 5 3 1 3 5 1 3 2 4 2 2 2 7 3 3 1 7 0 6 7 0 5 1 3 5 7 4 0 0 6 6
2 2 3 31 0 9
4 2 33 32 29 5 8 19
#c 8 1 4 2 4 2 1 6 8 8 0 5 1 7 5 0 4 4 6 8 6 7 5 3 1 3 5 1 3 2 4 2 2 2 7 3 3 1 7 0 6 7 0 5 1 3 5 7 4 0 0 6 6
2 2 25 23 42 39
4 4 35 36 45 28 15 49 10 50
#c 8 1 4 2 4 2 1 6 8 8 0 5 1 7 5 0 4 4 6 8 6 7 5 0 1 0 5 1 3 2 4 2 2 2 7 3 3 1 7 3 6 7 3 5 1 3 5 7 4 0 0 6 6
2 2 2 16 5 3
4 4 4 48 30 17 33 32 31 29
#c 8 1 4 2 4 2 1 6 8 8 0 5 1 7 5 0 4 4 6 8 6 7 5 0 1 0 5 1 3 2 4 2 2 2 7 3 3 1 7 3 6 7 3 5 1 3 5 7 4 0 0 6 6
1 1 22 31
5 5 26 43 14 11 46 33 32 3 29 5
#c 8 1 4 2 4 2 1 6 8 8 0 5 1 7 5 0 4 4 6 8 6 7 5 0 1 0 5 1 3 2 4 2 2 2 7 3 3 1 7 3 6 7 3 5 1 3 5 7 4 0 0 6 6
1 1 7 2
5 5 51 18 20 40 52 4 48 30 16 17
#c 8 1 4 2 4 2 1 6 8 8 0 5 1 7 5 0 4 4 6 8 6 7 5 0 1 0 5 1 3 2 4 2 2 2 7 3 3 1 7 3 6 7 3 5 1 3 5 7 4 0 0 6 6
2 2 13 38 14 11
4 4 47 34 21 41 22 26 43 46
#c 8 1 4 2 4 2 1 6 8 8 0 5 1 7 5 0 4 4 6 8 6 7 5 0 1 0 5 1 3 2 4 2 2 2 7 3 3 1 7 3 6 7 3 5 1 3 5 7 4 0 0 6 6
1 1 8 51
3 5 0 19 9 18 20 40 52 7
#c 8 1 4 2 4 2 1 6 8 8 0 5 1 7 5 0 4 4 6 8 6 7 5 0 1 0 5 1 3 2 4 2 2 2 7 3 3 1 7 3 6 7 3 5 1 3 5 7 4 0 0 6 6
2 2 10 25 28 45
4 4 15 49 50 23 35 36 42 39
#c 8 1 4 2 4 2 1 6 8 8 0 5 1 7 5 0 4 4 6 8 6 7 5 0 1 0 5 1 3 2 4 2 2 2 7 3 3 1 7 3 6 7 3 5 1 3 5 7 4 0 0 6 6
2 1 6 44 31
5 5 1 12 37 24 27 33 32 3 29 5
#c 8 1 4 2 4 2 1 6 8 8 0 5 1 7 5 0 4 4 6 8 6 7 5 0 1 0 5 1 3 2 4 2 2 2 7 3 3 1 7 3 6 7 3 5 1 3 5 7 4 0 0 6 6
3 3 33 29 3 14 43 22
3 3 32 31 5 26 11 46
#c 8 1 4 2 4 2 1 6 8 8 0 5 1 7 5 0 4 4 6 8 6 7 5 0 1 0 5 1 3 2 4 2 2 2 7 3 3 1 7 3 6 7 3 5 1 3 5 7 4 0 0 6 6
1 1 35 17
5 5 36 45 28 42 39 4 2 48 30 16
#c 8 1 4 2 4 2 1 6 8 8 0 5 1 7 5 0 4 4 6 8 6 7 5 0 1 0 5 1 3 2 4 2 2 2 7 3 3 1 7 3 6 7 3 5 1 3 5 7 4 0 0 6 6
2 2 2 4 31 5
4 4 48 30 16 17 33 32 3 29
#c 8 1 4 2 4 2 1 6 8 8 0 5 1 7 5 0 4 4 6 8 6 7 5 0 1 0 5 1 3 2 4 2 2 2 7 3 3 1 7 3 6 7 3 5 1 3 5 7 4 0 0 6 6
3 3 11 22 26 15 49 50
3 3 43 14 46 10 25 23
#c 8 1 4 2 4 2 1 6 8 8 0 5 1 7 5 0 4 4 6 8 6 7 5 0 1 0 5 1 3 2 4 2 2 2 7 3 3 1 7 3 6 7 3 5 1 3 5 7 4 0 0 6 6
3 3 52 40 7 25 10 49
3 3 51 18 20 15 50 23
#c 8 1 4 2 4 2 1 6 8 8 0 5 1 7 5 0 4 4 6 8 6 7 5 0 1 0 5 1 3 2 4 2 2 2 7 3 3 1 7 3 6 7 3 5 1 3 5 7 4 0 0 6 6
1 1 41 18
5 5 47 38 34 21 13 51 20 40 52 7
#c 8 1 4 2 4 2 1 6 8 8 0 5 1 7 5 0 4 4 6 8 6 7 5 0 1 0 5 1 3 2 4 2 2 2 7 3 3 1 7 3 6 7 3 5 1 3 5 7 4 0 0 6 6
1 1 0 16
3 5 8 19 9 4 2 48 30 17
#c 8 1 4 2 4 2 1 6 8 8 0 5 1 7 5 0 4 4 6 8 6 7 5 0 1 0 5 1 3 2 4 2 2 2 7 3 3 1 7 3 6 7 3 5 1 3 5 7 4 0 0 6 6
2 2 50 10 45 42
4 4 15 49 25 23 35 36 28 39
#c 8 1 4 2 4 2 1 6 8 8 0 5 1 7 5 0 4 4 6 8 6 7 5 0 1 0 5 1 3 2 4 2 2 2 7 3 3 1 7 3 6 7 3 5 1 3 5 7 4 0 0 6 6
3 3 1 12 6 47 21 38
4 3 44 37 24 27 34 13 41
#c 8 1 4 2 4 2 1 6 8 8 0 5 1 7 5 0 4 4 6 8 6 7 5 0 1 0 5 1 3 2 4 2 2 2 7 3 3 1 7 3 6 7 3 5 1 3 5 7 4 0 0 6 6
2 2 29 33 8 0
4 2 32 31 3 5 19 9
#c 8 1 4 2 4 2 1 6 8 8 0 5 1 7 5 0 4 4 6 8 6 7 5 0 1 0 5 1 3 2 4 2 2 2 7 3 3 1 7 3 6 7 3 5 1 3 5 7 4 0 0 6 6
2 2 45 35 22 46
4 4 36 28 42 39 26 43 14 11
#c 8 1 4 2 4 2 1 6 8 8 0 5 1 7 5 0 4 4 6 8 6 7 5 0 1 0 5 1 3 2 4 2 2 2 7 3 3 1 7 3 6 7 3 5 1 3 5 7 4 0 0 6 6
3 3 17 2 48 6 44 27
3 4 4 30 16 1 12 37 24
#c 8 1 4 2 4 2 1 6 8 8 0 5 1 7 5 0 4 4 6 8 6 7 5 0 1 0 5 1 3 2 4 2 2 2 7 3 3 1 7 3 6 7 3 5 1 3 5 7 4 0 0 6 6
3 3 14 46 22 8 0 19
3 1 26 43 11 9
#c 8 1 4 2 4 2 1 6 8 8 0 5 1 7 5 0 4 4 6 8 6 7 5 0 1 0 5 1 3 2 4 2 2 2 7 3 3 1 7 3 6 7 3 5 1 3 5 7 4 0 0 6 6
1 1 40 1
5 6 51 18 20 52 7 12 44 37 6 24 27
#c 8 1 4 2 4 2 1 6 8 8 0 5 1 7 5 0 4 4 6 8 6 7 5 0 1 0 5 1 3 2 4 2 2 2 7 3 3 1 7 3 6 7 3 5 1 3 5 7 4 0 0 6 6
2 3 41 47 8 9 19
4 1 38 34 21 13 0
#c 8 1 4 2 4 2 1 6 8 8 0 5 1 7 5 0 4 4 6 8 6 7 5 0 1 0 5 1 3 2 4 2 2 2 7 3 3 1 7 3 6 7 3 5 1 3 5 7 4 0 0 6 6
2 2 0 8 28 35
2 4 19 9 36 45 42 39
#c 8 1 4 2 4 2 1 6 8 8 0 5 1 7 5 0 4 4 6 8 6 7 5 0 1 0 5 1 3 2 4 2 2 2 7 3 3 1 7 3 6 7 3 5 1 3 5 7 4 0 0 6 6
3 3 50 49 23 27 44 1
3 4 15 10 25 12 37 6 24
#c 8 1 4 2 4 2 1 6 8 8 0 5 1 7 5 0 4 4 6 8 6 7 5 0 1 0 5 1 3 2 4 2 2 2 7 3 3 1 7 3 6 7 3 5 1 3 5 7 4 0 0 6 6
2 2 1 12 23 10
5 4 44 37 6 24 27 15 49 50 25
#c 8 1 4 2 4 2 1 6 8 8 0 5 1 7 5 0 4 4 6 8 6 7 5 0 1 0 5 1 3 2 4 2 2 2 7 3 3 1 7 3 6 7 3 5 1 3 5 7 4 0 0 6 6
#c 8 1 4 2 4 2 1 6 8 8 0 5 1 7 5 0 4 4 6 8 6 7 5 0 1 0 5 1 3 2 4 2 2 2 7 3 3 1 7 3 6 7 3 5 1 3 5 7 4 0 0 6 6
1 1 39 30
5 5 35 36 45 28 42 4 2 48 16 17
#c 8 1 4 2 4 2 1 6 8 8 0 5 1 7 5 0 4 4 6 8 6 7 5 0 1 0 5 1 3 2 4 2 2 2 7 3 3 1 7 3 6 7 3 5 1 3 5 7 4 0 0 6 6
1 2 17 7 20
5 4 4 2 48 30 16 51 18 40 52
#c 8 1 4 2 4 2 1 6 8 8 0 5 1 7 5 0 4 4 6 8 6 7 5 0 1 0 5 1 3 2 4 2 2 2 7 3 3 1 7 3 6 7 3 5 1 3 5 7 4 0 0 6 6
3 3 14 26 11 9 8 0
3 1 22 43 46 19
#c 8 1 4 2 4 2 1 6 8 8 0 5 1 7 5 0 4 4 6 8 6 7 5 0 1 0 5 1 3 2 4 2 2 2 7 3 3 1 7 3 6 7 3 5 1 3 5 7 4 0 0 6 6
3 2 20 52 40 15 50
3 4 51 18 7 49 10 25 23
#c 8 1 4 2 4 2 1 6 8 8 0 5 1 7 5 0 4 4 6 8 6 7 5 0 1 0 5 1 3 2 4 2 2 2 7 3 3 1 7 3 6 7 3 5 1 3 5 7 4 0 0 6 6
2 2 47 38 33 3
4 4 34 21 13 41 32 31 29 5
#c 8 1 4 2 4 2 1 6 8 8 0 5 1 7 5 0 4 4 6 8 6 7 5 0 1 0 5 1 3 2 4 2 2 2 7 3 3 1 7 3 6 7 3 5 1 3 5 7 4 0 0 6 6
2 2 9 0 27 24
2 5 8 19 1 12 44 37 6
#c 1 1 4 2 4 2 1 6 8 1 0 5 1 7 5 0 4 4 6 8 6 7 5 0 8 0 5 8 3 2 4 2 2 2 7 3 3 1 7 3 6 7 3 5 1 3 5 7 4 0 0 6 6
#c 1 1 4 2 4 2 1 6 8 1 0 5 1 7 5 0 4 4 6 8 6 7 5 0 8 0 5 8 3 2 4 2 2 2 7 3 3 1 7 3 6 7 3 5 1 3 5 7 4 0 0 6 6
3 3 37 0 12 8 19 24
4 1 1 44 6 9 27
#c 1 1 4 2 4 2 1 6 8 1 0 5 1 7 5 0 4 4 6 8 6 7 5 0 8 0 5 8 3 2 4 2 2 2 7 3 3 1 7 3 6 7 3 5 1 3 5 7 4 0 0 6 6
2 2 33 3 2 48
4 4 32 31 29 5 4 30 16 17
#c 1 1 4 2 4 2 1 6 8 1 0 5 1 7 5 0 4 4 6 8 6 7 5 0 8 0 5 8 3 2 4 2 2 2 7 3 3 1 7 3 6 7 3 5 1 3 5 7 4 0 0 6 6
3 4 45 28 36 29 3 31 32
3 2 35 42 39 33 5
#c 1 1 4 2 4 2 1 6 8 1 0 5 1 7 5 0 4 4 6 8 6 7 5 0 8 0 5 8 3 2 4 2 2 2 7 3 3 1 7 3 6 7 3 5 1 3 5 7 4 0 0 6 6
2 2 17 4 26 11
4 4 2 48 30 16 22 43 14 46
#c 1 1 4 2 4 2 1 6 8 1 0 5 1 7 5 0 4 4 6 8 6 7 5 0 8 0 5 8 3 2 4 2 2 2 7 3 3 1 7 3 6 7 3 5 1 3 5 7 4 0 0 6 6
3 4 11 26 46 25 49 50 23
3 2 22 43 14 15 10
#c 1 1 4 2 4 2 1 6 8 1 0 5 1 7 5 0 4 4 6 8 6 7 5 0 8 0 5 8 3 2 4 2 2 2 7 3 3 1 7 3 6 7 3 5 1 3 5 7 4 0 0 6 6
3 3 52 51 18 2 4 30
3 3 20 40 7 48 16 17
#c 1 1 4 2 4 2 1 6 8 1 0 5 1 7 5 0 4 4 6 8 6 7 5 0 8 0 5 8 3 2 4 2 2 2 7 3 3 1 7 3 6 7 3 5 1 3 5 7 4 0 0 6 6
3 3 38 13 34 22 43 11
3 3 47 21 41 26 14 46
#c 1 1 4 2 4 2 1 6 8 1 0 5 1 7 5 0 4 4 6 8 6 7 5 0 8 0 5 8 3 2 4 2 2 2 7 3 3 1 7 3 6 7 3 5 1 3 5 7 4 0 0 6 6
2 3 24 19 52 18 20
2 3 8 27 51 40 7
#c 1 1 4 2 4 2 1 6 8 1 0 5 1 7 5 0 4 4 6 8 6 7 5 0 8 0 5 8 3 2 4 2 2 2 7 3 3 1 7 3 6 7 3 5 1 3 5 7 4 0 0 6 6
3 4 23 50 49 26 46 14 43
3 2 15 10 25 22 11
#c 1 1 4 2 4 2 1 6 8 1 0 5 1 7 5 0 4 4 6 8 6 7 5 0 8 0 5 8 3 2 4 2 2 2 7 3 3 1 7 3 6 7 3 5 1 3 5 7 4 0 0 6 6
#c 1 1 4 2 4 2 1 6 8 1 0 5 1 7 5 0 4 4 6 8 6 7 5 0 8 0 5 8 3 2 4 2 2 2 7 3 3 1 7 3 6 7 3 5 1 3 5 7 4 0 0 6 6
3 4 32 31 5 21 47 41 38
3 2 33 3 29 34 13
#c 1 1 4 2 4 2 1 6 8 1 0 5 1 7 5 0 4 4 6 8 6 7 5 0 8 0 5 8 3 2 4 2 2 2 7 3 3 1 7 3 6 7 3 5 1 3 5 7 4 0 0 6 6
#c 1 1 4 2 4 2 1 6 8 1 0 5 1 7 5 0 4 4 6 8 6 7 5 0 8 0 5 8 3 2 4 2 2 2 7 3 3 1 7 3 6 7 3 5 1 3 5 7 4 0 0 6 6
1 1 30 43
5 5 4 2 48 16 17 22 26 14 11 46
#c 1 1 4 2 4 2 1 6 8 1 0 5 1 7 5 0 4 4 6 8 6 7 5 0 8 0 5 8 3 2 4 2 2 2 7 3 3 1 7 3 6 7 3 5 1 3 5 7 4 0 0 6 6
2 2 22 11 50 25
4 4 26 43 14 46 15 49 10 23
#c 1 1 4 2 4 2 1 6 8 1 0 5 1 7 5 0 4 4 6 8 6 7 5 0 8 0 5 8 3 2 4 2 2 2 7 3 3 1 7 3 6 7 3 5 1 3 5 7 4 0 0 6 6
1 1 40 28
5 5 51 18 20 52 7 35 36 45 42 39
#c 1 1 4 2 4 2 1 6 8 1 0 5 1 7 5 0 4 4 6 8 6 7 5 0 8 0 5 8 3 2 4 2 2 2 7 3 3 1 7 3 6 7 3 5 1 3 5 7 4 0 0 6 6
3 3 38 34 21 14 11 26
3 3 47 13 41 22 43 46
#c 1 1 4 2 4 2 1 6 8 1 0 5 1 7 5 0 4 4 6 8 6 7 5 0 8 0 5 8 3 2 4 2 2 2 7 3 3 1 7 3 6 7 3 5 1 3 5 7 4 0 0 6 6
1 1 8 45
3 5 19 27 24 35 36 28 42 39
#c 1 1 4 2 4 2 1 6 8 1 0 5 1 7 5 0 4 4 6 8 6 7 5 0 8 0 5 8 3 2 4 2 2 2 7 3 3 1 7 3 6 7 3 5 1 3 5 7 4 0 0 6 6
2 2 15 50 37 44
4 5 49 10 25 23 1 12 6 9 0
#c 1 1 4 2 4 2 1 6 8 1 0 5 1 7 5 0 4 4 6 8 6 7 5 0 8 0 5 8 3 2 4 2 2 2 7 3 3 1 7 3 6 7 3 5 1 3 5 7 4 0 0 6 6
1 1 4 2 4 2 1 6 8 1 0 5 1 7 5 0 4 4 6 8 6 7 5 0 8 0 5 8 3 2 4 2 2 2 7 3 3 1 7 3 6 7 3 5 1 3 5 7 4 0 0 6 6
