#c 0 1 2 3 4 5 6 7 8 9 10 11 0 1 2 3 4 5 6 7 8 9 10 11 0 1 2 3 4 5 6 7 8 9 10 11 0 1 2 3 4 5 6 7 8 9 10 11 0 1 2 3 4 5 6 7 8 9 10 11 0 1 2 3 4 5 6 7 8 9 10 11 0 1
1 1 25 24
6 6 1 13 37 49 61 73 0 12 36 48 60 72
#c 0 1 2 3 4 5 6 7 8 9 10 11 0 1 2 3 4 5 6 7 8 9 10 11 1 0 2 3 4 5 6 7 8 9 10 11 0 1 2 3 4 5 6 7 8 9 10 11 0 1 2 3 4 5 6 7 8 9 10 11 0 1 2 3 4 5 6 7 8 9 10 11 0 1
3 3 26 2 62 47 35 11
3 3 14 38 50 23 59 71
#c 0 1 11 3 4 5 6 7 8 9 10 2 0 1 2 3 4 5 6 7 8 9 10 11 1 0 11 3 4 5 6 7 8 9 10 2 0 1 2 3 4 5 6 7 8 9 10 2 0 1 2 3 4 5 6 7 8 9 10 11 0 1 11 3 4 5 6 7 8 9 10 11 0 1
1 1 27 12
5 6 3 15 39 51 63 0 36 48 60 72 25
#c 0 1 11 3 4 5 6 7 8 9 10 2 0 1 2 3 4 5 6 7 8 9 10 11 1 0 11 3 4 5 6 7 8 9 10 2 0 1 2 3 4 5 6 7 8 9 10 2 0 1 2 3 4 5 6 7 8 9 10 11 0 1 11 3 4 5 6 7 8 9 10 11 0 1
2 2 16 28 3 51
4 4 4 40 52 64 15 27 39 63
#c 0 1 11 4 4 5 6 7 8 9 10 2 0 1 2 3 3 5 6 7 8 9 10 11 1 0 11 3 3 5 6 7 8 9 10 2 0 1 2 3 4 5 6 7 8 9 10 2 0 1 2 4 4 5 6 7 8 9 10 11 0 1 11 3 4 5 6 7 8 9 10 11 0 1
3 3 5 53 17 23 62 71
3 3 29 41 65 59 26 2
#c 0 1 11 4 4 5 6 7 8 9 10 2 0 1 2 3 3 5 6 7 8 9 10 11 1 0 11 3 3 5 6 7 8 9 10 2 0 1 2 3 4 5 6 7 8 9 10 2 0 1 2 4 4 5 6 7 8 9 10 11 0 1 11 3 4 5 6 7 8 9 10 11 0 1
3 2 54 42 66 67 43
3 4 6 18 30 7 19 31 55
#c 0 1 11 4 4 5 6 7 8 9 10 2 0 1 2 3 3 5 6 7 8 9 10 11 1 0 11 3 3 5 6 7 8 9 10 2 0 1 2 3 4 5 6 7 8 9 10 2 0 1 2 4 4 5 6 7 8 9 10 11 0 1 11 3 4 5 6 7 8 9 10 11 0 1
#c 0 1 11 4 4 5 6 7 8 9 10 2 0 1 2 3 3 5 6 7 8 9 10 11 1 0 11 3 3 5 6 7 8 9 10 2 0 1 2 3 4 5 6 7 8 9 10 2 0 1 2 4 4 5 6 7 8 9 10 11 0 1 11 3 4 5 6 7 8 9 10 11 0 1
3 3 68 8 32 69 33 45
3 3 20 44 56 9 21 57
#c 0 1 11 4 4 5 6 7 9 9 10 2 0 1 2 3 3 5 6 7 8 9 10 11 1 0 11 3 3 5 6 7 9 8 10 2 0 1 2 3 4 5 6 7 8 8 10 2 0 1 2 4 4 5 6 7 8 9 10 11 0 1 11 3 4 5 6 7 9 8 10 11 0 1
1 1 21 30
5 5 9 57 68 8 32 6 18 42 54 66
#c 0 1 11 4 4 5 6 7 9 9 10 2 0 1 2 3 3 5 6 7 8 6 10 11 1 0 11 3 3 5 9 7 9 8 10 2 0 1 2 3 4 5 6 7 8 8 10 2 0 1 2 4 4 5 6 7 8 9 10 11 0 1 11 3 4 5 6 7 9 8 10 11 0 1
1 1 10 40
5 5 22 34 46 58 70 4 52 64 3 51
#c 0 1 11 4 4 5 6 7 9 9 10 2 0 1 2 3 3 5 6 7 8 6 10 11 1 0 11 3 3 5 9 7 9 8 10 2 0 1 2 3 4 5 6 7 8 8 10 2 0 1 2 4 4 5 6 7 8 9 10 11 0 1 11 3 4 5 6 7 9 8 10 11 0 1
2 2 26 59 42 66
4 4 23 71 2 62 6 18 54 21
#c 0 1 11 4 4 5 6 7 9 9 10 2 0 1 2 3 3 5 6 7 8 6 10 11 1 0 11 3 3 5 9 7 9 8 10 2 0 1 2 3 4 5 6 7 8 8 10 2 0 1 2 4 4 5 6 7 8 9 10 11 0 1 11 3 4 5 6 7 9 8 10 11 0 1
3 3 48 12 25 7 31 19
4 3 0 36 60 72 43 55 67
#c 0 1 11 4 4 5 6 0 9 9 10 2 7 1 2 3 3 5 6 0 8 6 10 11 1 7 11 3 3 5 9 0 9 8 10 2 0 1 2 3 4 5 6 7 8 8 10 2 7 1 2 4 4 5 6 7 8 9 10 11 0 1 11 3 4 5 6 7 9 8 10 11 0 1
3 4 49 1 37 57 32 68 8
4 2 13 61 73 24 9 30
#c 0 1 11 4 4 5 6 0 9 9 10 2 7 1 2 3 3 5 6 0 8 6 10 11 1 7 11 3 3 5 9 0 9 8 10 2 0 1 2 3 4 5 6 7 8 8 10 2 7 1 2 4 4 5 6 7 8 9 10 11 0 1 11 3 4 5 6 7 9 8 10 11 0 1
1 1 38 48
5 5 14 50 47 35 11 43 55 67 12 25
#c 0 1 11 4 4 5 6 0 9 9 10 2 7 1 2 3 3 5 6 0 8 6 10 11 1 7 11 3 3 5 9 0 9 8 10 2 0 1 7 3 4 5 6 7 8 8 10 2 2 1 2 4 4 5 6 7 8 9 10 11 0 1 11 3 4 5 6 7 9 8 10 11 0 1
1 1 15 3
5 5 27 39 63 16 28 4 40 52 64 51
#c 0 1 11 3 4 5 6 0 9 9 10 2 7 1 2 4 3 5 6 0 8 6 10 11 1 7 11 3 3 5 9 0 9 8 10 2 0 1 7 3 4 5 6 7 8 8 10 2 2 1 2 4 4 5 6 7 8 9 10 11 0 1 11 3 4 5 6 7 9 8 10 11 0 1
2 2 51 15 60 7
4 5 4 40 52 64 0 36 72 31 19
#c 0 1 11 3 4 5 6 4 9 9 10 2 7 1 2 0 3 5 6 0 8 6 10 11 1 7 11 3 3 5 9 0 9 8 10 2 0 1 7 3 4 5 6 7 8 8 10 2 2 1 2 0 4 5 6 7 8 9 10 11 4 1 11 3 4 5 6 7 9 8 10 11 0 1
1 2 41 13 37
5 5 5 17 29 53 65 1 49 61 73 24
#c 0 1 11 3 4 5 6 4 9 9 10 2 7 1 2 0 3 5 6 0 8 6 10 11 1 7 11 3 3 5 9 0 9 8 10 2 0 1 7 3 4 5 6 7 8 8 10 2 2 1 2 0 4 5 6 7 8 9 10 11 4 1 11 3 4 5 6 7 9 8 10 11 0 1
2 2 18 21 55 25
4 4 6 42 54 66 43 67 12 38
#c 0 1 11 3 4 5 6 4 9 9 10 2 7 1 2 0 3 5 6 0 8 6 10 11 1 7 11 3 3 5 9 0 9 8 10 2 0 1 7 3 4 5 6 7 8 8 10 2 2 1 2 0 4 5 6 7 8 9 10 11 4 1 11 3 4 5 6 7 9 8 10 11 0 1
2 3 67 38 64 52 40
4 3 43 55 12 25 4 60 7
#c 0 1 11 3 4 5 6 4 9 9 10 2 7 1 2 0 3 5 6 0 8 6 10 11 1 7 11 3 3 5 9 0 9 8 10 2 0 1 4 3 7 5 6 7 8 8 10 2 2 1 2 0 7 5 6 7 8 9 10 11 4 1 11 3 7 5 6 4 9 8 10 11 0 1
1 1 33 12
5 6 20 44 56 69 45 43 55 25 64 52 40
#c 0 1 11 3 4 5 6 4 9 9 10 2 7 1 2 0 3 5 6 0 8 6 10 11 1 7 11 3 3 5 9 0 9 8 10 2 0 1 4 3 7 5 6 7 8 8 10 2 2 1 2 0 7 5 6 7 8 9 10 11 4 1 11 3 7 5 6 4 9 8 10 11 0 1
3 3 30 57 68 53 65 29
3 3 9 8 32 5 17 41
#c 0 1 11 3 4 5 6 4 9 9 10 2 7 1 2 0 3 5 6 0 8 6 10 11 1 7 11 3 3 5 9 0 9 8 10 2 0 1 4 3 7 5 6 7 8 8 10 2 2 1 2 0 7 5 6 7 8 9 10 11 4 1 11 3 7 5 6 4 9 8 10 11 0 1
1 1 46 59
5 5 10 22 34 58 70 23 71 26 2 62
#c 0 1 11 3 4 5 6 4 9 9 10 2 7 1 2 0 3 5 6 0 8 6 10 11 1 7 11 3 3 5 9 0 9 8 10 2 0 1 4 3 7 5 6 7 8 8 11 2 2 1 2 0 7 5 6 7 8 9 10 10 4 1 11 3 7 5 6 4 9 8 10 11 0 1
2 3 23 62 60 67 4
4 2 71 26 2 46 7 38
#c 0 1 11 3 4 5 6 4 9 9 10 2 7 1 2 0 3 5 6 0 8 6 10 11 1 7 11 3 3 5 9 0 9 8 10 2 0 1 4 3 7 5 6 7 8 8 11 2 2 1 2 0 7 5 6 7 8 9 10 10 4 1 11 3 7 5 6 4 9 8 10 11 0 1
2 2 31 36 63 27
5 4 0 72 19 51 15 39 16 28 3
#c 0 1 11 3 4 5 6 4 9 9 10 2 7 1 2 0 3 5 6 0 8 6 10 11 1 7 11 0 3 5 9 3 9 8 10 2 3 1 4 3 7 5 6 7 8 8 11 2 2 1 2 0 7 5 6 7 8 9 10 10 4 1 11 0 7 5 6 4 9 8 10 11 0 1
1 1 37 36
6 5 1 13 49 61 73 24 39 16 28 3 31
#c 0 1 11 3 4 5 6 4 9 9 10 2 7 1 2 0 3 5 6 0 8 6 10 11 1 7 11 0 3 5 9 3 9 8 10 2 1 3 4 3 7 5 6 7 8 8 11 2 2 1 2 0 7 5 6 7 8 9 10 10 4 1 11 0 7 5 6 4 9 8 10 11 0 1
2 2 11 47 1 24
4 5 14 50 35 48 13 49 61 73 36
#c 0 2 11 3 4 5 6 4 9 9 10 1 7 1 2 0 3 5 6 0 8 6 10 11 2 7 11 0 3 5 9 3 9 8 10 2 1 3 4 3 7 5 6 7 8 8 11 1 2 1 2 0 7 5 6 7 8 9 10 10 4 1 11 0 7 5 6 4 9 8 10 11 0 1
2 1 28 3 6
4 5 39 16 31 37 18 42 54 66 21
#c 0 2 11 3 4 5 6 4 9 9 10 1 7 1 2 0 3 5 6 0 8 6 10 11 2 7 11 0 3 5 9 3 9 8 10 2 1 3 4 3 7 5 6 7 8 8 11 1 2 1 2 0 7 5 6 7 8 9 10 10 4 1 11 0 7 5 6 4 9 8 10 11 0 1
2 2 4 7 47 36
3 5 60 67 38 13 49 61 73 11
#c 0 2 11 3 4 5 6 4 9 9 10 1 7 1 2 0 3 5 6 0 8 6 10 11 2 7 11 0 3 5 9 3 9 8 10 2 1 3 4 3 7 5 6 7 8 8 11 1 2 1 2 0 7 5 6 7 8 9 10 10 4 1 11 0 7 5 6 4 9 8 10 11 0 1
2 2 17 41 44 33
4 4 5 29 53 65 20 56 69 45
#c 0 2 11 3 4 5 6 4 9 9 10 1 7 1 2 0 3 8 6 0 8 6 10 11 2 7 11 0 3 5 9 3 9 5 10 2 1 3 4 3 7 8 6 7 5 8 11 1 2 1 2 0 7 5 6 7 8 9 10 10 4 1 11 0 7 5 6 4 9 8 10 11 0 1
3 3 66 54 21 51 0 27
3 4 6 18 42 72 19 15 63
#c 0 2 11 3 4 5 6 4 9 9 10 1 7 1 2 0 3 8 6 0 8 6 10 11 2 7 11 0 3 5 9 3 9 5 10 2 1 3 4 3 7 8 6 7 5 8 11 1 2 1 2 0 7 5 6 7 8 9 10 10 4 1 11 0 7 5 6 4 9 8 10 11 0 1
2 2 12 52 36 47
5 5 43 55 25 64 40 13 49 61 73 11
#c 0 2 11 3 4 5 6 4 9 9 10 1 1 1 2 0 3 8 6 0 8 6 10 11 2 7 11 0 3 5 9 3 9 5 10 2 7 3 4 3 7 8 6 7 5 8 11 7 2 1 2 0 1 5 6 7 8 9 10 10 4 1 11 0 7 5 6 4 9 8 10 11 0 1
3 3 41 69 56 4 7 60
3 2 20 45 17 67 38
#c 0 2 11 3 8 5 6 8 9 9 10 1 1 1 2 0 3 8 6 0 8 6 10 11 2 7 11 0 3 5 9 3 9 5 10 2 7 3 4 3 7 4 6 7 5 8 11 7 2 1 2 0 1 5 6 7 4 9 10 10 8 1 11 0 7 5 6 4 9 4 10 11 0 1
#c 0 2 11 3 8 5 6 8 9 9 10 1 1 1 2 0 3 8 6 0 8 6 10 11 2 7 11 0 3 5 9 3 9 5 10 2 7 3 4 3 7 4 6 7 5 8 11 7 2 1 2 0 1 5 6 7 4 9 10 10 8 1 11 0 7 5 6 4 9 4 10 11 0 1
1 1 34 6
5 5 10 22 58 70 59 18 42 54 66 21
#c 0 2 11 3 8 5 6 8 9 9 10 1 1 1 2 0 3 8 6 0 8 6 10 11 2 7 11 0 3 5 9 3 9 5 10 2 7 3 4 3 7 4 6 7 5 8 11 7 2 1 2 0 1 5 6 7 4 9 10 10 8 1 11 0 7 5 6 4 9 4 10 11 0 1
#c 0 2 11 3 8 5 6 8 9 9 10 1 1 1 2 0 3 8 6 0 8 6 10 11 2 7 11 0 3 5 9 3 9 5 10 2 7 3 4 3 7 4 6 7 5 8 11 7 2 1 2 0 1 5 6 7 4 9 10 10 8 1 11 0 7 5 6 4 9 4 10 11 0 1
3 3 63 0 27 62 2 46
4 3 72 19 51 15 23 71 26
#c 11 2 0 3 8 5 6 8 9 9 10 1 1 1 2 0 3 8 6 0 8 6 10 11 2 7 11 11 3 5 9 3 9 5 10 2 7 3 4 3 7 4 6 7 5 8 0 7 2 1 2 0 1 5 6 7 4 9 10 10 8 1 0 11 7 5 6 4 9 4 10 11 0 1
1 1 11 25
6 6 13 49 61 73 12 52 43 55 64 40 36 47
#c 11 2 0 3 8 5 6 8 9 9 10 1 1 1 2 0 3 8 6 0 8 6 10 11 2 7 11 11 3 5 9 3 9 5 10 2 7 3 4 3 7 4 6 7 5 8 0 7 2 1 2 0 1 5 6 7 4 9 10 10 8 1 0 11 7 5 6 4 9 4 10 11 0 1
3 5 24 50 35 63 0 27 71 23
3 1 14 48 1 26
#c 11 2 0 3 8 5 6 8 9 9 10 1 1 1 2 0 3 8 6 0 8 6 10 11 2 7 11 11 3 5 9 3 9 5 10 2 7 3 4 3 7 4 6 7 5 8 0 7 2 1 2 0 1 5 6 7 4 9 10 10 8 1 0 11 7 5 6 4 9 4 10 11 0 1
1 1 37 60
5 5 39 16 28 3 31 20 45 17 4 7
#c 11 2 0 3 8 5 6 8 9 9 10 1 1 1 2 0 3 8 6 0 8 6 10 11 2 7 11 11 3 5 9 3 9 5 10 2 7 3 4 3 7 4 6 7 5 8 0 7 2 1 2 0 1 5 6 7 4 9 10 10 8 1 0 11 7 5 6 4 9 4 10 11 0 1
1 1 67 26
4 5 38 41 69 56 23 71 63 0 27
#c 11 2 0 3 8 5 6 8 9 9 10 1 1 1 2 0 3 8 6 0 8 6 10 11 2 7 11 11 3 5 9 3 9 5 10 2 7 3 4 3 7 4 6 7 5 8 0 7 2 1 2 0 1 5 6 7 4 9 10 10 8 1 0 11 7 5 6 4 9 4 10 11 0 1
1 1 44 31
5 5 5 29 53 65 33 39 16 28 3 37
#c 11 2 0 3 8 5 6 8 9 9 10 1 1 1 2 0 3 8 6 0 8 6 10 11 2 7 11 11 3 5 9 3 9 5 10 2 7 3 4 3 7 4 6 7 5 8 0 7 2 1 2 0 1 5 6 7 4 9 10 10 8 1 0 11 7 5 6 4 9 4 10 11 0 1
3 3 66 54 6 53 5 29
3 3 18 42 21 65 44 33
#c 11 2 0 3 8 5 6 8 9 9 10 1 1 1 2 0 3 8 6 0 8 6 10 11 2 7 11 11 3 5 9 3 9 5 10 2 7 3 4 3 7 4 6 7 5 8 0 7 2 1 2 0 1 5 6 7 4 9 10 10 8 1 0 11 7 5 6 4 9 4 10 11 0 1
3 3 64 25 55 63 71 0
4 3 43 40 36 47 23 26 27
#c 11 2 0 3 8 5 6 8 9 9 10 1 1 1 2 0 3 8 6 0 8 6 10 11 2 7 11 11 3 5 9 3 9 5 10 2 7 3 4 3 7 4 6 7 5 8 0 7 2 1 2 0 1 5 6 7 4 9 10 10 8 1 0 11 7 5 6 4 9 4 10 11 0 1
3 3 45 60 4 9 8 57
3 3 20 17 7 68 32 30
#c 11 2 0 3 8 5 6 8 9 9 10 1 1 1 2 0 3 8 6 0 8 6 10 11 2 7 11 11 3 5 9 3 9 5 10 2 7 3 4 3 7 4 6 7 5 8 0 7 2 1 2 0 1 5 6 7 4 9 10 10 8 1 0 11 7 5 6 4 9 4 10 11 0 1
2 2 8 68 36 64
4 5 9 57 32 30 43 55 25 40 47
#c 11 2 0 3 8 5 6 8 9 9 10 1 1 1 2 0 3 8 6 0 8 6 10 11 2 7 11 11 3 5 9 3 9 5 10 2 7 3 4 3 7 4 6 7 5 8 0 7 2 1 2 0 1 5 6 7 4 9 10 10 8 1 0 11 7 5 6 4 9 4 10 11 0 1
1 1 70 1
5 5 10 22 34 58 59 14 50 35 48 24
#c 11 10 0 3 8 5 6 8 9 9 10 1 1 1 2 0 3 8 6 0 8 6 10 11 2 7 11 11 3 5 9 3 9 5 10 2 7 3 4 3 7 4 6 7 5 8 0 7 2 1 2 0 1 5 6 7 4 9 10 10 8 1 0 11 7 5 6 4 9 4 2 11 0 1
2 2 63 0 18 42
4 4 23 71 26 27 6 54 66 21
#c 6 10 0 3 8 5 6 8 9 9 10 1 1 1 2 0 3 8 11 0 8 6 10 11 2 7 11 11 3 5 9 3 9 5 10 2 7 3 4 3 7 4 11 7 5 8 0 7 2 1 2 0 1 5 6 7 4 9 10 10 8 1 0 6 7 5 6 4 9 4 2 11 0 1
2 2 51 2 22 1
5 4 72 19 15 62 46 10 34 58 59
#c 6 10 0 3 8 5 6 8 9 9 10 1 1 1 2 0 3 8 11 0 8 6 10 11 2 7 11 11 3 5 9 3 9 5 10 2 7 3 4 3 7 4 11 7 5 8 0 7 2 1 2 0 1 5 6 7 4 9 10 10 8 1 0 6 7 5 6 4 9 4 2 11 0 1
1 2 11 59 58
6 4 13 49 61 73 12 52 10 22 34 1
#c 6 10 0 3 8 5 6 8 9 9 10 1 1 1 2 0 3 8 11 0 8 6 10 11 2 7 11 11 3 5 9 3 9 5 10 2 7 3 4 3 7 4 11 7 5 8 0 7 2 1 2 0 1 5 6 7 4 9 10 10 8 1 0 6 7 5 6 4 9 4 2 11 0 1
1 3 48 17 60 45
5 3 14 50 35 24 70 20 4 7
#c 6 10 0 3 8 5 6 8 9 9 10 1 1 1 2 0 3 8 11 0 8 6 10 11 2 7 11 11 3 5 9 3 9 5 10 2 7 3 4 3 7 4 11 7 5 8 0 7 2 1 2 0 1 5 6 7 4 9 10 10 8 1 0 6 7 5 6 4 9 4 2 11 0 1
#c 6 10 0 3 8 5 6 8 9 9 10 1 1 1 2 0 3 8 11 0 8 6 10 11 2 7 11 11 3 5 9 3 9 5 10 2 7 3 4 3 7 4 11 7 5 8 0 7 2 1 2 0 1 5 6 7 4 9 10 10 8 1 0 6 7 5 6 4 9 4 2 11 0 1
1 1 38 70
4 5 67 41 69 56 14 50 35 48 24
#c 6 10 0 3 8 5 6 8 9 9 10 1 1 1 2 0 3 8 11 0 8 6 10 11 2 7 11 11 3 5 9 3 9 5 10 2 7 3 2 3 7 4 11 7 5 8 0 7 2 1 2 0 1 5 6 7 4 9 10 10 8 1 0 6 7 5 6 4 9 4 4 11 0 1
1 1 44 66
5 5 5 29 53 65 33 6 54 21 63 0
#c 6 10 0 3 8 5 6 8 9 9 10 1 1 1 2 0 3 8 11 0 8 6 10 11 2 7 11 11 3 5 9 3 9 5 10 2 7 3 2 3 7 4 11 7 5 8 0 7 2 1 2 0 1 5 6 7 4 9 10 10 8 1 0 6 7 5 6 4 9 4 4 11 0 1
3 3 54 0 63 27 71 26
3 3 6 66 21 23 18 42
#c 11 10 0 3 8 5 6 8 9 9 10 1 1 1 2 0 3 8 11 0 8 6 10 11 2 7 6 6 3 5 9 3 9 5 10 2 7 3 2 3 7 4 11 7 5 8 0 7 2 1 2 0 1 5 11 7 4 9 10 10 8 1 0 11 7 5 6 4 9 4 4 6 0 1
1 1 25 44
6 5 43 55 64 40 36 47 5 29 53 65 33
#c 11 10 0 3 8 5 6 8 9 9 10 1 1 1 2 0 3 8 11 0 8 6 10 11 2 7 6 6 3 5 9 3 9 5 10 2 7 3 2 3 7 4 11 7 5 8 0 7 2 1 2 0 1 5 11 7 4 9 10 10 8 1 0 11 7 5 6 4 9 4 4 6 0 1
2 2 60 7 38 50
4 4 20 45 17 4 14 35 48 24
#c 11 10 0 3 8 5 6 2 9 9 10 1 1 1 2 0 3 8 11 0 8 6 10 11 2 7 6 6 3 5 9 3 9 5 10 2 7 3 8 3 7 4 11 7 5 8 0 7 2 1 8 0 1 5 11 7 4 9 10 10 2 1 0 11 7 5 6 4 9 4 4 6 0 1
2 2 68 30 5 33
4 4 9 57 8 32 29 53 65 44
#c 11 10 0 3 8 9 6 2 9 9 10 1 1 1 2 0 3 8 11 0 8 6 10 11 2 7 6 6 3 5 5 3 9 9 10 2 7 3 8 3 7 4 11 7 5 8 0 7 2 1 8 0 1 5 11 7 4 9 10 10 2 1 0 11 7 5 6 4 5 4 4 6 0 1
2 2 34 22 30 68
4 4 10 58 59 1 29 53 65 44
#c 11 10 0 3 8 9 6 2 9 9 10 1 1 1 2 0 3 8 11 0 8 6 5 11 2 7 6 6 3 5 10 3 9 9 5 2 7 3 8 3 7 4 11 7 5 8 0 7 2 1 8 0 1 5 11 7 4 9 10 10 2 1 0 11 7 5 6 4 10 4 4 6 0 1
3 3 0 42 63 48 14 35
3 3 23 18 54 24 60 7
#c 11 10 0 3 8 9 6 2 9 9 10 1 1 1 2 0 3 8 11 0 8 6 5 11 2 7 6 6 3 5 10 3 9 9 5 2 7 3 8 3 7 4 11 7 5 8 0 7 2 1 8 0 1 5 11 7 4 9 10 10 2 1 0 11 7 5 6 4 10 4 4 6 0 1
2 4 62 51 32 57 33 9
5 2 72 19 15 2 46 8 5
#c 11 10 0 3 8 9 6 2 9 0 10 1 1 1 2 0 3 8 11 0 8 6 5 11 2 7 6 6 3 5 10 3 0 0 5 2 7 3 8 3 7 4 11 7 5 8 0 7 2 1 8 9 1 5 11 7 4 0 10 10 2 1 9 11 7 5 6 4 10 4 4 6 0 1
2 2 13 12 0 63
5 4 49 61 73 11 52 23 18 42 54
#c 11 10 0 3 8 9 6 2 9 0 10 1 1 1 2 0 3 8 11 0 8 6 5 11 2 7 6 6 3 5 10 3 0 0 5 2 7 3 8 3 7 4 11 7 5 8 0 7 2 1 8 9 1 5 11 7 4 0 10 10 2 1 9 11 7 5 6 4 10 4 4 6 0 1
2 2 60 48 38 45
4 4 14 35 24 7 20 17 4 50
#c 11 10 0 3 8 9 6 2 9 0 10 1 1 1 2 0 3 8 11 0 8 6 5 11 2 7 6 6 3 5 10 3 0 0 5 2 7 3 8 3 7 4 11 7 5 8 0 7 2 1 8 9 1 5 11 7 4 0 10 10 2 1 9 11 7 5 6 4 10 4 4 6 0 1
3 3 37 3 28 56 69 70
3 2 39 16 31 67 41
#c 11 10 0 3 8 9 6 2 9 0 10 1 1 1 2 0 3 8 11 0 8 6 5 11 2 7 6 6 3 5 10 3 0 0 5 2 7 3 8 3 7 4 11 7 5 8 0 7 2 1 8 9 1 5 11 7 4 0 10 10 2 1 9 11 7 5 6 4 10 4 4 6 0 1
2 2 69 67 63 0
3 4 41 56 70 23 18 42 54
#c 11 10 0 3 8 9 6 2 9 0 10 1 1 1 2 0 3 8 11 0 8 6 5 11 2 7 6 6 3 5 10 3 0 0 5 2 7 3 8 3 7 4 11 7 5 8 0 7 2 1 8 9 1 5 11 7 4 0 10 10 2 1 9 11 7 5 6 4 10 4 4 6 0 1
2 2 22 53 69 70
4 3 29 65 44 34 67 41 56
#c 11 10 0 3 8 9 6 2 9 0 10 1 1 1 2 0 3 8 11 0 8 6 5 11 2 7 6 6 3 5 10 3 0 0 5 2 7 3 8 3 7 4 11 7 5 8 0 7 2 1 8 9 1 5 11 7 4 0 10 10 2 1 9 11 7 5 6 4 10 4 4 6 0 1
3 3 21 26 6 46 72 2
3 6 66 27 71 19 15 32 57 33 9
#c 11 10 0 3 8 9 6 2 9 0 10 1 1 1 2 0 3 8 11 0 8 6 5 11 2 7 6 6 3 5 10 3 0 0 5 2 7 3 8 3 7 4 11 7 5 8 0 7 2 1 8 9 1 5 11 7 4 0 10 10 2 1 9 11 7 5 6 4 10 4 4 6 0 1
3 3 43 47 40 44 65 22
4 3 55 25 64 36 29 53 34
#c 11 10 0 3 8 9 6 2 9 0 10 1 1 1 2 0 3 8 11 0 8 6 7 11 2 7 6 6 3 5 10 3 0 0 5 2 7 3 8 3 5 4 11 5 7 8 0 5 2 1 8 9 1 5 11 7 4 0 10 10 2 1 9 11 7 7 6 4 10 4 4 6 0 1
2 3 45 17 8 5 51
4 1 20 4 38 50 62
#c 11 10 0 3 8 9 6 2 9 0 10 1 1 1 2 0 3 8 11 0 8 6 7 11 2 7 6 6 3 5 10 3 0 0 5 2 7 3 8 3 5 4 11 5 7 8 0 5 2 1 8 9 1 5 11 7 4 0 10 10 2 1 9 11 7 7 6 4 10 4 4 6 0 1
2 2 8 62 6 71
2 4 5 51 66 21 27 26
#c 11 10 0 3 8 9 6 2 9 0 10 1 1 1 2 0 3 8 11 0 8 6 7 11 2 7 6 6 3 5 10 3 0 0 5 2 7 3 8 3 5 4 11 5 7 8 0 5 2 1 8 9 1 5 11 7 4 0 10 10 2 1 9 11 7 7 6 4 10 4 4 6 0 1
2 2 30 59 18 0
4 4 10 58 1 68 23 42 54 63
#c 11 10 0 3 8 9 6 2 9 0 10 1 1 1 2 0 3 8 11 0 8 6 7 11 2 7 6 6 3 5 10 3 0 0 5 2 7 3 8 3 5 4 11 5 7 8 0 5 2 1 8 9 1 5 11 7 4 0 10 10 2 1 9 11 7 7 6 4 10 4 4 6 0 1
2 2 18 0 20 50
4 4 23 42 54 63 45 17 4 38
#c 11 10 0 3 8 9 6 2 9 0 10 1 1 1 2 0 3 8 11 0 8 6 7 11 2 7 6 6 3 5 10 3 0 0 5 2 7 3 8 3 5 4 11 5 7 8 0 5 2 1 8 9 1 5 11 7 4 0 10 10 2 1 9 11 7 7 6 4 10 4 4 6 0 1
#c 11 10 0 3 8 9 6 2 9 0 10 1 1 1 2 0 3 8 11 0 8 6 7 11 2 7 6 6 3 5 10 3 0 0 5 2 7 3 8 3 5 4 11 5 7 8 0 5 2 1 8 9 1 5 11 7 4 0 10 10 2 1 9 11 7 7 6 4 10 4 4 6 0 1
1 1 12 54
6 5 13 49 61 73 11 52 23 18 42 0 63
#c 11 10 0 3 8 9 6 2 9 0 10 1 1 1 2 0 3 8 11 0 8 6 7 11 2 7 6 6 3 5 10 3 0 0 5 2 7 3 8 3 5 4 11 5 7 8 0 5 2 1 8 9 1 5 11 7 4 0 10 10 2 1 9 11 7 7 6 4 10 4 4 6 0 1
#c 11 10 0 3 8 9 6 2 9 0 10 1 1 1 2 0 3 8 11 0 8 6 7 11 2 7 6 6 3 5 10 3 0 0 5 2 7 3 8 3 5 4 11 5 7 8 0 5 2 1 8 9 1 5 11 7 4 0 10 10 2 1 9 11 7 7 6 4 10 4 4 6 0 1
1 1 3 55
5 6 39 16 28 31 37 25 64 36 44 65 22
#c 11 10 0 3 8 9 6 2 9 0 10 1 1 1 2 0 3 8 11 0 8 6 7 11 2 7 6 6 3 5 10 3 0 0 5 2 7 3 8 3 5 4 11 5 7 8 0 5 2 1 8 9 1 5 11 7 4 0 10 10 2 1 9 11 7 7 6 4 10 4 4 6 0 1
2 2 67 56 1 30
3 4 41 69 70 10 58 59 68
#c 11 10 0 3 8 9 6 2 9 0 10 1 1 1 2 0 3 8 11 0 8 6 7 11 2 7 6 6 3 5 10 3 0 0 5 2 7 3 8 3 5 4 11 5 7 8 0 5 2 1 8 9 1 5 11 7 4 0 10 10 2 1 9 11 7 7 6 4 10 4 4 6 0 1
2 4 34 29 70 41 67 69
4 1 53 43 47 40 56
#c 11 10 0 3 8 9 6 2 9 0 10 1 1 1 2 0 3 8 11 0 8 6 7 11 2 7 6 6 3 5 10 3 0 0 5 2 7 3 8 3 5 4 11 5 7 8 0 5 2 1 8 9 1 5 11 7 4 0 10 10 2 1 9 11 7 7 6 4 10 4 4 6 0 1
1 1 6 7
5 5 66 21 27 71 26 14 35 48 24 60
#c 11 10 0 3 8 9 6 2 9 0 10 1 1 1 2 0 3 8 11 0 8 6 7 11 2 7 6 6 3 5 10 3 0 0 5 2 7 3 8 3 5 4 11 5 7 8 0 5 2 1 8 9 1 5 11 7 4 0 10 10 2 1 9 11 7 7 6 4 10 4 4 6 0 1
1 1 36 49
6 6 55 25 64 44 65 22 13 61 73 11 12 52
#c 11 10 0 3 8 9 6 2 9 0 10 1 1 1 2 0 3 8 11 0 8 6 7 11 2 7 6 6 3 5 10 3 0 0 5 2 7 3 8 3 5 4 11 5 7 8 0 5 2 1 8 9 1 5 11 7 4 0 10 10 2 1 9 11 7 7 6 4 10 4 4 6 0 1
2 2 45 38 28 39
4 4 20 17 4 50 16 3 31 37
#c 11 10 0 3 8 9 6 2 9 0 10 1 1 1 2 0 3 8 11 0 8 6 7 11 2 7 6 6 8 5 10 3 0 0 5 2 7 3 3 8 5 4 11 5 7 3 0 5 2 1 8 9 1 5 11 7 4 0 10 10 2 1 9 11 7 7 6 4 10 4 4 6 0 1
1 1 62 60
3 5 8 5 51 14 35 48 24 7
#c 11 10 0 3 8 9 6 2 9 0 10 1 1 1 2 0 3 8 11 0 8 6 7 11 2 7 6 6 8 5 10 3 0 0 5 2 7 3 3 8 5 4 11 5 7 3 0 5 2 1 8 9 1 5 11 7 4 0 10 10 2 1 9 11 7 7 6 4 10 4 4 6 0 1
2 2 58 10 39 4
4 4 59 1 30 68 20 17 50 28
#c 11 10 0 3 8 9 6 2 9 0 10 1 1 1 2 0 3 8 11 0 8 6 7 11 2 7 6 6 8 5 10 3 0 0 5 2 7 3 3 8 5 4 11 5 7 3 0 5 2 1 8 9 1 5 11 7 4 0 10 10 2 1 9 11 7 7 6 4 10 4 4 6 0 1
1 1 42 34
5 5 23 18 54 0 63 29 53 43 47 40
#c 11 10 0 3 8 9 6 2 9 0 10 1 1 1 2 0 3 8 11 0 8 6 7 11 2 7 6 6 8 5 10 3 0 0 5 2 7 3 3 8 5 4 11 5 7 3 0 5 2 1 8 9 1 5 11 7 4 0 10 10 2 1 9 11 7 7 6 4 10 4 4 6 0 1
3 3 72 15 32 44 36 64
6 4 19 2 46 57 33 9 55 25 65 22
#c 11 10 0 3 8 9 6 2 9 0 10 1 1 1 2 7 3 8 11 0 8 6 7 11 2 7 6 6 8 5 10 3 7 0 5 2 0 3 3 8 5 4 11 5 0 3 0 5 2 1 8 9 1 5 11 7 4 0 10 10 2 1 9 11 0 7 6 4 10 4 4 6 7 1
2 1 52 61 8
5 3 13 49 73 11 12 5 62 51
#c 11 10 0 3 8 9 6 2 1 0 10 1 1 1 2 7 3 8 11 0 8 6 7 11 2 7 6 6 8 5 10 3 7 0 5 2 0 3 3 8 5 4 11 5 0 3 0 5 2 1 8 9 9 5 11 7 4 0 10 10 2 9 9 11 0 7 6 4 10 4 4 6 7 1
#c 11 10 0 3 8 9 6 2 1 0 10 1 1 1 2 7 3 8 11 0 8 6 7 11 2 7 6 6 8 5 10 3 7 0 5 2 0 3 3 8 5 4 11 5 0 3 0 5 2 1 8 9 9 5 11 7 4 0 10 10 2 9 9 11 0 7 6 4 10 4 4 6 7 1
3 1 3 16 38 10
3 5 31 37 45 58 59 1 30 68
#c 11 10 0 3 8 9 6 2 1 0 10 1 1 1 2 7 3 8 11 0 8 6 7 11 2 7 6 6 8 5 10 3 7 0 5 2 0 3 3 8 5 4 11 5 0 3 0 5 2 1 8 9 9 5 11 7 4 0 10 10 2 9 9 11 0 7 6 4 10 4 4 6 7 1
1 1 56 11
11 10 0 3 8 9 6 2 1 0 10 1 1 1 2 7 3 8 11 0 8 6 7 11 2 7 6 6 8 5 10 3 7 0 5 2 0 3 3 8 5 4 11 5 0 3 0 5 2 1 8 9 9 5 11 7 4 0 10 10 2 9 9 11 0 7 6 4 10 4 4 6 7 1
