#c 0 1 2 3 4 5 6 7 8 0 1 2 3 4 5 6 7 8 0 1 2 3 4 5 6 7 8 0 1 2 3 4 5 6 7 8 0 1 2 3 4 5 6 7 8 0 1 2 3 4 5 6
1 1 37 2
5 5 1 10 19 28 46 11 20 29 38 47
#c 0 1 1 3 4 5 6 7 8 0 1 2 3 4 5 6 7 8 0 1 2 3 4 5 6 7 8 0 1 2 3 4 5 6 7 8 0 2 2 3 4 5 6 7 8 0 1 2 3 4 5 6
#c 0 1 1 3 4 5 6 7 8 0 1 2 3 4 5 6 7 8 0 1 2 3 4 5 6 7 8 0 1 2 3 4 5 6 7 8 0 2 2 3 4 5 6 7 8 0 1 2 3 4 5 6
3 3 21 39 30 7 16 25
3 2 3 12 48 34 43
#c 0 1 1 3 4 5 6 3 8 0 1 2 3 4 5 6 3 8 0 1 2 7 4 5 6 3 8 0 1 2 7 4 5 6 7 8 0 2 2 7 4 5 6 7 8 0 1 2 3 4 5 6
1 1 40 39
5 4 4 13 22 31 49 34 43 21 30
#c 0 1 1 3 4 5 6 3 8 0 1 2 3 4 5 6 3 8 0 1 2 7 4 5 6 3 8 0 1 2 7 4 5 6 7 8 0 2 2 7 4 5 6 7 8 0 1 2 3 4 5 6
1 1 41 22
5 5 5 14 23 32 50 4 13 31 40 49
#c 0 1 1 3 4 5 6 3 8 0 1 2 3 4 5 6 3 8 0 1 2 7 4 5 6 3 8 0 1 2 7 4 5 6 7 8 0 2 2 7 4 5 6 7 8 0 1 2 3 4 5 6
3 3 15 6 33 16 25 7
3 3 24 42 51 3 12 48
#c 0 1 1 3 4 5 6 3 8 0 1 2 3 4 5 6 3 8 0 1 2 7 4 5 6 3 8 0 1 2 7 4 5 6 7 8 0 2 2 7 4 5 6 7 8 0 1 2 3 4 5 6
1 1 43 6
4 5 34 21 39 30 15 24 33 42 51
#c 0 1 1 3 4 5 6 3 8 0 1 2 3 4 5 6 3 8 0 1 2 7 4 5 6 3 8 0 1 2 7 4 5 6 7 8 0 2 2 7 4 5 6 7 8 0 1 2 3 4 5 6
1 1 8 6
4 5 17 26 35 44 15 24 33 42 51
#c 0 1 1 3 4 5 6 3 8 0 1 2 3 4 5 6 3 8 0 1 2 7 4 5 6 3 8 0 1 2 7 4 5 6 7 8 0 2 2 7 4 5 6 7 8 0 1 2 3 4 5 6
1 1 36 29
5 5 0 9 18 27 45 11 20 38 47 37
#c 0 1 1 3 4 5 6 3 8 0 1 2 3 4 5 6 3 8 0 1 2 7 4 5 6 3 8 0 1 0 7 4 5 6 7 8 2 2 2 7 4 5 6 7 8 0 1 2 3 4 5 6
1 3 10 41 23 50
5 3 1 19 28 46 2 5 14 32
#c 0 1 1 3 4 5 6 3 8 0 5 2 3 4 5 6 3 8 0 1 2 7 4 1 6 3 8 0 1 0 7 4 5 6 7 8 2 2 2 7 4 1 6 7 8 0 1 2 3 4 1 6
1 2 37 40 13
5 4 11 20 38 47 36 4 22 31 49
#c 0 1 1 3 4 5 6 3 8 0 5 2 3 2 5 6 3 8 0 1 2 7 4 1 6 3 8 0 1 0 7 4 5 6 7 8 2 4 2 7 2 1 6 7 8 0 1 2 3 4 1 6
#c 0 1 1 3 4 5 6 3 8 0 5 2 3 2 5 6 3 8 0 1 2 7 4 1 6 3 8 0 1 0 7 4 5 6 7 8 2 4 2 7 2 1 6 7 8 0 1 2 3 4 1 6
2 2 22 4 11 36
3 5 31 49 37 20 38 47 40 13
#c 0 1 1 3 4 5 6 3 8 0 5 2 3 2 5 6 3 8 0 1 2 7 4 1 6 3 8 0 1 0 7 4 5 6 7 8 2 4 2 7 2 1 6 7 8 0 1 2 3 4 1 6
2 3 5 32 18 0 9
2 3 14 10 27 45 29
#c 0 1 1 3 4 5 6 3 8 0 5 2 3 2 5 6 3 8 0 1 2 7 4 1 6 3 8 0 1 0 7 4 5 6 7 8 2 4 2 7 2 1 6 7 8 0 1 2 3 4 1 6
3 3 24 51 33 18 0 27
3 3 6 15 42 9 45 29
#c 0 1 1 3 4 5 6 3 8 0 5 2 3 2 5 6 3 8 0 1 2 7 4 1 6 3 8 0 1 0 7 4 5 6 7 8 2 4 2 7 2 1 6 7 8 0 1 2 3 4 1 6
1 2 39 16 12
4 4 34 43 21 30 3 48 7 25
#c 0 1 1 3 4 5 6 3 8 0 5 2 3 2 5 6 3 8 0 1 2 7 4 1 6 3 8 0 1 0 7 4 5 6 7 8 2 4 2 7 2 1 6 7 8 0 1 2 3 4 1 6
2 2 35 8 13 47
3 5 17 26 44 11 20 38 36 40
#c 0 1 1 3 4 5 6 3 2 0 5 2 3 8 5 6 3 8 0 1 2 7 4 1 6 3 8 0 1 0 7 4 5 6 7 2 2 4 2 7 2 1 6 7 8 0 1 8 3 4 1 6
2 2 45 27 43 39
4 3 0 9 18 29 34 21 30
#c 0 1 1 3 4 5 6 3 2 0 5 2 3 8 5 6 3 8 0 1 2 7 4 1 6 3 8 0 1 0 7 4 5 6 7 2 2 4 2 7 2 1 6 7 8 0 1 8 3 4 1 6
4 4 23 41 28 2 29 0 9 18
4 2 1 19 46 50 27 45
#c 0 1 1 3 4 5 6 3 2 0 5 2 3 8 5 6 3 8 0 1 2 7 4 1 6 3 8 0 1 0 7 4 5 6 7 2 2 4 2 7 2 1 6 7 8 0 1 8 3 4 1 6
3 4 40 11 8 7 16 48 12
4 2 20 38 36 35 3 25
#c 0 1 1 3 4 5 6 2 3 0 5 3 2 8 5 6 2 8 0 1 2 7 4 1 6 3 8 0 1 0 7 4 5 6 7 2 2 4 2 7 3 1 6 7 8 0 1 8 2 4 1 6
#c 0 1 1 3 4 5 6 2 3 0 5 3 2 8 5 6 2 8 0 1 2 7 4 1 6 3 8 0 1 0 7 4 5 6 7 2 2 4 2 7 3 1 6 7 8 0 1 8 2 4 1 6
2 4 31 37 44 17 26 47
3 1 4 22 49 13
#c 0 1 1 3 4 5 6 2 3 0 5 3 2 8 5 6 2 4 0 1 2 7 4 1 6 3 4 0 1 0 7 8 5 6 7 2 2 8 2 7 3 1 6 7 4 0 1 4 2 4 1 6
2 2 14 10 25 40
2 3 5 32 3 11 8
#c 0 1 1 3 4 5 6 2 3 0 5 3 2 8 5 6 2 4 0 1 2 7 4 1 6 3 4 0 1 0 7 8 5 6 7 2 2 8 2 7 3 1 6 7 4 0 1 4 2 4 1 6
2 2 51 42 37 31
4 1 6 15 24 33 13
#c 0 1 1 3 4 5 6 2 3 0 5 3 2 8 5 6 2 4 0 1 2 7 4 1 6 3 4 0 1 0 7 8 5 6 7 2 2 8 2 7 3 1 6 7 4 0 1 4 2 4 1 6
1 1 21 29
4 5 34 43 39 30 0 9 18 27 45
#c 0 1 1 3 4 5 6 2 3 0 5 3 2 8 5 6 2 4 0 1 2 7 4 1 6 3 4 0 1 0 7 8 5 6 7 2 2 8 2 7 3 1 6 7 4 0 1 4 2 4 1 6
1 2 37 16 36
2 6 13 31 20 38 35 7 48 12
#c 0 1 1 3 4 5 6 2 3 0 5 3 2 8 5 6 2 4 0 1 2 7 4 1 6 3 4 0 1 0 7 8 5 6 7 2 2 8 2 7 3 1 6 7 4 0 1 4 2 4 1 6
#c 0 1 1 3 4 5 6 2 3 0 5 3 2 8 5 6 2 4 0 1 2 7 4 1 6 3 4 0 1 0 7 8 5 6 7 2 2 8 2 7 3 1 6 7 4 0 1 4 2 4 1 6
1 1 2 0
7 5 1 19 28 46 41 23 50 9 18 27 45 29
#c 0 1 1 3 4 5 6 2 3 0 5 3 2 8 5 6 2 4 0 1 2 7 4 1 6 3 4 0 1 0 7 8 5 6 7 2 2 8 2 7 3 1 6 7 4 0 1 4 2 4 1 6
3 3 16 12 36 5 32 14
5 1 20 38 35 7 48 10
#c 0 1 1 3 4 5 6 2 3 0 5 3 2 8 5 6 2 4 0 1 2 7 4 1 6 3 4 0 1 0 7 8 5 6 7 2 2 8 2 7 3 1 6 7 4 0 1 4 2 4 1 6
1 2 3 13 31
4 1 25 40 11 8 37
#c 0 1 1 3 4 5 6 2 3 0 5 3 2 8 5 6 2 4 0 1 2 7 4 1 6 3 4 0 1 0 7 8 5 6 7 2 2 8 2 7 3 1 6 7 4 0 1 4 2 4 1 6
1 1 17 38
6 7 4 22 49 44 26 47 20 36 35 7 16 48 12
#c 0 1 1 3 4 5 6 2 3 0 5 3 2 8 5 6 2 4 0 1 2 7 4 1 6 3 4 0 1 0 7 8 5 6 7 2 2 8 2 7 3 1 6 7 4 0 1 4 2 4 1 6
2 2 32 5 41 1
2 6 14 10 19 28 46 2 23 50
#c 0 1 1 3 4 5 6 2 3 0 5 3 2 8 5 6 2 4 0 1 2 7 4 1 6 3 4 0 1 0 7 8 5 6 7 2 2 8 2 7 3 1 6 7 4 0 1 4 2 4 1 6
1 1 24 19
5 7 6 15 33 42 51 1 28 46 2 41 23 50
#c 0 1 1 3 4 5 6 2 3 0 5 3 2 8 5 6 2 4 0 6 2 7 4 1 1 3 4 0 1 0 7 8 5 6 7 2 2 8 2 7 3 1 6 7 4 0 1 4 2 4 1 6
2 2 39 30 6 51
3 4 34 43 21 15 33 42 19
#c 0 1 1 3 4 5 6 2 3 0 5 3 2 8 5 6 2 4 0 6 2 7 4 1 1 3 4 0 1 0 7 8 5 6 7 2 2 8 2 7 3 1 6 7 4 0 1 4 2 4 1 6
1 2 31 45 18
2 4 13 37 0 9 27 29
#c 0 1 1 3 4 5 6 2 3 0 5 3 2 8 5 6 2 4 8 6 2 7 4 1 1 3 4 0 1 0 7 0 5 6 7 2 2 8 2 7 3 1 6 7 4 8 1 4 2 4 1 6
1 1 9 33
4 5 0 27 29 31 6 15 42 51 19
#c 0 1 1 3 4 5 6 2 3 0 5 3 2 8 5 6 2 4 8 6 2 7 4 1 1 3 4 0 1 0 7 0 5 6 7 2 2 8 2 7 3 1 6 7 4 8 1 4 2 4 1 6
3 3 2 41 46 42 15 6
5 3 1 28 23 50 24 33 51 19
#c 0 1 1 3 4 5 6 2 3 0 5 3 2 8 5 6 2 4 8 6 2 7 4 1 1 3 4 0 1 0 7 0 5 6 7 2 2 8 2 7 3 1 6 7 4 8 1 4 2 4 1 6
4 3 7 16 48 12 32 14 10
4 1 20 38 36 35 5
#c 0 1 1 3 4 5 6 2 3 0 5 3 2 8 5 6 2 4 8 6 2 7 4 1 1 3 4 0 1 0 7 0 5 6 7 2 2 8 2 7 3 1 6 7 4 8 1 4 2 4 1 6
1 1 25 23
4 7 3 40 11 8 1 28 46 2 41 50 24
#c 0 1 1 3 4 5 6 2 3 0 5 3 2 8 5 6 2 4 8 6 2 7 4 1 1 3 4 0 1 0 7 0 5 6 7 2 2 8 2 7 3 1 6 7 4 8 1 4 2 4 1 6
2 1 26 17 1
5 7 4 22 49 44 47 28 46 2 41 23 50 24
#c 0 1 1 3 4 5 6 2 3 0 5 3 2 8 5 6 2 4 8 6 2 7 4 1 1 3 4 0 1 0 7 0 5 6 7 2 2 8 2 7 3 1 6 7 4 8 1 4 2 4 1 6
2 2 14 5 49 26
2 5 32 10 4 22 44 17 47
#c 0 1 1 3 4 5 6 2 3 0 5 3 2 8 5 6 2 4 8 6 2 7 4 1 1 3 4 0 1 0 7 0 5 6 7 2 2 8 2 7 3 1 6 7 4 8 1 4 2 4 1 6
2 2 19 33 5 32
4 2 6 15 42 51 14 10
#c 0 1 1 3 4 5 6 2 3 0 5 3 2 8 5 6 2 4 8 6 2 7 4 1 1 3 4 0 1 0 7 0 5 6 7 2 2 8 2 7 3 1 6 7 4 8 1 4 2 4 1 6
1 1 30 6
4 5 34 43 21 39 15 33 42 51 19
#c 0 1 1 3 4 5 6 2 3 0 5 3 2 8 5 6 2 4 8 6 2 7 4 1 1 3 4 0 1 0 7 0 5 6 7 2 2 8 2 7 3 1 6 7 4 8 1 4 2 4 1 6
3 7 13 45 18 1 28 46 41 23 50 24
#c 0 1 1 3 4 5 6 2 3 0 5 3 2 8 5 6 2 4 8 6 2 7 4 1 1 3 4 0 1 0 7 0 5 6 7 2 2 8 2 7 3 1 6 7 4 8 1 4 2 4 1 6
1 2 9 15 33
4 4 0 27 29 31 6 42 51 19
#c 0 1 1 3 4 5 6 2 3 0 5 3 2 8 5 6 2 4 8 6 2 7 4 1 1 3 4 0 1 0 7 0 5 6 7 2 2 8 2 7 3 1 6 7 4 8 1 4 2 4 1 6
1 1 28 44
7 6 1 46 2 41 23 50 24 4 22 49 17 26 47
#c 0 1 1 3 4 5 6 2 3 0 5 3 2 8 5 6 2 4 8 6 2 7 4 1 1 3 4 0 4 0 7 0 5 6 7 2 2 8 2 7 3 1 6 7 1 8 1 4 2 4 1 6
#c 0 1 1 3 4 5 6 2 3 0 5 3 2 8 5 6 2 4 8 6 2 7 4 1 1 3 4 0 4 0 7 0 5 6 7 2 2 8 2 7 3 1 6 7 1 8 1 4 2 4 1 6
2 2 3 8 2 23
3 6 25 40 11 1 46 41 50 24 44
#c 0 1 1 3 4 5 6 2 3 0 5 3 2 8 5 6 2 4 8 6 2 7 4 1 1 3 4 0 4 0 7 0 5 6 7 2 2 8 2 7 3 1 6 7 1 8 1 4 2 4 1 6
2 2 47 17 8 25
5 3 4 22 49 26 28 3 40 11
#c 0 1 1 3 4 5 6 2 4 0 5 3 2 8 5 6 2 3 8 6 2 7 4 1 1 4 4 0 4 0 7 0 5 6 7 2 2 8 2 7 3 1 6 7 1 8 1 3 2 4 1 6
2 1 14 32 34
2 4 5 10 43 21 39 30
#c 0 1 1 3 4 5 6 2 4 0 5 3 2 8 5 6 2 3 8 6 2 7 4 1 1 4 4 0 4 0 7 0 5 6 7 2 2 8 2 7 3 1 6 7 1 8 1 3 2 4 1 6
1 1 42 3
5 4 6 15 33 51 19 40 11 47 17
#c 0 1 1 6 4 5 6 2 4 0 5 3 2 8 5 6 2 3 8 6 2 7 4 1 1 4 4 0 4 0 7 0 5 6 7 2 2 8 2 7 3 1 3 7 1 8 1 3 2 4 1 6
2 1 34 30 40
3 4 43 21 39 11 47 17 42
#c 0 1 1 6 4 5 6 2 4 0 5 3 2 8 5 6 2 3 8 6 2 7 4 1 1 4 4 0 4 0 7 0 5 6 7 2 2 8 2 7 3 1 3 7 1 8 1 3 2 4 1 6
2 4 37 13 8 26 49 28
2 3 45 18 4 22 25
#c 0 1 1 6 4 5 6 2 4 0 5 3 2 8 5 6 2 3 8 6 2 7 4 1 1 4 4 0 4 0 7 0 5 6 7 2 2 8 2 7 3 1 3 7 1 8 1 3 2 4 1 6
2 2 27 29 43 21
3 3 0 9 31 34 39 30
#c 0 1 1 6 4 5 6 2 4 0 5 3 2 8 5 6 2 3 8 6 2 7 4 1 1 4 4 0 4 0 7 0 5 6 7 2 2 8 2 7 3 1 3 7 1 8 1 3 2 4 1 6
1 1 46 42
7 4 1 2 41 23 50 24 44 40 11 47 17
#c 0 1 1 6 4 5 6 2 4 0 5 3 2 8 5 6 2 3 8 6 2 7 4 1 1 4 4 0 4 0 7 0 5 6 7 2 2 8 2 7 3 1 3 7 1 8 1 3 2 4 1 6
4 3 38 12 7 16 14 32 5
4 1 20 36 35 48 10
#c 0 1 1 6 4 5 6 2 4 0 5 3 2 8 5 6 2 3 8 6 2 7 4 1 1 4 4 0 4 0 7 0 5 6 7 2 2 8 2 7 3 1 3 7 1 8 1 3 2 4 1 6
2 1 47 42 15
3 5 40 11 17 6 33 51 19 3
#c 0 1 1 6 4 5 6 2 4 0 5 3 2 8 5 6 2 3 8 6 2 7 4 1 1 4 4 0 4 0 7 0 5 6 7 2 2 8 2 7 3 1 3 7 1 8 1 3 2 4 1 6
2 2 22 25 40 47
5 3 4 49 26 28 8 11 17 42
#c 0 1 1 6 4 5 6 2 4 0 5 3 2 8 5 6 2 3 8 6 2 7 4 1 1 4 4 0 4 0 7 0 5 6 7 2 2 8 2 7 3 1 3 7 1 8 1 3 2 4 1 6
1 1 5 0
3 4 14 32 10 9 27 29 31
#c 0 1 1 6 4 5 6 2 4 0 5 3 2 8 5 6 2 3 8 6 2 7 4 1 1 4 4 0 4 0 7 0 5 6 7 2 2 8 2 7 3 1 3 7 1 8 1 3 2 4 1 6
3 1 6 15 19 45
3 3 33 51 3 13 37 18
#c 0 1 1 6 4 5 6 2 4 0 5 3 2 8 5 6 2 3 8 6 2 7 4 1 1 4 4 0 4 0 7 0 5 6 7 2 2 8 2 7 3 1 3 7 1 8 1 3 2 4 1 6
2 3 30 34 13 45 18
3 1 43 21 39 37
#c 0 1 1 6 4 5 6 2 4 0 5 3 2 7 5 6 2 3 7 6 2 7 4 1 1 4 4 0 4 0 8 0 5 6 8 2 2 8 2 7 3 1 3 7 1 7 1 3 2 4 1 6
1 1 34 17
2 4 37 30 40 11 47 42
#c 0 1 1 6 4 5 6 2 4 0 5 3 2 7 5 6 2 3 7 6 2 7 4 1 1 4 4 0 4 0 8 0 5 6 8 2 2 8 2 7 3 1 3 7 1 7 1 3 2 4 1 6
2 1 9 29 47
3 4 0 27 31 40 11 17 42
#c 0 1 1 6 4 5 6 2 4 3 5 3 2 7 5 6 2 3 7 6 2 7 4 1 1 4 4 0 4 3 8 0 5 6 8 2 2 8 2 7 3 1 3 7 1 7 1 0 2 4 1 6
3 3 41 50 1 26 4 28
5 4 46 2 23 24 44 22 49 8 25
#c 0 1 1 6 4 5 6 2 4 3 5 3 2 7 5 6 2 3 7 6 2 7 4 1 1 4 4 0 4 3 8 0 5 6 8 2 2 8 2 7 3 1 3 7 1 7 1 0 2 4 1 6
1 1 36 44
7 7 20 38 35 7 16 48 12 1 46 2 41 23 50 24
#c 0 1 1 6 4 5 6 2 4 3 5 3 2 7 5 6 2 3 7 6 2 7 4 1 1 4 4 0 4 3 8 0 5 6 8 2 1 8 2 7 3 1 3 7 2 7 1 0 2 4 1 6
1 1 40 47
5 3 11 17 42 9 29 0 27 31
#c 0 1 1 6 4 5 6 2 4 3 5 3 2 7 5 6 2 3 7 6 2 7 4 1 1 4 4 0 4 3 8 0 5 6 8 2 1 8 2 7 3 1 3 7 2 7 1 0 2 4 1 6
3 3 28 22 4 3 33 19
4 3 49 26 8 25 6 15 51
#c 0 1 1 4 6 5 6 2 4 3 5 3 2 7 5 6 2 3 7 4 2 7 6 1 1 4 4 0 6 3 8 0 5 4 8 2 1 8 2 7 3 1 3 7 2 7 1 0 2 4 1 6
1 1 32 19
3 6 5 14 10 49 26 8 25 3 33
#c 0 1 1 4 6 5 6 2 4 3 5 3 2 7 5 6 2 3 7 4 2 7 6 1 1 4 4 0 6 3 8 0 5 4 8 2 1 8 2 7 3 1 3 7 2 7 1 0 2 4 1 6
3 3 6 22 15 5 10 14
3 1 51 28 4 32
#c 0 1 1 4 6 5 6 2 4 3 5 3 2 7 5 6 2 3 7 4 2 7 6 1 1 4 4 0 6 3 8 0 5 4 8 2 1 8 2 7 3 1 3 7 2 7 1 0 2 4 1 6
2 1 18 45 34
4 2 43 21 39 13 37 30
#c 0 1 1 4 6 5 6 2 4 3 5 3 2 7 5 6 2 3 7 4 2 7 6 1 1 4 4 0 6 3 8 0 5 4 8 2 1 8 2 7 3 1 3 7 2 7 1 0 2 4 1 6
1 1 30 29
2 5 37 34 40 11 17 42 9
#c 0 1 1 4 6 5 6 2 4 3 5 3 2 7 5 6 2 3 7 4 2 7 6 1 1 4 4 0 6 3 8 0 5 4 8 2 1 8 2 7 3 1 3 7 2 7 1 0 2 4 1 6
2 2 31 0 34 30
2 1 27 47 37
#c 8 1 1 4 6 5 6 2 4 3 5 3 2 7 5 6 2 3 7 4 2 7 6 1 1 4 4 0 6 3 0 8 5 4 0 2 1 8 2 7 3 1 3 7 2 7 1 0 2 4 1 6
2 3 2 36 49 26 19
6 4 1 46 41 23 50 24 8 25 3 33
#c 8 1 1 4 6 5 6 2 4 3 5 3 2 7 5 6 2 3 7 4 2 7 6 1 1 4 4 0 6 3 0 8 5 4 0 2 1 8 2 7 3 1 3 7 2 7 1 0 2 4 1 6
2 2 35 20 29 17
6 4 38 7 16 48 12 44 40 11 42 9
#c 8 1 1 4 6 5 6 2 4 3 5 3 2 7 5 6 2 2 7 4 3 7 6 1 1 4 4 0 6 2 0 8 5 4 0 3 1 8 2 7 3 1 3 7 2 7 1 0 2 4 1 6
2 1 9 40 2
4 7 11 42 35 20 1 46 41 23 50 24 36
#c 8 1 1 4 6 5 6 2 4 3 5 3 2 7 5 6 2 2 7 4 3 7 6 1 1 4 4 0 6 2 0 8 5 4 0 3 1 8 2 7 3 1 3 7 2 7 1 0 2 4 1 6
1 1 3 36
6 7 49 26 8 25 33 19 1 46 2 41 23 50 24
#c 8 1 1 1 6 5 6 2 4 3 5 3 2 7 5 6 2 2 7 4 3 7 6 1 1 4 4 0 6 2 0 8 5 4 0 3 4 8 2 7 3 1 3 7 2 7 1 0 2 4 1 6
1 1 32 23
3 7 5 14 10 1 46 2 41 50 24 3
#c 8 1 1 1 6 5 6 2 4 3 5 3 2 7 5 6 2 2 7 4 3 7 6 1 1 4 4 0 6 2 0 8 5 4 0 3 4 8 2 7 3 1 3 7 2 7 1 0 2 4 1 6
2 1 28 4 0
4 2 6 15 51 22 37 31
#c 8 1 1 1 6 5 6 2 4 3 5 3 2 7 5 6 2 2 7 4 3 7 6 1 1 4 4 0 6 2 0 8 5 4 0 3 4 8 2 7 3 1 3 7 2 7 1 0 2 4 1 6
2 2 43 39 17 44
4 6 21 13 45 18 38 7 16 48 12 29
#c 8 1 1 1 6 5 6 2 4 3 5 3 2 7 5 6 2 7 7 4 3 7 6 1 1 4 4 0 6 2 0 8 5 4 0 3 4 8 2 2 3 1 3 2 7 7 1 0 2 4 1 6
1 1 0 29
2 7 37 31 38 7 16 48 12 43 39
#c 8 1 1 1 6 5 6 2 4 3 5 3 2 7 5 6 2 7 7 4 3 7 6 1 1 4 4 0 6 2 0 8 5 4 0 3 4 8 2 2 3 1 3 2 7 7 1 0 2 4 1 6
2 2 34 27 19 8
2 5 47 30 49 26 25 33 36
#c 8 1 1 1 6 5 6 2 4 3 5 3 2 7 5 6 2 7 7 4 3 7 6 1 1 4 4 0 6 2 0 8 5 4 0 3 4 8 2 2 3 1 3 2 7 7 1 0 2 4 1 6
3 2 46 3 2 37 31
5 1 1 41 23 50 24 0
#c 8 1 1 1 6 5 6 2 4 3 5 3 2 7 5 6 2 7 7 4 3 7 6 1 1 4 4 0 6 2 0 8 5 4 0 3 4 8 2 2 3 1 3 2 7 7 1 0 2 4 1 6
3 2 48 43 39 37 31
5 1 38 7 16 12 29 0
#c 8 1 1 1 6 5 6 2 4 3 5 3 2 7 5 6 2 7 7 4 3 7 6 1 1 4 4 0 6 2 0 8 5 4 0 3 4 8 2 2 3 1 3 2 7 7 1 0 2 4 1 6
3 3 20 35 40 27 47 34
3 1 11 42 9 30
#c 8 1 1 1 6 5 6 2 4 3 5 3 2 7 5 6 2 7 7 4 3 7 6 1 1 4 4 0 6 2 0 8 5 4 0 3 4 8 2 2 3 1 3 2 7 7 1 0 2 4 1 6
3 3 33 25 8 34 30 27
4 1 49 26 19 36 47
#c 8 1 1 1 6 5 6 2 4 3 5 3 2 7 5 6 2 7 7 4 3 7 6 1 1 4 4 0 6 2 0 8 5 4 0 3 4 8 2 2 3 1 3 2 7 7 1 0 2 4 1 6
8 1 1 1 6 5 6 2 4 3 5 3 2 7 5 6 2 7 7 4 3 7 6 1 1 4 4 0 6 2 0 8 5 4 0 3 4 8 2 2 3 1 3 2 7 7 1 0 2 4 1 6
