#c 0 1 2 3 4 5 6 7 8 9 10 11 12 0 1 2 3 4 5 6 7 8 9 10 11 12 0 1 2 3 4 5 6 7 8 9 10 11 12 0 1 2 3 4 5 6 7 8 9 10 11 12 0 1 2 3 4 5 6
1 1 27 21
4 3 1 14 40 53 8 34 47
#c 0 1 2 3 4 5 6 7 8 9 10 11 12 0 1 2 3 4 5 6 7 8 9 10 11 12 0 1 2 3 4 5 6 7 8 9 10 11 12 0 1 2 3 4 5 6 7 8 9 10 11 12 0 1 2 3 4 5 6
1 1 54 14
4 4 2 15 28 41 1 27 40 53
#c 0 1 2 3 4 5 6 7 8 9 10 11 12 0 2 2 3 4 5 6 7 8 9 10 11 12 0 1 2 3 4 5 6 7 8 9 10 11 12 0 1 2 3 4 5 6 7 8 9 10 11 12 0 1 1 3 4 5 6
2 2 16 3 40 53
3 3 29 42 55 1 27 54
#c 0 1 2 3 4 5 6 7 8 9 10 11 12 0 2 2 3 4 5 6 7 8 9 10 11 12 0 1 2 3 4 5 6 7 8 9 10 11 12 0 1 2 3 4 5 6 7 8 9 10 11 12 0 1 1 3 4 5 6
1 2 17 10 23
4 2 4 30 43 56 36 49
#c 0 1 2 3 4 5 6 7 8 9 10 11 12 0 2 2 3 4 5 6 7 8 9 10 11 12 0 1 2 3 4 5 6 7 8 9 10 11 12 0 1 2 3 4 5 6 7 8 9 10 11 12 0 1 1 3 4 5 6
2 2 44 18 56 43
3 3 5 31 57 4 17 30
#c 0 1 2 3 4 5 6 7 8 9 10 11 12 0 2 2 3 4 5 6 7 8 9 10 11 12 0 1 2 3 4 5 6 7 8 9 10 11 12 0 1 2 3 4 5 6 7 8 9 10 11 12 0 1 1 3 4 5 6
1 1 19 26
4 4 6 32 45 58 0 13 39 52
#c 0 1 2 3 4 5 6 7 8 9 10 11 12 0 2 2 3 4 5 0 7 8 9 10 11 12 6 1 2 3 4 5 6 7 8 9 10 11 12 0 1 2 3 4 5 6 7 8 9 10 11 12 0 1 1 3 4 5 6
1 1 33 36
3 3 7 20 46 10 23 49
#c 0 1 2 3 4 5 6 7 8 9 10 11 12 0 2 2 3 4 5 0 7 8 9 10 11 12 6 1 2 3 4 5 6 7 8 9 10 11 12 0 1 2 3 4 5 6 7 8 9 10 11 12 0 1 1 3 4 5 6
1 1 21 45
3 4 8 34 47 6 32 58 26
#c 0 1 2 3 4 5 6 7 8 9 10 11 12 0 2 2 3 4 5 0 7 8 9 10 11 12 6 1 2 3 4 5 6 7 8 9 10 11 12 0 1 2 3 4 5 6 7 8 9 10 11 12 0 1 1 3 4 5 6
2 2 9 35 5 31
2 3 22 48 18 44 57
#c 0 1 2 3 4 5 6 7 8 9 10 11 12 0 2 2 3 4 5 0 7 8 9 10 11 12 6 1 2 3 4 5 6 7 8 9 10 11 12 0 1 2 3 4 5 6 7 8 9 10 11 12 0 1 1 3 4 5 6
1 1 10 20
3 3 23 36 49 7 33 46
#c 0 1 2 3 4 5 6 7 8 9 10 11 12 0 2 2 3 4 5 0 7 8 9 10 11 12 6 1 2 3 4 5 6 7 8 9 10 11 12 0 1 2 3 4 5 6 7 8 9 10 11 12 0 1 1 3 4 5 6
2 2 37 50 8 47
2 2 11 24 21 34
#c 0 1 2 3 4 5 6 7 8 9 10 11 12 0 2 2 3 4 5 0 7 8 9 10 11 12 6 1 2 3 4 5 6 7 8 9 10 11 12 0 1 2 3 4 5 6 7 8 9 10 11 12 0 1 1 3 4 5 6
2 1 51 25 33
2 3 12 38 7 20 46
#c 0 1 2 3 4 5 6 7 8 9 10 11 12 0 2 2 3 4 5 0 7 8 9 10 11 7 6 1 2 3 4 5 6 12 8 9 10 11 12 0 1 2 3 4 5 6 7 8 9 10 11 7 0 1 1 3 4 5 6
1 3 13 37 24 50
4 1 0 39 52 19 11
#c 0 1 2 3 4 5 6 7 8 9 10 11 12 0 2 2 3 4 5 0 7 8 9 10 11 7 6 1 2 3 4 5 6 12 8 9 10 11 12 0 1 2 3 4 5 6 7 8 9 10 11 7 0 1 1 3 4 5 6
2 3 53 40 35 48 9
3 1 1 27 54 22
#c 0 1 2 3 4 5 6 7 8 9 10 11 12 0 2 2 3 4 5 0 7 8 9 10 11 7 6 1 2 3 4 5 6 12 8 9 10 11 12 0 1 2 3 4 5 6 7 8 9 10 11 7 0 1 1 3 4 5 6
2 2 28 41 6 58
3 3 2 15 14 32 45 26
#c 0 1 2 3 4 5 2 7 8 9 10 11 12 0 2 2 3 4 5 0 7 8 9 10 11 7 6 1 6 3 4 5 6 12 8 9 10 11 12 0 1 6 3 4 5 6 7 8 9 10 11 7 0 1 1 3 4 5 2
1 1 29 38
4 2 3 16 42 55 12 33
#c 0 1 2 3 4 5 2 7 8 9 10 11 12 0 2 2 3 4 5 0 7 8 9 10 11 7 6 1 6 12 4 5 6 12 8 9 10 11 3 0 1 6 3 4 5 6 7 8 9 10 11 7 0 1 1 3 4 5 2
2 2 4 17 10 49
3 2 30 43 56 23 36
#c 0 1 2 3 4 5 2 7 8 9 10 11 12 0 2 2 3 4 5 0 7 8 9 10 11 7 6 1 6 12 4 5 6 12 8 9 10 11 3 0 1 6 3 4 5 6 7 8 9 10 11 7 0 1 1 3 4 5 2
2 2 57 18 40 1
3 3 5 31 44 27 53 54
#c 0 1 2 3 4 5 2 7 8 9 10 11 12 0 2 2 3 4 5 0 7 8 9 10 11 7 6 1 6 12 4 5 6 12 8 9 10 11 3 0 1 6 3 4 5 6 7 8 9 10 11 7 0 1 1 3 4 5 2
2 3 45 28 50 37 11
3 1 32 26 41 24
#c 0 1 2 3 4 5 2 7 8 9 10 11 12 0 2 2 3 4 5 0 7 8 9 10 11 7 6 1 6 12 4 5 6 12 8 9 10 11 3 0 1 6 3 4 5 6 7 8 9 10 11 7 0 1 1 3 4 5 2
1 3 51 40 53 1
4 2 7 20 46 25 27 54
#c 0 1 2 3 4 5 2 7 8 9 10 11 12 0 2 2 3 4 5 0 7 8 9 10 11 7 6 1 6 12 4 5 6 12 8 9 10 11 3 0 1 6 3 4 5 6 7 8 9 10 11 7 0 1 1 3 4 5 2
2 2 47 34 29 12
2 1 8 21 33
#c 0 1 2 3 4 5 2 7 8 9 10 11 12 0 2 2 3 4 5 0 7 8 9 10 11 7 6 1 6 12 4 5 6 12 8 9 10 11 3 0 1 6 3 4 5 6 7 8 9 10 11 7 0 1 1 3 4 5 2
2 2 48 9 20 7
2 3 22 35 46 51 25
#c 0 1 2 3 4 5 2 7 8 9 10 11 12 0 2 2 3 4 5 0 7 8 9 10 11 7 6 1 6 12 4 5 6 12 8 9 10 11 3 0 1 6 3 4 5 6 7 8 9 10 11 7 0 1 1 3 4 5 2
1 1 49 40
3 4 10 23 36 1 27 53 54
#c 0 1 2 3 4 5 2 7 8 9 10 11 12 0 2 2 3 4 5 0 7 8 9 10 11 7 6 1 6 12 4 5 6 12 8 9 10 11 3 0 10 6 3 4 5 6 7 8 9 1 11 7 0 1 1 3 4 5 2
1 1 50 41
3 4 11 24 37 32 45 26 28
#c 0 1 2 3 4 5 2 7 8 9 10 11 12 0 2 2 3 4 5 0 7 8 9 10 11 7 6 1 6 12 4 5 6 12 8 9 10 11 3 0 10 6 3 4 5 6 7 8 9 1 11 7 0 1 1 3 4 5 2
1 1 33 6
2 4 12 29 2 15 14 58
#c 0 1 2 3 4 5 12 7 8 9 10 11 12 0 2 2 3 4 5 0 7 8 9 10 11 7 6 1 6 12 4 5 6 2 8 9 10 11 3 0 10 6 3 4 5 6 7 8 9 1 11 7 0 1 1 3 4 5 2
1 1 52 7
4 4 0 13 39 19 20 46 51 25
#c 0 1 2 3 4 5 12 7 8 9 10 11 12 0 2 2 3 4 5 0 7 8 9 10 11 7 6 1 6 12 4 5 6 2 8 9 10 11 3 0 10 6 3 4 5 6 7 8 9 1 11 7 0 1 1 3 4 5 2
1 1 27 10
4 3 1 53 54 49 23 36 40
#c 0 1 2 3 4 5 12 7 8 9 10 11 12 0 2 2 3 4 5 0 7 8 9 10 11 7 6 1 6 12 4 5 6 2 8 9 10 11 3 0 10 6 3 4 5 6 7 8 9 1 11 7 0 1 1 3 4 5 2
1 1 15 16
4 4 2 14 58 33 3 42 55 38
#c 0 1 2 3 4 5 12 7 8 9 10 11 12 0 2 3 2 4 5 0 7 8 9 10 11 7 6 1 6 12 4 5 6 2 8 9 10 11 3 0 10 6 3 4 5 6 7 8 9 1 11 7 0 1 1 3 4 5 2
1 1 38 1
4 4 3 42 55 15 27 53 54 49
#c 0 1 2 3 4 5 12 7 8 9 10 11 12 0 2 3 2 4 5 0 7 8 9 10 11 7 6 1 6 12 4 5 6 2 8 9 10 11 3 0 10 6 3 4 5 6 7 8 9 1 11 7 0 1 1 3 4 5 2
1 1 43 19
4 4 4 17 30 56 0 13 39 52
#c 0 1 2 3 4 5 12 7 8 9 10 11 12 0 2 3 2 4 5 0 7 8 9 10 11 7 6 1 6 12 4 5 6 2 8 9 10 11 3 0 10 6 3 4 5 6 7 8 9 1 11 7 0 1 1 3 4 5 2
1 1 31 49
4 4 5 18 44 57 1 27 53 54
#c 0 1 2 3 4 5 12 7 8 9 10 11 12 0 2 3 2 4 5 0 7 8 9 10 11 7 6 1 6 12 4 5 6 2 8 9 10 11 3 0 10 6 3 4 5 6 7 8 9 1 11 7 0 1 1 3 4 5 2
1 1 45 17
4 4 32 26 28 41 4 30 43 56
#c 0 1 2 3 4 5 12 7 8 9 10 11 12 0 2 3 2 4 5 0 7 8 9 10 11 7 6 1 6 12 4 5 6 2 8 9 10 11 3 0 10 6 3 4 5 6 7 8 9 1 11 7 0 1 1 3 4 5 2
2 1 25 20 42
3 4 7 46 51 3 55 38 15
#c 0 1 2 3 4 5 12 7 8 9 10 11 12 0 2 3 2 4 5 0 3 8 9 10 11 3 6 1 6 12 4 5 6 2 8 9 10 11 3 0 10 6 7 4 5 6 7 8 9 1 11 7 0 1 1 3 4 5 2
2 2 47 8 10 36
2 2 21 34 23 40
#c 0 1 2 3 4 5 12 7 8 9 10 11 12 0 2 3 2 4 5 0 3 8 9 10 11 3 6 1 6 12 4 5 6 2 8 9 10 11 3 0 10 6 7 4 5 6 7 8 9 1 11 7 0 1 1 3 4 5 2
2 2 9 48 10 23
2 2 22 35 36 40
#c 0 1 2 3 4 5 12 7 8 9 10 11 12 0 2 3 2 4 5 0 3 8 9 10 11 3 6 1 6 12 4 5 6 2 8 9 10 11 3 0 10 6 7 4 5 6 7 8 9 1 11 7 0 1 1 3 4 5 2
1 1 23 42
3 3 10 36 40 7 46 51
#c 0 1 2 3 4 5 12 7 8 9 10 11 12 0 2 3 2 4 5 0 3 8 9 10 11 3 6 1 6 12 4 5 6 2 8 9 10 11 3 0 10 6 7 4 5 6 7 8 9 1 11 7 0 1 1 3 4 5 2
1 1 24 29
3 2 11 37 50 12 6
#c 0 1 2 3 4 5 12 7 8 9 10 11 12 0 2 3 2 4 5 0 3 8 9 10 12 3 6 1 6 11 4 5 6 2 8 9 10 11 3 0 10 6 7 4 5 6 7 8 9 1 11 7 0 1 1 3 4 5 2
1 1 6 48
2 3 12 24 9 22 35
#c 0 1 2 3 4 5 12 7 8 9 10 11 12 0 2 3 2 4 5 0 3 8 9 10 12 3 6 1 6 11 4 5 6 2 8 9 10 11 3 0 10 6 7 4 5 6 7 8 9 1 11 7 0 1 1 3 4 5 2
1 1 13 40
4 3 0 39 52 19 10 23 36
#c 0 1 2 3 4 5 12 7 8 9 10 11 12 10 2 3 2 4 5 0 3 8 9 10 12 3 6 1 6 11 4 5 6 2 8 9 10 11 3 0 0 6 7 4 5 6 7 8 9 1 11 7 0 1 1 3 4 5 2
2 2 54 49 16 2
3 3 1 27 53 14 58 33
#c 0 1 1 3 4 5 12 7 8 9 10 11 12 10 2 3 1 4 5 0 3 8 9 10 12 3 6 1 6 11 4 5 6 2 8 9 10 11 3 0 0 6 7 4 5 6 7 8 9 2 11 7 0 1 2 3 4 5 2
1 1 54 24
4 2 14 58 33 49 12 6
#c 0 1 1 3 4 5 12 7 8 9 10 11 12 10 2 3 1 4 5 0 3 8 9 10 12 3 6 1 6 11 4 5 6 2 8 9 10 11 3 0 0 6 7 4 5 6 7 8 9 2 11 7 0 1 2 3 4 5 2
1 1 38 32
5 4 3 55 15 25 20 45 26 28 41
#c 0 1 1 3 4 5 12 7 8 9 10 11 12 10 2 3 1 4 5 0 3 8 9 10 12 3 6 1 6 11 4 5 3 2 8 9 10 11 6 0 0 6 7 4 5 6 7 8 9 2 11 7 0 1 2 3 4 5 2
2 2 43 30 0 52
3 3 4 17 56 39 19 40
#c 0 1 1 3 4 5 12 7 8 9 10 11 12 10 2 3 1 4 5 0 3 8 9 10 12 3 6 1 6 11 4 5 3 2 8 9 10 11 6 0 0 6 7 4 5 6 7 8 9 2 11 7 0 1 2 3 4 5 2
1 1 5 29
4 3 18 31 44 57 11 37 50
#c 0 1 1 3 4 5 12 7 8 9 10 11 12 10 2 3 1 4 5 0 3 8 9 10 12 3 6 1 6 11 4 5 3 2 8 9 10 11 6 0 0 6 7 4 5 6 7 8 9 2 11 7 0 1 2 3 4 5 2
2 2 26 41 25 3
3 4 45 28 38 55 15 20 32
#c 0 1 1 6 4 5 12 7 8 9 10 11 12 10 2 3 1 4 5 0 3 8 9 10 12 6 3 1 6 11 4 5 3 2 8 9 10 11 6 0 0 3 7 4 5 6 7 8 9 2 11 7 0 1 2 3 4 5 2
#c 0 1 1 6 4 5 12 7 8 9 10 11 12 10 2 3 1 4 5 0 3 8 9 10 12 6 3 1 6 11 4 5 3 2 8 9 10 11 6 0 0 3 7 4 5 6 7 8 9 2 11 7 0 1 2 3 4 5 2
2 2 34 47 40 52
2 3 8 21 0 39 19
#c 0 1 1 6 4 5 12 7 8 9 10 11 12 10 2 3 1 4 5 0 3 8 9 10 12 6 3 1 6 11 4 5 3 2 8 9 10 11 6 0 0 3 7 4 5 6 7 8 9 2 11 7 0 1 2 3 4 5 2
1 1 22 20
3 5 9 35 48 55 15 32 26 41
#c 0 1 1 6 4 5 12 7 8 9 10 11 12 10 2 3 1 4 5 0 9 8 3 10 12 6 3 1 6 11 4 5 3 2 8 9 10 11 6 0 0 3 7 4 5 6 7 8 9 2 11 7 0 1 2 3 4 5 2
1 1 23 29
3 3 10 36 13 11 37 50
#c 0 1 1 6 4 5 12 7 8 9 10 11 12 10 2 3 1 4 5 0 9 8 3 10 12 6 3 1 6 11 4 5 3 2 8 9 10 11 6 0 0 3 7 4 5 6 7 8 9 2 11 7 0 1 2 3 4 5 2
1 1 29 25
3 4 11 37 50 45 28 38 3
#c 0 1 1 6 4 5 12 7 8 9 10 11 12 10 2 3 1 4 5 0 9 8 3 10 12 6 3 1 6 11 4 5 3 2 8 9 10 11 6 0 0 3 7 4 5 6 7 8 9 2 11 7 0 1 2 3 4 5 2
#c 0 1 1 6 4 5 12 7 8 9 10 11 12 10 2 3 1 4 5 0 9 8 3 10 12 6 3 1 6 11 4 5 3 2 8 9 10 11 6 0 0 3 7 4 5 6 7 8 9 2 11 7 0 1 2 3 4 5 2
1 1 19 32
4 5 0 39 52 40 55 15 26 41 22
#c 0 1 1 6 4 5 12 7 8 9 10 11 12 10 2 3 1 4 5 0 9 8 3 10 12 6 3 1 6 11 4 5 3 2 8 9 10 11 6 0 0 3 7 4 5 6 7 8 9 2 11 7 0 1 2 3 4 5 2
2 2 53 16 4 17
3 3 1 27 2 30 43 56
#c 0 1 1 6 1 5 12 7 8 9 10 11 12 10 2 3 4 1 5 0 9 8 3 10 12 6 3 1 6 11 4 5 3 2 8 9 10 11 6 0 0 3 7 4 5 6 7 8 9 2 11 7 0 4 2 3 4 5 2
2 1 49 33 20
3 3 14 58 54 9 35 48
#c 0 1 1 6 1 5 12 7 8 9 10 11 12 10 2 3 4 1 5 0 9 8 3 10 12 6 3 1 6 11 4 5 3 2 8 9 10 11 6 0 0 3 7 4 5 6 7 8 9 2 11 7 0 4 2 3 4 5 2
2 2 41 26 53 43
4 3 55 15 32 22 30 56 16
#c 0 1 1 6 1 5 12 7 8 9 10 11 12 10 2 3 4 1 5 0 9 8 3 10 12 6 3 1 6 11 4 5 3 2 8 9 10 11 6 0 0 3 7 4 5 6 7 8 9 2 11 7 0 4 2 3 4 5 2
#c 0 1 1 6 1 5 12 7 8 9 10 11 12 10 2 3 4 1 5 0 9 8 3 10 12 6 3 1 6 11 4 5 3 2 8 9 10 11 6 0 0 3 7 4 5 6 7 8 9 2 11 7 0 4 2 3 4 5 2
2 2 5 31 48 20
3 2 18 44 57 9 35
#c 0 1 1 6 1 9 12 7 8 9 10 11 12 10 2 3 4 1 5 0 5 8 3 10 12 6 3 1 6 11 4 9 3 2 8 9 10 11 6 0 0 3 7 4 5 6 7 8 5 2 11 7 0 4 2 3 4 5 2
1 1 38 57
4 4 45 28 25 3 18 44 48 20
#c 0 1 1 6 1 9 12 7 8 9 10 11 12 10 2 3 4 1 5 0 5 8 3 10 12 6 3 1 6 11 4 9 3 2 8 9 10 11 5 0 0 3 7 4 5 6 7 8 5 2 11 7 0 4 2 3 4 6 2
2 2 46 42 10 36
2 2 7 51 23 13
#c 0 1 1 6 1 9 12 7 8 9 7 11 12 10 2 3 4 1 5 0 5 8 3 10 12 6 3 1 6 11 4 9 3 2 8 9 7 11 5 0 0 3 10 4 5 6 10 8 5 2 11 7 0 4 2 3 4 6 2
1 1 8 22
3 5 21 34 47 55 15 32 26 41
#c 0 1 1 6 1 9 12 7 8 9 7 11 12 10 2 3 4 1 5 0 5 8 3 10 12 6 3 1 6 11 4 9 3 2 8 9 7 11 5 0 0 3 10 4 5 6 10 8 5 2 11 7 0 4 2 3 4 6 2
2 3 35 5 48 18 20
2 2 9 31 44 38
#c 0 1 1 6 1 5 12 7 8 9 7 11 12 10 2 3 4 1 9 0 9 8 3 10 12 6 3 1 6 11 4 9 3 2 8 5 7 11 5 0 0 3 10 4 5 6 10 8 9 2 11 7 0 4 2 3 4 6 2
2 2 23 42 52 0
2 3 13 46 39 19 40
#c 0 1 1 6 1 5 12 7 8 9 7 11 12 10 2 3 4 1 9 0 9 8 3 10 12 6 3 1 6 11 4 9 3 2 8 5 7 11 5 0 0 3 10 4 5 6 10 8 9 2 11 7 0 4 2 3 4 6 2
2 2 37 50 15 55
2 4 11 29 32 26 41 22
#c 0 1 1 6 1 5 12 7 8 9 7 11 12 10 2 3 4 1 9 0 9 8 3 10 12 6 3 1 6 11 4 9 3 2 8 5 7 11 5 0 0 3 10 4 5 6 10 8 9 2 11 7 0 4 2 3 4 6 2
1 3 24 10 51 7
2 1 12 6 36
#c 0 1 1 6 1 5 12 7 8 9 7 11 12 10 2 3 4 1 9 0 9 8 3 10 12 6 3 1 6 11 4 9 3 2 8 5 7 11 5 0 0 3 10 4 5 6 10 8 9 2 11 7 0 4 2 3 4 6 2
1 1 39 43
4 4 0 52 19 40 30 56 53 16
#c 0 1 1 6 1 5 12 7 8 9 7 11 12 10 2 3 4 1 9 0 9 8 3 10 12 6 3 1 6 11 4 9 3 2 8 5 7 11 5 0 0 3 10 4 5 6 10 8 9 2 11 7 0 4 2 3 4 6 2
2 2 27 2 15 55
3 4 1 4 17 32 26 41 22
#c 0 1 1 6 1 5 12 7 8 9 7 11 12 10 2 3 4 1 9 0 9 8 3 10 12 6 3 1 6 11 4 9 3 2 8 5 7 11 5 0 0 3 10 4 5 6 10 8 9 2 11 7 0 4 2 3 4 6 2
2 2 49 14 2 17
3 3 58 33 54 1 27 4
#c 0 1 1 6 1 5 12 7 8 9 7 11 12 10 2 3 4 1 9 0 9 8 3 10 12 6 3 1 6 11 4 9 3 2 8 5 7 11 5 0 0 3 10 4 5 6 10 8 9 2 11 7 0 4 2 3 4 6 2
1 1 15 31
5 4 55 32 26 41 22 9 48 18 20
#c 0 1 1 6 1 5 12 7 8 9 7 11 12 10 2 9 4 1 9 0 9 8 3 10 12 6 3 1 6 11 4 3 3 2 8 5 7 11 5 0 0 3 10 4 5 6 10 8 9 2 11 7 0 4 2 3 4 6 2
#c 0 1 1 6 1 5 12 7 8 9 7 11 12 10 2 9 4 1 9 0 9 8 3 10 12 6 3 1 6 11 4 3 3 2 8 5 7 11 5 0 0 3 10 4 5 6 10 8 9 2 11 7 0 4 2 3 4 6 2
2 2 38 5 48 18
2 3 44 35 9 20 15
#c 0 1 1 6 1 5 12 7 8 9 7 11 12 10 2 9 4 1 9 0 9 8 3 10 12 6 3 1 6 11 4 3 3 2 8 5 7 11 5 0 0 3 10 4 5 6 10 8 9 2 11 7 0 4 2 3 4 6 2
1 1 45 15
4 4 28 25 3 57 9 48 18 20
#c 0 1 1 6 1 5 12 7 8 9 7 11 12 10 2 9 4 1 9 0 9 8 3 10 12 6 3 1 6 11 4 3 3 2 8 5 7 11 5 0 0 3 10 4 5 6 10 8 9 2 11 7 0 4 2 3 4 6 2
2 2 36 7 12 6
2 1 51 10 24
#c 0 1 1 6 1 5 12 7 8 9 7 11 12 10 2 9 4 1 9 0 9 8 3 10 12 6 3 1 6 11 4 3 3 2 8 5 7 11 5 0 0 3 10 4 5 6 10 8 9 2 11 7 0 4 2 3 4 6 2
1 1 21 1
3 4 8 34 47 27 2 4 17
#c 0 1 1 6 1 5 12 7 8 9 7 11 12 10 2 9 4 1 9 0 9 8 3 10 12 6 3 1 6 11 4 3 3 2 8 5 7 11 5 0 0 3 10 4 5 6 10 8 9 2 11 7 0 4 2 3 4 6 2
1 1 20 37
4 3 9 48 18 15 11 50 29
#c 0 1 1 6 1 5 12 7 8 9 7 11 12 10 2 9 4 1 9 0 9 8 3 10 12 6 3 1 6 11 4 3 3 2 8 5 7 11 5 0 0 3 10 4 5 6 10 8 9 2 11 7 0 4 2 3 4 6 2
2 2 46 23 57 25
2 3 13 42 45 28 3
#c 0 1 1 6 1 5 12 7 8 9 7 11 12 10 2 9 4 1 9 0 9 8 3 10 12 6 3 1 6 11 4 3 3 2 8 5 7 11 5 0 0 3 10 4 5 6 10 8 9 2 11 7 0 4 2 3 4 6 2
2 2 37 50 31 32
2 4 11 29 55 26 41 22
#c 0 1 1 6 1 5 12 7 8 9 7 11 12 10 2 9 4 1 9 0 9 8 3 10 12 6 3 1 6 11 4 3 3 2 8 5 7 11 5 0 0 3 10 4 5 6 10 8 9 2 11 7 0 4 2 3 4 6 2
1 1 6 19
2 4 12 24 0 39 52 40
#c 0 1 1 6 1 5 12 7 8 9 7 11 12 10 2 9 4 1 9 0 9 8 3 10 12 6 3 1 6 11 4 3 3 2 8 5 7 11 5 0 0 3 10 4 5 6 10 8 9 2 11 7 0 4 2 3 4 6 2
2 2 0 19 9 15
3 3 39 52 40 48 18 20
#c 9 1 1 6 1 5 12 7 8 0 7 11 12 10 2 0 4 1 9 9 9 8 3 10 12 6 3 1 6 11 4 3 3 2 8 5 7 11 5 0 0 3 10 4 5 6 10 8 9 2 11 7 0 4 2 3 4 6 2
2 3 27 4 56 53 30
3 2 1 2 17 43 16
#c 9 1 1 6 1 5 12 7 8 0 7 11 12 10 2 0 4 1 9 9 9 8 3 10 12 6 3 1 6 11 4 3 3 2 8 5 7 11 5 0 0 3 10 4 5 6 10 8 9 2 11 7 0 4 2 3 4 6 2
1 1 33 24
4 2 14 58 54 49 12 6
#c 9 1 1 6 1 5 12 7 8 0 7 11 12 10 2 0 4 1 9 9 9 8 3 10 2 6 3 1 6 11 4 3 3 12 8 5 7 11 5 0 0 3 10 4 5 6 10 8 9 2 11 7 0 4 2 3 4 6 2
1 2 32 56 53
5 3 55 26 41 22 31 30 43 16
#c 9 1 1 6 1 5 12 7 8 0 7 11 12 10 2 0 4 1 9 9 9 8 3 10 2 6 3 1 6 11 4 3 3 12 8 5 7 11 5 0 0 3 10 4 5 6 10 8 9 2 11 7 0 4 2 3 4 6 2
1 1 56 22
4 5 30 43 53 16 55 32 26 41 31
#c 9 1 1 6 1 5 12 7 8 0 7 11 12 10 2 0 4 1 9 9 9 8 3 10 2 6 3 1 6 11 4 3 3 12 8 5 7 11 5 0 0 3 10 4 5 6 10 8 9 2 11 7 0 4 2 3 4 6 2
1 1 35 36
3 3 44 38 5 7 51 10
#c 9 1 1 6 1 5 12 7 8 0 7 11 12 10 2 0 4 1 9 9 9 8 3 10 2 6 3 1 6 11 4 3 3 12 8 5 7 11 5 0 0 3 10 4 5 6 10 8 9 2 11 7 0 4 2 3 4 6 2
1 1 3 12
4 2 45 28 25 57 6 33
#c 9 1 1 6 1 5 12 7 8 0 7 11 12 10 2 0 4 1 9 9 9 8 3 10 2 6 3 1 6 11 4 3 3 12 8 5 7 11 5 0 0 3 10 4 5 6 10 8 9 2 11 7 0 4 2 3 4 6 2
1 1 36 54
3 4 7 51 10 14 58 49 24
#c 9 1 1 6 1 5 12 7 8 0 7 11 12 10 2 0 4 1 9 9 9 8 3 10 2 6 3 1 6 11 4 3 3 12 8 5 7 11 5 0 0 3 10 4 5 6 10 8 9 2 11 7 0 4 2 3 4 6 2
3 4 8 34 47 1 2 4 17
#c 9 1 1 6 1 5 12 7 8 0 7 11 12 10 2 0 4 1 9 9 9 1 3 10 2 6 3 8 6 11 4 3 3 12 8 5 7 11 5 0 0 3 10 4 5 6 10 8 9 2 11 7 0 4 2 3 4 6 2
2 2 48 20 41 31
3 4 18 0 19 55 32 26 22
#c 9 1 1 6 1 5 12 7 8 0 7 11 12 10 2 0 4 1 9 9 9 1 3 10 2 6 3 8 6 11 4 3 3 12 8 5 7 11 5 0 0 3 10 4 5 6 10 8 9 2 11 7 0 4 2 3 4 6 2
2 2 46 13 50 37
2 2 23 42 11 29
#c 9 1 1 6 1 5 12 7 8 0 7 11 12 10 2 0 4 1 9 9 9 1 3 10 2 6 3 8 6 11 4 3 3 12 8 5 7 11 5 0 0 3 10 4 5 6 10 8 9 2 11 7 0 4 2 3 4 6 2
1 2 37 22 31
3 4 11 50 29 55 32 26 41
#c 9 1 1 6 1 5 12 7 8 0 7 11 12 10 2 0 4 1 9 9 9 1 3 10 2 6 3 8 6 11 4 3 3 12 8 5 7 11 5 0 0 3 10 4 5 6 10 8 9 2 11 7 0 4 2 3 4 6 2
1 2 33 23 46
2 2 12 6 13 42
#c 9 1 1 6 1 5 12 7 8 0 7 11 12 10 2 0 4 1 9 9 9 1 3 10 2 6 3 8 6 11 4 3 3 12 8 5 7 11 5 0 0 3 10 4 5 6 10 8 9 2 11 7 0 4 2 3 4 6 2
#c 9 1 1 6 1 5 12 7 8 0 7 11 12 10 2 0 4 1 9 9 9 1 3 10 2 6 3 8 6 11 4 3 3 12 8 5 7 11 5 0 0 3 10 4 5 6 10 8 9 2 11 7 0 4 2 3 4 6 2
1 3 17 11 29 50
4 1 1 2 4 21 37
#c 9 1 1 6 1 5 12 7 8 0 7 1 12 10 2 0 4 11 9 9 9 1 3 10 2 6 3 8 6 1 4 3 3 12 8 5 7 11 5 0 0 3 10 4 5 6 10 8 9 2 1 7 0 4 2 3 4 6 2
1 1 54 51
4 3 14 58 49 24 7 10 36
#c 9 1 1 6 1 5 12 7 8 0 7 1 12 10 2 0 4 11 9 9 9 1 3 10 2 6 3 8 6 1 4 3 3 12 8 5 7 11 5 0 0 3 10 4 5 6 10 8 9 2 1 2 0 4 7 3 4 6 2
1 1 32 37
5 1 55 26 41 22 31 17
#c 9 1 1 6 1 5 12 7 8 0 7 1 12 10 2 0 4 11 9 9 9 1 3 10 2 6 3 8 6 1 4 3 3 12 8 5 7 11 5 0 0 3 10 4 5 6 10 8 9 2 1 2 0 4 7 3 4 6 2
2 2 30 53 42 13
3 2 43 56 16 23 46
#c 9 1 1 6 1 5 12 7 8 0 7 1 12 10 2 0 4 11 9 9 9 1 3 10 2 6 3 8 6 1 4 3 3 12 8 5 7 11 5 0 0 3 10 4 5 6 10 8 9 2 1 2 0 4 7 3 4 6 2
1 1 38 37
3 1 44 35 5 17
#c 9 1 1 6 1 5 12 7 8 0 7 1 12 10 2 0 4 11 9 9 9 1 3 10 2 6 3 8 6 1 4 3 3 12 8 5 7 11 5 0 0 3 10 4 5 6 10 8 9 2 1 2 0 4 7 3 4 6 2
#c 9 1 1 6 1 5 12 7 8 0 7 1 12 10 2 0 4 11 9 9 9 1 3 10 2 6 3 8 6 1 4 3 3 12 8 5 7 11 5 0 0 3 10 4 5 6 10 8 9 2 1 2 0 4 7 3 4 6 2
2 2 36 7 58 49
2 3 10 54 14 24 51
#c 9 1 1 6 1 5 12 7 8 0 7 1 12 10 2 0 4 11 9 9 9 1 3 10 2 6 3 8 6 1 4 3 3 12 8 5 7 11 5 0 0 3 10 4 5 6 10 8 9 2 1 2 0 4 7 3 4 6 2
2 1 47 34 17
2 1 8 27 37
#c 9 1 1 6 1 5 12 7 8 0 7 1 12 10 2 0 4 8 9 9 9 1 3 10 2 6 3 8 6 1 4 3 3 12 11 5 7 11 5 0 0 3 10 4 5 6 10 11 9 2 1 2 0 4 7 3 4 6 2
#c 9 1 1 6 1 5 12 7 8 0 7 1 12 10 2 0 4 8 9 9 9 1 3 10 2 6 3 8 6 1 4 3 3 12 11 5 7 11 5 0 0 3 10 4 5 6 10 11 9 2 1 2 0 4 7 3 4 6 2
2 2 42 13 21 29
2 5 23 46 1 2 4 11 50
#c 9 1 1 6 1 5 12 7 8 0 7 1 12 1 2 0 4 8 9 9 9 10 3 10 2 6 3 8 6 10 4 3 3 12 11 5 7 11 5 0 0 3 1 4 5 6 10 11 9 2 1 2 0 4 7 3 4 6 2
1 1 47 30
2 4 37 34 43 56 53 16
#c 9 1 1 6 1 5 12 7 8 0 7 1 12 1 2 0 4 8 9 9 9 10 3 10 2 6 3 8 6 10 4 3 3 12 11 5 7 11 5 0 0 3 1 4 5 6 10 11 9 2 1 2 0 4 7 3 4 6 2
1 1 33 51
2 4 12 6 14 58 49 24
#c 9 1 1 6 1 5 12 7 8 0 7 1 12 1 2 0 4 8 9 9 9 10 3 10 2 6 3 8 6 10 4 3 3 12 11 5 7 11 5 0 0 3 1 4 5 6 10 11 9 2 1 2 0 4 7 3 4 6 2
1 1 9 10
4 3 39 52 40 15 7 36 54
#c 9 1 1 6 1 5 12 7 8 0 7 1 12 1 2 0 4 8 9 9 9 10 3 10 2 6 3 8 6 10 4 3 3 12 11 5 7 11 5 0 0 3 1 4 5 6 10 11 9 2 1 2 0 4 7 3 4 6 2
1 1 2 34
6 2 1 4 11 50 42 13 37 47
#c 9 1 1 6 1 5 12 7 8 0 7 1 12 1 2 0 4 8 9 9 9 10 3 10 2 6 3 8 6 10 4 3 3 12 11 5 7 11 5 0 0 3 1 4 5 6 10 11 9 2 1 2 0 4 7 3 4 6 2
1 1 14 56
4 4 58 49 24 51 30 43 53 16
#c 9 1 1 6 1 5 12 7 8 0 7 1 12 1 2 0 4 8 9 9 9 10 3 10 2 6 3 8 6 10 4 3 3 12 11 5 7 11 5 0 0 3 1 4 5 6 10 11 9 2 1 2 0 4 7 3 4 6 2
1 1 22 27
5 2 55 32 26 41 31 8 17
#c 9 1 1 6 1 5 12 7 8 0 7 1 12 1 2 0 4 8 9 9 9 10 3 10 2 6 3 8 6 10 4 3 3 12 11 5 7 11 5 0 0 3 1 4 5 6 10 11 9 2 1 2 0 4 7 3 4 6 2
2 1 43 30 0
3 4 56 53 16 48 18 20 19
#c 9 1 1 6 1 5 12 7 8 0 7 1 12 1 2 0 4 8 9 9 9 10 3 10 2 6 3 8 6 10 4 3 3 12 11 5 7 11 5 0 0 3 1 4 5 6 10 11 9 2 1 2 0 4 7 3 4 6 2
1 1 5 13
3 6 44 38 35 1 2 4 11 50 42
#c 9 1 1 6 1 5 12 7 8 0 7 1 12 1 2 0 4 8 9 9 9 10 3 10 2 6 3 8 6 10 4 3 3 12 11 5 7 11 5 0 0 3 1 4 5 6 10 11 9 2 1 2 0 4 7 3 4 6 2
2 2 25 45 11 50
3 5 28 3 57 1 2 4 42 13
#c 9 1 1 6 1 5 12 7 8 0 7 1 12 1 2 0 4 8 9 9 9 10 3 10 2 6 3 8 6 10 4 3 3 12 11 5 7 11 5 0 0 3 1 4 5 6 10 11 9 2 1 2 0 4 7 3 4 6 2
1 1 7 19
3 4 10 36 54 48 18 20 0
#c 9 1 1 6 1 5 12 7 8 0 7 1 12 1 2 0 4 8 9 9 9 10 3 10 2 6 3 8 6 10 4 3 3 12 11 5 7 11 5 0 0 3 1 4 5 6 10 11 9 2 1 2 0 4 7 3 4 6 2
1 1 17 15
2 4 8 27 39 52 40 9
#c 9 1 1 6 1 5 12 7 8 0 7 1 12 1 2 0 4 8 9 9 9 10 3 10 2 6 3 8 6 10 4 3 3 12 11 5 7 11 5 0 0 3 1 4 5 6 10 11 9 2 1 2 0 4 7 3 4 6 2
1 1 19 22
4 5 48 18 20 0 55 32 26 41 31
#c 9 1 1 6 1 5 12 7 8 0 7 1 12 1 2 0 4 8 9 3 9 10 9 10 2 6 3 8 6 10 4 3 3 12 11 5 7 11 5 0 0 3 1 4 5 6 10 11 9 2 1 2 0 4 7 3 4 6 2
1 1 21 58
3 4 23 46 29 14 49 24 51
#c 9 1 1 6 1 5 12 7 8 0 7 1 12 1 2 0 4 8 9 3 9 10 9 10 2 6 3 8 6 10 4 3 3 12 11 5 7 11 5 0 0 3 1 4 5 6 10 11 9 2 1 2 0 4 7 3 4 6 2
1 3 37 23 29 46
2 1 47 34 21
#c 9 1 1 6 1 5 12 7 8 0 7 1 12 1 2 0 4 8 9 3 9 10 9 10 2 6 3 8 6 10 4 3 3 12 11 5 7 11 5 0 0 3 1 4 5 6 10 11 9 2 1 2 0 4 7 3 4 6 2
1 1 12 37
2 2 6 33 47 34
#c 9 1 1 6 1 5 12 7 8 0 7 1 12 1 2 0 4 8 9 3 9 10 9 10 2 6 3 8 6 10 4 3 3 12 11 5 7 11 5 0 0 3 1 4 5 6 10 11 9 2 1 2 0 4 7 3 4 6 2
1 1 52 28
4 4 39 40 9 15 45 25 3 57
#c 9 1 1 6 1 5 12 7 8 0 7 1 12 1 2 0 4 8 9 3 9 10 9 10 2 6 3 8 6 10 4 3 3 12 11 5 7 11 5 0 0 3 1 4 5 6 10 11 9 2 1 2 0 4 7 3 4 6 2
#c 9 1 1 6 1 5 12 7 8 0 7 1 12 1 2 0 4 8 9 3 9 10 9 10 2 6 3 8 6 10 4 3 3 12 11 5 7 11 5 0 0 3 1 4 5 6 10 11 9 2 1 2 0 4 7 3 4 6 2
2 2 24 51 40 39
3 3 14 58 49 52 9 15
#c 9 1 1 6 1 5 12 7 8 0 7 1 12 1 2 0 4 8 9 3 9 10 9 10 2 6 3 8 6 10 4 3 3 12 11 5 7 11 5 0 0 3 1 4 5 6 10 11 9 2 1 2 0 4 7 3 4 6 2
1 1 31 58
5 4 55 32 26 41 19 14 49 24 51
#c 9 1 1 6 1 5 12 7 8 0 7 1 12 1 2 0 4 8 9 3 9 10 9 10 2 6 3 8 6 10 4 2 3 12 11 5 7 11 5 0 0 3 1 4 5 6 10 11 9 2 1 2 0 4 7 3 4 6 3
2 2 56 53 42 50
3 5 30 43 16 1 2 4 11 13
#c 9 1 1 6 1 5 12 7 8 0 7 1 12 1 2 0 4 8 9 3 9 10 9 10 2 6 3 8 6 10 4 2 3 12 11 5 7 11 5 0 0 3 1 4 5 6 10 11 9 2 1 2 0 4 7 3 4 6 3
1 1 5 16
3 4 44 38 35 30 43 56 53
#c 9 1 1 6 1 5 12 7 8 0 7 1 12 1 2 0 4 8 9 3 9 10 9 10 2 6 3 8 6 10 4 2 3 12 11 5 7 11 5 0 0 3 1 4 5 6 10 11 9 2 1 2 0 4 7 3 4 6 3
2 4 25 57 32 26 55 19
3 2 45 28 3 41 58
#c 9 1 1 6 1 5 12 7 8 0 7 1 12 1 2 0 4 8 9 3 9 10 9 10 2 6 3 8 6 10 4 2 3 12 11 5 7 11 5 0 0 3 1 4 5 6 10 11 9 2 1 2 0 4 7 3 4 6 3
2 1 10 7 6
2 2 36 54 12 33
#c 9 1 1 6 1 5 12 7 8 0 7 1 12 1 2 0 4 8 9 3 9 10 9 10 2 6 3 8 6 10 4 2 3 12 11 5 7 11 5 0 0 3 1 4 5 6 10 11 9 2 1 2 0 4 7 3 4 6 3
1 1 17 47
2 2 8 27 37 34
#c 9 1 1 6 1 5 12 7 8 0 7 1 12 1 2 0 4 8 9 3 9 10 9 10 2 6 3 8 6 10 4 2 3 12 11 5 7 11 5 0 0 3 1 4 5 6 10 11 9 2 1 2 0 4 7 3 4 6 3
1 1 48 33
4 2 18 20 0 22 12 6
#c 9 1 1 6 1 5 12 7 8 0 7 1 12 1 2 0 4 8 9 3 9 10 9 10 2 6 3 8 6 10 4 2 3 12 11 5 7 11 5 0 0 3 1 4 5 6 10 11 9 2 1 2 0 4 7 3 4 6 3
2 2 46 23 48 0
2 3 21 29 18 20 22
#c 9 1 1 6 1 5 12 7 8 0 7 1 12 1 2 0 4 8 9 3 9 10 9 10 2 6 3 8 6 10 4 2 3 12 11 5 7 11 5 0 0 3 1 4 5 6 10 11 9 2 1 2 0 4 7 3 4 6 3
1 1 37 3
2 4 47 34 45 28 25 57
#c 9 1 1 6 1 5 12 7 8 0 7 1 12 1 2 0 4 8 9 3 9 10 9 10 2 6 3 8 6 10 4 2 3 12 11 5 7 11 5 0 0 3 1 4 5 6 10 11 9 2 1 2 0 4 7 3 4 6 3
1 1 6 10
2 3 12 33 7 36 54
#c 9 1 1 6 1 5 12 7 8 0 7 1 12 1 2 0 4 8 9 3 9 10 9 10 2 6 3 8 6 10 4 2 3 12 11 5 7 11 5 0 0 3 1 4 5 6 10 11 9 2 1 2 0 4 7 3 4 6 3
#c 9 1 1 6 1 5 12 7 8 0 7 1 12 1 2 0 4 8 9 3 9 10 9 10 2 6 3 8 6 10 4 2 3 12 11 5 7 11 5 0 0 3 1 4 5 6 10 11 9 2 1 2 0 4 7 3 4 6 3
3 3 11 50 2 5 44 38
4 1 1 4 42 13 35
#c 9 1 1 6 1 5 12 7 8 0 7 1 12 1 2 0 4 8 9 3 9 10 9 10 2 6 3 8 6 10 4 2 3 12 11 5 7 11 5 0 0 3 1 4 5 6 10 11 9 2 1 2 0 4 7 3 4 6 3
1 1 24 43
4 4 14 49 51 31 30 56 53 16
#c 9 1 1 6 1 5 12 7 8 0 7 1 12 1 2 0 4 8 9 3 9 10 9 10 2 6 3 8 6 10 4 2 3 12 11 5 7 11 5 0 0 3 1 4 5 6 10 11 9 2 1 2 0 4 7 3 4 6 3
3 3 55 19 32 40 52 39
3 2 26 41 58 9 15
#c 9 1 1 6 1 5 12 7 8 0 7 1 12 1 2 0 4 8 9 3 9 10 9 10 2 6 3 8 6 10 4 2 3 12 11 5 7 11 5 0 0 3 1 4 5 6 10 11 9 2 1 2 0 4 7 3 4 6 3
1 1 43 54
4 3 30 56 53 16 7 10 36
#c 9 1 1 6 1 5 12 7 8 0 7 1 12 1 2 0 4 8 9 3 9 10 9 10 2 6 3 8 6 10 4 2 3 12 11 5 7 11 5 0 0 3 1 4 5 6 10 11 9 2 1 2 0 4 7 3 4 6 3
2 2 44 5 3 25
2 3 38 35 45 28 57
#c 9 1 1 6 1 5 12 7 8 0 7 1 12 1 2 0 4 8 9 3 9 10 9 10 2 6 3 8 6 10 4 2 3 12 11 5 7 11 5 0 0 3 1 4 5 6 10 11 9 2 1 2 0 4 7 3 4 6 3
2 2 25 28 24 14
3 3 45 3 57 49 51 31
#c 9 1 1 6 1 5 12 7 8 0 7 1 12 1 2 0 4 8 9 3 9 10 9 10 2 6 3 8 6 10 4 2 3 12 11 5 7 11 5 0 0 3 1 4 5 6 10 11 9 2 1 2 0 4 7 3 4 6 3
2 2 54 10 17 27
2 1 7 36 8
#c 9 1 1 6 1 5 12 7 8 0 7 1 12 1 2 0 4 8 9 3 9 10 9 10 2 6 3 8 6 10 4 2 3 12 11 5 7 11 5 0 0 3 1 4 5 6 10 11 9 2 1 2 0 4 7 3 4 6 3
1 1 17 10
2 3 8 27 7 36 54
#c 9 1 1 6 1 5 12 7 8 0 7 1 12 1 2 0 4 8 9 3 9 10 9 10 2 6 3 8 6 10 4 2 3 12 11 5 7 11 5 0 0 3 1 4 5 6 10 11 9 2 1 2 0 4 7 3 4 6 3
1 1 18 43
4 4 48 20 0 22 30 56 53 16
#c 9 1 1 6 1 5 12 7 8 0 7 1 12 1 2 0 4 8 9 3 9 10 9 10 2 6 3 8 6 10 4 2 3 12 11 5 7 11 5 0 0 3 1 4 5 6 10 11 9 2 1 2 0 4 7 3 4 6 3
1 1 21 36
3 3 23 46 29 7 10 54
#c 9 1 1 6 1 5 12 7 8 0 7 1 12 1 2 0 4 8 9 3 9 10 9 10 2 6 3 8 6 10 4 2 3 12 11 5 7 11 5 0 0 3 1 4 5 6 10 11 9 2 1 2 0 4 7 3 4 6 3
1 1 47 38
2 3 37 34 44 35 5
#c 9 1 1 6 1 5 12 7 8 0 7 1 12 1 2 0 4 8 9 3 9 10 9 10 2 6 3 8 6 10 4 2 3 12 11 5 7 11 11 0 0 3 1 4 5 6 10 5 9 2 1 2 0 4 7 3 4 6 3
1 1 33 26
2 5 12 6 55 32 41 19 58
#c 9 1 1 6 1 5 12 7 8 0 7 1 12 1 2 0 4 8 9 3 9 10 9 10 2 6 3 8 6 10 4 2 3 12 11 5 7 11 11 0 0 3 1 4 5 6 10 5 9 2 1 2 0 4 7 3 4 6 3
1 2 40 47 35
4 2 39 52 9 15 44 5
#c 9 1 1 6 1 5 12 7 8 0 7 1 12 1 2 0 4 8 9 3 9 10 9 10 2 6 3 8 6 10 4 2 3 12 11 5 7 11 11 0 0 3 1 4 5 6 10 5 9 2 1 2 0 4 7 3 4 6 3
1 1 42 47
6 3 1 2 4 11 50 13 44 35 5
#c 9 1 1 6 1 5 12 7 8 0 7 1 12 1 2 0 4 8 9 3 9 10 9 10 2 6 3 8 6 10 4 2 3 12 11 5 7 11 11 0 0 3 1 4 5 6 10 5 9 2 1 2 0 4 7 3 4 6 3
#c 9 1 1 6 1 5 12 7 8 0 7 1 12 1 2 0 4 8 9 3 9 10 9 10 2 6 3 8 6 10 4 2 3 12 11 5 7 11 11 0 0 3 1 4 5 6 10 5 9 2 1 2 0 4 7 3 4 6 3
1 1 19 8
5 2 55 32 26 41 58 27 17
#c 9 1 1 6 1 5 12 7 8 0 7 1 12 1 2 0 4 8 9 3 9 10 9 10 2 6 3 8 6 10 4 2 3 12 11 5 7 11 11 0 0 3 1 4 5 6 10 5 9 2 1 2 0 4 7 3 4 6 3
2 2 53 30 35 44
3 2 43 56 16 5 47
#c 9 1 1 6 1 5 12 7 8 0 7 1 12 1 2 0 4 8 9 3 9 10 9 10 2 6 3 8 6 10 4 2 3 12 11 5 7 11 11 0 0 3 1 4 5 6 10 5 9 2 1 2 0 4 7 3 4 6 3
1 2 44 57 3
3 3 35 5 47 45 28 25
#c 9 1 1 6 1 5 12 7 8 0 7 1 12 1 2 0 4 8 9 3 9 10 9 10 2 6 3 8 6 10 4 2 3 12 11 5 7 11 11 0 0 3 1 4 5 6 10 5 9 2 1 2 0 4 7 3 4 6 3
#c 9 1 1 6 1 5 12 7 8 0 7 1 12 1 2 0 4 8 9 3 9 10 9 10 2 6 3 8 6 10 4 2 3 12 11 5 7 11 11 0 0 3 1 4 5 6 10 5 9 2 1 2 0 4 7 3 4 6 3
2 2 10 54 47 44
2 2 7 36 35 5
#c 9 1 1 6 1 5 12 7 8 0 7 1 12 1 2 0 4 8 9 3 9 10 9 10 2 6 3 8 6 10 4 2 3 12 11 5 7 11 11 0 0 3 1 4 5 6 10 5 9 2 1 2 0 4 7 3 4 6 3
2 4 27 17 48 18 20 0
#c 9 1 1 6 1 5 12 7 9 0 7 1 12 1 2 0 4 8 9 3 9 10 8 10 2 6 3 8 6 10 4 2 3 12 11 5 7 11 11 0 0 3 1 4 5 6 10 5 9 2 1 2 0 4 7 3 4 6 3
1 1 8 27
4 2 48 18 20 0 17 22
#c 9 1 1 6 1 5 12 7 9 0 7 1 12 1 2 0 4 8 9 3 9 10 8 10 2 6 3 8 6 10 4 2 3 12 11 5 7 11 11 0 0 3 1 4 5 6 10 5 9 2 1 2 0 4 7 3 4 6 3
2 3 21 29 26 55 58
2 3 23 46 32 41 19
#c 9 1 1 6 1 5 12 7 9 0 7 1 12 1 2 0 4 8 9 3 9 10 8 10 2 6 3 8 6 10 4 2 3 12 11 5 7 11 11 0 0 3 1 4 5 6 10 5 9 2 1 2 0 4 7 3 4 6 3
1 1 38 48
2 4 37 34 18 20 0 8
#c 9 1 1 6 1 5 12 7 9 0 7 1 12 1 2 0 4 8 9 3 9 10 8 10 2 6 3 8 6 10 4 2 3 12 11 5 7 11 11 0 0 3 1 4 5 6 10 5 9 2 1 2 0 4 7 3 4 6 3
1 1 6 27
2 2 12 33 17 22
#c 9 1 1 6 1 5 12 7 9 0 7 1 12 1 2 0 4 8 9 3 9 10 8 10 2 6 3 8 6 10 4 2 3 12 11 5 7 11 11 0 0 3 1 4 5 6 10 5 9 2 1 2 0 4 7 3 4 6 3
2 3 15 52 54 10 36
3 1 39 40 9 7
#c 9 1 1 6 1 5 12 7 9 0 7 1 12 1 2 0 4 8 9 3 9 10 8 10 2 6 3 8 6 10 4 2 3 12 11 5 7 11 11 0 0 3 1 4 5 6 10 5 9 2 1 2 0 4 7 3 4 6 3
3 3 42 11 50 3 28 25
4 2 1 2 4 13 45 57
#c 9 1 1 6 1 5 12 7 9 0 7 1 12 1 2 0 4 8 9 3 9 10 8 10 2 6 3 8 6 10 4 2 3 12 11 5 7 11 11 0 0 3 1 4 5 6 10 5 9 2 1 2 0 4 7 3 4 6 3
1 3 49 28 45 57
4 2 14 24 51 31 25 3
#c 9 1 1 6 1 5 12 7 9 0 7 1 12 1 2 0 4 8 9 3 9 10 8 10 2 6 3 8 6 10 4 2 3 12 11 5 7 11 11 0 0 3 1 4 5 6 10 5 9 2 1 2 0 4 7 3 4 6 3
#c 9 1 1 6 1 5 12 7 9 0 7 1 12 1 2 0 4 8 9 3 9 10 8 10 2 6 3 8 6 10 4 2 3 12 11 5 7 11 11 0 0 3 1 4 5 6 10 5 9 2 1 2 0 4 7 3 4 6 3
2 2 16 56 17 22
3 1 30 43 53 27
#c 9 1 1 6 1 5 12 7 9 0 7 1 12 1 2 0 4 8 9 3 9 10 8 10 2 6 3 8 6 10 4 2 3 12 11 5 7 11 11 0 0 3 1 4 5 6 10 5 9 2 1 2 0 4 7 3 4 6 3
1 1 44 26
3 5 35 5 47 55 32 41 19 58
#c 9 1 1 6 1 5 12 7 9 0 7 1 12 1 2 0 4 8 9 3 9 10 8 10 2 6 3 8 6 10 4 2 3 12 11 5 7 11 11 0 0 3 1 4 5 6 10 5 9 2 1 2 0 4 7 3 4 6 3
2 2 57 45 49 51
3 3 28 25 3 14 24 31
#c 9 1 1 6 1 5 12 7 9 0 7 1 12 1 2 0 4 8 9 3 9 10 8 10 2 6 3 8 6 10 4 2 3 12 11 5 7 11 11 0 0 3 1 4 5 6 10 5 9 2 1 2 0 4 7 3 4 6 3
#c 9 1 1 6 1 5 12 7 9 0 7 1 12 1 2 0 4 8 9 3 9 10 8 10 2 6 3 8 6 10 4 2 3 12 11 5 7 11 11 0 0 3 1 4 5 6 10 5 9 2 1 2 0 4 7 3 4 6 3
1 1 27 25
2 4 17 22 45 28 3 57
#c 9 1 1 6 1 5 12 7 9 0 7 1 12 1 2 0 4 8 9 3 9 10 8 10 2 6 3 8 6 10 4 2 3 12 11 5 7 11 11 0 0 3 1 4 5 6 10 5 9 2 1 2 0 4 7 3 4 6 3
2 2 8 0 22 17
3 1 48 18 20 27
#c 9 1 1 6 1 5 12 7 9 0 7 1 12 1 2 0 4 8 9 3 9 10 8 10 2 6 3 8 6 10 4 2 3 12 11 5 7 11 11 0 0 3 1 4 5 6 10 5 9 2 1 2 0 4 7 3 4 6 3
1 1 29 18
3 4 23 46 21 48 20 0 8
#c 9 1 1 6 1 5 12 7 9 0 7 1 12 1 2 0 4 8 9 3 9 10 8 10 2 6 3 8 6 10 4 2 3 12 11 5 7 11 11 0 0 3 1 4 5 6 10 5 9 2 1 2 0 4 7 3 4 6 3
1 1 37 28
2 4 34 38 45 25 3 57
#c 9 1 1 6 1 5 12 7 9 0 7 1 12 1 2 0 4 8 9 3 9 10 8 10 2 6 3 8 6 10 4 2 3 12 11 5 7 11 11 0 0 3 1 4 5 6 10 5 9 2 1 2 0 4 7 3 4 6 3
1 1 6 54
2 3 12 33 7 10 36
#c 9 1 1 6 1 5 7 7 9 0 7 1 12 1 2 0 4 8 9 3 9 10 8 10 2 6 3 8 6 10 4 2 3 12 11 5 7 11 11 0 0 3 1 4 5 6 10 5 9 2 1 2 0 4 12 3 4 6 3
1 1 52 31
4 4 39 40 9 15 14 49 24 51
#c 9 1 1 6 1 5 7 7 9 0 7 1 12 1 2 0 4 8 9 3 9 10 8 10 2 6 3 8 6 10 4 2 3 12 11 5 7 11 11 0 0 3 1 4 5 6 10 5 9 2 1 2 0 4 12 3 4 6 3
3 3 4 11 50 40 15 39
4 2 1 2 42 13 52 9
#c 9 1 1 6 1 5 7 7 9 0 7 1 12 1 2 0 4 8 9 3 9 10 8 10 2 6 3 8 6 10 4 2 3 12 11 5 7 11 11 0 0 3 1 4 5 6 10 5 9 2 1 2 0 4 12 3 4 6 3
1 2 31 45 3
4 3 14 49 24 51 28 25 57
#c 9 1 1 6 1 5 7 7 9 0 7 1 12 1 2 0 4 8 9 3 9 10 8 10 2 6 3 8 6 10 4 2 3 12 11 5 7 11 11 0 0 3 1 4 5 6 10 5 9 2 1 2 0 4 12 3 4 6 3
2 2 58 32 25 28
4 3 55 26 41 19 45 3 57
#c 9 1 1 6 1 5 7 7 9 0 7 1 12 1 2 0 4 8 9 3 9 10 8 10 2 6 3 8 6 10 4 2 3 12 11 5 7 11 11 0 0 3 1 4 5 6 10 5 9 2 1 2 0 4 12 3 4 6 3
1 2 30 25 3
4 3 43 56 53 16 45 28 57
#c 9 1 1 6 1 5 7 7 9 0 7 1 12 1 2 0 4 8 9 3 9 10 8 10 2 6 3 8 6 10 4 2 3 12 11 5 7 11 11 0 0 3 1 4 5 6 10 5 9 2 1 2 0 4 12 3 4 6 3
1 1 47 24
3 4 44 35 5 14 49 51 31
#c 9 1 1 6 1 5 7 7 9 0 7 1 12 1 2 0 4 8 9 3 9 10 8 10 2 6 3 8 6 10 4 2 3 12 11 5 7 11 11 0 0 3 1 4 5 6 10 5 9 2 1 2 0 4 12 3 4 6 3
1 1 25 21
4 3 45 28 3 57 23 46 29
#c 9 1 1 6 1 5 7 7 9 0 7 1 12 1 2 0 4 8 9 3 9 10 8 10 2 6 3 8 6 10 4 2 3 12 11 5 7 11 11 0 0 3 1 4 5 6 10 5 9 2 1 2 0 4 12 3 4 6 3
1 1 6 22
3 2 7 10 36 27 17
#c 9 1 1 6 1 5 7 7 9 0 7 1 12 1 2 0 4 8 9 3 9 10 8 10 2 6 3 8 6 10 4 2 3 12 11 5 7 11 11 0 0 3 1 4 5 6 10 5 9 2 1 2 0 4 12 3 4 6 3
1 1 17 5
2 3 27 22 44 35 47
#c 9 1 1 6 1 5 7 7 9 0 7 1 12 1 2 0 4 8 9 3 9 10 8 10 2 6 3 8 6 10 4 2 3 12 11 5 7 11 11 0 0 3 1 4 5 6 10 5 9 2 1 2 0 4 12 3 4 6 3
2 2 0 20 37 38
3 1 48 18 8 34
#c 9 1 1 6 1 5 7 7 9 0 7 1 12 1 2 0 4 8 9 3 9 10 8 10 2 6 3 8 6 10 4 2 3 12 11 5 7 11 11 0 0 3 1 4 5 6 10 5 9 2 1 2 0 4 12 3 4 6 3
1 1 23 34
3 2 46 21 29 37 38
#c 9 1 1 6 1 5 7 7 9 0 7 1 12 1 2 0 4 8 9 3 9 10 8 10 2 6 3 8 6 10 4 2 3 12 11 5 7 11 11 0 0 3 1 4 5 6 10 5 9 2 1 2 0 4 12 3 4 6 3
1 1 34 10
2 3 37 38 7 36 6
#c 9 1 1 6 1 5 7 7 9 0 7 1 12 1 2 0 4 8 9 3 9 10 8 10 2 6 3 8 6 10 4 2 3 12 11 5 7 11 11 0 0 3 1 4 5 6 10 5 9 2 1 2 0 4 12 3 4 6 3
1 1 54 46
2 3 12 33 23 21 29
#c 9 1 1 6 1 5 7 7 9 0 7 1 12 1 2 0 4 8 9 3 9 10 8 10 2 6 3 8 6 10 4 2 3 12 11 5 7 11 11 0 0 3 1 4 5 6 10 5 9 2 1 2 0 4 12 3 4 6 3
2 1 15 52 37
3 2 39 40 9 34 38
#c 9 1 1 6 1 5 7 7 9 0 7 1 12 1 2 0 4 8 9 3 9 10 8 10 2 6 3 8 6 10 4 2 3 12 11 5 7 11 11 0 0 3 1 4 5 6 10 5 9 2 1 2 0 4 12 3 4 6 3
1 1 13 16
6 4 1 2 4 11 50 42 30 43 56 53
#c 9 1 1 6 1 5 7 7 9 0 7 1 12 1 2 0 4 8 9 3 9 10 8 10 2 6 3 8 6 10 4 2 3 12 11 5 7 11 11 0 0 3 1 4 5 6 10 5 9 2 1 2 0 4 12 3 4 6 3
1 1 24 32
4 5 14 49 51 31 55 26 41 19 58
#c 9 1 1 6 1 5 7 7 9 0 7 1 12 1 2 0 4 8 9 3 9 10 8 10 2 6 3 8 6 10 4 2 3 12 11 5 7 11 11 0 0 3 1 4 5 6 10 5 9 2 1 2 0 4 12 3 4 6 3
2 2 55 58 2 1
4 5 32 26 41 19 4 11 50 42 13
#c 9 1 1 6 1 5 7 7 9 0 7 1 12 1 2 0 4 8 9 3 9 10 8 10 2 6 3 8 6 10 4 2 3 12 11 5 7 11 11 0 0 3 1 4 5 6 10 5 9 2 1 2 0 4 12 3 4 6 3
1 1 53 37
4 2 30 43 56 16 34 38
#c 9 1 1 6 1 5 7 7 9 0 7 1 12 1 2 0 4 8 9 3 9 10 8 10 2 6 3 8 6 10 4 2 3 12 11 5 7 11 11 0 0 3 1 4 5 6 10 5 9 2 1 2 0 4 12 3 4 6 3
1 1 44 12
3 2 35 5 47 33 54
#c 9 1 1 6 1 5 7 7 9 0 7 1 5 1 2 0 4 8 9 3 9 10 8 10 2 6 3 8 6 10 4 2 3 12 11 5 7 11 11 0 0 3 1 4 12 6 10 5 9 2 1 2 0 4 12 3 4 6 3
2 1 28 3 5
3 3 45 25 57 35 47 12
#c 9 1 1 6 1 5 7 7 9 0 7 1 5 1 2 0 4 8 9 3 9 10 8 10 2 6 3 8 6 10 4 2 3 12 11 5 7 11 11 0 0 3 1 4 12 6 10 5 9 2 1 2 0 4 12 3 4 6 3
2 2 36 10 35 12
2 2 7 6 5 47
#c 9 1 1 6 1 5 7 7 9 0 7 1 5 1 2 0 4 8 9 3 9 10 8 10 2 6 3 8 6 10 4 2 3 12 11 5 7 11 11 0 0 3 1 4 12 6 10 5 9 2 1 2 0 4 12 3 4 6 3
1 1 22 28
2 4 27 17 45 25 3 57
#c 9 1 1 6 1 5 7 7 9 0 7 1 5 1 2 0 4 8 9 3 9 10 6 10 2 6 3 8 8 10 4 2 3 12 11 5 7 11 11 0 0 3 1 4 12 6 10 5 9 2 1 2 0 4 12 3 4 6 3
1 1 0 30
4 4 48 18 20 8 43 56 53 16
#c 4 1 1 6 1 5 7 7 9 0 7 1 5 1 2 0 4 8 9 3 9 10 6 10 2 6 3 8 8 10 9 2 3 12 11 5 7 11 11 0 0 3 1 4 12 6 10 5 9 2 1 2 0 4 12 3 4 6 3
1 1 29 36
3 3 23 46 21 7 10 6
#c 4 1 1 6 1 5 7 7 9 0 7 1 5 1 2 0 4 8 9 3 9 10 6 10 2 6 3 8 8 10 9 2 3 12 11 5 7 11 11 0 0 3 1 4 12 6 10 5 9 2 1 2 0 4 12 3 4 6 3
1 1 37 31
2 4 34 38 14 49 24 51
#c 4 1 1 6 1 5 7 7 9 0 7 1 5 1 2 0 4 8 9 3 9 10 6 10 2 6 3 8 8 10 9 2 3 12 11 5 7 11 11 0 0 3 1 4 12 6 10 5 9 2 1 2 0 4 12 3 4 6 3
1 1 33 56
2 4 54 44 43 53 16 0
#c 4 1 1 6 1 5 7 7 9 0 7 1 5 1 2 0 4 8 9 3 9 10 6 10 2 6 3 8 8 10 9 2 3 4 11 5 7 11 11 0 0 3 1 4 12 6 10 5 9 2 1 2 0 4 12 3 12 6 3
#c 4 1 1 6 1 5 7 7 9 0 7 1 5 1 2 0 4 8 9 3 9 10 6 10 2 6 3 8 8 10 9 2 3 4 11 5 7 11 11 0 0 3 1 4 12 6 10 5 9 2 1 2 0 4 12 3 12 6 3
3 3 4 50 11 30 8 18
4 2 1 2 42 13 48 20
#c 4 1 1 6 1 5 7 7 9 0 7 1 5 1 2 0 4 8 9 3 9 10 6 10 2 6 3 8 8 10 9 2 3 4 11 5 7 11 11 0 0 3 1 4 12 6 10 5 9 2 1 2 0 4 12 3 12 6 3
2 2 49 14 32 55
3 4 24 51 31 26 41 19 58
#c 4 1 1 6 1 5 7 7 9 0 7 1 5 1 2 0 4 8 9 3 9 10 6 10 2 6 3 8 8 10 9 2 3 4 11 5 7 11 11 0 0 3 1 4 12 6 10 5 9 2 1 2 0 4 12 3 12 6 3
3 3 26 41 32 7 10 6
3 1 55 19 58 36
#c 4 1 1 6 1 5 7 7 9 0 7 1 5 1 2 0 4 8 9 3 9 10 6 10 2 6 3 8 8 10 9 2 3 4 11 5 7 11 11 0 0 3 1 4 12 6 10 5 9 2 1 2 0 4 12 3 12 6 3
1 1 0 40
4 4 43 53 16 33 39 52 9 15
#c 0 1 1 6 1 5 7 7 9 0 7 1 5 1 2 0 4 8 9 3 9 10 6 10 2 6 3 8 8 10 9 2 3 4 11 5 7 11 11 0 4 3 1 4 12 6 10 5 9 2 1 2 0 4 12 3 12 6 3
2 1 47 12 17
2 2 35 5 27 28
#c 0 1 1 6 1 5 7 7 9 0 7 1 5 1 2 0 4 8 9 3 9 10 6 10 2 6 3 8 8 10 9 2 3 4 11 5 7 11 11 0 4 3 1 4 12 6 10 5 9 2 1 2 0 4 12 3 12 6 3
2 2 25 3 40 16
3 3 45 57 22 43 53 33
#c 0 1 1 6 1 5 7 7 9 0 7 1 5 1 2 0 4 8 9 3 9 10 6 10 2 6 3 8 8 10 9 2 3 4 11 5 7 11 11 0 4 3 1 4 12 6 10 5 9 2 1 2 0 4 12 3 12 6 3
1 1 6 29
3 3 7 10 36 23 46 21
#c 0 1 1 6 1 5 10 7 9 0 7 1 5 1 2 0 4 8 9 3 9 10 6 10 2 6 3 8 8 7 9 2 3 4 11 5 7 11 11 0 4 3 1 4 12 6 10 5 9 2 1 2 0 4 12 3 12 6 3
1 1 17 50
2 6 27 28 1 2 4 11 42 13
#c 0 1 1 6 1 5 10 7 9 0 7 1 5 1 2 0 4 8 9 3 9 10 6 10 2 6 3 8 8 7 9 2 3 4 11 5 7 11 11 0 4 3 1 4 12 6 10 5 9 2 1 2 0 4 12 3 12 6 3
2 2 20 18 49 24
3 3 48 8 30 14 51 31
#c 0 1 1 6 1 5 10 7 9 0 7 1 5 1 2 0 4 8 2 3 2 10 6 10 9 6 3 8 8 7 9 2 3 4 11 5 7 11 11 0 4 3 1 4 12 6 10 5 9 9 1 2 0 4 12 3 12 6 3
2 3 23 6 39 9 52
2 2 46 21 15 0
#c 0 1 1 6 1 5 10 7 9 0 7 1 5 1 2 0 4 8 2 3 2 10 6 10 9 6 3 8 8 7 9 2 3 4 11 5 7 11 11 0 4 3 1 4 12 6 10 5 9 9 1 2 0 4 12 3 12 6 3
1 1 38 26
2 5 37 34 55 32 41 19 58
#c 0 1 1 6 1 5 10 7 9 0 7 1 5 1 2 0 4 8 2 3 2 10 6 10 9 6 3 8 8 7 9 2 3 4 11 5 7 11 11 0 4 3 1 4 12 6 10 5 9 9 1 2 0 4 12 3 12 6 3
1 1 54 28
2 2 44 56 27 17
#c 0 1 1 6 1 5 10 7 9 0 7 1 5 1 2 0 4 8 2 3 2 10 6 10 9 6 3 8 8 7 9 2 3 4 11 5 7 11 11 0 4 3 1 4 12 6 10 5 9 9 1 2 0 4 12 3 12 6 3
2 1 15 0 22
3 4 39 52 9 45 25 3 57
#c 0 1 1 6 1 5 10 7 9 0 7 1 5 1 2 0 4 8 2 3 2 10 6 10 9 6 3 8 8 7 9 2 3 4 11 5 7 11 11 0 4 3 1 4 12 6 10 5 9 9 1 2 0 4 12 3 12 6 3
#c 0 1 1 6 1 5 10 7 9 0 7 1 5 1 2 0 4 8 2 3 2 10 6 10 9 6 3 8 8 7 9 2 3 4 11 5 7 11 11 0 4 3 1 4 12 6 10 5 9 9 1 2 0 4 12 3 12 6 3
1 1 18 53
4 4 14 51 31 20 43 16 33 40
#c 0 1 1 6 1 5 10 7 9 0 7 1 5 1 2 0 4 8 2 3 2 10 6 10 9 6 3 8 8 7 9 2 3 4 11 5 7 11 11 0 4 3 1 4 12 6 10 5 9 9 1 2 0 4 12 3 12 6 3
3 3 26 58 41 42 11 13
3 4 55 32 19 1 2 4 50
#c 0 1 1 6 1 5 10 7 9 0 7 1 5 1 2 0 4 8 2 3 2 10 6 10 9 6 3 8 8 7 9 2 3 4 11 5 7 11 11 0 4 3 1 4 12 6 10 5 9 9 1 2 0 4 12 3 12 6 3
1 1 43 44
4 2 53 16 33 40 54 56
#c 0 1 1 6 1 5 10 7 9 0 7 1 5 1 2 0 4 8 2 3 2 10 6 10 9 6 3 8 8 7 9 2 3 4 11 5 7 11 11 0 4 3 1 4 12 6 10 5 9 9 1 2 0 4 12 3 12 6 3
2 2 5 35 37 38
2 1 47 12 34
#c 0 1 1 6 1 5 10 7 9 0 7 1 5 1 2 0 4 8 2 3 2 10 6 10 9 6 3 8 8 7 9 2 3 4 11 5 7 11 11 0 4 3 1 4 12 6 10 5 9 9 1 2 0 4 12 3 12 6 3
1 1 57 46
4 3 45 25 3 22 23 21 6
#c 0 1 1 6 1 5 10 7 9 0 7 1 5 1 2 0 4 8 2 3 2 10 6 10 9 6 3 8 8 7 9 2 3 4 11 5 7 11 11 0 4 3 1 4 12 6 10 5 9 9 1 2 0 4 12 3 12 6 3
1 1 10 46
3 3 7 36 29 23 21 6
#c 0 1 1 6 1 5 10 7 9 0 7 1 5 1 2 0 4 8 2 3 2 10 6 10 9 6 3 8 8 7 9 2 3 4 11 5 7 11 11 0 4 3 1 4 12 6 10 5 9 9 1 2 0 4 12 3 12 6 3
1 1 17 19
2 5 27 28 55 32 26 41 58
#c 0 1 1 6 1 5 10 7 9 0 7 1 5 1 2 0 4 8 2 3 2 10 6 10 9 6 3 8 8 7 9 2 3 4 11 5 7 11 11 0 4 3 1 4 12 6 10 5 9 9 1 2 0 4 12 3 12 6 3
2 1 8 30 23
3 3 48 49 24 46 21 6
#c 0 1 1 6 1 5 10 7 9 0 7 1 5 1 2 0 4 8 2 3 2 10 6 10 9 6 3 8 8 7 9 2 3 4 11 5 7 11 11 0 4 3 1 4 12 6 10 5 9 9 1 2 0 4 12 3 12 6 3
2 2 46 21 39 52
2 3 23 6 9 15 0
#c 0 1 1 6 1 5 10 7 9 0 7 1 5 1 2 0 4 8 2 3 2 10 6 10 9 6 3 8 8 7 9 2 3 4 11 5 7 11 11 0 4 3 1 4 12 6 10 5 9 9 1 2 0 4 12 3 12 6 3
1 1 37 57
2 4 34 38 45 25 3 22
#c 0 1 1 6 1 5 10 7 9 0 7 1 5 1 2 0 4 8 2 3 2 10 6 10 9 6 3 8 8 7 9 2 3 4 11 5 7 11 11 0 4 3 1 4 12 6 10 5 9 9 1 2 0 4 12 3 12 6 3
1 1 56 32
2 5 54 44 55 26 41 19 58
#c 0 1 1 6 1 5 10 7 9 0 7 1 5 1 2 0 4 8 2 3 2 10 6 10 9 6 3 8 8 7 9 2 3 4 11 5 7 11 11 0 4 3 1 4 12 6 10 5 9 9 1 2 0 4 12 3 12 6 3
2 2 39 9 19 32
3 4 52 15 0 55 26 41 58
#c 0 1 1 6 1 5 10 7 9 0 7 1 5 1 2 0 4 8 2 3 2 10 6 10 9 6 3 8 8 7 9 2 3 4 11 5 7 11 11 0 4 3 1 4 12 6 10 5 9 9 1 2 0 4 12 3 12 6 3
3 2 11 2 1 34 37
4 1 4 50 42 13 38
#c 0 1 1 6 1 5 10 7 9 0 7 1 5 1 2 0 4 8 2 3 2 10 6 10 9 6 3 8 8 7 9 2 3 4 11 5 7 11 11 0 4 3 1 4 12 6 10 5 9 9 1 2 0 4 12 3 12 6 3
2 2 20 51 57 45
3 3 14 31 18 25 3 22
#c 0 1 1 6 1 5 10 7 9 0 7 1 5 1 2 0 4 8 2 3 2 10 6 10 9 6 3 8 8 7 9 2 3 4 11 5 7 11 11 0 4 3 1 4 12 6 10 5 9 9 1 2 0 4 12 3 12 6 3
3 3 58 41 26 12 35 5
3 1 55 32 19 47
#c 0 1 1 6 1 5 10 7 9 0 7 1 5 1 2 0 4 8 2 3 2 10 6 10 9 6 3 8 8 7 9 2 3 4 11 5 7 11 11 0 4 3 1 4 12 6 10 5 9 9 1 2 0 4 12 3 12 6 3
1 1 40 38
4 2 43 53 16 33 37 34
#c 0 1 1 6 1 5 10 7 9 0 7 1 5 1 2 0 4 8 2 3 2 10 6 10 9 6 3 8 8 7 9 2 3 4 11 5 7 11 11 0 4 3 1 4 12 6 10 5 9 9 1 2 0 4 12 3 12 6 3
1 1 35 57
3 4 5 47 12 45 25 3 22
#c 0 1 1 6 1 5 10 7 9 0 7 1 5 1 2 0 4 8 2 3 2 10 6 10 9 6 3 8 8 7 9 2 3 4 11 5 7 11 11 0 4 3 1 4 12 6 10 5 9 9 1 2 0 4 12 3 12 6 3
2 2 45 22 27 28
3 1 25 3 57 17
#c 0 1 1 6 1 5 10 7 9 0 7 1 5 1 2 0 4 8 2 3 2 10 6 10 9 6 3 8 8 7 9 2 3 4 11 5 7 11 11 0 4 3 1 4 12 6 10 5 9 9 1 2 0 4 12 3 12 6 3
#c 0 1 1 6 1 5 10 7 9 0 7 1 5 1 2 0 4 8 2 3 2 10 6 10 9 6 3 8 8 7 9 2 3 4 11 5 7 11 11 0 4 3 1 4 12 6 10 5 9 9 1 2 0 4 12 3 12 6 3
1 1 28 35
2 3 27 17 5 47 12
#c 0 1 1 6 1 5 10 7 9 0 7 1 5 1 2 0 4 8 2 3 2 10 6 10 9 6 3 8 8 7 9 2 3 4 11 5 7 11 11 0 4 3 1 4 12 6 10 5 9 9 1 2 0 4 12 3 12 6 3
1 2 49 29 7
4 2 48 8 30 24 10 36
#c 0 1 1 6 1 5 10 7 9 0 7 1 5 1 2 0 4 8 2 3 2 10 6 10 9 6 3 8 8 7 9 2 3 4 11 5 7 11 11 0 4 3 1 4 12 6 10 5 9 9 1 2 0 4 12 3 12 6 3
1 1 23 9
3 4 46 21 6 39 52 15 0
#c 0 1 1 6 1 5 10 7 9 0 7 1 5 1 2 0 4 8 2 3 2 10 6 10 9 6 3 8 8 7 9 2 3 4 11 5 7 11 11 0 4 3 1 4 12 6 10 5 9 9 1 2 0 4 12 3 12 6 3
1 1 34 5
2 3 37 38 35 47 12
#c 0 1 1 6 1 5 10 7 9 0 7 1 5 1 2 0 4 8 2 3 2 10 6 10 9 6 3 8 8 7 9 2 3 4 11 5 7 11 11 0 4 3 1 4 12 6 10 5 9 9 1 2 0 4 12 3 12 6 3
1 2 56 55 26
2 4 54 44 32 41 19 58
#c 0 1 1 6 1 5 10 7 9 0 7 1 5 1 2 0 4 8 2 3 2 10 6 10 9 6 3 8 8 7 9 2 3 4 11 5 7 11 11 0 4 3 1 4 12 6 10 5 9 9 1 2 0 4 12 3 12 6 3
1 1 15 28
4 2 39 52 9 0 27 17
#c 0 1 1 6 1 5 10 7 9 0 7 1 5 1 2 8 4 8 2 3 2 10 6 10 9 6 3 8 0 7 9 2 3 4 11 5 7 11 11 0 4 3 1 4 12 6 10 5 9 9 1 2 0 4 12 3 12 6 3
1 3 11 12 35 47
6 1 1 2 4 50 42 13 5
#c 0 1 1 6 1 5 10 7 9 0 7 1 5 1 2 8 4 8 2 3 2 10 6 10 9 6 3 8 0 7 9 2 3 4 11 5 7 11 11 0 4 3 1 4 12 6 10 5 9 9 1 2 0 4 12 3 12 6 3
1 1 20 15
4 2 14 51 31 18 27 17
#c 0 1 1 6 1 5 10 7 9 0 7 1 5 1 2 8 4 8 2 3 2 10 6 10 9 6 3 8 0 7 9 2 3 4 11 5 7 11 11 0 4 3 1 4 12 6 10 5 9 9 1 2 0 4 12 3 12 6 3
#c 0 1 1 6 1 5 10 7 9 0 7 1 5 1 2 8 4 8 2 3 2 10 6 10 9 6 3 8 0 7 9 2 3 4 11 5 7 11 11 0 4 3 1 4 12 6 10 5 9 9 1 2 0 4 12 3 12 6 3
2 2 16 40 19 26
3 4 43 53 33 55 32 41 58
#c 0 1 1 6 1 5 10 7 9 0 7 1 5 1 2 8 4 8 2 3 2 10 6 10 9 6 3 8 0 7 9 2 3 4 11 5 7 11 11 0 4 3 1 4 12 6 10 5 9 9 1 2 0 4 12 3 12 6 3
1 1 5 27
3 2 35 47 12 17 15
#c 0 1 1 6 1 5 10 7 9 0 7 1 5 1 2 8 4 8 2 3 2 10 6 10 9 6 3 8 0 7 9 2 3 4 11 5 7 11 11 0 4 3 1 4 12 6 10 5 9 9 1 2 0 4 12 3 12 6 3
1 1 45 54
4 2 25 3 57 22 44 56
#c 0 1 1 6 1 5 10 7 9 0 7 1 5 1 2 8 4 8 2 3 2 10 6 10 9 6 3 8 0 7 9 2 3 4 11 5 7 11 11 0 4 3 1 4 12 6 10 5 9 9 1 2 0 4 12 3 12 6 3
1 1 29 27
3 2 7 10 36 17 15
#c 0 1 1 6 1 5 10 7 9 0 7 1 5 1 2 8 4 8 2 3 2 10 6 10 9 6 3 8 0 7 9 2 3 4 11 5 7 11 11 0 4 3 1 4 12 6 10 5 9 9 1 2 0 4 12 3 12 6 3
1 1 17 28
2 4 27 15 39 52 9 0
#c 0 1 1 6 1 5 10 7 9 0 7 1 5 1 2 8 4 8 2 3 2 10 6 10 9 6 3 8 0 7 9 2 3 4 11 5 7 11 11 0 4 3 1 4 12 6 10 5 9 9 1 2 0 4 12 3 12 6 3
0 1 1 6 1 5 10 7 9 0 7 1 5 1 2 8 4 8 2 3 2 10 6 10 9 6 3 8 0 7 9 2 3 4 11 5 7 11 11 0 4 3 1 4 12 6 10 5 9 9 1 2 0 4 12 3 12 6 3
