#c 0 1 2 3 4 5 6 7 8 9 10 11 0 1 2 3 4 5 6 7 8 9 10 11 0 1 2 3 4 5 6 7 8 9 10 11 0 1 2 3 4 5 6 7 8 9 10 11 0 1 2 3 4 5 6 7 8 9 10 11 0 1 2 3 4 5 6 7 8 9 10 11 0 1 2 3 4 5 6 7 8 9 10
2 2 49 13 23 11
5 4 1 25 37 61 73 35 47 59 71
#c 0 1 2 3 4 5 6 7 8 9 10 11 0 1 2 3 4 5 6 7 8 9 10 11 0 1 2 3 4 5 6 7 8 9 10 11 0 1 2 3 4 5 6 7 8 9 10 11 0 1 2 3 4 5 6 7 8 9 10 11 0 1 2 3 4 5 6 7 8 9 10 11 0 1 2 3 4 5 6 7 8 9 10
3 3 14 26 50 11 23 47
4 3 2 38 62 74 35 59 71
#c 0 1 2 3 4 5 6 7 8 9 10 11 0 1 2 3 4 5 6 7 8 9 10 11 0 1 2 3 4 5 6 7 8 9 10 11 0 1 2 3 4 5 6 7 8 9 10 11 0 1 2 3 4 5 6 7 8 9 10 11 0 1 2 3 4 5 6 7 8 9 10 11 0 1 2 3 4 5 6 7 8 9 10
1 2 39 2 62
6 5 3 15 27 51 63 75 14 26 38 50 74
#c 0 1 3 3 4 5 6 7 8 9 10 11 0 1 2 3 4 5 6 7 8 9 10 11 0 1 2 3 4 5 6 7 8 9 10 11 0 1 2 2 4 5 6 7 8 9 10 11 0 1 2 3 4 5 6 7 8 9 10 11 0 1 3 3 4 5 6 7 8 9 10 11 0 1 2 3 4 5 6 7 8 9 10
3 3 28 40 16 10 58 82
4 4 4 52 64 76 22 34 46 70
#c 0 1 3 3 4 5 6 7 8 9 4 11 0 1 2 3 10 5 6 7 8 9 10 11 0 1 2 3 10 5 6 7 8 9 10 11 0 1 2 2 10 5 6 7 8 9 10 11 0 1 2 3 4 5 6 7 8 9 4 11 0 1 3 3 4 5 6 7 8 9 10 11 0 1 2 3 4 5 6 7 8 9 4
1 1 5 69
6 6 17 29 41 53 65 77 9 21 33 45 57 81
#c 0 1 3 3 4 9 6 7 8 9 4 11 0 1 2 3 10 5 6 7 8 9 10 11 0 1 2 3 10 5 6 7 8 9 10 11 0 1 2 2 10 5 6 7 8 9 10 11 0 1 2 3 4 5 6 7 8 9 4 11 0 1 3 3 4 5 6 7 8 5 10 11 0 1 2 3 4 5 6 7 8 9 4
#c 0 1 3 3 4 9 6 7 8 9 4 11 0 1 2 3 10 5 6 7 8 9 10 11 0 1 2 3 10 5 6 7 8 9 10 11 0 1 2 2 10 5 6 7 8 9 10 11 0 1 2 3 4 5 6 7 8 9 4 11 0 1 3 3 4 5 6 7 8 5 10 11 0 1 2 3 4 5 6 7 8 9 4
#c 0 1 3 3 4 9 6 7 8 9 4 11 0 1 2 3 10 5 6 7 8 9 10 11 0 1 2 3 10 5 6 7 8 9 10 11 0 1 2 2 10 5 6 7 8 9 10 11 0 1 2 3 4 5 6 7 8 9 4 11 0 1 3 3 4 5 6 7 8 5 10 11 0 1 2 3 4 5 6 7 8 9 4
3 3 80 68 44 31 55 7
4 4 8 20 32 56 19 43 67 79
#c 0 1 3 3 4 9 6 7 8 9 4 11 0 1 2 3 10 5 6 7 8 9 10 11 0 1 2 3 10 5 6 7 8 9 10 11 0 1 2 2 10 5 6 7 8 9 10 11 0 1 2 3 4 5 6 7 8 9 4 11 0 1 3 3 4 5 6 7 8 5 10 11 0 1 2 3 4 5 6 7 8 9 4
1 1 9 28
6 6 21 33 45 57 81 5 22 34 46 70 40 16
#c 0 1 3 3 4 9 6 7 8 9 4 11 0 1 2 3 10 5 6 7 8 9 10 11 0 1 2 3 10 5 6 7 8 9 10 11 0 1 2 2 10 5 6 7 8 9 10 11 0 1 2 3 4 5 6 7 8 9 4 11 0 1 3 3 4 5 6 7 8 5 10 11 0 1 2 3 4 5 6 7 8 9 4
1 1 28 12
6 6 22 34 46 70 40 16 0 24 36 48 60 72
#c 0 1 3 3 4 9 6 7 8 9 4 11 0 1 2 3 10 5 6 7 8 9 10 11 0 1 2 3 10 5 6 7 8 9 10 11 0 1 2 2 10 5 6 7 8 9 10 11 0 1 2 3 4 5 6 7 8 9 4 11 0 1 3 3 4 5 6 7 8 5 10 11 0 1 2 3 4 5 6 7 8 9 4
1 1 47 10
5 6 11 23 35 59 71 4 52 64 76 58 82
#c 0 1 3 3 4 9 6 7 8 9 4 11 0 1 2 3 10 5 6 7 8 9 10 11 0 1 2 3 10 5 6 7 8 9 10 11 0 1 2 2 10 5 6 7 8 9 10 11 0 1 2 3 4 5 6 7 8 9 4 11 0 1 3 3 4 5 6 7 8 5 10 11 0 1 2 3 4 5 6 7 8 9 4
3 3 60 0 72 20 56 8
4 4 12 24 36 48 32 44 68 80
#c 0 1 3 3 4 9 6 7 8 9 4 11 0 1 2 3 10 5 6 7 8 9 10 11 0 1 2 3 10 5 6 7 8 9 10 11 0 1 2 2 10 5 6 7 8 9 10 11 0 1 2 3 4 5 6 7 8 9 4 11 0 1 3 3 4 5 6 7 8 5 10 11 0 1 2 3 4 5 6 7 8 9 4
3 3 13 49 61 58 82 10
4 4 1 25 37 73 4 52 64 76
#c 0 1 3 3 4 9 6 7 8 9 4 11 0 1 2 3 10 5 6 7 8 9 10 11 0 1 2 3 10 5 6 7 8 9 10 11 0 1 2 2 10 5 6 7 8 9 10 11 0 1 2 3 4 5 6 7 8 9 4 11 0 1 3 3 4 5 6 7 8 5 10 11 0 1 2 3 4 5 6 7 8 9 4
2 2 39 50 3 51
4 6 14 26 38 74 15 27 63 75 2 62
#c 0 1 3 3 4 9 6 7 8 9 4 11 0 1 2 3 10 5 6 7 8 9 10 11 0 1 2 3 10 5 6 7 8 9 10 11 0 1 2 2 10 5 6 7 8 9 10 11 0 1 2 3 4 5 6 7 8 9 4 11 0 1 3 3 4 5 6 7 8 5 10 11 0 1 2 3 4 5 6 7 8 9 4
4 4 15 2 51 27 0 72 24 48
4 3 3 63 75 62 12 36 60
#c 0 1 3 3 4 9 6 7 8 9 4 11 0 1 2 3 10 5 6 7 8 9 10 11 0 1 2 3 10 5 6 7 8 9 10 11 0 1 2 2 10 5 6 7 8 9 10 11 0 1 2 3 4 5 6 7 8 9 4 11 0 1 3 3 4 5 6 7 8 5 10 11 0 1 2 3 4 5 6 7 8 9 4
1 1 4 74
6 5 52 64 76 10 58 82 14 26 38 50 39
#c 0 1 3 3 4 9 6 7 8 9 4 11 0 1 2 3 10 5 6 7 8 9 10 11 0 1 2 3 10 5 6 7 8 9 10 11 0 1 2 2 10 5 6 7 8 9 10 11 0 1 2 3 4 5 6 7 8 9 4 11 0 1 3 3 4 5 6 7 8 5 10 11 0 1 2 3 4 5 6 7 8 9 4
2 2 77 65 21 45
5 5 17 29 41 53 69 9 33 57 81 5
#c 0 1 3 3 4 9 6 7 8 9 4 11 0 1 2 3 10 5 6 7 8 9 10 11 0 1 2 3 10 5 6 7 8 9 10 11 0 1 2 2 10 5 6 7 8 9 10 11 0 1 2 3 4 5 6 7 8 9 4 11 0 1 3 3 4 5 6 7 8 5 10 11 0 1 2 3 4 5 6 7 8 9 4
3 3 78 18 54 28 70 40
4 4 6 30 42 66 22 34 46 16
#c 0 1 3 3 4 9 6 7 8 9 4 11 0 1 2 3 10 5 6 7 8 9 10 11 0 1 2 3 10 5 6 7 8 9 10 11 0 1 2 2 10 5 6 7 8 9 10 11 0 1 2 3 4 5 6 7 8 9 4 11 0 1 3 3 4 5 6 7 8 5 10 11 0 1 2 3 4 5 6 7 8 9 4
1 1 31 5
6 6 7 19 43 55 67 79 9 21 33 45 57 81
#c 0 1 3 3 4 7 6 7 8 9 4 11 0 1 2 3 10 5 6 7 8 9 10 11 0 1 2 3 10 5 6 9 8 9 10 11 0 1 2 2 10 5 6 7 8 9 10 11 0 1 2 3 4 5 6 7 8 9 4 11 0 1 3 3 4 5 6 7 8 5 10 11 0 1 2 3 4 5 6 7 8 9 4
3 3 20 80 8 54 78 66
4 4 32 44 56 68 6 18 30 42
#c 0 1 3 3 4 7 6 7 8 9 4 11 0 1 2 3 10 5 6 7 8 9 10 11 0 1 2 3 10 5 6 9 8 9 10 11 0 1 2 2 10 5 6 7 8 9 10 11 0 1 2 3 4 5 6 7 8 9 4 11 0 1 3 3 4 5 6 7 8 5 10 11 0 1 2 3 4 5 6 7 8 9 4
3 3 33 57 9 7 55 5
4 4 21 45 81 31 19 43 67 79
#c 0 1 3 3 4 7 6 7 8 9 4 11 0 1 2 3 10 5 6 7 8 9 10 11 0 1 2 3 10 5 6 9 8 9 10 11 0 1 2 2 10 5 6 7 8 9 10 11 0 1 2 3 4 5 6 7 8 9 4 11 0 1 3 3 4 5 6 7 8 5 10 11 0 1 2 3 4 5 6 7 8 9 4
2 1 28 70 39
5 5 22 34 46 40 16 14 26 38 50 74
#c 0 1 3 3 4 7 6 7 8 9 4 11 0 1 2 3 10 5 6 7 8 9 10 11 0 1 2 3 10 5 6 9 8 9 10 11 0 1 2 2 10 5 6 7 8 9 10 11 0 1 2 3 4 5 6 7 8 9 4 11 0 1 3 3 4 5 6 7 8 5 10 11 0 1 2 3 4 5 6 7 8 9 4
1 1 11 3
5 7 23 35 47 59 71 15 27 51 63 75 2 62
#c 0 1 3 11 4 7 6 7 8 9 4 3 0 1 2 3 10 5 6 7 8 9 10 11 0 1 2 3 10 5 6 9 8 9 10 11 0 1 2 2 10 5 6 7 8 9 10 11 0 1 2 3 4 5 6 7 8 9 4 11 0 1 3 3 4 5 6 7 8 5 10 11 0 1 2 3 4 5 6 7 8 9 4
2 2 36 24 15 2
5 6 0 12 48 60 72 27 51 63 75 62 11
#c 0 1 3 11 4 7 6 7 8 9 4 3 0 1 2 3 10 5 6 7 8 9 10 11 0 1 2 3 10 5 6 9 8 9 10 11 0 1 2 2 10 5 6 7 8 9 10 11 0 1 2 3 4 5 6 7 8 9 4 11 0 1 3 3 4 5 6 7 8 5 10 11 0 1 2 3 4 5 6 7 8 9 4
3 3 49 1 25 34 46 16
4 4 13 37 61 73 22 70 28 40
#c 0 10 3 11 4 7 6 7 8 9 4 3 0 1 2 3 1 5 6 7 8 9 10 11 0 10 2 3 10 5 6 9 8 9 1 11 0 1 2 2 10 5 6 7 8 9 1 11 0 10 2 3 4 5 6 7 8 9 4 11 0 1 3 3 4 5 6 7 8 5 10 11 0 1 2 3 4 5 6 7 8 9 4
2 2 39 14 56 68
4 5 26 38 50 74 8 20 32 44 80
#c 0 10 3 11 4 7 6 7 8 9 4 3 0 1 2 3 1 5 6 7 8 9 10 11 0 10 2 3 10 5 6 9 8 9 1 11 0 1 2 2 10 5 6 7 8 9 1 11 0 10 2 3 4 5 6 7 8 9 4 11 0 1 3 3 4 5 6 7 8 5 10 11 0 1 2 3 4 5 6 7 8 9 4
3 3 15 2 63 25 22 40
5 4 27 51 75 62 11 70 28 49 1
#c 0 10 10 11 4 7 6 7 8 9 4 3 0 1 2 10 1 5 6 7 8 9 3 11 0 3 2 3 10 5 6 9 8 9 1 11 0 1 2 2 3 5 6 7 8 9 1 11 0 10 2 3 4 5 6 7 8 9 4 11 0 1 3 10 4 5 6 7 8 5 10 11 0 1 2 3 4 5 6 7 8 9 4
3 3 64 82 76 55 5 79
4 4 4 52 10 58 7 19 43 67
#c 0 10 10 11 4 7 6 7 8 9 4 3 0 1 2 10 1 5 6 7 8 9 3 11 0 3 2 3 10 5 6 9 8 9 1 11 0 1 2 2 3 5 6 7 8 9 1 11 0 10 2 3 4 5 6 7 8 9 4 11 0 1 3 10 4 5 6 7 8 5 10 11 0 1 2 3 4 5 6 7 8 9 4
1 1 53 45
6 6 17 29 41 65 77 69 9 21 33 57 81 31
#c 0 10 10 11 4 7 6 7 8 9 4 3 0 1 2 10 1 5 6 7 8 9 3 11 0 3 2 3 10 5 6 9 8 9 1 11 0 1 2 2 3 5 6 7 8 5 1 11 0 10 2 3 4 9 6 7 8 9 4 11 0 1 3 10 4 5 6 7 8 5 10 11 0 1 2 3 4 5 6 7 8 9 4
3 3 66 18 42 80 44 32
4 4 6 30 54 78 8 20 56 68
#c 0 10 10 11 4 7 6 7 8 9 4 3 0 1 2 10 1 5 8 7 8 9 3 11 0 3 2 3 10 5 6 9 6 9 1 11 0 1 2 2 3 5 8 7 6 5 1 11 0 10 2 3 4 9 6 7 8 9 4 11 0 1 3 10 4 5 8 7 8 5 10 11 0 1 2 3 4 5 6 7 6 9 4
3 3 55 67 5 35 23 47
4 3 7 19 43 79 59 71 3
#c 0 10 10 11 4 7 6 7 8 9 4 3 0 1 2 10 1 5 8 7 8 9 3 11 0 3 2 3 10 5 6 9 6 9 1 11 0 1 2 2 3 5 8 7 6 5 1 11 0 10 2 3 4 9 6 7 8 9 4 11 0 1 3 10 4 5 8 7 8 5 10 11 0 1 2 3 4 5 6 7 6 9 4
1 1 20 70
6 6 8 56 68 66 18 42 28 49 1 15 2 63
#c 0 10 10 11 4 7 6 7 8 9 4 3 0 1 2 10 1 5 8 7 8 9 3 11 0 3 2 3 10 5 6 9 6 9 1 11 0 1 2 2 3 5 8 7 6 5 1 11 0 10 2 3 4 9 6 7 8 9 4 11 0 1 3 10 4 5 8 7 8 5 10 11 0 1 2 3 4 5 6 7 6 9 4
2 2 31 21 41 69
5 5 9 33 57 81 53 17 29 65 77 45
#c 0 10 10 11 4 7 6 7 8 9 4 3 0 1 2 10 1 5 8 7 8 5 3 11 0 3 2 3 10 5 6 5 6 9 1 11 0 1 2 2 3 9 8 7 6 5 1 11 0 10 2 3 4 9 6 7 8 9 4 11 0 1 3 10 4 5 8 7 8 9 10 11 0 1 2 3 4 5 6 7 6 9 4
3 3 28 1 63 21 45 31
4 4 70 49 15 2 17 29 65 77
#c 0 10 10 11 4 7 6 7 8 9 4 3 0 1 2 10 1 5 8 7 8 5 3 11 0 3 2 3 10 5 6 5 6 9 1 11 0 1 2 2 3 9 8 7 6 5 1 11 0 10 2 3 4 9 6 7 8 9 4 11 0 1 3 10 4 5 8 7 8 9 10 11 0 1 2 3 4 5 6 7 6 9 4
2 2 47 23 20 66
4 5 35 59 71 3 8 56 68 18 42
#c 0 10 10 11 4 7 6 7 8 9 4 3 0 1 2 10 1 5 8 7 8 5 3 11 0 3 2 3 10 5 6 5 6 9 1 11 0 1 2 2 3 9 8 7 6 5 1 11 0 10 2 3 4 9 6 7 8 9 4 11 0 1 3 10 4 5 8 7 8 9 10 11 0 1 2 3 4 5 6 7 6 9 4
2 1 24 36 10
5 6 0 12 48 60 72 4 52 64 76 58 82
#c 0 10 10 11 4 7 6 7 8 9 4 3 0 1 2 10 1 5 8 7 8 5 3 11 0 3 2 3 10 5 6 5 6 9 1 11 0 1 2 2 3 9 8 7 6 5 1 11 0 10 2 3 4 9 6 7 8 9 4 11 0 1 3 10 4 5 8 7 8 9 10 11 0 1 2 3 4 5 6 7 6 9 4
1 1 46 64
6 6 13 37 61 73 34 16 4 52 76 10 58 82
#c 0 10 10 11 4 7 6 7 8 9 4 3 0 1 2 10 1 5 8 7 8 5 3 11 0 3 2 3 10 5 6 5 6 9 1 11 0 1 2 2 3 9 8 7 6 5 1 11 0 10 2 3 4 9 6 7 8 9 4 11 0 1 3 10 4 5 8 7 8 9 10 11 0 1 2 3 4 5 6 7 6 9 4
2 1 38 39 48
4 6 14 26 50 74 0 12 24 36 60 72
#c 0 10 10 11 4 7 6 7 8 9 4 3 0 1 2 10 1 5 8 7 8 5 3 11 0 3 2 3 10 5 6 5 6 9 1 11 0 1 2 2 3 9 8 7 6 5 1 11 0 10 2 3 4 9 6 7 8 9 4 11 0 1 3 10 4 5 8 7 8 9 10 11 0 1 2 3 4 5 6 7 6 9 4
#c 0 10 10 11 4 7 6 7 8 9 4 3 0 1 2 10 1 5 8 7 8 5 3 11 0 3 2 3 10 5 6 5 6 9 1 11 0 1 2 2 3 9 8 7 6 5 1 11 0 10 2 3 4 9 6 7 8 9 4 11 0 1 3 10 4 5 8 7 8 9 10 11 0 1 2 3 4 5 6 7 6 9 4
3 3 64 76 4 25 40 27
4 5 52 10 58 82 51 75 62 11 22
#c 0 10 10 11 3 7 6 7 8 9 4 3 0 1 2 10 1 5 8 7 8 5 3 11 0 4 2 4 10 5 6 5 6 9 1 11 0 1 2 2 4 9 8 7 6 5 1 11 0 10 2 3 4 9 6 7 8 9 4 11 0 1 3 10 3 5 8 7 8 9 10 11 0 1 2 3 3 5 6 7 6 9 4
#c 0 10 10 11 3 7 6 7 8 9 4 3 0 1 2 10 1 5 8 7 8 5 3 11 0 4 2 4 10 5 6 5 6 9 1 11 0 1 2 2 4 9 8 7 6 5 1 11 0 10 2 3 4 9 6 7 8 9 4 11 0 1 3 10 3 5 8 7 8 9 10 11 0 1 2 3 3 5 6 7 6 9 4
1 1 6 58
6 6 30 54 78 80 44 32 52 10 82 25 40 27
#c 0 10 10 11 3 7 6 7 8 9 4 3 0 1 2 10 1 5 8 7 8 5 3 11 0 4 2 4 10 5 6 5 6 9 1 11 0 1 2 2 4 9 8 7 6 5 1 11 0 10 2 3 4 9 6 7 8 9 4 11 0 1 3 10 3 5 8 7 8 9 10 11 0 1 2 3 3 5 6 7 6 9 4
1 1 19 44
6 6 7 43 55 67 79 5 6 30 54 78 80 32
#c 0 10 10 11 3 7 6 7 8 9 4 3 0 1 2 10 1 5 8 6 8 5 3 11 0 4 2 4 10 5 6 5 6 9 1 11 0 1 2 2 4 9 8 7 7 5 1 11 0 10 2 3 4 9 6 7 8 9 4 11 0 1 3 10 3 5 8 7 8 9 10 11 0 1 2 3 3 5 6 7 6 9 4
1 1 56 32
6 6 8 20 68 66 18 42 6 30 54 78 80 19
#c 0 10 10 11 3 7 6 7 8 9 4 3 0 1 2 10 1 5 8 6 8 5 3 11 0 4 2 4 10 5 6 5 8 9 1 11 0 1 2 2 4 9 8 7 7 5 1 11 0 10 2 3 4 9 6 7 6 9 4 11 0 1 3 10 3 5 8 7 8 9 10 11 0 1 2 3 3 5 6 7 6 9 4
2 2 33 57 82 27
5 5 9 81 53 41 69 52 10 58 25 40
#c 0 10 10 11 3 7 6 7 8 9 4 3 0 1 2 10 1 5 8 6 8 5 3 11 0 4 2 4 10 5 6 5 8 9 1 11 0 1 2 2 4 9 8 7 7 5 1 11 0 10 2 3 4 9 6 7 6 9 4 11 0 1 3 10 3 5 8 7 8 9 10 11 0 1 2 3 3 5 6 7 6 9 4
1 1 1 46
6 6 70 28 49 15 2 63 13 37 61 73 34 16
#c 0 10 10 11 3 7 6 7 8 9 4 3 0 1 2 10 1 5 8 6 8 5 3 11 0 4 2 4 10 5 6 5 8 9 1 11 0 1 2 2 4 9 8 7 7 5 1 11 0 10 2 3 4 9 6 7 6 9 4 11 0 1 3 10 3 5 8 7 8 9 10 11 0 1 2 3 3 5 6 7 6 9 4
1 3 23 81 57 53
5 4 35 47 59 71 3 9 33 41 69
#c 0 10 10 11 3 7 6 7 8 9 4 3 0 1 2 10 1 5 8 6 8 5 3 11 0 4 2 4 10 5 6 5 8 9 1 11 0 1 2 2 4 9 8 7 7 5 1 11 0 10 2 3 4 9 6 7 6 9 4 11 0 1 3 10 3 5 8 7 8 9 10 11 0 1 2 3 3 5 6 7 6 9 4
1 1 12 16
6 6 0 24 36 48 60 72 13 37 61 73 34 46
#c 0 10 10 11 3 7 6 7 8 9 4 3 1 1 2 10 0 5 8 6 8 5 3 11 0 4 2 4 10 5 6 5 8 9 1 11 0 1 2 2 4 9 8 7 7 5 1 11 0 10 2 3 4 9 6 7 6 9 4 11 0 1 3 10 3 5 8 7 8 9 10 11 0 1 2 3 3 5 6 7 6 9 4
1 1 73 82
6 6 13 37 61 34 46 12 52 10 58 25 40 27
#c 0 10 10 11 3 7 6 7 8 9 4 3 1 1 2 10 0 5 8 6 8 5 3 11 0 4 2 4 10 5 6 5 8 9 1 11 0 1 2 2 4 9 8 7 7 5 1 11 0 10 2 3 4 9 6 7 6 9 4 11 0 1 3 10 3 5 8 7 8 9 10 11 0 1 2 3 3 5 6 7 6 9 4
3 2 26 38 14 33 57
3 5 50 74 39 9 81 53 41 69
#c 0 10 10 11 3 7 6 7 8 9 4 3 1 1 2 10 0 5 8 6 8 5 3 11 0 4 2 4 10 5 6 5 8 9 1 11 0 1 2 2 4 9 8 7 7 5 1 11 0 10 2 3 4 9 6 7 6 9 4 11 0 1 3 10 3 5 8 7 8 9 10 11 0 1 2 3 3 5 6 7 6 9 4
1 1 75 48
7 6 51 62 11 22 64 76 4 0 24 36 60 72 16
#c 0 10 10 11 3 7 6 7 8 9 4 3 1 1 2 10 0 5 8 6 8 5 3 11 0 4 2 4 10 5 6 5 8 9 1 11 0 1 2 2 4 9 8 7 7 5 1 11 0 10 2 3 4 9 6 7 6 9 4 11 0 1 3 10 3 5 8 7 8 9 10 11 0 1 2 3 3 5 6 7 6 9 4
2 2 82 58 20 66
5 5 52 10 25 40 27 8 68 18 42 32
#c 0 10 10 11 3 7 6 7 8 9 4 3 1 1 2 10 0 5 8 6 8 5 3 11 0 4 2 4 10 5 6 5 8 9 1 11 0 1 2 2 4 9 8 7 7 5 1 11 0 10 2 3 4 9 6 7 6 9 4 11 0 1 3 10 3 5 8 7 8 9 10 11 0 1 2 3 3 5 6 7 6 9 4
3 2 31 77 29 23 71
4 4 17 65 45 21 35 47 59 3
#c 0 10 10 11 3 7 6 7 8 9 4 3 1 1 2 10 0 5 8 6 8 5 3 11 0 4 2 4 10 5 6 5 8 9 1 11 0 1 2 2 4 9 8 7 7 5 1 11 0 10 2 3 4 9 6 7 6 9 4 11 0 1 3 10 3 5 8 7 8 9 10 11 0 1 2 3 3 5 6 7 6 9 4
2 1 30 19 22
5 7 6 54 78 80 56 51 75 62 11 64 76 4
#c 0 10 10 11 3 7 6 7 8 9 4 3 1 1 2 10 0 5 8 6 8 5 3 11 0 4 2 4 10 5 6 5 8 9 1 11 0 1 2 2 4 9 8 7 7 5 1 11 0 10 2 3 4 9 6 7 6 9 4 11 0 1 3 10 3 5 8 7 8 9 10 11 0 1 2 3 3 5 6 7 6 9 4
2 2 7 44 45 17
5 5 43 55 67 79 5 29 65 77 31 21
#c 0 10 10 11 3 7 6 5 8 9 4 3 1 1 2 10 0 7 8 6 8 5 3 11 0 4 2 4 10 5 6 5 8 9 1 11 0 1 2 2 4 9 8 7 5 7 1 11 0 10 2 3 4 9 6 7 6 9 4 11 0 1 3 10 3 5 8 7 8 9 10 11 0 1 2 3 3 5 6 7 6 9 4
1 1 68 64
6 7 8 20 66 18 42 32 51 75 62 11 22 76 4
#c 0 10 10 11 3 7 6 5 8 9 4 3 1 1 2 10 0 7 8 6 8 5 3 11 0 4 2 4 10 5 6 5 8 9 1 11 0 1 2 2 4 9 8 7 5 7 1 11 0 10 2 3 4 9 6 7 6 9 4 11 0 1 3 10 8 5 8 7 3 9 10 11 0 1 2 3 3 5 6 7 6 9 4
1 1 33 42
6 6 9 57 81 53 41 69 8 20 66 18 32 64
#c 0 10 10 11 3 7 6 5 8 9 4 3 1 1 2 10 0 7 8 6 8 5 3 11 0 4 2 4 10 5 6 5 8 9 1 11 0 1 2 2 4 9 8 7 5 7 1 11 0 10 2 3 4 9 6 7 6 9 4 11 0 1 3 10 8 5 8 7 3 9 10 11 0 1 2 3 3 5 6 7 6 9 4
2 2 63 28 66 8
5 5 70 49 1 15 2 20 18 42 32 64
#c 0 10 10 11 3 7 6 5 10 9 4 3 1 1 2 10 0 7 8 6 8 5 3 11 0 4 2 4 8 5 6 5 8 9 1 11 0 1 2 2 4 9 8 7 5 7 1 11 0 10 2 3 4 9 6 7 6 9 4 11 0 1 3 8 8 5 10 7 3 9 10 11 0 1 2 3 3 5 6 7 6 9 4
3 3 71 47 23 70 1 15
3 4 35 59 3 49 2 66 8
#c 0 10 10 11 3 7 6 5 10 9 4 3 1 1 2 10 0 7 8 6 8 5 3 11 0 4 2 4 8 5 6 5 8 9 1 11 0 1 2 2 4 9 8 7 5 7 1 11 0 10 2 3 4 9 6 7 6 9 4 11 0 1 3 8 8 5 10 7 3 9 10 11 0 1 2 3 3 5 6 7 6 9 4
2 3 16 36 10 58 40
5 4 0 24 48 60 72 52 82 25 27
#c 0 10 10 11 3 7 6 5 10 9 4 3 1 1 2 10 0 7 8 6 8 5 3 11 0 4 2 4 8 5 6 5 8 9 1 11 0 1 2 2 4 9 8 7 5 7 1 11 0 10 2 3 4 9 6 7 6 9 4 11 0 1 3 8 8 5 10 7 3 9 10 11 0 1 2 3 3 5 6 7 6 9 4
3 3 34 12 73 19 30 78
4 4 13 37 61 46 6 54 80 56
#c 0 10 10 11 3 7 6 5 10 9 4 3 6 1 2 10 0 7 8 1 8 5 3 11 0 4 2 4 8 5 1 5 8 9 6 11 0 1 2 2 4 9 8 7 5 7 1 11 0 10 2 3 4 9 6 7 6 9 4 11 0 1 3 8 8 5 10 7 3 9 10 11 0 6 2 3 3 5 1 7 6 9 4
2 2 26 38 27 40
4 5 14 50 74 39 52 10 58 82 25
#c 0 10 10 11 3 7 6 5 10 9 4 3 6 1 2 10 0 7 8 1 8 5 3 11 0 4 2 4 8 5 1 5 8 9 6 11 0 1 2 2 4 9 8 7 5 7 1 11 0 10 2 3 4 9 6 7 6 9 4 11 0 1 3 8 8 5 10 7 3 9 10 11 0 6 2 3 3 5 1 7 6 9 4
1 1 62 34
7 6 51 75 11 22 76 4 68 6 54 80 56 12 73
#c 0 10 10 11 3 7 6 5 10 9 4 3 6 1 2 10 0 7 8 1 8 5 3 11 0 4 2 4 8 5 1 5 8 9 6 11 0 1 2 2 4 9 8 7 5 7 1 11 0 10 2 3 4 9 6 7 6 9 4 11 0 1 3 8 8 5 10 7 3 9 10 11 0 6 2 3 3 5 1 7 6 9 4
1 1 40 77
6 6 52 10 58 82 25 27 29 65 31 21 7 44
#c 0 10 10 11 3 7 6 5 10 9 4 3 6 1 2 10 0 7 8 1 8 5 3 11 0 4 2 4 8 5 1 5 8 9 6 11 0 1 2 2 4 9 8 7 5 7 1 11 0 10 2 3 4 9 6 7 6 9 4 11 0 1 3 8 8 5 10 7 3 9 10 11 0 6 2 3 3 5 1 7 6 9 4
3 3 7 44 77 39 74 50
4 3 29 65 31 21 14 26 38
#c 0 10 10 11 3 7 6 5 10 9 4 3 6 1 2 10 0 7 8 1 8 5 3 11 0 4 2 4 8 5 1 5 8 9 6 11 0 1 2 2 4 9 8 7 5 7 1 11 0 10 2 3 4 9 6 7 6 9 4 11 0 1 3 8 8 5 10 7 3 9 10 11 0 6 2 3 3 5 1 7 6 9 4
3 3 54 12 73 26 39 74
4 3 6 80 56 34 14 38 50
#c 0 10 10 11 3 7 6 5 10 9 4 3 6 1 2 10 0 7 8 1 8 5 3 11 0 4 2 4 8 5 1 5 8 9 6 11 0 1 2 2 4 9 8 7 5 7 1 11 0 10 2 3 4 9 6 7 6 9 4 11 0 1 3 8 8 5 10 7 3 9 10 11 0 6 2 3 3 5 1 7 6 9 4
3 3 17 79 67 41 9 81
4 4 43 55 5 45 33 57 53 69
#c 0 10 10 11 3 7 6 5 10 9 4 3 6 1 2 10 0 7 8 1 8 5 3 11 0 4 2 4 8 5 1 5 8 9 6 11 0 1 2 2 4 9 8 7 5 7 1 11 0 10 2 3 4 9 6 7 6 9 4 11 0 1 3 8 8 5 10 7 3 9 10 11 0 6 2 3 3 5 1 7 6 9 4
2 2 64 18 15 49
5 5 20 42 32 63 28 70 1 2 66 8
#c 0 10 10 11 3 7 6 5 10 9 4 3 6 1 2 10 0 7 8 1 8 5 3 11 0 4 2 4 8 5 1 5 8 9 6 11 0 1 2 2 4 9 8 7 5 7 1 11 0 10 2 3 4 9 6 7 6 9 4 11 0 1 3 8 8 5 10 7 3 9 10 11 0 6 2 3 3 5 1 7 6 9 4
2 2 69 41 14 50
5 4 9 33 57 81 53 26 38 74 39
#c 0 10 10 11 3 7 6 5 10 9 4 3 6 1 2 10 0 7 8 1 8 5 3 11 0 4 2 4 8 5 1 5 8 9 6 11 0 1 2 2 4 9 8 7 5 7 1 11 0 10 2 3 4 9 6 7 6 9 4 11 0 1 3 8 8 5 10 7 3 9 10 11 0 6 2 3 3 5 1 7 6 9 4
2 2 15 1 42 18
5 5 70 49 2 66 8 20 32 64 63 28
#c 0 10 10 11 3 7 6 5 10 9 4 3 6 1 2 10 0 7 8 1 8 5 3 11 0 4 2 4 8 5 1 5 8 9 6 11 0 1 2 2 4 9 8 7 5 7 1 11 0 10 2 3 4 9 6 7 6 9 4 11 0 1 3 8 8 5 10 7 3 9 10 11 0 6 2 3 3 5 1 7 6 9 4
2 2 71 3 73 80
4 5 23 35 47 59 6 54 56 34 12
#c 0 10 10 11 3 7 6 5 10 9 4 3 6 1 2 10 0 7 8 1 8 5 3 11 0 4 2 4 8 5 1 5 8 9 6 11 0 1 2 2 4 9 8 7 5 7 1 11 0 10 2 3 4 9 6 7 6 9 4 11 0 1 3 8 8 5 10 7 3 9 10 11 0 6 2 3 3 5 1 7 6 9 4
3 3 60 0 36 25 52 40
4 4 24 48 72 16 10 58 82 27
#c 0 10 10 11 3 7 6 5 10 9 4 3 6 1 2 10 0 7 8 1 8 5 3 11 0 4 2 4 8 5 1 5 8 9 6 11 0 1 2 2 4 9 8 7 5 7 1 11 0 10 2 3 4 9 6 7 6 9 4 11 0 1 3 8 8 5 10 7 3 9 10 11 0 6 2 3 3 5 1 7 6 9 4
2 2 30 13 54 12
5 5 37 61 46 19 78 6 80 56 34 73
#c 0 10 10 11 3 7 6 5 10 9 4 3 6 1 2 10 0 7 8 1 8 5 3 11 0 4 2 4 8 5 1 5 8 9 6 11 0 1 2 2 4 9 8 7 5 7 1 11 0 10 2 3 4 9 6 7 6 9 4 11 0 1 3 8 8 5 10 7 3 9 10 11 0 6 2 3 3 5 1 7 6 9 4
1 1 74 80
5 6 14 26 38 50 39 6 54 56 34 12 73
#c 0 10 10 11 3 7 6 5 10 9 4 3 6 1 2 10 0 7 8 1 8 5 3 11 0 4 2 4 8 5 1 5 8 9 6 11 0 1 2 2 4 9 8 7 5 7 1 11 0 10 2 3 4 9 6 7 6 9 4 11 0 1 3 8 8 5 10 7 3 9 10 11 0 6 6 3 3 5 1 7 2 9 4
3 3 75 11 68 52 58 25
5 4 51 62 22 76 4 10 82 40 27
#c 0 10 10 11 3 7 6 5 10 9 4 3 6 1 2 10 0 7 8 1 8 5 3 11 0 4 2 4 8 5 1 5 8 9 6 11 0 1 2 2 4 9 8 7 5 7 1 11 0 10 2 3 4 9 6 7 6 9 4 11 0 1 3 8 8 5 10 7 3 9 10 11 0 6 6 3 3 5 1 7 2 9 4
2 1 25 58 64
5 6 52 10 82 40 27 20 18 42 32 63 28
#c 0 10 10 11 3 7 6 5 10 9 4 3 6 1 2 10 0 7 8 1 8 5 3 11 0 4 2 4 8 5 1 5 8 9 6 11 0 1 2 2 4 9 8 7 5 7 1 11 0 10 2 3 4 9 6 7 6 9 4 11 0 1 3 8 8 5 10 7 3 9 10 11 0 6 6 3 3 5 1 7 2 9 4
1 1 29 28
6 6 65 77 31 21 7 44 20 18 42 32 64 63
#c 0 10 10 11 3 7 6 5 10 9 4 3 6 1 2 10 0 7 8 1 8 5 3 11 0 4 2 4 8 5 1 5 8 9 6 11 0 1 2 2 4 9 8 7 5 7 1 11 0 10 2 3 4 9 6 7 6 9 4 11 0 1 3 8 8 5 10 7 3 9 10 11 0 6 6 3 3 5 1 7 2 9 4
3 3 56 6 74 58 40 27
4 4 54 34 12 73 52 10 82 25
#c 0 10 10 11 3 7 6 5 10 9 4 3 6 1 2 10 0 7 8 1 8 5 3 11 0 4 2 4 8 5 1 5 8 9 6 11 0 1 2 2 4 9 8 7 5 7 1 11 0 10 2 3 4 9 6 7 6 9 4 11 0 1 3 8 8 5 10 7 3 9 10 11 0 6 6 3 3 5 1 7 2 9 4
3 2 17 43 5 66 8
4 5 55 67 79 45 70 49 1 15 2
#c 0 10 10 11 3 7 6 5 10 9 4 3 6 1 2 10 0 7 8 1 8 5 3 11 0 4 2 4 8 5 1 5 8 9 6 11 0 1 2 2 4 9 8 7 5 7 1 11 0 10 2 3 4 9 6 7 6 9 4 11 0 1 3 8 8 5 10 7 3 9 10 11 0 6 6 3 3 5 1 7 2 9 4
1 1 32 26
6 5 20 18 42 64 63 28 14 38 50 39 80
#c 0 10 10 11 3 7 6 5 10 9 4 3 6 1 2 10 0 7 8 1 8 5 3 11 0 4 2 4 8 5 1 5 8 9 6 11 0 1 2 2 4 9 8 7 5 7 1 11 0 10 2 3 4 9 6 7 6 9 4 11 0 1 3 8 8 5 10 7 3 9 10 11 0 6 6 3 3 5 1 7 2 9 4
3 3 53 57 41 66 1 8
4 4 9 33 81 69 70 49 15 2
#c 0 10 10 11 3 7 6 5 10 9 4 3 6 1 2 10 0 7 8 1 8 5 3 11 0 4 2 4 8 5 1 5 8 9 6 11 0 1 2 2 4 9 8 7 5 7 1 11 0 10 2 3 4 9 6 7 6 9 4 11 0 1 3 8 8 5 10 7 3 9 10 11 0 6 6 3 3 5 1 7 2 9 4
3 3 15 66 1 4 68 51
4 5 70 49 2 8 75 62 11 22 76
#c 0 10 10 11 3 7 6 5 10 9 4 3 6 1 2 10 0 7 8 1 8 5 3 11 0 4 2 4 8 5 1 5 8 9 6 11 0 1 2 2 4 9 8 7 5 7 1 11 0 10 2 3 4 9 6 7 6 9 4 11 0 1 3 8 8 5 10 7 3 9 10 11 0 6 6 3 3 5 1 7 2 9 4
2 1 47 35 41
4 6 23 59 71 3 9 33 57 81 53 69
#c 0 10 10 11 3 7 6 5 10 9 4 3 6 1 2 10 0 7 8 1 8 5 3 11 0 4 2 4 8 5 1 5 8 9 6 11 0 1 2 2 4 9 8 7 5 7 1 11 0 10 2 3 4 9 6 7 6 9 4 11 0 1 3 8 8 5 10 7 3 9 10 11 0 6 6 3 3 5 1 7 2 9 4
2 2 24 36 23 59
5 4 0 48 60 72 16 35 47 71 3
#c 0 10 10 11 3 7 6 5 10 9 4 3 6 1 2 10 0 7 8 1 8 5 3 11 0 4 2 4 8 5 1 5 8 9 6 11 0 1 2 2 4 9 8 7 5 7 1 11 0 10 2 3 4 9 6 7 6 9 4 11 0 1 3 8 8 5 10 7 3 9 10 11 0 6 6 3 3 5 1 7 2 9 4
3 3 78 19 30 36 48 72
4 4 13 37 61 46 0 24 60 16
#c 0 10 10 11 3 7 6 5 10 9 4 3 6 1 2 10 0 7 8 1 8 5 3 11 0 4 2 4 8 5 1 5 8 9 6 11 0 1 2 2 4 9 8 7 5 7 1 11 0 10 2 3 4 9 6 7 6 9 4 11 0 1 3 8 8 5 10 7 3 9 10 11 0 6 6 3 3 5 1 7 2 9 4
1 1 50 57
5 6 14 26 38 39 80 9 33 81 53 41 69
#c 0 10 10 11 3 7 6 5 10 9 4 3 6 1 2 10 0 7 8 1 8 5 3 11 0 4 2 4 8 5 1 5 8 9 6 11 0 1 2 2 4 9 8 7 5 7 1 11 0 10 2 3 4 9 6 7 6 9 4 11 0 1 3 8 8 5 10 7 3 9 10 11 0 6 6 3 3 5 1 7 2 9 4
1 1 11 47
7 5 51 75 62 22 76 4 68 23 35 59 71 3
#c 0 10 10 11 3 7 6 5 10 9 4 3 6 1 2 10 0 7 8 1 8 5 3 11 0 4 2 4 8 5 1 5 8 9 6 11 0 1 2 2 4 9 8 7 5 7 1 11 0 10 2 3 4 9 6 7 6 9 4 11 0 1 3 8 8 5 10 7 3 9 10 11 0 6 6 3 3 5 1 7 2 9 4
#c 0 10 10 11 3 7 6 5 10 9 4 3 6 1 2 10 0 7 8 1 8 5 3 11 0 4 2 4 8 5 1 5 8 9 6 11 0 1 2 2 4 9 8 7 5 7 1 11 0 10 2 3 4 9 6 7 6 9 4 11 0 1 3 8 8 5 10 7 3 9 10 11 0 6 6 3 3 5 1 7 2 9 4
3 3 44 29 21 35 47 3
4 3 65 77 31 7 23 59 71
#c 0 10 10 11 3 7 6 5 10 9 4 3 6 1 2 10 0 7 8 1 8 5 3 11 0 4 2 4 8 5 1 5 8 9 6 11 0 1 2 2 4 9 8 7 5 7 1 11 0 10 2 3 4 9 6 7 6 9 4 11 0 1 3 8 8 5 10 7 3 9 10 11 0 6 6 3 3 5 1 7 2 9 4
#c 0 10 10 11 3 7 6 5 10 9 4 3 6 1 2 10 0 7 8 1 8 5 3 11 0 4 2 4 8 5 1 5 8 9 6 11 0 1 2 2 4 9 8 7 5 7 1 11 0 10 2 3 4 9 6 7 6 9 4 11 0 1 3 8 8 5 10 7 3 9 10 11 0 6 6 3 3 5 1 7 2 9 4
3 3 79 43 55 11 75 62
4 5 67 5 45 17 51 22 76 4 68
#c 0 10 10 11 3 7 6 5 10 9 4 3 6 1 2 10 0 7 8 1 8 5 3 11 0 4 2 4 8 5 1 5 8 9 6 11 0 1 2 2 4 9 8 7 5 7 1 11 0 10 2 3 4 9 6 7 6 9 4 11 0 1 3 8 8 5 10 7 3 9 10 11 0 6 6 3 3 5 1 7 2 9 4
1 1 63 51
6 7 20 18 42 32 64 28 75 62 11 22 76 4 68
#c 0 10 10 11 3 7 6 5 10 9 4 3 6 1 2 10 0 7 8 1 8 5 3 11 0 4 2 4 8 5 1 5 8 9 6 11 0 1 2 2 4 9 8 7 5 7 1 11 0 10 2 3 4 9 6 7 6 9 4 11 0 1 3 8 8 5 10 7 3 9 10 11 0 6 6 3 3 5 1 7 2 9 4
3 3 57 9 69 27 52 40
4 4 33 81 53 41 10 58 82 25
#c 0 10 10 11 3 7 6 5 10 9 4 3 6 1 2 10 0 7 8 1 8 5 3 11 0 4 2 4 8 5 1 5 8 9 6 11 0 1 2 2 4 9 8 7 5 7 1 11 0 10 2 3 4 9 6 7 6 9 4 11 0 1 3 8 8 5 10 7 3 9 10 11 0 6 6 3 3 5 1 7 2 9 4
1 1 8 77
6 6 70 49 1 15 2 66 29 65 31 21 7 44
#c 0 10 10 11 3 7 6 5 5 9 4 3 6 1 2 10 0 7 8 1 8 5 3 11 0 4 2 4 8 5 1 5 8 9 6 11 0 1 2 2 4 9 8 7 5 7 1 11 0 10 2 3 4 9 6 7 6 9 4 11 0 1 3 8 8 5 10 7 3 9 10 11 0 6 6 3 3 10 1 7 2 9 4
3 3 59 3 47 64 32 63
3 4 23 35 71 20 18 42 28
#c 0 10 10 11 3 7 6 5 5 9 4 3 6 1 2 10 0 7 8 1 8 5 3 11 0 4 2 4 8 5 1 5 8 9 6 11 0 1 2 2 4 9 8 7 5 7 1 11 0 10 2 3 4 9 6 7 6 9 4 11 0 1 3 8 8 5 10 7 3 9 10 11 0 6 6 3 3 10 1 7 2 9 4
2 2 48 16 9 57
5 5 0 24 36 60 72 33 81 53 41 69
#c 0 10 10 11 3 7 6 5 5 9 4 3 6 1 2 10 0 7 8 1 8 5 3 11 0 4 2 4 8 5 1 5 8 9 6 11 0 1 2 2 4 9 8 7 5 7 1 11 0 10 2 3 4 9 6 7 6 9 4 11 0 1 3 8 8 5 10 7 3 9 10 11 0 6 6 3 3 10 1 7 2 9 4
2 2 30 46 51 11
5 6 13 37 61 19 78 75 62 22 76 4 68
#c 0 10 10 11 3 7 6 5 5 9 4 3 6 1 2 10 0 7 8 1 8 5 3 11 0 4 2 4 8 5 1 5 8 9 6 11 0 1 2 2 4 9 8 7 5 7 1 11 0 10 2 3 4 9 6 7 6 9 4 11 0 1 3 8 8 5 10 7 3 9 10 11 0 6 6 3 3 10 1 7 2 9 4
2 2 14 39 27 10
4 5 26 38 50 80 52 58 82 25 40
#c 0 10 10 11 3 7 6 5 5 9 4 3 6 1 2 10 0 7 8 1 8 5 3 11 0 4 2 4 8 5 1 5 8 9 6 11 0 1 2 2 4 9 8 7 5 7 1 11 0 10 2 3 4 9 6 7 6 9 4 11 0 1 3 8 8 5 10 7 3 9 10 11 0 6 6 3 3 10 1 7 2 9 4
1 1 22 23
7 5 51 75 62 11 76 4 68 35 47 59 71 3
#c 0 10 10 11 3 7 6 5 5 9 4 3 6 1 2 10 0 7 8 1 8 5 3 11 0 4 2 4 8 5 1 5 8 9 6 11 0 1 2 2 4 9 8 7 5 7 1 11 0 10 2 3 4 9 6 7 6 9 4 11 0 1 3 8 8 5 10 7 3 9 10 11 0 6 6 3 3 10 1 7 2 9 4
2 1 58 52 16
5 6 10 82 25 40 27 0 24 36 48 60 72
#c 0 10 10 11 3 7 6 5 5 9 4 3 6 1 2 10 0 7 8 1 8 5 3 11 0 4 2 4 8 5 1 5 8 9 6 11 0 1 2 2 4 9 8 7 5 7 1 11 0 10 2 3 4 9 6 7 6 9 4 11 0 1 3 8 8 5 10 7 3 9 10 11 0 6 6 3 3 10 1 7 2 9 4
1 1 31 72
6 6 29 65 21 7 44 8 0 24 36 48 60 16
#c 0 10 10 11 3 7 6 5 5 9 4 3 6 1 2 10 0 7 8 1 8 5 3 11 0 4 2 4 8 5 1 5 8 9 6 11 0 1 2 2 4 9 8 7 5 7 1 11 0 10 2 3 4 9 6 7 6 9 4 11 0 1 3 8 8 5 10 7 3 9 10 11 0 6 6 3 3 10 1 7 2 9 4
3 3 34 12 56 78 61 13
4 4 6 54 73 74 37 46 19 30
#c 0 10 10 11 3 7 6 5 5 9 4 3 6 1 2 10 0 7 8 1 8 5 3 11 0 4 2 4 8 5 1 5 8 9 6 11 0 1 2 2 4 9 8 7 5 7 1 11 0 10 2 3 4 9 6 7 6 9 4 11 0 1 3 8 8 5 10 7 3 9 10 11 0 6 6 3 3 10 1 7 2 9 4
1 1 17 72
6 6 43 55 67 79 5 45 0 24 36 48 60 16
#c 0 10 10 11 3 7 6 5 5 9 4 3 6 1 2 10 0 7 8 1 8 5 3 11 0 4 2 4 8 5 1 5 8 9 6 11 0 1 2 2 4 9 8 7 5 7 1 11 0 10 2 3 4 9 6 7 6 9 4 11 0 1 3 8 8 5 10 7 3 9 10 11 0 6 6 3 3 10 1 7 2 9 4
#c 0 10 10 11 3 7 6 5 5 9 4 3 6 1 2 10 0 7 8 1 8 5 3 11 0 4 2 4 8 5 1 5 8 9 6 11 0 1 2 2 4 9 8 7 5 7 1 11 0 10 2 3 4 9 6 7 6 9 4 11 0 1 3 8 8 5 10 7 3 9 10 11 0 6 6 3 3 10 1 7 2 9 4
#c 0 10 10 11 3 7 6 5 5 9 4 3 6 1 2 10 0 7 8 1 8 5 3 11 0 4 2 4 8 5 1 5 8 9 6 11 0 1 2 2 4 9 8 7 5 7 1 11 0 10 2 3 4 9 6 7 6 9 4 11 0 1 3 8 8 5 10 7 3 9 10 11 0 6 6 3 3 10 1 7 2 9 4
1 1 2 14
6 5 70 49 1 15 66 77 26 38 50 39 80
#c 0 10 10 11 3 7 6 5 5 9 4 3 6 1 2 10 0 7 8 1 8 5 3 11 0 4 2 4 8 5 1 5 8 9 6 11 0 1 2 2 4 9 8 7 5 7 1 11 0 10 2 3 4 9 6 7 6 9 4 11 0 1 3 8 8 5 10 7 3 9 10 11 0 6 6 3 3 10 1 7 2 9 4
2 3 71 47 72 24 60
4 4 23 35 59 3 0 36 48 16
#c 0 10 10 11 3 7 6 5 5 9 4 3 6 1 2 10 0 7 8 1 8 5 3 11 0 4 2 4 8 5 1 5 8 9 6 11 0 1 2 2 4 9 8 7 5 7 1 11 0 10 2 3 4 9 6 7 6 9 4 11 0 1 3 8 8 5 10 7 3 9 10 11 0 6 6 3 3 10 1 7 2 9 4
2 2 60 72 29 44
5 5 0 24 36 48 16 65 31 21 7 8
#c 0 10 10 11 3 7 6 5 5 9 4 3 6 1 2 10 0 7 8 1 8 5 3 11 0 4 2 4 8 0 1 5 8 9 6 11 0 1 2 2 4 9 8 7 0 7 1 11 0 10 2 3 4 9 6 7 6 9 4 11 5 1 3 8 8 5 10 7 3 9 10 11 5 6 6 3 3 10 1 7 2 9 4
1 1 37 66
6 6 13 61 46 19 30 78 70 49 1 15 2 77
#c 0 10 10 11 3 7 6 5 5 9 4 3 6 1 2 10 0 7 8 1 8 5 3 11 0 4 2 4 8 0 1 5 8 9 6 11 0 1 2 2 4 9 8 7 0 7 1 11 0 10 2 3 4 9 6 7 6 9 4 11 5 1 3 8 8 5 10 7 3 9 10 11 5 6 6 3 3 10 1 7 2 9 4
3 3 39 50 26 7 31 72
3 4 14 38 80 65 21 8 60
#c 0 10 10 11 3 7 6 5 5 9 4 3 6 1 2 10 0 7 8 1 8 5 3 11 0 4 2 4 8 0 1 5 8 9 6 11 0 1 2 2 4 9 8 7 0 7 1 11 0 10 2 3 4 9 6 7 6 9 4 11 5 1 3 8 8 5 10 7 3 9 10 11 5 6 6 3 3 10 1 7 2 9 4
1 1 22 35
7 5 51 75 62 11 76 4 68 23 47 59 71 3
#c 0 10 10 11 3 7 6 5 5 9 4 3 6 1 2 10 0 7 8 1 8 5 11 11 0 4 2 4 8 0 1 5 8 9 6 3 0 1 2 2 4 9 8 7 0 7 1 11 0 10 2 3 4 9 6 7 6 9 4 11 5 1 3 8 8 5 10 7 3 9 10 11 5 6 6 3 3 10 1 7 2 9 4
2 2 40 27 68 11
5 6 52 10 58 82 25 51 75 62 76 4 35
#c 0 10 10 11 3 7 6 5 5 9 4 3 6 1 2 10 0 7 8 1 8 5 11 11 0 4 2 4 8 0 1 5 8 9 6 3 0 1 2 2 4 9 8 7 0 7 1 11 0 10 2 3 4 9 6 7 6 9 4 11 5 1 3 8 8 5 10 7 3 9 10 11 5 6 6 3 3 10 1 7 2 9 4
2 2 31 72 38 14
5 4 65 21 7 8 60 26 50 39 80
#c 0 10 10 11 3 7 6 5 5 9 4 3 6 1 2 10 0 7 8 1 8 5 11 11 0 4 2 4 8 0 1 5 8 9 6 3 0 1 2 2 4 9 8 7 0 7 1 11 0 10 2 3 4 9 6 7 6 9 4 11 5 1 3 8 8 5 10 7 3 9 10 11 5 6 6 3 3 10 1 7 2 9 4
1 1 56 28
6 6 6 54 34 12 73 74 20 18 42 32 64 63
#c 0 10 10 11 3 7 6 5 5 9 4 3 6 1 2 10 0 7 8 1 8 5 11 11 0 4 2 4 8 0 1 5 8 9 6 3 0 1 2 2 4 9 8 7 0 7 1 11 0 10 2 3 4 9 6 7 6 9 4 11 5 1 3 8 8 5 10 7 3 9 10 11 5 6 6 3 3 10 1 7 2 9 4
2 2 17 5 6 12
5 5 43 55 67 79 45 54 56 34 73 74
#c 0 10 10 11 3 7 6 5 5 9 4 3 6 1 2 10 0 7 8 1 8 5 11 11 0 4 2 4 8 0 1 5 8 9 6 3 0 1 2 2 4 9 8 7 0 7 1 11 0 10 2 3 4 9 6 7 6 9 4 11 5 1 3 8 8 5 10 7 3 9 10 11 5 6 6 3 3 10 1 7 2 9 4
3 2 28 18 63 0 29
4 5 20 42 32 64 24 36 48 16 44
#c 0 10 10 11 3 7 6 5 5 9 4 3 6 1 2 10 0 7 8 1 8 5 11 11 0 4 2 4 8 0 1 5 8 9 6 3 0 1 2 2 4 9 8 7 0 7 1 11 0 10 2 3 4 9 6 7 6 9 4 11 5 1 3 8 8 5 10 7 3 9 10 11 5 6 6 3 3 10 1 7 2 9 4
1 1 9 66
6 6 33 57 81 53 41 69 70 49 1 15 2 77
#c 0 10 10 11 3 7 6 5 5 9 4 3 6 1 2 10 0 7 8 1 8 5 11 11 0 4 2 4 8 0 1 5 8 9 6 3 0 1 2 2 4 9 8 7 0 7 1 11 0 10 2 3 4 9 6 7 6 9 4 11 5 1 3 8 8 5 10 7 3 9 10 11 5 6 6 3 3 10 1 7 2 9 4
1 1 70 6
6 6 49 1 15 2 66 77 54 56 34 12 73 74
#c 0 10 10 11 3 7 6 5 5 9 4 3 6 1 2 10 0 7 8 1 8 5 11 11 0 4 2 4 8 0 1 5 8 9 6 3 0 1 2 2 4 9 8 7 0 7 1 11 0 10 2 3 4 9 6 7 6 9 4 11 5 1 3 8 8 5 10 7 3 9 10 11 5 6 6 3 3 10 1 7 2 9 4
3 3 23 22 47 21 60 65
3 4 59 71 3 31 7 8 72
#c 0 10 10 11 3 7 6 5 5 9 4 3 6 1 2 10 0 7 8 1 8 5 11 11 0 4 2 4 8 0 1 5 8 9 6 3 0 1 2 2 4 9 8 7 0 7 1 11 0 10 2 3 4 9 6 7 6 9 4 11 5 1 3 8 8 5 10 7 3 9 10 11 5 6 6 3 3 10 1 7 2 9 4
1 1 36 63
6 6 0 24 48 16 29 44 20 18 42 32 64 28
#c 0 10 10 11 3 7 6 5 5 9 4 3 6 1 2 10 0 7 8 1 8 5 11 11 0 4 2 4 8 0 1 5 8 9 6 3 0 1 2 2 4 9 8 7 0 7 1 11 0 10 2 3 4 9 6 7 6 9 4 11 5 1 3 8 8 5 10 7 3 9 10 11 5 6 6 3 3 10 1 7 2 9 4
2 2 30 61 5 67
5 5 13 37 46 19 78 43 55 79 45 17
#c 0 10 10 11 3 1 6 5 5 9 4 3 6 1 2 10 0 7 8 1 8 5 11 11 0 4 2 4 8 0 7 5 8 9 6 3 0 1 2 2 4 9 8 7 0 7 1 11 0 10 2 3 4 9 6 7 6 9 4 11 5 7 3 8 8 5 10 1 3 9 10 11 5 6 6 3 3 10 1 7 2 9 4
1 1 26 7
5 6 14 38 50 39 80 65 31 21 8 60 72
#c 0 10 10 11 3 1 6 5 5 9 4 3 6 1 2 10 0 7 8 1 8 5 11 11 0 4 2 4 8 0 7 5 8 9 6 3 0 1 2 2 4 9 8 7 0 7 1 11 0 10 2 3 4 9 6 7 6 9 4 11 5 7 3 8 8 5 10 1 3 9 10 11 5 6 6 3 3 10 1 7 2 9 4
#c 0 10 10 11 3 1 6 5 5 9 4 3 6 1 2 10 0 7 8 1 8 5 11 11 0 4 2 4 8 0 7 5 8 9 6 3 0 1 2 2 4 9 8 7 0 7 1 11 0 10 2 3 4 9 6 7 6 9 4 11 5 7 3 8 8 5 10 1 3 9 10 11 5 6 6 3 3 10 1 7 2 9 4
1 1 10 71
6 5 52 58 82 25 40 27 23 47 59 3 22
#c 0 10 10 11 3 1 6 5 5 9 11 3 6 1 2 10 0 7 8 1 8 5 11 11 0 4 2 4 8 0 7 5 8 9 6 3 0 1 2 2 4 9 8 7 0 7 1 11 0 10 2 3 4 9 6 7 6 9 4 11 5 7 3 8 8 5 10 1 3 9 10 4 5 6 6 3 3 10 1 7 2 9 4
3 3 21 7 60 33 53 57
4 4 65 31 8 72 9 81 41 69
#c 0 10 10 11 3 1 6 5 5 9 11 3 6 1 2 10 0 7 8 1 8 5 11 11 0 4 2 4 8 0 7 5 8 9 6 3 0 1 2 2 4 9 8 7 0 7 1 11 0 10 2 3 4 9 6 7 6 9 4 11 5 7 3 8 8 5 10 1 3 9 10 4 5 6 6 3 3 10 1 7 2 9 4
1 1 56 18
6 6 6 54 34 12 73 74 20 42 32 64 63 28
#c 0 10 10 11 3 1 6 5 5 9 11 3 6 1 2 10 0 7 8 1 8 5 11 11 0 4 2 4 8 0 7 5 8 9 6 3 0 1 2 2 4 9 8 7 0 7 1 11 0 10 2 3 4 9 6 7 6 9 4 11 5 7 3 8 8 5 10 1 3 9 10 4 5 6 6 3 3 10 1 7 2 9 4
3 3 30 61 79 8 60 7
4 4 43 55 45 17 65 31 21 72
#c 0 10 10 11 3 1 6 5 5 9 11 3 6 1 2 10 0 7 8 1 8 5 11 11 0 4 2 4 8 0 7 5 8 9 6 3 0 1 2 2 4 9 8 7 0 7 1 11 0 10 2 3 4 9 6 7 6 9 4 11 5 7 3 8 8 5 10 1 3 9 10 4 5 6 6 3 3 10 1 7 2 9 4
3 3 64 28 32 81 33 57
4 4 20 18 42 63 9 53 41 69
#c 0 10 10 11 3 1 6 5 5 9 11 3 6 1 2 10 0 7 8 1 8 5 11 11 0 4 2 4 8 0 7 5 8 9 6 3 0 1 2 2 4 9 8 7 0 7 1 11 0 10 2 3 4 9 6 7 6 9 4 11 5 7 3 8 8 5 10 1 3 9 10 4 5 6 6 3 3 10 1 7 2 9 4
3 4 81 41 69 27 25 82 40
4 3 9 33 57 53 52 58 71
#c 0 10 10 11 3 1 6 5 5 9 11 3 6 1 2 10 0 7 8 1 8 5 11 11 0 4 2 4 8 0 7 5 8 9 6 3 0 1 2 2 4 9 8 7 0 7 1 11 0 10 2 3 4 9 6 7 6 9 4 11 5 7 3 8 8 5 10 1 3 9 10 4 5 6 6 3 3 10 1 7 2 9 4
3 3 70 77 66 69 41 81
4 4 49 1 15 2 9 33 57 53
#c 0 10 10 11 3 1 6 5 5 9 11 3 6 1 2 10 0 7 8 1 8 5 11 11 0 4 2 4 8 0 7 5 8 9 6 3 0 1 2 2 4 10 8 7 0 7 1 11 0 10 2 3 4 9 6 7 6 9 4 11 5 7 3 8 8 5 9 1 3 10 9 4 5 6 6 3 3 9 1 7 2 10 4
2 2 3 47 57 9
4 5 23 59 22 10 33 53 70 77 66
#c 0 10 10 9 3 1 6 5 5 11 11 3 6 1 2 10 0 7 8 1 8 5 11 11 0 4 2 4 8 0 7 5 8 9 6 3 0 1 2 2 4 10 8 7 0 7 1 9 0 10 2 3 4 9 6 7 6 11 4 11 5 7 3 8 8 5 9 1 3 10 9 4 5 6 6 3 3 9 1 7 2 10 4
1 1 16 55
6 6 0 24 36 48 29 44 43 79 45 17 30 61
#c 0 10 10 9 3 1 6 5 5 11 11 3 6 1 2 10 7 7 8 1 8 5 11 11 0 4 2 4 8 0 7 5 8 9 6 3 0 1 2 2 4 10 8 7 0 7 1 9 0 10 2 3 4 9 6 0 6 11 4 11 5 7 3 8 8 5 9 1 3 10 9 4 5 6 6 3 3 9 1 7 2 10 4
1 1 13 50
6 5 37 46 19 78 5 67 14 26 38 39 80
#c 0 10 10 9 3 1 6 5 5 11 11 3 6 1 2 10 7 7 8 1 8 5 11 11 0 4 2 4 8 0 7 5 8 9 6 3 0 1 2 2 4 10 8 7 0 7 1 9 0 10 2 3 4 9 6 0 6 11 4 11 5 7 3 8 8 5 9 1 3 10 9 4 5 6 6 3 3 9 1 7 2 10 4
3 3 80 38 50 20 64 28
3 4 14 26 39 18 42 32 63
#c 0 10 10 9 3 1 6 5 5 11 11 3 6 1 2 10 7 7 8 1 8 5 11 11 0 4 2 4 8 0 7 5 8 9 6 3 0 1 2 2 4 10 8 7 0 7 1 9 0 10 2 3 4 9 6 0 6 11 4 11 5 7 3 8 8 5 9 1 3 10 9 4 5 6 6 3 3 9 1 7 2 10 4
4 4 75 11 4 68 73 74 34 12
4 3 51 62 76 35 6 54 56
#c 0 10 10 9 3 1 6 5 5 11 11 3 6 1 2 10 7 7 8 1 8 5 11 11 0 4 2 4 8 0 7 5 8 9 6 3 0 1 2 2 4 10 8 7 0 7 1 9 0 10 2 3 4 9 6 0 6 11 4 11 5 7 3 8 8 5 9 1 3 10 9 4 5 6 6 3 3 9 1 7 2 10 4
1 1 82 59
6 5 52 58 25 40 27 71 23 22 10 57 9
#c 0 10 10 9 3 1 6 5 5 11 11 3 6 1 2 10 7 7 8 1 8 5 11 11 0 4 2 4 8 0 7 5 8 9 6 3 0 1 2 2 4 10 8 7 0 7 1 9 0 10 2 3 4 9 6 0 6 11 4 11 5 7 3 8 8 5 9 1 3 10 9 4 5 6 6 3 3 9 1 7 2 10 4
#c 0 10 10 9 3 1 6 5 5 11 11 3 6 1 2 10 7 7 8 1 8 5 11 11 0 4 2 4 8 0 7 5 8 9 6 3 0 1 2 2 4 10 8 7 0 7 1 9 0 10 2 3 4 9 6 0 6 11 4 11 5 7 3 8 8 5 9 1 3 10 9 4 5 6 6 3 3 9 1 7 2 10 4
3 2 6 34 56 22 57
4 4 54 12 73 74 23 59 10 9
#c 0 10 10 9 3 1 6 5 5 11 11 3 6 1 2 10 7 7 8 1 8 5 11 11 0 4 2 4 8 0 7 5 8 9 6 3 0 1 2 2 4 10 8 7 0 7 1 9 0 10 2 3 4 9 6 0 6 11 4 11 5 7 3 8 8 5 9 1 3 10 9 4 5 6 6 3 3 9 1 7 2 10 4
1 1 16 28
6 6 43 79 45 17 30 61 20 18 42 32 64 63
#c 0 10 10 9 3 1 6 5 5 11 11 3 6 1 2 10 7 7 8 1 8 5 11 11 0 4 2 4 8 0 7 5 8 9 6 3 0 1 2 2 4 10 8 7 0 7 1 9 0 10 2 3 4 9 6 0 6 11 4 11 5 7 3 8 8 5 9 1 3 10 9 4 5 6 6 3 3 9 1 7 2 10 4
3 3 18 20 28 71 25 27
4 4 42 32 64 63 52 58 82 40
#c 0 10 10 9 3 1 6 5 5 11 11 3 6 1 2 10 7 7 8 1 8 5 11 11 0 4 2 4 8 0 7 5 8 9 6 3 0 1 2 2 4 10 8 7 0 7 1 9 0 10 2 3 4 9 6 0 6 11 4 11 5 7 3 8 8 5 9 1 3 10 9 4 5 6 6 3 3 9 1 7 2 10 4
1 1 77 9
6 5 33 53 70 66 3 47 23 59 22 10 57
#c 0 10 10 9 3 1 6 5 5 11 11 3 6 1 2 10 7 7 8 1 8 5 11 11 0 4 2 4 8 0 7 5 8 9 6 3 0 1 2 2 4 10 8 7 0 7 1 9 0 10 2 3 4 9 6 0 6 11 4 11 5 7 3 8 8 5 9 1 3 10 9 4 5 6 6 3 3 9 1 7 2 10 4
2 2 41 1 39 26
5 4 49 15 2 69 81 14 38 50 80
#c 0 10 10 9 3 1 6 5 5 11 11 3 6 1 2 10 7 7 8 1 8 5 11 11 0 4 2 4 8 0 7 5 8 9 6 3 0 1 2 2 4 10 8 7 0 7 1 9 0 10 2 3 4 9 6 0 6 11 4 11 5 7 3 8 8 5 9 1 3 10 9 4 5 6 6 3 3 9 1 7 2 10 4
3 3 57 23 9 20 28 32
3 4 59 22 10 18 42 64 63
#c 0 10 10 9 3 1 6 5 5 11 11 3 6 1 2 10 7 7 8 1 8 5 11 11 0 4 2 4 8 0 7 5 8 9 6 3 0 1 2 2 4 10 8 7 0 7 1 9 0 10 2 3 4 9 6 0 6 11 4 11 5 7 3 8 8 5 9 1 3 10 9 4 5 6 6 3 3 9 1 7 2 10 4
1 1 29 27
6 6 0 24 36 48 44 55 52 58 82 25 40 71
#c 0 10 10 9 3 1 6 5 5 11 11 3 6 1 2 10 7 7 8 1 8 5 11 11 0 4 2 4 8 0 7 5 8 9 6 3 0 1 2 2 4 10 8 7 0 7 1 9 0 10 2 3 4 9 6 0 6 11 4 11 5 7 3 8 8 5 9 1 3 10 9 4 5 6 6 3 3 9 1 7 2 10 4
3 3 5 13 78 82 52 25
4 4 37 46 19 67 58 40 27 71
#c 0 10 10 9 3 1 6 5 5 11 11 3 6 1 2 10 7 7 8 1 8 5 11 11 0 4 2 4 8 0 7 5 8 9 6 3 0 1 2 2 4 10 8 7 0 7 1 9 0 10 2 3 4 9 6 0 6 11 4 11 5 7 3 8 8 5 9 1 3 10 9 4 5 6 6 3 3 9 1 7 2 10 4
1 1 80 70
5 6 14 26 38 50 39 33 53 77 66 3 47
#c 0 10 10 9 3 1 6 5 5 11 11 3 6 1 2 10 7 7 8 1 8 5 11 11 0 4 2 4 8 0 7 5 8 9 6 3 0 1 2 2 4 10 8 7 0 7 1 9 0 10 2 3 4 9 6 0 6 11 4 11 5 7 3 8 8 5 9 1 3 10 9 4 5 6 6 3 3 9 1 7 2 10 4
1 1 4 29
7 6 51 75 62 11 76 68 35 0 24 36 48 44 55
#c 0 10 10 9 3 1 6 5 5 11 11 3 6 1 2 10 7 7 8 1 8 5 11 11 0 4 2 4 8 0 7 5 8 9 6 3 0 1 2 2 4 10 8 7 0 7 1 9 0 10 2 3 4 9 6 0 6 11 4 11 5 7 3 8 8 5 9 1 3 10 9 4 5 6 6 3 3 9 1 7 2 10 4
2 4 27 82 73 74 34 54
5 3 52 58 25 40 71 6 56 12
#c 0 10 10 9 3 1 6 5 5 11 11 3 6 1 2 10 7 7 8 1 8 5 11 11 0 4 2 4 8 0 7 5 8 9 6 3 0 1 2 2 4 10 8 7 0 7 1 9 0 10 2 3 4 9 6 0 6 11 4 11 5 7 3 8 8 5 9 1 3 10 9 4 5 6 6 3 3 9 1 7 2 10 4
2 1 31 72 81
5 6 65 21 7 8 60 49 1 15 2 69 41
#c 0 10 10 9 3 1 6 5 5 11 11 3 6 1 2 10 7 7 8 1 8 5 11 11 0 4 2 4 8 0 7 5 8 9 6 3 0 1 2 2 4 10 8 7 0 7 1 9 0 10 2 3 4 9 6 0 6 11 4 11 5 7 3 8 8 5 9 1 3 10 9 4 5 6 6 3 3 9 1 7 2 10 4
1 1 34 59
6 5 6 54 56 12 73 74 23 22 10 57 9
#c 0 10 10 9 3 1 6 5 5 11 11 3 6 1 2 10 7 7 8 1 8 5 11 11 0 4 2 4 8 0 7 5 8 9 11 3 0 1 2 2 4 10 8 7 0 7 1 9 0 10 2 3 4 9 6 0 6 11 4 6 5 7 3 8 8 5 9 1 3 10 9 4 5 6 6 3 3 9 1 7 2 10 4
3 5 45 17 30 38 80 39 26 14
4 1 43 79 61 16 50
#c 0 10 10 9 3 1 6 5 5 11 11 3 6 1 2 10 7 7 8 1 8 5 11 11 0 4 2 4 8 0 7 5 8 9 11 3 0 1 2 2 4 10 8 7 0 7 1 9 0 10 2 3 4 9 6 0 6 11 4 6 5 7 3 8 8 5 9 1 3 10 9 4 5 6 6 3 3 9 1 7 2 10 4
2 2 18 63 2 1
5 5 20 42 32 64 28 49 15 69 41 81
#c 0 10 10 9 3 1 6 5 5 11 11 3 6 1 2 10 7 7 8 1 8 5 11 11 0 4 2 4 8 0 7 5 8 9 11 3 0 1 2 2 4 10 8 7 0 7 1 9 0 10 2 3 4 9 6 0 6 11 4 6 5 7 3 8 8 5 9 1 3 10 9 4 5 6 6 3 3 9 1 7 2 10 4
2 2 53 66 81 15
5 5 33 70 77 3 47 49 1 2 69 41
#c 0 10 10 9 3 1 6 5 5 11 11 3 6 1 2 10 7 7 8 1 8 5 11 11 0 4 2 4 8 0 7 5 8 9 11 3 0 1 2 2 4 10 8 7 0 7 1 9 0 10 2 3 4 9 6 0 6 11 4 6 5 7 3 8 8 5 9 1 3 10 9 4 5 6 6 3 3 9 1 7 2 10 4
2 2 41 49 75 51
5 6 1 15 2 69 81 62 11 76 4 68 35
#c 0 10 10 9 3 1 6 5 5 11 11 3 6 1 2 10 7 7 8 1 8 5 11 11 0 4 2 4 8 0 7 5 8 9 11 3 0 1 2 2 4 10 8 7 0 7 1 9 0 10 2 3 4 9 6 0 6 11 4 6 5 7 3 8 8 5 9 1 3 10 9 4 5 6 6 3 3 9 1 7 2 10 4
3 3 57 22 34 37 13 19
3 4 23 10 9 46 78 5 67
#c 0 10 10 9 3 1 6 5 5 11 11 3 6 1 2 10 7 7 8 1 8 5 11 11 0 4 2 4 8 0 7 5 8 9 11 3 0 1 2 2 4 10 8 7 0 7 1 9 0 10 2 3 4 9 6 0 6 11 4 6 5 7 3 8 8 5 9 1 3 10 9 4 5 6 6 3 3 9 1 7 2 10 4
1 1 0 16
6 6 24 36 48 29 44 55 43 79 45 17 30 61
#c 0 10 10 9 3 1 6 5 5 11 11 3 6 1 2 10 7 7 8 1 8 5 11 11 0 4 2 4 8 0 7 5 8 9 11 3 0 1 2 2 4 10 8 7 0 7 1 9 0 10 2 3 4 9 6 0 6 11 4 6 5 7 3 8 8 5 9 1 3 10 9 4 5 6 6 3 3 9 1 7 2 10 4
1 1 78 52
6 6 13 37 46 19 5 67 58 82 25 40 27 71
#c 0 10 10 9 3 1 6 5 5 11 11 3 6 1 2 10 7 7 8 1 8 5 11 11 0 4 2 4 8 0 7 5 8 9 11 3 0 1 2 2 4 10 8 7 0 7 1 9 0 10 2 3 4 9 6 0 6 11 4 6 5 7 3 8 8 5 9 1 3 10 9 4 5 6 6 3 3 9 1 7 2 10 4
1 1 39 78
5 6 14 26 38 50 80 13 37 46 19 5 67
#c 0 10 10 9 3 1 6 5 5 11 11 3 6 1 2 10 7 7 8 1 8 5 11 11 0 4 2 4 8 0 7 5 8 9 11 3 0 1 2 2 4 10 8 7 0 7 1 9 0 10 2 3 4 9 6 0 6 11 4 6 5 7 3 8 8 5 9 1 3 10 9 4 5 6 6 3 3 9 1 7 2 10 4
4 4 11 76 4 62 0 55 48 29
4 3 51 75 68 35 24 36 44
#c 0 10 10 9 3 1 6 5 5 11 11 3 6 1 2 10 7 7 8 1 8 5 11 11 0 4 2 4 8 0 7 5 8 9 11 3 0 1 2 2 4 10 8 7 0 7 1 9 0 10 2 3 4 9 6 0 6 11 4 6 5 7 3 8 8 5 9 1 3 10 9 4 5 6 6 3 3 9 1 7 2 10 4
3 3 25 82 40 13 46 37
4 4 52 58 27 71 19 78 5 67
#c 0 10 10 9 3 1 6 5 5 11 11 3 6 1 2 10 7 7 8 1 8 5 11 11 0 4 2 4 8 0 7 5 8 9 11 3 0 1 2 2 4 10 8 7 0 7 1 9 0 10 2 3 4 9 6 0 6 11 4 6 5 7 3 8 8 5 9 1 3 10 9 4 5 6 6 3 3 9 1 7 2 10 4
1 1 8 12
6 6 65 31 21 7 60 72 6 54 56 73 74 59
#c 0 10 10 9 3 1 6 5 6 11 11 3 5 1 2 10 7 7 8 1 8 5 11 11 0 4 2 4 8 0 7 5 8 9 11 3 0 1 2 2 4 10 8 7 0 7 1 9 0 10 2 3 4 9 6 0 6 11 4 6 5 7 3 8 8 5 9 1 3 10 9 4 5 6 6 3 3 9 1 7 2 10 4
2 2 54 8 53 70
5 5 6 56 73 74 59 33 77 66 3 47
#c 0 10 10 9 3 1 6 5 6 11 11 3 5 1 2 10 7 7 8 1 8 5 11 11 0 4 2 4 8 0 7 5 8 9 11 3 0 1 2 2 4 10 8 7 0 7 1 9 0 10 2 3 4 9 6 0 6 11 4 6 5 7 3 8 8 5 9 1 3 10 9 4 5 6 6 3 3 9 1 7 2 10 4
3 3 79 17 30 26 38 14
4 3 43 45 61 16 50 39 80
#c 0 10 10 9 3 1 6 5 6 11 11 3 5 1 2 10 7 7 8 1 8 5 11 11 0 4 2 4 8 0 7 5 8 9 11 3 0 1 2 2 4 10 8 7 0 7 1 9 0 10 2 3 4 9 6 0 6 11 4 6 5 7 3 8 8 5 9 1 3 10 9 4 5 6 6 3 3 9 1 7 2 10 4
#c 0 10 10 9 3 1 6 5 6 11 11 3 5 1 2 10 7 7 8 1 8 5 11 11 0 4 2 4 8 0 7 5 8 9 11 3 0 1 2 2 4 10 8 7 0 7 1 9 0 10 2 3 4 9 6 0 6 11 4 6 5 7 3 8 8 5 9 1 3 10 9 4 5 6 6 3 3 9 1 7 2 10 4
3 3 77 3 47 8 73 74
4 4 33 53 70 66 6 54 56 59
#c 0 10 10 9 3 1 6 5 6 11 11 3 5 1 2 10 7 7 8 1 8 5 11 11 0 4 2 4 8 0 7 5 8 9 11 3 0 1 2 2 4 10 8 7 0 7 1 9 0 10 2 3 4 9 6 0 6 11 4 6 5 7 3 8 8 5 9 1 3 10 9 4 5 6 6 3 3 9 1 7 2 10 4
2 2 69 41 16 30
5 5 49 1 15 2 81 43 79 45 17 61
#c 0 10 10 9 3 1 6 5 6 11 11 3 5 1 2 10 10 7 8 1 8 5 11 11 0 4 2 4 8 0 10 5 8 9 11 3 0 1 2 2 4 7 8 7 0 7 1 9 0 10 2 3 4 9 6 0 6 11 4 6 5 7 3 8 8 5 9 1 3 7 9 4 5 6 6 3 3 9 1 7 2 10 4
2 1 9 57 15
4 6 23 22 10 34 49 1 2 81 16 30
#c 0 10 10 9 3 1 6 5 6 11 11 3 5 1 2 10 10 7 8 1 8 5 11 11 0 4 2 4 8 0 10 5 8 9 11 3 0 1 2 2 4 7 8 7 0 7 1 9 0 10 2 3 4 9 6 0 6 11 4 6 5 7 3 8 8 5 9 1 3 7 9 4 5 6 6 3 3 9 1 7 2 10 4
2 2 24 48 50 38
5 4 0 36 29 44 55 14 26 39 80
#c 0 10 10 9 3 1 6 5 6 11 11 3 5 1 2 10 10 7 8 1 8 5 11 11 0 4 2 4 8 0 10 5 8 9 11 3 0 1 2 2 4 7 8 7 0 7 1 9 0 10 2 3 4 9 6 0 6 11 4 6 5 7 3 8 8 5 9 1 3 7 9 4 5 6 6 3 3 9 1 7 2 10 4
1 1 19 72
6 6 13 37 46 78 5 67 65 31 21 7 60 12
#c 0 10 10 9 3 1 6 5 6 11 11 3 5 1 2 10 10 7 8 1 8 5 11 11 0 4 2 4 8 0 10 5 8 9 11 3 0 1 2 2 4 7 8 7 0 7 1 9 0 10 2 3 4 9 6 0 6 11 4 6 5 7 3 8 8 5 9 1 3 7 9 4 5 6 6 3 3 9 1 7 2 10 4
1 1 39 43
5 6 14 26 38 50 80 79 45 17 61 69 41
#c 0 10 10 9 3 1 6 5 6 11 11 3 5 1 2 10 10 7 8 1 8 5 11 11 0 4 2 4 8 0 10 5 8 9 11 3 0 1 2 2 4 7 8 7 0 7 1 9 0 10 2 3 4 9 6 0 6 11 4 6 5 7 3 8 8 5 9 1 3 7 9 4 5 6 6 3 3 9 1 7 2 10 4
#c 0 10 10 9 3 1 6 5 6 11 11 3 5 1 2 10 10 7 8 1 8 5 11 11 0 4 2 4 8 0 10 5 8 9 11 3 0 1 2 2 4 7 8 7 0 7 1 9 0 10 2 3 4 9 6 0 6 11 4 6 5 7 3 8 8 5 9 1 3 7 9 4 5 6 6 3 3 9 1 7 2 10 4
3 3 27 71 58 44 24 55
4 4 52 82 25 40 0 36 48 29
#c 0 10 10 9 3 1 6 5 6 11 11 3 5 1 2 10 10 7 8 1 8 5 11 11 0 4 2 4 8 0 10 5 8 9 11 3 0 1 2 2 4 7 8 7 0 7 1 9 0 10 2 3 4 9 6 0 6 11 4 6 5 7 3 8 8 5 9 1 3 7 9 4 5 6 6 3 3 9 1 7 2 10 4
3 3 65 21 60 49 16 15
4 4 31 7 72 12 1 2 81 30
#c 0 10 10 9 3 1 6 5 6 11 11 3 5 1 2 10 10 7 8 1 8 5 11 11 0 4 2 4 8 0 10 5 8 9 11 3 0 1 2 2 4 7 8 7 0 7 1 9 0 10 2 3 4 9 6 0 6 11 4 6 5 7 3 8 8 5 9 1 3 7 9 4 5 6 6 3 3 9 1 7 2 10 4
2 2 73 54 34 57
5 4 6 56 74 59 8 23 22 10 9
#c 0 10 10 9 3 1 6 5 6 11 11 3 5 1 2 10 10 7 8 1 8 5 11 11 0 4 2 4 8 0 10 5 8 9 11 3 0 1 2 2 4 7 8 7 0 7 1 9 0 10 2 3 4 9 6 0 6 11 4 6 5 7 3 8 8 5 9 1 3 7 9 4 5 6 6 3 3 9 1 7 2 10 4
1 2 61 32 42
6 5 43 79 45 17 69 41 20 18 64 63 28
#c 0 10 10 9 3 1 6 5 6 11 11 3 5 1 2 10 10 7 8 1 8 5 11 11 0 4 2 4 8 0 10 5 8 9 11 3 0 1 2 2 4 7 8 7 0 7 1 9 0 10 2 3 4 9 6 0 6 11 4 6 5 7 3 8 8 5 9 1 3 7 9 4 5 6 6 3 3 9 1 7 2 10 4
1 1 64 50
6 5 20 18 42 32 63 28 14 26 38 39 80
#c 0 10 10 9 3 1 6 5 6 11 11 3 5 1 2 10 10 7 8 1 8 5 11 11 0 4 2 4 8 0 10 5 8 9 11 3 0 1 2 2 4 7 8 7 0 7 1 9 0 10 8 3 4 9 6 0 6 11 4 6 5 7 3 8 2 5 9 1 3 7 9 4 5 6 6 3 3 9 1 7 2 10 4
#c 0 10 10 9 3 1 6 5 6 11 11 3 5 1 2 10 10 7 8 1 8 5 11 11 0 4 2 4 8 0 10 5 8 9 11 3 0 1 2 2 4 7 8 7 0 7 1 9 0 10 8 3 4 9 6 0 6 11 4 6 5 7 3 8 2 5 9 1 3 7 9 4 5 6 6 3 3 9 1 7 2 10 4
#c 0 10 10 9 3 1 6 5 6 11 11 3 5 1 2 10 10 7 8 1 8 5 11 11 0 4 2 4 8 0 10 5 8 9 11 3 0 1 2 2 4 7 8 7 0 7 1 9 0 10 8 3 4 9 6 0 6 11 4 6 5 7 3 8 2 5 9 1 3 7 9 4 5 6 6 3 3 9 1 7 2 10 4
2 2 34 10 5 46
4 5 23 22 57 9 13 37 19 78 67
#c 0 10 10 9 3 1 6 5 6 11 11 3 5 1 2 10 10 7 8 1 8 5 11 11 0 4 2 4 8 0 10 5 8 9 11 3 0 1 2 2 4 7 8 7 0 7 1 9 0 10 8 3 4 9 6 0 6 11 4 6 5 7 3 8 2 5 9 1 3 7 9 4 5 6 6 3 3 9 1 7 2 10 4
2 2 55 44 31 21
5 5 0 24 36 48 29 65 7 60 72 12
#c 0 10 10 9 3 1 6 5 6 11 11 3 5 1 2 10 10 7 8 1 8 5 11 11 0 4 2 4 8 0 10 5 8 9 11 3 0 1 2 2 4 7 8 7 0 7 1 9 0 10 8 3 4 9 6 0 6 11 4 6 5 7 3 8 2 5 9 1 3 7 9 4 5 6 6 3 3 9 1 7 2 10 4
2 2 37 78 55 36
5 5 13 46 19 5 67 0 24 48 29 44
#c 0 10 10 9 3 1 6 5 6 11 11 3 5 1 2 10 10 7 8 1 8 5 11 11 0 4 2 4 8 0 10 5 8 9 11 3 0 1 2 2 4 7 8 7 0 7 1 9 0 10 8 3 4 9 6 0 6 11 4 6 5 7 3 8 2 5 9 1 3 7 9 4 5 6 6 3 3 9 1 7 2 10 4
3 1 64 14 39 10
3 5 26 38 80 23 22 57 9 34
#c 0 10 10 9 3 1 6 5 6 11 11 3 5 1 2 10 10 7 8 1 8 5 11 11 0 4 2 4 8 0 10 5 8 9 11 3 0 1 2 2 4 7 8 7 0 7 1 9 0 10 8 3 4 9 6 0 6 11 4 6 5 7 3 8 2 5 9 1 3 7 9 4 5 6 6 3 3 9 1 7 2 10 4
2 2 35 11 18 28
6 5 51 75 62 76 4 68 20 42 32 63 50
#c 0 10 10 9 3 1 6 5 6 11 11 8 5 1 2 10 10 7 3 1 8 5 11 11 0 4 2 4 3 0 10 5 8 9 11 8 0 1 2 2 4 7 8 7 0 7 1 9 0 10 8 3 4 9 6 0 6 11 4 6 5 7 3 8 2 5 9 1 3 7 9 4 5 6 6 3 3 9 1 7 2 10 4
3 2 52 40 71 26 39
4 4 58 82 25 27 14 38 80 64
#c 0 10 10 9 3 1 6 5 6 11 11 8 5 1 2 10 10 7 3 1 8 5 11 11 0 4 2 4 3 0 10 5 8 9 11 8 0 1 2 2 4 7 8 7 0 7 1 9 0 10 8 3 4 9 6 0 6 11 4 6 5 7 3 8 2 5 9 1 3 7 9 4 5 6 6 3 3 9 1 7 2 10 4
2 2 21 12 34 10
5 4 65 31 7 60 72 23 22 57 9
#c 0 10 10 9 3 1 6 5 6 11 11 8 5 1 2 10 10 7 3 1 8 5 11 11 0 4 2 4 3 0 10 5 8 9 11 8 0 1 2 2 4 7 8 7 0 7 1 9 0 10 8 3 4 9 6 0 6 11 4 6 5 7 3 8 2 5 9 1 3 7 9 4 5 6 6 3 3 9 1 7 2 10 4
2 2 54 59 13 46
5 5 6 56 73 74 8 37 19 78 5 67
#c 0 10 10 9 3 1 6 5 6 11 11 8 5 1 2 10 10 7 3 1 8 5 11 11 0 4 2 4 3 0 10 5 8 9 11 8 0 1 2 2 4 7 8 7 0 7 1 9 0 10 8 3 4 9 6 0 6 11 4 6 5 7 3 8 2 5 9 1 3 7 9 4 5 6 6 3 3 9 1 7 2 10 4
2 2 41 69 78 37
5 5 43 79 45 17 61 13 46 19 5 67
#c 0 10 10 9 3 1 6 5 6 11 11 8 5 1 2 10 10 7 3 1 8 5 11 11 0 4 2 4 3 0 10 5 8 9 11 8 0 1 2 2 4 7 8 7 0 7 1 9 0 10 8 3 4 9 6 0 6 11 4 6 5 7 3 8 2 5 9 1 3 7 9 4 5 6 6 3 3 9 1 7 2 10 4
3 3 63 42 35 41 45 79
4 4 20 32 50 11 43 17 61 69
#c 0 10 10 9 3 1 6 5 6 11 11 8 5 1 2 10 10 7 3 1 8 5 11 11 0 4 2 4 3 0 10 5 8 9 11 8 0 1 2 2 4 7 8 7 0 7 1 9 0 10 8 3 4 9 6 0 6 11 4 6 5 7 3 8 2 5 9 1 3 7 9 4 5 6 6 3 3 9 1 7 2 10 4
1 1 47 68
6 7 33 53 70 77 66 3 51 75 62 76 4 18 28
#c 0 10 10 9 3 1 6 5 6 11 11 8 5 1 2 10 10 7 3 1 8 5 11 11 0 4 2 4 3 0 10 5 8 9 11 8 0 1 2 2 4 7 8 7 0 7 1 9 0 10 8 3 4 9 6 0 6 11 4 6 5 7 3 8 2 5 9 1 3 7 9 4 5 6 6 3 3 9 1 7 2 10 4
1 1 15 3
6 6 49 1 2 81 16 30 33 53 70 77 66 47
#c 0 10 10 9 3 1 6 5 6 11 11 8 5 1 2 10 10 7 3 1 8 5 11 11 0 4 2 4 3 0 10 5 8 9 11 8 0 1 2 2 4 7 8 7 0 7 1 9 0 10 8 3 4 9 6 0 6 11 4 6 5 7 3 8 2 5 9 1 3 7 9 4 5 6 6 3 3 9 1 7 2 10 4
2 3 57 34 77 3 53
4 4 23 22 10 9 33 70 66 47
#c 0 10 10 9 3 1 6 5 6 11 11 8 5 1 2 10 10 7 3 1 8 5 11 11 0 4 2 4 3 0 10 5 8 9 11 8 0 1 2 2 4 7 8 7 0 7 1 9 0 10 8 3 4 9 6 0 6 11 4 6 5 7 3 8 2 5 9 1 3 7 9 4 5 6 6 3 3 9 1 7 2 10 4
2 1 24 29 72
5 6 0 36 48 44 55 65 31 21 7 60 12
#c 0 10 10 9 3 1 6 5 6 11 11 8 5 1 2 10 10 7 3 1 8 5 11 11 0 4 2 4 3 0 10 5 8 9 11 8 0 1 2 2 4 7 8 7 0 7 1 9 0 10 8 3 4 9 6 0 6 11 4 6 5 7 3 8 2 5 9 1 3 7 9 4 5 6 6 3 3 9 1 7 2 10 4
3 3 78 19 46 12 65 72
4 4 13 37 5 67 31 21 7 60
#c 0 10 10 9 3 1 6 5 6 11 11 8 5 1 2 10 10 7 3 1 8 5 11 11 0 4 2 4 3 0 10 5 8 9 11 8 0 1 2 2 4 7 8 7 0 7 1 9 0 10 8 3 4 9 6 0 6 11 4 6 5 7 3 8 2 5 9 1 3 7 9 4 5 6 6 3 3 9 1 7 2 10 4
2 2 80 39 49 81
4 5 14 26 38 64 1 15 2 16 30
#c 0 10 10 9 3 1 6 5 6 11 11 8 5 1 2 10 10 7 3 1 8 5 11 11 0 4 2 4 3 0 10 5 8 9 11 8 0 1 2 2 4 7 8 7 0 7 1 9 0 10 8 3 4 9 6 0 6 11 4 6 5 7 3 8 2 5 9 1 3 7 9 4 5 6 6 3 3 9 1 7 2 10 4
3 3 28 76 18 43 45 41
5 4 51 75 62 4 68 79 17 61 69
#c 0 10 10 9 3 1 6 5 6 11 11 8 5 1 2 10 10 7 3 1 8 5 11 11 0 4 2 4 3 0 10 5 8 9 11 8 0 1 2 2 4 7 8 7 0 7 1 9 0 10 8 3 4 9 6 0 6 11 4 6 5 7 3 8 2 5 9 1 3 7 9 4 5 6 6 3 3 9 1 7 2 10 4
#c 0 10 10 9 3 1 6 5 6 11 11 8 5 1 2 10 10 7 3 1 8 5 11 11 0 4 2 4 3 0 10 5 8 9 11 8 0 1 2 2 4 7 8 7 0 7 1 9 0 10 8 3 4 9 6 0 6 11 4 6 5 7 3 8 2 5 9 1 3 7 9 4 5 6 6 3 3 9 1 7 2 10 4
1 3 65 77 53 33
6 4 31 21 7 60 72 12 70 66 3 47
#c 0 10 10 9 3 1 6 5 6 11 11 8 5 1 2 10 10 7 3 1 8 5 11 11 0 4 2 4 3 0 10 5 8 9 11 8 0 1 2 2 4 7 8 7 0 7 1 9 0 10 8 3 4 9 6 0 6 11 4 6 5 7 3 8 2 5 9 1 3 7 9 4 5 6 6 3 3 9 1 7 2 10 4
2 2 73 6 19 37
5 5 54 56 74 59 8 13 46 78 5 67
#c 0 10 10 9 3 1 6 5 6 11 11 8 5 1 2 10 10 7 3 1 8 5 11 11 0 4 2 4 3 0 10 5 8 9 11 8 0 1 2 2 4 7 8 7 0 7 1 9 0 10 8 3 4 9 6 0 6 11 4 6 5 7 3 8 2 5 9 1 3 7 9 4 5 6 6 3 3 9 1 7 2 10 4
3 3 79 41 45 1 16 2
4 4 43 17 61 69 49 15 81 30
#c 0 10 10 9 3 1 6 5 6 11 11 8 5 1 2 10 10 7 3 1 8 5 11 11 0 4 2 4 3 0 10 5 8 9 11 8 0 1 2 2 4 7 8 7 0 7 1 9 0 10 8 3 4 9 6 0 6 11 4 6 5 7 3 8 2 5 9 1 3 7 9 4 5 6 6 3 3 9 1 7 2 10 4
1 1 35 8
6 6 20 42 32 63 50 11 6 54 56 73 74 59
#c 0 10 10 9 3 1 6 5 8 11 11 8 5 1 2 10 10 7 3 1 8 5 11 11 0 4 2 4 3 0 10 5 8 9 11 6 0 1 2 2 4 7 8 7 0 7 1 9 0 10 8 3 4 9 6 0 6 11 4 6 5 7 3 8 2 5 9 1 3 7 9 4 5 6 6 3 3 9 1 7 2 10 4
2 2 77 3 71 82
5 5 33 53 70 66 47 52 58 25 40 27
#c 0 10 10 4 3 1 6 5 8 11 11 8 5 1 2 10 10 7 3 1 8 5 11 11 0 4 2 4 3 0 10 5 8 9 11 6 0 1 2 2 4 7 8 7 0 7 1 9 0 10 8 3 4 9 6 0 6 11 4 6 5 7 3 8 2 5 9 1 3 7 9 9 5 6 6 3 3 4 1 7 2 10 9
#c 0 10 10 4 3 1 6 5 8 11 11 8 5 1 2 10 10 7 3 1 8 5 11 11 0 4 2 4 3 0 10 5 8 9 11 6 0 1 2 2 4 7 8 7 0 7 1 9 0 10 8 3 4 9 6 0 6 11 4 6 5 7 3 8 2 5 9 1 3 7 9 9 5 6 6 3 3 4 1 7 2 10 9
3 3 34 57 10 61 17 79
3 4 23 22 9 43 45 69 41
#c 0 10 10 4 3 1 6 5 8 11 11 8 5 1 2 10 10 7 3 1 8 5 11 11 0 4 2 4 3 0 10 5 8 9 11 6 0 1 2 2 4 7 8 7 0 7 1 9 0 10 8 3 4 9 6 0 6 11 4 6 5 7 3 8 2 5 9 1 3 7 9 9 5 6 6 3 3 4 1 7 2 10 9
2 3 24 0 52 40 3
5 4 36 48 29 44 55 58 25 27 77
#c 4 10 10 0 3 1 6 5 8 11 11 8 5 1 2 10 10 7 3 1 8 5 11 11 4 4 2 4 3 0 10 5 8 9 11 6 0 1 2 2 0 7 8 7 0 7 1 9 0 10 8 3 0 9 6 0 6 11 4 6 5 7 3 8 2 5 9 1 3 7 9 9 5 6 6 3 3 4 1 7 2 10 9
2 4 13 46 60 31 12 21
5 3 37 19 78 5 67 65 7 72
#c 4 10 10 0 3 1 6 5 8 11 11 8 5 1 2 10 10 7 3 1 8 5 11 11 4 4 2 4 3 0 10 5 8 9 11 6 0 1 2 2 0 7 8 7 0 7 1 9 0 10 8 3 0 9 6 0 6 11 4 6 5 7 3 8 2 5 9 1 3 7 9 9 5 6 6 3 3 4 1 7 2 10 9
1 1 39 68
5 7 14 26 38 80 64 51 75 62 76 4 18 28
#c 4 10 10 0 3 1 6 5 8 11 11 8 5 1 2 10 10 7 3 1 8 5 11 11 4 4 2 4 3 0 10 5 8 9 11 6 0 1 2 2 0 7 8 7 0 7 1 9 0 10 8 3 0 9 6 0 6 11 4 6 5 7 3 8 2 5 9 1 3 7 9 9 5 6 6 3 3 4 1 7 2 10 9
2 2 4 28 14 80
6 4 51 75 62 76 68 18 26 38 39 64
#c 4 10 10 0 2 1 6 5 8 11 11 8 5 1 3 10 10 7 3 1 8 5 11 11 4 4 2 4 2 0 10 5 8 9 11 6 0 1 2 2 0 7 8 7 0 7 1 9 0 10 8 3 0 9 6 0 6 11 4 6 5 7 3 8 2 5 9 1 3 7 9 9 5 6 6 3 3 4 1 7 3 10 9
3 5 0 24 77 31 72 21 60 65
3 2 58 25 27 7 12
#c 4 10 10 0 2 1 6 5 8 11 11 8 5 1 3 10 10 7 3 1 8 5 11 11 4 4 2 4 2 0 10 5 8 9 11 6 0 1 2 2 0 7 8 7 0 7 1 9 0 10 8 3 0 9 6 0 6 11 4 6 5 7 3 8 2 5 9 1 3 7 9 9 5 6 6 3 3 4 1 7 3 10 9
3 5 72 31 60 2 1 15 30 81
4 2 65 21 7 12 49 16
#c 4 10 10 0 2 1 6 5 8 11 11 8 5 1 3 10 10 7 3 1 8 5 11 11 4 4 2 4 2 0 10 5 8 9 11 6 0 1 2 2 0 7 8 7 0 7 1 9 0 10 8 3 0 9 6 0 6 11 4 6 5 7 3 8 2 5 9 1 3 7 9 9 5 6 6 3 3 4 1 7 3 10 9
#c 4 10 10 0 2 1 6 5 8 11 11 8 5 1 3 10 10 7 3 1 8 5 11 11 4 4 2 4 2 0 10 5 8 9 11 6 0 1 2 2 0 7 8 7 0 7 1 9 0 10 8 3 0 9 6 0 6 11 4 6 5 7 3 8 2 5 9 1 3 7 9 9 5 6 6 3 3 4 1 7 3 10 9
2 1 61 41 64
5 5 43 79 45 17 69 26 38 39 4 28
#c 4 10 10 0 2 1 6 5 8 11 11 8 5 1 3 10 10 7 3 1 8 5 11 11 4 4 2 4 2 0 10 5 8 9 11 6 0 1 2 2 0 7 8 7 0 7 1 9 0 10 8 3 0 9 6 0 6 11 4 6 5 7 3 8 2 5 9 1 3 7 9 9 5 6 6 3 3 4 1 7 3 10 9
#c 4 10 10 0 2 1 6 5 8 11 11 8 5 1 3 10 10 7 3 1 8 5 11 11 4 4 2 4 2 0 10 5 8 9 11 6 0 1 2 2 0 7 8 7 0 7 1 9 0 10 8 3 0 9 6 0 6 11 4 6 5 7 3 8 2 5 9 1 3 7 9 9 5 6 6 3 3 4 1 7 3 10 9
#c 4 10 10 0 2 1 6 5 8 11 11 8 5 1 3 10 10 7 3 1 8 5 11 11 4 4 2 4 2 0 10 5 8 9 11 6 0 1 2 2 0 7 8 7 0 7 1 9 0 10 8 3 0 9 6 0 6 11 4 6 5 7 3 8 2 5 9 1 3 7 9 9 5 6 6 3 3 4 1 7 3 10 9
2 3 2 49 12 21 7
5 4 1 15 81 16 30 65 31 60 72
#c 4 10 5 0 2 1 6 10 8 11 11 8 10 1 3 10 10 7 3 1 8 10 11 11 4 4 2 4 2 0 10 5 8 9 11 6 0 1 2 2 0 7 8 7 0 7 1 9 0 5 8 3 0 9 6 0 6 11 4 6 5 7 3 8 2 5 9 1 3 7 9 9 5 6 6 3 3 4 1 7 3 10 9
2 3 9 57 77 25 24
4 3 23 22 10 34 58 27 0
#c 4 10 5 0 2 1 6 10 8 11 11 8 10 1 3 10 10 7 3 1 8 10 11 11 4 4 2 4 2 0 10 5 8 9 11 6 0 1 2 2 0 7 8 7 0 7 1 9 0 5 8 3 0 9 6 0 6 11 4 6 5 7 3 8 2 5 9 1 3 7 9 9 5 6 6 3 3 4 1 7 3 10 9
1 1 36 60
7 5 48 29 44 55 52 40 3 65 31 72 2 49
#c 4 10 5 0 2 1 6 10 8 11 11 8 10 1 3 10 10 7 3 1 8 10 11 11 4 4 2 4 2 0 10 5 8 9 11 6 0 1 2 2 0 7 8 7 0 7 1 9 0 5 8 3 0 9 6 0 6 11 4 6 5 7 3 8 2 5 9 1 3 7 9 9 5 6 6 3 3 4 1 7 3 10 9
1 1 46 9
6 5 13 37 19 78 5 67 23 22 10 57 34
#c 4 10 5 0 2 1 6 10 8 11 11 8 10 1 3 10 10 7 3 1 8 10 11 11 4 4 2 4 2 0 10 5 8 9 11 6 0 1 2 2 0 7 8 7 0 7 1 9 0 5 8 3 0 9 6 0 6 11 4 6 5 7 3 8 2 5 9 1 3 7 9 9 5 6 6 3 3 4 1 7 3 10 9
3 3 4 38 39 41 61 79
3 4 26 64 28 43 45 17 69
#c 4 10 5 0 2 1 6 10 8 11 11 8 10 1 3 10 10 7 3 1 8 10 11 11 4 4 2 4 2 0 10 5 8 9 11 6 0 1 2 2 0 7 8 7 0 7 1 9 0 5 8 3 0 9 6 0 6 11 4 6 5 7 3 8 2 5 9 1 3 7 9 9 5 6 6 3 3 4 1 7 3 10 9
2 4 75 51 44 3 48 52
6 4 62 76 68 18 14 80 36 29 55 40
#c 4 10 5 0 2 1 6 10 8 11 11 8 10 1 3 10 10 7 3 1 8 10 11 11 4 4 2 4 2 0 10 5 8 9 11 6 0 1 2 2 0 7 8 7 0 7 1 9 0 5 8 3 0 9 6 0 6 11 4 6 5 7 3 8 2 5 9 1 3 7 9 9 5 6 6 3 3 4 1 7 3 10 9
#c 4 10 5 0 2 1 6 10 8 11 11 8 10 1 3 10 10 7 3 1 8 10 11 11 4 4 2 4 2 0 10 5 8 9 11 6 0 1 2 2 0 7 8 7 0 7 1 9 0 5 8 3 0 9 6 0 6 11 4 6 5 7 3 8 2 5 9 1 3 7 9 9 5 6 6 3 3 4 1 7 3 10 9
3 3 72 60 49 68 51 18
3 5 65 31 2 75 62 76 14 80
#c 4 10 5 0 2 1 6 10 8 11 11 8 10 1 3 10 10 7 5 1 8 10 11 11 4 4 2 4 2 0 10 5 8 9 11 6 0 1 2 2 0 7 8 7 0 7 1 9 0 3 8 5 0 9 6 0 6 11 4 6 3 7 3 8 2 5 9 1 5 7 9 9 3 6 6 3 3 4 1 7 3 10 9
1 1 6 19
6 6 54 56 73 74 59 35 13 37 46 78 5 67
#c 4 10 5 0 2 1 6 10 8 11 11 8 10 1 3 10 10 7 5 1 8 10 11 11 4 4 2 4 2 0 10 5 8 9 11 6 0 1 2 2 0 7 8 7 0 7 1 9 0 3 8 5 0 9 6 0 6 11 4 6 3 7 3 8 2 5 9 1 5 7 9 9 3 6 6 3 3 4 1 7 3 10 9
1 2 45 34 22
6 4 43 79 17 61 69 41 23 10 57 9
#c 4 10 5 0 2 1 6 10 8 11 11 8 10 1 3 10 10 7 5 1 8 10 11 11 4 4 2 4 2 0 10 5 8 9 11 6 0 1 2 2 0 7 8 7 0 7 1 9 0 3 8 5 0 9 6 0 6 11 4 6 3 7 3 8 2 5 9 1 5 7 9 9 3 6 6 3 3 4 1 7 3 10 9
3 1 11 42 63 51
4 5 20 32 50 8 65 31 2 68 18
#c 4 10 5 0 2 1 6 10 8 11 11 8 10 1 3 10 10 7 5 1 8 10 11 11 4 4 2 4 2 0 10 5 8 9 11 6 0 1 2 2 0 7 8 7 0 7 1 9 0 3 8 5 0 9 6 0 6 11 4 6 3 7 3 8 2 5 9 1 5 7 9 9 3 6 6 3 3 4 1 7 3 10 9
2 2 70 82 32 50
5 5 33 53 66 47 71 20 42 63 11 8
#c 4 10 5 0 2 1 6 10 8 11 11 8 10 1 3 10 10 7 5 1 8 10 11 11 4 4 2 4 2 0 10 5 9 9 11 6 0 1 2 2 0 7 8 7 0 7 1 9 0 3 9 5 0 9 6 0 6 11 4 6 3 7 3 8 2 5 9 1 5 7 8 9 3 6 6 3 3 4 1 7 3 10 8
4 6 1 16 12 81 32 33 50 71 66 53
4 1 15 30 21 7 47
#c 4 10 5 0 2 1 6 10 8 11 11 8 10 1 3 10 10 7 5 1 8 10 11 11 4 4 2 4 2 0 10 5 9 9 11 6 0 1 2 2 0 7 8 7 0 7 1 9 0 3 9 5 0 9 6 0 6 11 4 6 3 7 3 8 2 5 9 1 5 7 8 9 3 6 6 3 3 4 1 7 3 10 8
2 2 23 9 41 61
4 5 22 10 57 34 43 79 45 17 69
#c 4 10 5 0 2 1 6 10 8 11 11 8 10 1 3 10 10 7 5 1 8 10 11 11 4 4 2 4 2 0 10 5 9 9 11 6 0 1 2 2 0 7 8 7 0 7 1 9 0 3 9 5 0 9 6 0 6 11 4 6 3 7 3 8 2 5 9 1 5 7 8 9 3 6 6 3 3 4 1 7 3 10 8
2 2 55 48 69 41
6 5 36 29 44 52 40 3 43 79 45 17 61
#c 4 10 5 0 2 1 6 10 8 11 11 8 10 1 3 10 10 7 5 1 8 10 11 11 4 4 2 4 2 0 10 5 9 9 11 6 0 1 2 2 0 7 8 7 0 7 1 9 0 3 9 5 0 9 6 0 6 11 4 6 3 7 3 8 2 5 9 1 5 7 8 9 3 6 6 3 3 4 1 7 3 10 8
3 3 5 78 46 59 73 35
4 4 13 37 19 67 6 54 56 74
#c 4 10 5 0 2 1 6 10 8 11 11 8 10 1 3 10 10 7 5 1 8 10 11 11 4 4 2 4 2 0 10 5 9 9 11 6 0 1 2 2 0 7 8 7 0 7 1 9 0 3 9 5 0 9 6 0 6 11 4 6 3 7 3 8 2 5 9 1 5 7 8 9 3 6 6 3 3 4 1 7 3 10 8
2 1 38 64 9
4 5 26 39 4 28 23 22 10 57 34
#c 4 10 5 0 2 1 6 10 8 11 11 8 10 1 3 10 10 7 5 1 8 10 11 11 4 4 2 4 2 0 10 5 9 9 11 6 0 1 2 2 0 7 8 7 0 7 1 9 0 3 9 5 0 9 6 0 6 11 4 6 3 7 3 8 2 5 9 1 5 7 8 9 3 6 6 3 3 4 1 7 3 10 8
2 4 75 14 33 71 47 53
6 3 62 76 80 72 60 49 66 32 50
#c 4 10 5 0 2 1 6 10 8 11 11 8 10 1 3 10 10 7 5 1 8 10 11 11 4 4 2 4 2 0 10 5 9 9 11 6 0 1 2 2 0 7 8 7 0 7 1 9 0 3 9 5 0 9 6 0 6 11 4 6 3 7 3 8 2 5 9 1 5 7 8 9 3 6 6 3 3 4 1 7 3 10 8
3 3 24 27 77 47 32 66
3 4 58 25 0 33 53 71 50
#c 4 10 5 0 2 1 6 10 8 11 11 8 10 1 3 10 10 7 5 1 8 10 11 11 4 4 2 4 2 0 10 5 9 9 11 6 0 1 2 2 0 7 8 7 0 7 1 9 0 3 9 5 0 9 6 0 6 11 4 6 3 7 3 8 2 5 9 1 5 7 8 9 3 6 6 3 3 4 1 7 3 10 8
1 1 18 21
5 7 65 31 2 68 51 1 15 81 16 30 12 7
#c 4 10 5 0 2 1 6 10 8 11 11 8 10 1 3 10 10 7 5 1 8 10 11 11 4 4 2 4 2 0 10 5 9 9 11 6 0 1 2 2 0 7 8 7 0 7 1 9 0 3 9 5 0 9 6 0 6 11 4 6 3 7 3 8 2 5 9 1 5 7 8 9 3 6 6 3 3 4 1 7 3 10 8
1 1 56 0
6 5 6 54 73 74 59 35 58 25 27 77 24
#c 4 10 5 0 2 1 6 10 8 11 11 8 10 1 3 10 10 7 5 1 8 10 11 11 4 4 2 4 2 0 10 5 9 9 11 6 0 1 2 2 0 7 8 7 0 7 1 9 0 3 9 5 0 9 6 0 6 11 4 6 3 7 3 8 2 5 9 1 5 7 8 9 3 6 6 3 3 4 1 7 3 10 8
2 2 17 41 26 64
5 4 43 79 45 61 69 38 39 4 28
#c 4 10 5 0 2 1 6 10 8 11 11 8 10 1 3 10 10 7 5 1 8 10 11 11 4 4 2 4 2 0 10 5 9 9 11 6 0 1 2 2 0 7 8 7 0 7 1 9 0 3 9 5 0 9 6 0 6 11 4 6 3 7 3 8 2 5 9 1 5 7 8 9 3 6 6 3 3 4 1 7 3 10 8
1 1 8 72
6 7 20 42 63 11 70 82 75 62 76 14 80 60 49
#c 4 10 5 0 2 1 6 10 8 11 11 8 10 1 3 10 10 7 5 1 8 10 11 11 4 4 2 4 2 0 10 5 9 9 11 6 0 1 2 2 0 7 8 7 0 7 1 9 0 3 9 5 0 9 6 0 6 11 4 6 3 7 3 8 2 5 9 1 5 7 8 9 3 6 6 3 3 4 1 7 3 10 8
3 3 66 53 50 22 57 10
4 3 33 47 71 32 23 9 34
#c 4 10 5 0 2 1 6 10 8 11 11 8 10 1 3 10 10 7 5 1 8 10 11 11 4 4 2 4 2 0 10 5 9 9 11 6 0 1 2 2 0 7 8 7 0 7 1 9 0 3 9 5 0 9 6 0 6 11 4 6 3 7 3 8 2 5 9 1 5 7 8 9 3 6 6 3 3 4 1 7 3 10 8
#c 4 10 5 0 2 1 6 10 8 11 11 8 10 1 3 10 10 7 5 1 8 10 11 11 4 4 2 4 2 0 10 5 9 9 11 6 0 1 2 2 0 7 8 7 0 7 1 9 0 3 9 5 0 9 6 0 6 11 4 6 3 7 3 8 2 5 9 1 5 7 8 9 3 6 6 3 3 4 1 7 3 10 8
3 3 23 57 9 25 0 77
3 3 22 10 34 58 27 24
#c 4 10 5 0 2 1 6 10 8 11 11 8 10 1 3 10 10 7 5 1 8 10 11 11 4 4 2 4 2 0 10 5 9 9 11 6 0 1 2 2 0 7 8 7 0 7 1 9 0 3 9 5 0 9 6 0 6 11 4 6 3 7 3 8 2 5 9 1 5 7 8 9 3 6 6 3 3 4 1 7 3 10 8
2 2 29 44 26 4
6 4 36 48 55 52 40 3 38 39 64 28
#c 4 10 5 0 2 1 6 10 8 11 11 8 10 1 3 10 10 7 5 1 8 10 11 11 4 4 2 4 2 0 10 5 9 9 11 6 0 1 2 2 0 7 8 7 0 7 1 9 0 3 9 5 0 9 6 0 6 11 4 6 3 7 3 8 2 5 9 1 5 7 8 9 3 6 6 3 3 4 1 7 3 10 8
2 1 5 13 44
5 7 37 46 19 78 67 36 48 29 55 52 40 3
#c 4 10 5 0 2 1 6 10 8 11 11 8 10 1 3 10 10 7 5 1 8 10 11 11 4 4 2 4 2 0 10 5 9 9 11 6 0 1 2 2 0 7 8 7 0 7 1 9 0 3 9 5 0 9 6 0 6 11 4 6 3 7 3 8 2 5 9 1 5 7 8 9 3 6 6 3 3 4 1 7 3 10 8
2 2 38 64 42 70
4 5 26 39 4 28 20 63 11 8 82
#c 4 10 5 0 2 1 6 10 8 11 11 8 10 1 3 10 10 7 5 1 8 10 11 11 4 4 2 4 2 0 10 5 9 9 11 6 0 1 2 2 0 7 8 7 0 7 1 9 0 3 9 5 0 9 6 0 6 11 4 6 3 7 3 8 2 5 9 1 5 7 8 9 3 6 6 3 3 4 1 7 3 10 8
3 3 76 60 14 18 31 68
5 3 75 62 80 72 49 65 2 51
#c 4 10 5 0 2 1 6 10 8 11 11 8 10 1 3 10 10 7 5 1 8 10 11 11 4 4 2 4 2 0 10 5 9 9 11 6 0 1 2 2 0 7 8 7 0 7 1 9 0 3 9 5 0 9 6 0 6 11 4 6 3 7 3 8 2 5 9 1 5 7 8 9 3 6 6 3 3 4 1 7 3 10 8
2 2 27 0 13 5
4 5 58 25 77 24 37 46 19 78 67
#c 4 10 5 0 2 1 6 10 8 11 11 8 10 1 3 10 10 7 5 1 8 10 11 11 4 4 2 4 2 0 10 5 9 9 11 6 0 1 2 2 0 7 8 7 0 7 1 9 0 3 9 5 0 9 6 0 6 11 4 6 3 7 3 8 2 5 9 1 5 7 8 9 3 6 6 3 3 4 1 7 3 10 8
#c 4 10 5 0 2 1 6 10 8 11 11 8 10 1 3 10 10 7 5 1 8 10 11 11 4 4 2 4 2 0 10 5 9 9 11 6 0 1 2 2 0 7 8 7 0 7 1 9 0 3 9 5 0 9 6 0 6 11 4 6 3 7 3 8 2 5 9 1 5 7 8 9 3 6 6 3 3 4 1 7 3 10 8
1 1 59 25
6 5 6 54 56 73 74 35 58 27 77 24 0
#c 4 10 5 0 2 1 6 10 8 11 11 8 10 1 3 10 10 7 5 1 8 10 11 11 4 4 2 4 2 0 10 5 9 9 11 6 0 1 2 2 0 7 8 7 0 7 1 9 0 3 9 5 0 9 6 0 6 11 4 6 3 7 3 8 2 5 9 1 5 7 8 9 3 6 6 3 3 4 1 7 3 10 8
1 1 41 14
6 7 43 79 45 17 61 69 75 62 76 80 72 60 49
#c 4 10 5 0 2 1 6 10 8 11 11 8 10 1 3 10 10 7 5 1 8 10 11 11 4 4 2 4 2 0 10 5 9 9 11 6 0 1 2 2 0 7 8 7 0 7 1 9 0 3 9 5 0 9 6 0 6 11 4 6 3 7 3 8 2 5 9 1 5 7 8 9 3 6 6 3 3 4 1 7 3 10 8
2 2 63 42 77 0
5 4 20 11 8 70 82 58 25 27 24
#c 4 10 5 0 2 1 6 10 8 11 11 8 10 1 3 10 10 7 5 1 8 10 11 11 4 4 2 4 2 0 10 5 9 9 11 6 0 1 2 2 0 7 8 7 0 7 1 9 0 3 9 5 0 9 6 0 6 11 4 6 3 7 3 8 2 5 9 1 5 7 8 9 3 6 6 3 3 4 1 7 3 10 8
3 3 53 33 71 82 70 63
4 4 66 47 32 50 20 42 11 8
#c 4 10 5 0 2 1 6 10 8 11 11 8 10 1 3 10 10 7 5 1 8 10 11 11 4 4 2 4 2 0 10 5 9 9 11 6 0 1 2 2 0 7 8 7 0 7 1 9 0 3 9 5 0 9 6 0 6 11 4 6 3 7 3 8 2 5 9 1 5 7 8 9 3 6 6 3 3 4 1 7 3 10 8
#c 4 10 5 0 2 1 6 10 8 11 11 8 10 1 3 10 10 7 5 1 8 10 11 11 4 4 2 4 2 0 10 5 9 9 11 6 0 1 2 2 0 7 8 7 0 7 1 9 0 3 9 5 0 9 6 0 6 11 4 6 3 7 3 8 2 5 9 1 5 7 8 9 3 6 6 3 3 4 1 7 3 10 8
1 1 34 6
4 10 5 0 2 1 6 10 8 11 11 8 10 1 3 10 10 7 5 1 8 10 11 11 4 4 2 4 2 0 10 5 9 9 11 6 0 1 2 2 0 7 8 7 0 7 1 9 0 3 9 5 0 9 6 0 6 11 4 6 3 7 3 8 2 5 9 1 5 7 8 9 3 6 6 3 3 4 1 7 3 10 8
