#c 0 1 2 3 4 5 6 7 8 9 10 11 12 13 0 1 2 3 4 5 6 7 8 9 10 11 12 13 0 1 2 3 4 5 6 7 8 9 10 11 12 13 0 1 2 3 4 5 6 7 8 9 10 11 12 13 0 1 2 3 4 5 6 7 8 9 10 11 12 13 0 1 2 3
1 1 57 62
5 4 1 15 29 43 71 6 20 34 48
#c 0 1 2 3 4 5 6 7 8 9 10 11 12 13 0 1 2 3 4 5 6 7 8 9 10 11 12 13 0 1 2 3 4 5 6 7 8 9 10 11 12 13 0 1 2 3 4 5 6 7 8 9 10 11 12 13 0 1 2 3 4 5 6 7 8 9 10 11 12 13 0 1 2 3
1 1 44 49
5 4 2 16 30 58 72 7 21 35 63
#c 0 1 2 3 4 5 6 7 8 9 10 11 12 13 0 1 2 3 4 5 6 7 8 9 10 11 12 13 0 1 2 3 4 5 6 7 8 9 10 11 12 13 0 1 7 3 4 5 6 2 8 9 10 11 12 13 0 1 2 3 4 5 6 7 8 9 10 11 12 13 0 1 2 3
3 3 17 31 45 2 16 30
3 3 3 59 73 58 72 49
#c 0 1 3 3 4 5 6 7 8 9 10 11 12 13 0 1 3 2 4 5 6 7 8 9 10 11 12 13 0 1 3 2 4 5 6 7 8 9 10 11 12 13 0 1 7 2 4 5 6 2 8 9 10 11 12 13 0 1 2 3 4 5 6 7 8 9 10 11 12 13 0 1 2 3
2 2 18 4 28 0
3 4 32 46 60 14 42 56 70
#c 0 1 3 3 4 5 6 7 8 9 10 11 12 13 0 1 3 2 4 5 6 7 8 9 10 11 12 13 0 1 3 2 4 5 6 7 8 9 10 11 12 13 0 1 7 2 4 5 6 2 8 9 10 11 12 13 0 1 2 3 4 5 6 7 8 9 10 11 12 13 0 1 2 3
1 1 61 36
4 4 5 19 33 47 8 22 50 64
#c 0 1 3 3 4 5 6 7 8 9 10 11 12 13 0 1 3 2 4 5 6 7 8 9 10 11 12 13 0 1 3 2 4 5 6 7 8 9 10 11 12 13 0 1 7 2 4 5 6 2 8 9 10 11 12 13 0 1 2 3 4 5 6 7 8 9 10 11 12 13 0 1 2 3
2 2 20 34 54 68
3 3 6 48 62 12 26 40
#c 0 1 3 3 4 5 6 7 8 9 10 11 12 13 0 1 3 2 4 5 6 7 8 9 10 11 12 13 0 1 3 2 4 5 6 7 8 9 10 11 12 13 0 1 7 2 4 5 6 2 8 9 10 11 12 13 0 1 2 3 4 5 6 7 8 9 10 11 12 13 0 1 2 3
1 1 7 28
4 5 21 35 63 44 0 14 42 56 70
#c 0 1 3 3 4 5 6 0 8 9 10 11 12 13 0 1 3 2 4 5 6 7 8 9 10 11 12 13 7 1 3 2 4 5 6 7 8 9 10 11 12 13 0 1 7 2 4 5 6 2 8 9 10 11 12 13 0 1 2 3 4 5 6 7 8 9 10 11 12 13 0 1 2 3
#c 0 1 3 3 4 5 6 0 8 9 10 11 12 13 0 1 3 2 4 5 6 7 8 9 10 11 12 13 7 1 3 2 4 5 6 7 8 9 10 11 12 13 0 1 7 2 4 5 6 2 8 9 10 11 12 13 0 1 2 3 4 5 6 7 8 9 10 11 12 13 0 1 2 3
1 1 65 63
4 4 9 23 37 51 21 35 44 28
#c 0 1 3 3 4 5 6 0 8 9 10 11 12 13 0 1 3 2 4 5 6 7 8 9 10 11 12 13 7 1 3 2 4 5 6 7 8 9 10 11 12 13 0 1 7 2 4 5 6 2 8 9 10 11 12 13 0 1 2 3 4 5 6 7 8 9 10 11 12 13 0 1 2 3
1 1 10 35
4 4 24 38 52 66 21 63 44 28
#c 0 1 3 3 4 5 6 0 8 9 10 11 12 13 0 1 3 2 4 5 6 7 8 9 10 11 12 13 7 1 3 2 4 5 6 7 8 9 10 11 12 13 0 1 7 2 4 5 6 2 8 9 10 11 12 13 0 1 2 3 4 5 6 7 8 9 10 11 12 13 0 1 2 3
#c 0 1 3 3 4 5 6 0 8 9 10 11 12 13 0 1 3 2 4 5 6 7 8 9 10 11 12 13 7 1 3 2 4 5 6 7 8 9 10 11 12 13 0 1 7 2 4 5 6 2 8 9 10 11 12 13 0 1 2 3 4 5 6 7 8 9 10 11 12 13 0 1 2 3
2 4 54 12 22 50 36 64
3 1 26 40 68 8
#c 0 1 3 3 4 5 6 0 8 9 10 11 12 13 0 1 3 2 4 5 6 7 8 9 10 11 12 13 7 1 3 2 4 5 6 7 8 9 10 11 12 13 0 1 7 2 4 5 6 2 8 9 10 11 12 13 0 1 2 3 4 5 6 7 8 9 10 11 12 13 0 1 2 3
2 2 55 41 32 4
3 3 13 27 69 18 46 60
#c 0 1 3 3 4 5 6 0 8 9 10 11 12 13 0 1 3 2 4 5 6 7 8 9 10 11 12 13 7 1 3 2 4 5 6 7 8 9 10 11 12 13 0 1 7 2 4 5 6 2 8 9 10 11 12 13 0 1 2 3 4 5 6 7 8 9 10 11 12 13 0 1 2 3
3 3 70 14 56 23 51 37
3 2 0 42 7 9 65
#c 0 1 3 3 4 5 6 0 8 9 10 11 12 13 0 1 3 2 4 5 6 7 8 9 10 11 12 13 7 1 3 2 4 5 6 7 8 9 10 11 12 13 0 1 7 2 4 5 6 2 8 9 10 11 12 13 0 1 2 3 4 5 6 7 8 9 10 11 12 13 0 1 2 3
3 3 71 15 43 40 54 12
3 2 1 29 57 26 68
#c 0 1 3 3 4 5 6 0 8 9 10 11 1 13 0 12 3 2 4 5 6 7 8 9 10 11 12 13 7 1 3 2 4 5 6 7 8 9 10 11 1 13 0 12 7 2 4 5 6 2 8 9 10 11 1 13 0 1 2 3 4 5 6 7 8 9 10 11 12 13 0 12 2 3
1 1 58 43
5 4 72 49 17 31 45 26 68 71 15
#c 0 1 3 3 4 5 6 0 8 9 10 11 1 13 0 12 3 2 4 5 6 7 8 9 10 11 12 13 7 1 3 2 4 5 6 7 8 9 10 11 1 13 0 2 7 2 4 5 6 2 8 9 10 11 1 13 0 1 12 3 4 5 6 7 8 9 10 11 12 13 0 12 2 3
1 2 16 27 69
5 3 3 59 73 2 30 13 41 55
#c 0 1 3 3 4 5 6 0 8 9 10 11 1 13 0 12 13 2 4 5 6 7 8 9 10 11 12 3 7 1 3 2 4 5 6 7 8 9 10 11 1 13 0 2 7 2 4 5 6 2 8 9 10 11 1 13 0 1 12 3 4 5 6 7 8 9 10 11 12 3 0 12 2 3
1 1 32 48
4 4 4 18 46 60 6 20 34 62
#c 0 1 3 3 4 5 6 0 8 9 10 11 1 13 0 12 13 2 4 5 6 7 8 9 10 11 12 3 7 1 3 2 6 5 6 7 8 9 10 11 1 13 0 2 7 2 4 5 4 2 8 9 10 11 1 13 0 1 12 3 4 5 6 7 8 9 10 11 12 3 0 12 2 3
2 2 5 61 65 51
3 3 19 33 47 9 23 37
#c 0 1 3 3 4 9 6 0 8 9 10 11 1 13 0 12 13 2 4 5 6 7 8 9 10 11 12 3 7 1 3 2 6 5 6 7 8 9 10 11 1 13 0 2 7 2 4 5 4 2 8 5 10 11 1 13 0 1 12 3 4 9 6 7 8 5 10 11 12 3 0 12 2 3
2 2 32 6 52 24
3 3 20 34 62 10 38 66
#c 0 1 3 3 4 9 10 0 8 9 10 11 1 13 0 12 13 2 4 5 6 7 8 9 6 11 12 3 7 1 3 2 10 5 6 7 8 9 10 11 1 13 0 2 7 2 4 5 4 2 8 5 6 11 1 13 0 1 12 3 4 9 6 7 8 5 10 11 12 3 0 12 2 3
1 1 44 62
4 4 21 35 63 28 20 34 52 24
#c 0 1 3 3 4 9 10 0 8 9 10 11 1 13 0 12 13 2 4 5 6 7 8 9 6 11 12 3 7 1 3 2 10 5 6 7 8 9 10 11 1 13 0 2 7 2 4 5 4 2 8 5 6 11 1 13 0 1 12 3 4 9 6 7 8 5 10 11 12 3 0 12 2 3
1 1 8 55
4 3 22 36 50 64 13 41 16
#c 0 1 3 3 4 9 10 0 13 9 10 11 1 13 0 12 13 2 4 5 6 7 8 9 6 11 12 3 7 1 3 2 10 5 6 7 8 9 10 11 1 13 0 2 7 2 4 5 4 2 8 5 6 11 1 8 0 1 12 3 4 9 6 7 8 5 10 11 12 3 0 12 2 3
2 2 5 23 24 20
3 3 9 37 61 34 62 52
#c 0 1 3 3 4 6 10 0 13 9 10 11 1 13 0 12 13 2 4 5 9 7 8 6 9 11 12 3 7 1 3 2 10 5 6 7 8 9 10 11 1 13 0 2 7 2 4 5 4 2 8 5 6 11 1 8 0 1 12 3 4 9 6 7 8 5 10 11 12 3 0 12 2 3
1 1 38 68
4 4 10 66 32 6 26 71 15 58
#c 0 1 3 3 4 6 10 0 13 9 10 11 1 13 0 12 13 2 4 5 9 7 8 6 9 11 12 3 7 1 3 2 10 5 6 7 8 9 10 11 1 13 0 2 7 2 4 5 4 2 8 5 6 11 1 8 0 1 12 3 4 9 6 7 8 5 10 11 12 3 0 12 2 3
1 2 39 4 18
4 3 11 25 53 67 46 60 48
#c 0 1 3 3 11 6 10 0 13 9 10 11 1 13 0 12 13 2 11 5 9 7 8 6 9 11 12 3 7 1 3 2 10 5 6 7 8 9 10 4 1 13 0 2 7 2 4 5 4 2 8 5 6 11 1 8 0 1 12 3 4 9 6 7 8 5 10 11 12 3 0 12 2 3
1 1 68 24
4 4 26 71 15 58 9 37 61 20
#c 0 1 3 3 11 6 10 0 13 9 10 11 1 13 0 12 13 2 11 5 9 7 8 6 9 11 12 3 7 1 3 2 10 5 6 7 8 9 10 4 1 13 0 2 7 2 4 5 4 2 8 5 6 11 1 8 0 1 12 3 4 9 6 7 8 5 10 11 12 3 0 12 2 3
1 1 13 65
3 4 41 16 8 19 33 47 51
#c 0 1 3 3 11 6 10 0 13 9 10 11 1 13 0 12 13 2 11 5 9 7 8 6 9 11 12 3 7 1 3 2 10 5 6 7 8 9 10 4 1 13 0 2 7 2 4 5 4 2 8 5 6 11 1 8 0 1 12 3 4 9 6 7 8 5 10 11 12 3 0 12 2 3
3 3 70 0 7 25 53 4
3 3 14 42 56 11 67 18
#c 0 1 3 3 11 6 10 0 13 9 10 11 1 13 0 12 13 2 11 5 9 7 8 6 9 11 12 3 7 1 3 2 10 5 6 7 8 9 10 4 1 13 0 2 7 2 4 5 4 2 8 5 6 11 1 8 0 1 12 3 4 9 6 7 8 5 10 11 12 3 0 12 2 3
1 1 57 8
5 3 1 29 40 54 12 13 41 16
#c 0 1 3 3 11 6 10 0 13 9 10 11 1 13 0 12 13 2 11 5 9 7 8 6 9 11 12 3 7 1 3 2 10 5 6 7 8 9 10 4 1 13 0 2 7 2 4 5 4 2 8 5 6 11 1 8 0 1 12 3 4 9 6 7 8 5 10 11 12 3 0 12 2 3
#c 0 1 3 3 11 6 10 0 13 9 10 11 1 13 0 12 13 2 11 5 9 7 8 6 9 11 12 3 7 1 3 2 10 5 6 7 8 9 10 4 1 13 0 2 7 2 4 5 4 2 8 5 6 11 1 8 0 1 12 3 4 9 6 7 8 5 10 11 12 3 0 12 2 3
2 1 27 69 42
5 5 3 59 73 2 30 0 14 56 70 7
#c 0 1 3 3 11 6 10 0 13 9 10 11 1 13 0 12 13 2 11 5 9 7 8 6 9 11 12 3 7 1 3 2 10 5 6 7 8 9 10 4 1 13 0 2 7 2 4 5 4 2 8 5 6 11 1 8 0 1 12 3 4 9 6 7 8 5 10 11 12 3 0 12 2 3
1 1 60 36
3 4 46 48 39 22 50 64 55
#c 0 1 3 3 11 6 10 0 13 9 10 11 1 13 0 12 13 2 11 5 9 7 8 6 9 11 12 3 7 1 3 2 10 5 6 7 4 9 10 4 1 13 0 2 7 2 4 5 4 2 8 5 6 11 1 8 0 1 12 3 8 9 6 7 8 5 10 11 12 3 0 12 2 3
1 1 33 1
4 5 19 47 65 51 29 57 40 54 12
#c 0 5 3 3 11 6 10 0 13 9 10 11 1 13 0 12 13 2 11 5 9 7 8 6 9 11 12 3 7 1 3 2 10 1 6 7 4 9 10 4 1 13 0 2 7 2 4 5 4 2 8 5 6 11 1 8 0 1 12 3 8 9 6 7 8 5 10 11 12 3 0 12 2 3
1 1 5 47
4 4 34 62 52 23 19 65 51 1
#c 0 5 3 3 11 6 10 0 13 9 10 11 1 13 0 12 13 2 11 5 9 7 8 6 9 11 12 3 7 1 3 2 10 1 6 7 4 9 10 4 1 13 0 2 7 2 4 5 4 2 8 5 6 11 1 8 0 1 12 3 8 9 6 7 8 5 10 11 12 3 0 12 2 3
2 3 21 35 65 1 51
3 2 63 44 28 19 47
#c 0 5 3 3 11 6 10 0 13 9 10 11 1 13 0 12 13 2 11 5 9 7 8 6 9 11 12 3 7 1 3 2 10 1 6 7 4 9 10 4 1 13 0 2 7 2 4 5 4 2 8 5 6 11 1 8 0 1 12 3 8 9 6 7 8 5 10 11 12 3 0 12 2 3
2 2 60 64 51 65
3 3 22 50 55 19 47 1
#c 0 5 3 3 11 6 10 0 13 9 10 11 1 13 0 12 13 2 11 5 9 7 8 6 9 11 12 3 7 1 3 2 10 1 6 7 4 9 10 4 1 13 0 2 7 2 4 5 4 2 8 5 6 11 1 8 0 1 12 3 8 9 6 7 8 5 10 11 12 3 0 12 2 3
2 2 20 61 54 29
3 4 9 37 24 57 40 12 33
#c 0 5 3 3 11 6 10 0 13 9 10 11 1 13 0 12 13 2 11 5 9 7 8 6 9 11 12 3 7 1 3 2 10 1 6 7 4 9 10 4 1 13 0 2 7 2 4 5 4 2 8 5 6 11 1 8 0 1 12 3 8 9 6 7 8 5 10 11 12 3 0 12 2 3
2 2 38 10 48 39
3 2 66 32 6 46 36
#c 0 5 3 3 11 6 10 0 13 9 4 11 1 13 0 12 13 2 11 5 9 7 8 6 9 11 12 3 7 1 3 2 10 1 6 7 4 9 4 10 1 13 0 2 7 2 4 5 10 2 8 5 6 11 1 8 0 1 12 3 8 9 6 7 8 5 10 11 12 3 0 12 2 3
#c 0 5 3 3 11 6 10 0 13 9 4 11 1 13 0 12 13 2 11 5 9 7 8 6 9 11 12 3 7 1 3 2 10 1 6 7 4 9 4 10 1 13 0 2 7 2 4 5 10 2 8 5 6 11 1 8 0 1 12 3 8 9 6 7 8 5 10 11 12 3 0 12 2 3
1 1 26 61
4 4 68 71 15 58 9 37 24 20
#c 0 5 3 3 11 6 10 0 13 9 4 11 1 13 0 12 13 2 11 5 9 7 8 6 9 11 9 3 7 1 3 2 10 1 6 7 4 9 4 10 1 13 0 2 7 2 4 5 10 2 8 5 6 11 1 8 0 1 12 3 8 12 6 7 8 5 10 11 12 3 0 12 2 3
2 2 16 8 23 62
2 3 13 41 34 52 5
#c 0 5 3 3 11 6 10 0 6 9 4 11 1 13 0 12 6 2 11 5 9 7 8 13 9 11 9 3 7 1 3 2 10 1 6 7 4 9 4 10 1 13 0 2 7 2 4 5 10 2 8 5 6 11 1 8 0 1 12 3 8 12 13 7 8 5 10 11 12 3 0 12 2 3
3 3 42 7 14 46 36 38
3 1 0 56 70 10
#c 0 5 3 3 11 6 10 4 6 9 4 11 1 13 4 12 6 2 11 5 9 7 8 13 9 11 9 3 7 1 3 2 10 1 6 7 0 9 0 10 1 13 4 2 7 2 0 5 10 2 8 5 6 11 1 8 0 1 12 3 8 12 13 7 8 5 10 11 12 3 0 12 2 3
1 2 57 71 61
5 3 29 40 54 12 33 68 15 58
#c 0 5 3 3 11 6 10 4 6 9 4 11 1 13 4 12 6 2 11 5 9 7 8 13 9 11 9 3 7 1 3 2 10 1 6 7 0 9 0 10 1 13 4 2 7 2 0 5 10 2 8 5 6 11 1 8 0 12 12 3 8 1 13 7 8 5 10 11 12 3 0 1 2 3
3 5 31 17 49 67 25 11 4 53
3 1 72 45 43 18
#c 0 5 3 3 11 6 10 4 6 9 4 11 1 13 4 12 6 2 11 5 9 7 8 13 9 11 9 3 7 1 3 2 10 1 6 7 0 9 0 10 1 13 4 2 7 2 0 5 10 2 8 5 6 11 1 8 0 12 12 3 8 1 13 7 8 5 10 11 12 3 0 1 2 3
2 2 27 30 11 4
5 4 3 59 73 2 69 25 53 67 18
#c 0 5 3 3 3 6 10 4 6 9 4 3 1 13 4 12 6 2 11 5 9 7 8 13 9 11 9 11 7 1 11 2 10 1 6 7 0 9 0 10 1 13 4 2 7 2 0 5 10 2 8 5 6 11 1 8 0 12 12 3 8 1 13 7 8 5 10 11 12 3 0 1 2 3
1 1 10 66
3 4 42 7 14 32 6 48 39
#c 0 5 3 3 3 6 10 4 6 9 4 3 1 13 4 12 6 2 11 5 9 7 8 13 9 11 9 11 7 1 11 2 10 1 6 7 0 9 0 10 1 13 4 2 7 2 0 5 10 2 8 5 6 11 1 8 0 12 12 3 8 1 13 7 8 5 10 11 12 3 0 1 2 3
1 1 51 27
4 5 19 47 65 1 25 53 67 18 30
#c 0 5 3 3 3 6 10 4 6 9 4 3 1 13 4 12 6 2 11 5 9 7 8 13 9 11 9 5 7 1 11 2 10 1 6 7 0 9 0 10 1 13 4 2 7 2 0 5 10 2 8 11 6 11 1 8 0 12 12 3 8 1 13 7 8 5 10 11 12 3 0 1 2 3
2 2 5 8 37 9
3 3 34 52 16 24 20 26
#c 0 5 3 3 3 9 10 4 9 6 4 3 1 13 4 12 6 2 11 5 9 7 8 13 9 11 9 5 7 1 11 2 10 1 6 7 0 6 0 10 1 13 4 2 7 2 0 5 10 2 8 11 6 11 1 8 0 12 12 3 8 1 13 7 8 5 10 11 12 3 0 1 2 3
2 2 28 21 45 17
3 4 35 63 44 72 49 31 43
#c 0 5 3 3 3 9 10 4 9 6 4 3 1 13 4 12 6 2 11 5 9 7 8 13 9 11 9 5 7 1 11 2 10 1 6 7 0 6 0 10 1 13 4 2 7 2 0 5 10 2 8 11 6 11 1 8 0 12 12 3 8 1 13 7 8 5 10 11 12 3 0 1 2 3
2 3 22 55 28 63 35
3 2 50 64 60 21 44
#c 0 5 3 3 3 9 10 4 9 6 4 3 1 13 4 12 6 2 11 5 9 7 8 13 9 11 9 5 7 1 11 2 10 1 6 7 0 6 0 10 1 13 4 2 7 2 0 5 10 2 8 11 6 11 1 8 0 12 12 3 8 1 13 7 8 5 10 11 12 3 0 1 2 3
1 1 24 13
4 3 20 26 5 8 41 23 62
#c 0 5 3 3 3 9 10 4 9 6 4 3 1 9 4 12 6 2 11 5 9 7 8 13 13 11 9 5 7 1 11 2 10 1 6 7 0 6 0 10 1 13 4 2 7 2 0 5 10 2 8 11 6 11 1 8 0 12 12 3 8 1 13 7 8 5 10 11 12 3 0 1 2 3
2 2 66 39 54 29
3 5 32 6 48 40 12 33 71 61
#c 0 5 3 3 3 9 10 4 9 6 4 3 1 9 4 12 6 2 11 5 9 7 8 13 13 11 9 5 7 1 11 2 10 1 6 7 0 6 0 10 1 13 4 2 7 2 0 5 10 2 8 11 6 11 1 8 0 12 12 3 8 1 13 7 8 5 10 11 12 3 0 1 2 3
1 1 18 68
5 3 25 53 67 30 51 15 58 57
#c 0 5 3 3 3 9 10 4 9 6 4 3 1 9 4 12 6 2 12 5 9 7 8 13 13 11 9 5 7 1 11 2 10 1 6 7 0 6 0 10 1 13 4 2 7 2 0 5 10 2 8 11 6 11 1 8 0 12 12 3 8 1 13 7 8 5 10 11 11 3 0 1 2 3
2 4 15 57 29 61 71 54
2 3 58 18 40 12 33
#c 0 5 3 3 3 9 10 4 9 6 4 3 1 9 4 12 6 2 12 5 9 7 8 13 13 11 9 5 7 1 11 2 10 1 6 7 0 6 0 10 1 13 4 2 7 2 0 5 10 2 8 11 6 11 1 8 0 12 12 3 8 1 13 7 8 5 10 11 11 3 0 1 2 3
1 1 23 39
3 4 41 62 24 66 32 6 48
#c 0 5 3 3 3 9 10 4 9 6 4 3 1 9 4 12 6 2 12 5 9 7 8 10 13 11 9 5 7 1 11 2 10 1 6 7 0 6 0 13 1 13 4 2 7 2 0 5 10 2 8 11 6 11 1 8 0 12 12 3 8 1 13 7 8 5 10 11 11 3 0 1 2 3
2 2 46 0 27 65
4 3 56 70 36 38 19 47 1
#c 0 5 3 3 3 9 10 4 9 6 4 3 1 9 4 12 6 2 12 5 9 7 8 10 13 11 9 5 7 1 11 2 10 1 6 7 0 6 0 13 1 13 4 2 7 2 0 5 10 2 8 11 6 11 1 8 0 12 12 3 8 1 13 7 8 5 10 11 11 3 0 1 2 3
2 2 71 29 15 58
5 2 40 54 12 33 61 57 18
#c 0 5 3 3 3 9 10 4 9 6 4 3 1 9 4 12 6 2 12 5 9 7 8 10 13 11 9 5 7 1 11 2 10 1 6 7 0 6 0 13 1 13 4 2 7 2 0 5 10 2 8 11 6 11 1 8 0 12 12 3 8 1 13 7 8 5 10 11 11 3 0 1 2 3
1 1 31 33
5 6 72 49 17 45 43 29 40 54 12 71 61
#c 0 5 3 3 3 9 10 4 9 6 4 3 1 9 4 12 6 2 12 5 9 7 8 10 13 11 9 5 7 1 11 1 10 2 6 7 0 6 0 13 1 13 4 2 7 2 0 5 10 2 8 11 6 11 1 8 0 12 12 3 8 1 13 7 8 5 10 11 11 3 0 1 2 3
#c 0 5 3 3 3 9 10 4 9 6 4 3 1 9 4 12 6 2 12 5 9 7 8 10 13 11 9 5 7 1 11 1 10 2 6 7 0 6 0 13 1 13 4 2 7 2 0 5 10 2 8 11 6 11 1 8 0 12 12 3 8 1 13 7 8 5 10 11 11 3 0 1 2 3
1 1 10 58
3 3 42 7 14 15 57 18
#c 0 5 3 3 3 9 10 4 9 6 4 3 1 9 4 12 6 2 12 5 9 7 8 10 13 11 9 5 7 1 11 1 10 2 6 7 0 6 0 13 1 13 4 2 7 2 0 5 10 2 8 11 6 11 1 8 0 12 12 3 8 1 13 7 8 5 10 11 11 3 0 1 2 3
#c 0 5 3 3 3 9 10 4 9 6 4 3 1 9 4 12 6 2 12 5 9 7 8 10 13 11 9 5 7 1 11 1 10 2 6 7 0 6 0 13 1 13 4 2 7 2 0 5 10 2 8 11 6 11 1 8 0 12 12 3 8 1 13 7 8 5 10 11 11 3 0 1 2 3
2 2 37 34 48 32
3 3 52 16 9 66 6 23
#c 0 5 3 3 3 9 10 4 9 6 4 3 1 9 4 12 6 2 12 5 9 7 8 10 13 11 9 5 7 1 11 1 10 2 6 7 0 6 0 13 1 13 4 2 7 2 0 5 10 2 8 11 6 11 1 8 0 12 12 3 8 1 13 7 8 5 10 11 11 3 0 1 2 3
1 1 44 25
4 5 21 35 63 28 53 67 30 51 68
#c 0 5 3 3 3 9 10 4 9 6 4 3 1 9 4 12 6 2 12 5 9 7 8 10 13 11 9 5 7 1 11 1 10 2 6 7 0 6 0 13 1 13 4 2 7 2 0 5 10 2 8 11 6 11 1 8 0 12 12 3 8 1 13 7 8 5 10 11 11 3 0 1 2 3
1 1 55 37
4 4 22 50 64 60 34 52 16 9
#c 0 5 3 3 3 9 10 4 9 6 4 3 1 9 4 12 6 2 12 5 9 7 8 10 13 11 9 5 7 1 11 1 10 2 6 7 0 6 0 13 1 13 4 2 7 2 0 5 10 2 8 11 6 11 1 8 0 12 12 3 8 1 13 7 8 5 10 11 11 3 0 1 2 3
1 3 13 52 16 34
4 2 20 26 5 8 37 9
#c 0 5 3 3 3 9 10 4 9 6 4 3 1 9 4 12 6 2 12 5 9 7 8 10 13 11 9 5 7 1 11 1 10 2 6 7 0 6 0 13 1 13 4 2 7 2 0 5 10 2 8 11 6 11 1 8 0 12 12 3 8 1 13 7 8 5 10 11 11 3 0 1 2 3
2 2 48 23 20 8
3 3 66 32 6 26 5 13
#c 0 5 3 3 3 9 10 4 9 6 4 3 1 9 4 12 6 2 12 5 9 7 8 10 13 11 9 5 7 1 11 1 10 2 6 7 0 6 0 13 1 13 4 2 7 2 0 5 10 2 8 11 6 11 1 8 0 12 12 3 8 1 13 7 8 5 10 11 11 3 0 1 2 3
1 1 30 9
5 4 25 53 67 51 68 34 52 16 37
#c 0 5 3 3 3 9 10 4 9 6 4 3 1 9 4 12 6 2 12 5 9 7 8 10 13 11 9 5 7 1 11 1 10 2 6 7 0 6 0 13 1 13 4 2 7 2 0 5 10 2 8 11 6 11 1 8 0 12 12 3 8 1 13 7 8 5 10 11 11 3 0 1 2 3
2 2 15 57 20 5
2 3 58 18 26 8 13
#c 0 5 3 3 3 9 10 4 9 6 4 3 1 9 4 12 6 2 12 5 9 7 8 10 13 11 9 5 7 1 11 1 10 2 6 7 0 6 0 13 1 13 4 2 7 2 0 5 10 2 8 11 6 11 1 8 0 12 12 3 8 1 13 7 8 5 10 11 11 3 0 1 2 3
1 1 41 44
3 4 62 24 39 21 35 63 28
#c 0 5 3 3 3 9 10 4 9 6 4 3 1 9 4 12 6 2 12 5 9 7 8 10 13 11 9 5 7 1 11 1 10 2 6 7 0 6 0 13 1 13 4 2 7 2 0 5 10 2 8 11 6 11 1 8 0 12 12 3 8 1 13 7 8 5 10 11 11 3 0 1 2 3
3 3 36 0 38 27 1 65
3 2 56 70 46 19 47
#c 0 5 3 3 3 9 10 4 9 6 4 3 1 9 4 12 6 2 12 5 9 7 8 10 13 11 9 5 7 1 11 1 10 2 6 7 0 6 0 13 1 13 4 2 7 2 0 5 10 2 8 11 6 11 1 8 0 12 12 3 8 1 13 7 8 5 10 11 11 3 0 1 2 3
1 1 54 42
6 3 29 40 12 71 61 31 10 7 14
#c 0 5 3 3 3 9 10 4 9 6 4 3 1 9 4 12 6 2 12 5 9 7 8 10 13 11 9 5 7 1 11 1 10 2 6 7 0 6 0 13 1 13 4 2 7 2 0 5 10 2 8 11 6 11 1 8 0 12 12 3 8 1 13 7 8 5 10 11 11 3 0 1 2 3
3 3 49 43 17 23 66 6
3 2 72 45 33 32 48
#c 0 5 3 3 3 9 2 4 9 6 4 3 1 9 4 12 6 10 12 5 9 7 8 2 13 11 9 5 7 1 11 1 10 2 6 7 0 6 0 13 1 13 4 10 7 2 0 5 10 10 8 11 6 11 1 8 0 12 12 3 8 1 13 7 8 5 2 11 11 3 0 1 2 3
2 4 4 69 47 19 27 65
5 1 3 59 73 2 11 1
#c 0 5 3 3 3 9 2 4 9 6 4 3 1 9 4 12 6 10 12 5 9 7 8 2 13 11 9 5 7 1 11 1 10 2 6 7 0 6 0 13 1 13 4 10 7 2 0 5 10 10 8 11 6 11 1 8 0 12 12 3 8 1 13 7 8 5 2 11 11 3 0 1 2 3
1 1 7 54
3 6 10 42 14 29 40 12 71 61 31
#c 0 5 3 3 3 9 2 4 9 6 4 3 1 9 4 12 6 10 12 5 9 7 8 2 13 11 9 5 7 1 11 1 10 2 6 7 0 6 0 13 1 13 4 10 7 2 0 5 10 10 8 11 6 11 1 8 0 12 12 3 8 1 13 7 8 5 2 11 11 3 0 1 2 3
1 1 47 24
4 3 19 65 1 27 41 62 39
#c 0 5 3 3 3 9 2 4 9 6 4 3 1 9 4 12 6 10 12 5 9 7 8 2 13 11 9 5 7 1 11 1 10 2 6 7 0 6 0 13 1 13 4 10 7 2 0 5 10 10 8 11 6 11 1 8 0 12 12 3 8 1 13 7 8 5 2 11 11 3 0 1 2 3
1 1 9 63
4 4 34 52 16 37 21 35 44 28
#c 0 5 3 3 3 9 2 4 9 7 4 3 1 9 4 12 6 10 12 5 9 7 8 2 13 11 9 5 7 1 11 1 10 2 6 7 0 6 0 13 1 13 4 10 7 2 0 5 10 10 8 11 6 11 1 8 0 12 12 3 8 1 13 6 8 5 2 11 11 3 0 1 2 3
2 2 28 44 30 67
3 4 21 35 9 25 53 51 68
#c 0 5 3 3 3 9 2 4 9 7 4 3 1 9 4 12 6 10 12 5 9 7 8 2 13 11 9 5 7 1 11 1 10 2 6 7 0 6 0 13 1 13 4 10 7 2 0 5 10 10 8 11 6 11 1 8 0 12 12 3 8 1 13 6 8 5 2 11 11 3 0 1 2 3
2 2 22 60 46 36
3 4 50 64 55 0 56 70 38
#c 0 5 3 3 3 9 2 4 9 7 4 3 1 9 4 12 6 10 12 5 9 7 8 2 13 11 9 5 7 1 11 1 10 2 6 7 0 6 0 13 1 13 4 10 7 2 0 5 10 10 8 11 6 11 1 8 0 12 12 3 8 1 13 6 8 5 2 11 11 3 0 1 2 3
1 1 20 49
4 4 26 5 8 13 32 48 43 17
#c 0 5 3 3 3 9 2 4 9 7 4 3 1 9 4 12 6 10 12 5 9 7 8 2 13 11 9 5 7 1 11 1 10 2 6 7 0 6 0 13 1 13 4 10 7 2 0 5 10 10 8 11 6 11 1 8 0 12 12 3 8 1 13 6 8 5 2 11 11 3 0 1 2 3
1 1 49 7
4 3 32 48 43 17 10 42 14
#c 0 5 3 3 3 9 2 10 9 7 4 3 1 9 4 12 6 10 12 5 9 7 8 2 13 11 9 5 7 1 11 1 10 2 6 7 0 6 0 13 1 13 4 10 7 2 0 5 10 4 8 11 6 11 1 8 0 12 12 3 8 1 13 6 8 5 2 11 11 3 0 1 2 3
2 3 30 51 48 32 43
4 2 25 53 67 68 17 7
#c 0 5 3 3 3 9 2 10 9 7 4 3 1 9 4 12 6 10 12 5 9 7 8 2 13 11 9 5 7 1 11 1 10 2 6 7 0 6 0 13 1 13 4 10 7 2 0 5 10 4 8 11 6 11 1 8 0 12 12 3 8 1 13 6 8 5 2 11 11 3 0 1 2 3
2 2 15 18 23 66
2 4 58 57 72 45 33 6
#c 0 5 3 3 3 9 2 10 9 7 4 3 1 9 4 12 6 10 12 5 9 7 8 2 13 11 9 5 7 1 11 1 10 2 6 7 0 6 0 13 1 13 4 10 7 2 0 5 10 4 8 11 6 11 1 8 0 12 12 3 8 1 13 6 8 5 2 11 11 3 0 1 2 3
#c 0 5 3 3 3 9 2 10 9 7 4 3 1 9 4 12 6 10 12 5 9 7 8 2 13 11 9 5 7 1 11 1 10 2 6 7 0 6 0 13 1 13 4 10 7 2 0 5 10 4 8 11 6 11 1 8 0 12 12 3 8 1 13 6 8 5 2 11 11 3 0 1 2 3
1 1 70 19
5 4 0 56 46 36 38 47 65 1 27
#c 0 5 3 3 3 9 2 10 9 7 4 3 1 9 4 12 6 10 12 0 9 7 8 2 13 11 9 5 7 1 11 1 10 2 6 7 0 6 0 13 1 13 4 10 7 2 0 5 10 4 8 11 6 11 1 8 0 12 12 3 8 1 13 6 8 5 2 11 11 3 5 1 2 3
3 3 12 71 29 50 60 22
4 2 40 54 61 31 64 55
#c 0 5 3 3 3 9 2 10 9 7 4 3 1 9 4 12 6 10 12 0 9 7 8 2 13 11 9 5 7 1 11 1 10 2 6 7 0 6 0 13 1 13 4 10 7 2 0 5 10 4 8 11 6 11 1 8 0 12 12 3 8 1 13 6 8 5 2 11 11 3 5 1 2 3
2 3 45 6 38 19 46
4 3 72 33 23 66 0 56 36
#c 0 5 3 3 3 9 2 10 9 7 4 3 1 9 4 12 6 10 12 0 9 7 8 2 13 11 9 5 7 1 11 1 10 2 6 7 0 6 0 13 1 13 4 10 7 2 0 5 10 4 8 11 6 11 1 8 0 12 12 3 8 1 13 6 8 5 2 11 11 3 5 1 2 3
3 3 11 69 3 50 55 64
4 2 59 73 2 4 22 60
#c 0 5 3 3 3 9 2 10 9 7 4 3 1 9 4 12 6 10 12 0 9 7 8 2 13 11 9 5 7 1 11 1 10 2 6 7 0 6 0 13 1 13 4 10 7 2 0 5 10 4 8 11 6 11 1 8 0 12 12 3 8 1 13 6 8 5 2 11 11 3 5 1 2 3
2 1 14 49 24
2 3 10 42 41 62 39
#c 0 5 3 3 3 9 2 10 9 7 4 3 1 9 4 12 6 10 12 0 9 7 8 2 13 11 9 5 7 1 11 1 10 2 6 7 0 6 0 13 1 13 4 10 7 2 0 5 10 4 8 11 6 11 1 8 0 12 12 3 8 1 13 6 8 5 2 11 11 3 5 1 2 3
#c 0 5 3 3 3 9 2 10 9 7 4 3 1 9 4 12 6 10 12 0 9 7 8 2 13 11 9 5 7 1 11 1 10 2 6 7 0 6 0 13 1 13 4 10 7 2 0 5 10 4 8 11 6 11 1 8 0 12 12 3 8 1 13 6 8 5 2 11 11 3 5 1 2 3
1 2 37 53 67
4 4 34 52 16 63 25 30 51 68
#c 0 5 3 3 3 9 2 10 9 7 4 3 1 9 4 12 6 10 12 0 9 7 8 2 13 11 9 5 7 1 11 1 10 2 6 7 0 11 0 13 1 13 4 10 7 2 0 5 10 4 8 11 6 6 1 8 0 12 12 3 8 1 13 6 8 5 2 6 11 3 5 1 2 3
2 2 21 44 31 61
3 5 35 28 9 29 40 54 12 71
#c 0 5 3 3 3 9 2 10 9 7 4 3 1 9 4 12 6 10 12 0 9 7 8 2 13 11 9 5 7 1 11 1 10 2 6 7 0 11 0 13 1 13 4 10 7 2 0 5 10 4 8 11 6 6 1 8 0 12 12 3 8 1 13 6 8 5 2 6 11 3 5 1 2 3
2 2 22 64 47 1
3 3 50 55 60 65 27 70
#c 0 5 3 3 3 9 2 10 9 7 4 3 1 9 4 12 6 10 12 0 9 7 8 2 13 11 9 5 7 1 11 1 10 2 6 7 0 11 0 13 1 13 4 10 7 2 0 5 10 4 8 11 6 6 1 8 0 12 12 3 8 1 13 6 8 5 2 6 11 3 5 1 2 3
1 1 26 17
4 4 20 5 8 13 32 48 43 7
#c 0 5 3 3 3 9 2 10 9 7 4 3 1 9 4 12 6 10 12 0 9 7 8 2 13 11 9 5 7 1 11 1 10 2 6 7 0 11 0 13 1 13 4 10 7 2 0 5 10 4 8 11 6 6 1 8 0 12 12 3 8 1 13 6 8 5 2 6 11 3 5 1 2 3
1 1 48 69
4 6 32 43 17 7 3 59 73 2 11 4
#c 0 5 3 3 3 9 2 10 9 7 4 3 1 9 4 12 6 10 12 0 9 7 8 2 13 11 9 5 7 1 11 1 10 2 6 7 0 11 0 13 1 13 4 10 7 2 0 5 10 4 8 11 6 6 1 8 0 12 12 3 8 1 13 6 8 5 2 6 11 3 5 1 2 3
2 2 37 51 39 41
3 2 25 30 68 62 24
#c 0 5 3 3 3 9 2 10 9 7 4 3 1 9 4 12 6 10 12 0 9 7 8 2 13 11 9 5 7 1 11 1 10 2 6 7 0 11 0 13 1 13 4 10 7 2 0 5 10 4 8 11 6 6 1 8 0 12 12 3 8 1 13 6 8 5 2 6 11 3 5 1 2 3
2 2 58 15 41 24
2 2 57 18 62 39
#c 0 5 3 3 3 9 2 10 9 7 4 3 1 9 4 12 6 10 12 0 9 7 8 2 13 11 9 5 7 1 11 1 10 2 6 7 0 11 0 13 1 13 4 10 7 2 0 5 10 4 8 11 6 6 1 8 0 12 12 3 8 1 13 6 8 5 2 6 11 3 5 1 2 3
#c 0 5 3 3 3 9 2 10 9 7 4 3 1 9 4 12 6 10 12 0 9 7 8 2 13 11 9 5 7 1 11 1 10 2 6 7 0 11 0 13 1 13 4 10 7 2 0 5 10 4 8 11 6 6 1 8 0 12 12 3 8 1 13 6 8 5 2 6 11 3 5 1 2 3
1 1 46 12
5 6 0 56 36 38 19 29 40 54 71 61 31
#c 0 5 3 3 3 9 2 10 9 7 4 3 1 9 4 12 6 10 12 0 9 7 8 2 13 11 9 5 7 1 11 1 10 2 6 7 0 11 0 13 1 13 4 10 7 2 0 5 10 4 8 11 6 6 1 8 0 12 12 3 8 1 13 6 8 5 2 6 11 3 5 1 2 3
3 3 29 40 71 14 49 42
4 1 54 12 61 31 10
#c 0 5 3 3 3 9 2 10 9 7 4 3 1 9 1 12 6 10 12 0 9 7 8 2 13 11 9 5 7 4 11 1 10 2 6 7 0 11 0 13 4 13 1 10 7 2 0 5 10 1 8 11 6 6 1 8 0 12 12 3 8 1 13 6 8 5 2 6 11 3 5 4 2 3
2 2 66 23 70 1
4 3 72 45 33 6 47 65 27
#c 0 5 3 3 3 9 2 10 9 7 4 3 1 9 1 12 6 10 12 0 9 7 8 2 13 11 9 5 7 4 11 1 10 2 6 7 0 11 0 13 4 13 1 10 7 2 0 5 10 1 8 11 6 6 1 8 0 12 12 3 8 1 13 6 8 5 2 6 11 3 5 4 2 3
#c 0 5 3 3 3 9 2 10 9 7 4 3 1 9 1 12 6 10 12 0 9 7 8 2 13 11 9 5 7 4 11 1 10 2 6 7 0 11 0 13 4 13 1 10 7 2 0 5 10 1 8 11 6 6 1 8 0 12 12 3 8 1 13 6 8 5 2 6 11 3 5 4 2 3
1 1 29 37
3 4 10 40 71 25 30 51 68
#c 0 5 3 3 3 9 2 10 9 7 4 3 1 9 1 12 6 10 12 0 9 7 8 2 13 11 9 5 7 11 11 1 10 2 6 7 0 4 0 13 4 13 1 10 7 2 0 5 10 1 8 11 6 6 1 8 0 12 12 3 8 1 13 6 8 5 2 6 11 3 5 4 2 3
2 2 1 47 30 25
3 3 65 27 70 51 68 29
#c 0 5 3 3 3 9 2 10 9 7 4 3 1 9 1 12 6 10 12 0 9 7 8 2 13 11 9 5 7 11 11 1 10 2 6 7 0 4 0 13 4 13 1 10 7 2 0 5 10 1 8 11 6 6 1 8 0 12 12 3 8 1 13 6 8 5 2 6 11 3 5 4 2 3
#c 0 5 3 3 3 9 2 10 9 7 4 3 1 9 1 12 6 10 12 0 9 7 8 2 13 11 9 5 7 11 11 1 10 2 6 7 0 4 0 13 4 13 1 10 7 2 0 5 10 1 8 11 6 6 1 8 0 12 12 3 8 1 13 6 8 5 2 6 11 3 5 4 2 3
1 1 35 0
4 5 21 44 28 9 56 46 36 38 19
#c 0 5 3 3 3 9 2 10 9 7 4 3 1 9 1 12 6 10 12 0 9 7 8 2 13 11 9 5 7 11 11 1 10 2 6 7 0 4 0 13 4 13 1 10 7 2 0 5 10 1 8 11 6 6 1 8 0 12 12 3 8 1 13 6 8 5 2 6 11 3 5 4 2 3
#c 0 5 3 3 3 9 2 10 9 7 4 3 1 9 1 12 6 10 12 0 9 7 8 2 13 11 9 5 7 11 11 1 10 2 6 7 0 4 0 13 4 13 1 10 7 2 0 5 10 1 8 11 6 6 1 8 0 12 12 3 8 1 13 6 8 5 2 6 11 3 5 4 2 3
2 2 5 26 28 44
3 3 20 8 13 21 35 9
#c 0 5 3 3 3 9 2 10 9 7 4 3 1 9 1 12 6 10 12 0 9 7 8 2 13 11 9 5 7 11 11 1 10 2 6 7 0 4 0 13 4 13 1 10 7 2 0 5 10 1 8 11 6 6 1 8 0 12 12 3 8 1 13 6 8 5 2 6 11 3 5 4 2 3
2 2 32 48 13 8
3 3 43 17 7 20 26 5
#c 0 5 3 3 3 9 2 10 10 7 4 3 1 10 1 12 6 10 12 0 9 7 8 2 13 11 9 5 7 11 11 1 9 2 6 7 0 4 0 13 4 13 1 10 7 2 0 5 9 1 8 11 6 6 1 8 0 12 12 3 8 1 13 6 8 5 2 6 11 3 5 4 2 3
2 1 68 29 8
3 4 25 30 51 43 17 7 13
#c 0 5 3 3 3 9 2 10 10 7 4 3 1 10 1 12 6 10 12 0 9 7 8 2 13 11 9 5 7 11 11 1 9 2 6 7 0 4 0 13 4 13 1 10 7 2 0 5 9 1 8 11 6 6 1 8 0 12 12 3 8 1 13 6 8 5 2 6 11 3 5 4 2 3
1 1 57 63
3 5 15 58 18 34 52 16 53 67
#c 0 5 3 3 3 9 2 10 10 7 4 3 1 10 1 12 6 10 12 0 9 7 8 2 13 11 9 5 7 11 11 1 9 2 6 7 0 4 0 13 4 13 1 10 7 2 0 5 9 1 8 11 6 6 1 8 0 12 12 3 8 1 13 6 8 5 2 6 11 3 5 4 2 3
2 2 41 24 32 26
2 3 62 39 20 5 48
#c 0 5 3 3 3 9 2 10 10 7 4 3 1 10 1 12 6 10 12 0 9 7 8 2 9 11 13 5 7 11 11 1 13 2 6 7 0 4 0 13 4 9 1 10 7 2 0 5 9 1 8 11 6 6 1 8 0 12 12 3 8 1 13 6 8 5 2 6 11 3 5 4 2 3
3 3 36 0 46 61 31 54
3 4 56 38 19 12 14 49 42
#c 0 5 3 3 3 9 2 10 10 7 4 3 1 10 1 12 6 10 12 0 9 7 8 2 9 11 13 5 7 11 11 1 13 2 6 7 0 4 0 13 4 9 1 10 7 2 0 5 9 1 8 11 6 6 1 8 0 12 12 3 8 1 13 6 8 5 2 6 11 3 5 4 2 3
#c 0 5 3 3 3 9 2 10 10 7 4 3 1 10 1 12 6 10 12 0 9 7 8 2 9 11 13 5 7 11 11 1 13 2 6 7 0 4 0 13 4 9 1 10 7 2 0 5 9 1 8 11 6 6 1 8 0 12 12 3 8 1 13 6 8 5 2 6 11 3 5 4 2 3
3 3 45 33 6 13 8 43
3 2 72 23 66 17 7
#c 0 5 3 3 3 9 10 10 2 7 4 3 1 2 1 12 6 10 12 0 9 7 8 2 9 11 13 5 7 11 11 1 13 10 6 7 0 4 0 13 4 9 1 2 7 10 0 5 9 1 8 11 6 6 1 8 0 12 12 3 8 1 13 6 8 5 2 6 11 3 5 4 2 3
2 2 11 59 57 15
5 2 3 73 2 69 4 58 18
#c 0 5 3 3 3 9 10 10 2 7 4 3 1 2 1 12 6 10 12 0 9 7 8 2 9 11 13 5 7 11 11 1 13 10 6 7 0 4 0 13 4 9 1 2 7 10 0 5 9 1 8 11 6 6 1 8 0 12 12 3 8 1 13 6 8 5 2 6 11 3 5 4 2 3
0 5 3 3 3 9 10 10 2 7 4 3 1 2 1 12 6 10 12 0 9 7 8 2 9 11 13 5 7 11 11 1 13 10 6 7 0 4 0 13 4 9 1 2 7 10 0 5 9 1 8 11 6 6 1 8 0 12 12 3 8 1 13 6 8 5 2 6 11 3 5 4 2 3
