558551312615
1313821
654207
4665191
862097
4112423260
9673496471
361250
144206038
4534901799
3452517286
113870998
10747677779
148143292
403043539
1273429751
5023161853
115109397
16208687940
222178486
68373079
1378857204
282570040
7321
53276368
307298771
7643475995
62305
616583748
2223928990
960446484
90408462
18234761
1300997238
107555791516
251526628
149479705
201875173
42445419397
691989203
190494967
38001557
26227808912
7973070
61679375326
709014510
6446533612
1790070
15255882967
149719028
1230764136
587782
46590318
5574863956
1766940961
1295304607
771981733
153501368
114893890
102675595
8326891786
99849007
7968437276
357952214
424654975
162789
203492427
421783500
69274638
7562161
257872735
423913122
427334
4921643539
41747398
2311234247
1116018
6430825543
289382731
13316986308
21947409
7279044
809215916
632512818
81183430
30285683
8126715058
107825022
34262642
527075500
111349978
15866397109
56027121
410540416
62535171560
242
21735650313
11007676048
5595246690
40793733279
2381
